FileName;glyceryl triacetate_98
MeasName;98
UserNotes_MeasName;my measurement
UserNotes_SampleName;my sample
Timestamp;2025-02-07T21:23:04Z
VirtualGateStart;NaN
VirtualGateEnd;NaN
HwSerial;2022091501
HwModel;M3.1
SpectralAxis;Raman shift (1/cm)
TimeAxis;Time (ns)
"PS characteristic peaks: [620.9, 1001.4, 1031.8, 1602.3]"
"PS calibration peak locations: [620.2253157680134, 1001.797851676245, 1031.3300654286868, 1602.682128990291]"
Calibration Delta: -0.15790408313107532
The following data is unprocessed and has not been modified with the Calibration Delta value
NaN;5.042815245740505;5.056422659241435;5.070030072742365;5.083637486243294;5.097244899744224;5.110852313245154;5.124459726746084;5.1380671402470135;5.151674553747943;5.165281967248873;5.178889380749802;5.192496794250732;5.206104207751662;5.219711621252592;5.233319034753522;5.2469264482544515;5.2605338617553805;5.27414127525631;5.28774868875724;5.30135610225817;5.3149635157591;5.32857092926003;5.34217834276096;5.35578575626189;5.3693931697628186;5.383000583263748;5.396607996764678;5.410215410265608;5.423822823766538;5.437430237267467;5.451037650768397;5.464645064269327;5.478252477770257;5.4918598912711865;5.505467304772116;5.519074718273046;5.532682131773976;5.546289545274905;5.559896958775835;5.573504372276765;5.587111785777695;5.6007191992786245;5.6143266127795535;5.627934026280483;5.641541439781413;5.655148853282343;5.668756266783273;5.682363680284203;5.695971093785133;5.7095785072860625;5.723185920786992;5.736793334287921;5.750400747788851;5.764008161289781;5.777615574790711;5.791222988291641;5.80483040179257;5.8184378152935;5.8320452287944295;5.845652642295359;5.859260055796289;5.872867469297219;5.886474882798149;5.900082296299079;5.913689709800009;5.927297123300938;5.940904536801868;5.9545119503027975;5.968119363803726;5.981726777304656;5.995334190805586;6.008941604306516;6.022549017807446;6.036156431308376;6.049763844809306;6.0633712583102355;6.076978671811165;6.090586085312095;6.104193498813024;6.117800912313954;6.131408325814884;6.145015739315814;6.158623152816743;6.172230566317673;6.1858379798186025;6.199445393319532;6.213052806820462;6.226660220321392;6.240267633822322;6.253875047323252;6.267482460824182;6.281089874325111;6.2946972878260405;6.30830470132697;6.3219121148279;6.335519528328829;6.349126941829759;6.362734355330689;6.376341768831619;6.389949182332549
127.04709469630323;3.5900440567072e-07;3.608467338264462e-07;3.8381854497117713e-07;4.2191174346343525e-07;4.774960669968534e-07;5.364675686658387e-07;5.773606511148612e-07;5.818860051214745e-07;5.439567768976767e-07;4.909716158933771e-07;4.483243069877334e-07;4.377406971144822e-07;4.786856174138892e-07;5.357724620539954e-07;5.885159620000203e-07;6.150167244525518e-07;6.421643589952524e-07;6.499183991769601e-07;6.331853296052594e-07;6.095740837311482e-07;5.911696187209101e-07;5.923198979774273e-07;6.063805360104399e-07;6.081172527562656e-07;5.886572013946009e-07;5.752804662646356e-07;5.982825062687423e-07;6.682258383407073e-07;7.838659534383545e-07;9.005013667188173e-07;9.978470163337188e-07;1.06519324297984e-06;1.0950557224037448e-06;1.0680008573946623e-06;9.78626734367885e-07;8.36776977638949e-07;6.780980238569949e-07;5.333716322047153e-07;4.579350808191477e-07;7.006037023230217e-07;2.2035584358516243e-06;6.926436044041982e-06;1.8396333317892992e-05;4.2158824392572143e-05;8.360996570653975e-05;0.0001468687751334;0.0002332927682295;0.0003417113164032;0.0004676495965342;0.0006045029045693;0.0007425160052641;0.000869095646234;0.0009714845182673;0.0010414697964422;0.0010742128283365;0.0010694269757829;0.0010295358511183;0.0009602549229722;0.0008693901129227;0.0007662028779411;0.0006600926183118;0.0005585071433406;0.0004663850847532;0.0003870801301363;0.0003220344388411;0.0002711274354041;0.0002328846027125;0.0002049092409212;0.0001849702026462;0.0001707915009279;0.0001603110395835;0.0001515813662873;0.0001437754277669;0.0001366242994864;0.0001297357382067;0.0001233478434304;0.0001176467181586;0.0001127755916324;0.0001085889514739;0.0001050525335201;0.0001020447258673;9.92642028569696e-05;9.64650105985086e-05;9.356322649502542e-05;9.053873101750756e-05;8.741743469327402e-05;8.424597594564e-05;8.115233860539592e-05;7.833535241339828e-05;7.596018694526504e-05;7.411142504240326e-05;7.273613378461029e-05;7.168972158691554e-05;7.081215653333112e-05;6.998834050917555e-05;6.919234248840688e-05;6.841248052066984e-05;6.765514228226576e-05;6.693522801322338e-05;6.627232143210664e-05
129.18959229751636;6.87814206949066e-08;1.5445865312585597e-07;2.7975182682558814e-07;4.118354252576868e-07;5.155282620517188e-07;5.639208490859027e-07;5.730473897463501e-07;5.411503045088986e-07;4.672421512268734e-07;3.620689382260042e-07;2.627573581577116e-07;2.201596362090498e-07;2.535148247882745e-07;3.271162428664061e-07;3.890218124783035e-07;4.334577260967698e-07;4.590920889586192e-07;4.7130017738970165e-07;4.753694366345954e-07;4.68488857079223e-07;4.2996661768024013e-07;3.929056216995414e-07;3.982283654666406e-07;4.059983468346839e-07;4.079396375442277e-07;4.298750767404003e-07;4.812067221261185e-07;5.615949021272934e-07;6.522425398365957e-07;7.30782620877005e-07;7.91497112299394e-07;8.368330647461921e-07;8.687148285345035e-07;8.757552980141908e-07;8.138836834894717e-07;7.172489165004951e-07;6.411674810622305e-07;5.810450127415414e-07;5.520662181799132e-07;8.11560720763462e-07;2.3768016560466977e-06;7.207367587732861e-06;1.840753878845921e-05;4.124433484385146e-05;8.043026334968452e-05;0.0001394459366248;0.000219503575293;0.000318815651664;0.0004347378916175;0.0005617439489145;0.0006905420560683;0.0008088950916952;0.0009049348190039;0.0009710148285751;0.0010022926373189;0.0009982516739557;0.0009608355924041;0.0008954598211431;0.0008098291320302;0.0007132197528056;0.0006147284403281;0.0005209350002185;0.0004361581209268;0.0003634498309648;0.0003037676969411;0.0002567220775379;0.0002208619881561;0.000194147854081;0.0001747302320592;0.0001606932665843;0.0001501624868526;0.0001414835345664;0.0001338807840287;0.0001270188274274;0.0001207213807679;0.000115047024189;0.0001101252035604;0.0001060374284443;0.0001027494158023;0.0001000938976036;9.781097030335996e-05;9.562831106748769e-05;9.330672541926512e-05;9.072517802203765e-05;8.783227749629443e-05;8.466456860140248e-05;8.139475039635427e-05;7.824891853408343e-05;7.542348965917958e-05;7.300343090728654e-05;7.097289267187083e-05;6.924510698488396e-05;6.768553006855825e-05;6.622463771579107e-05;6.509407591586872e-05;6.406106291637028e-05;6.311026580783417e-05;6.227292557936004e-05;6.162033307704524e-05;6.121624108075187e-05
131.33142972264977;4.3699423829605455e-08;1.1775675279681505e-07;2.3312895265234013e-07;3.737672301233952e-07;4.863692473137444e-07;5.639488552152102e-07;5.924175972680223e-07;5.827155691760823e-07;5.326170918668728e-07;4.431315979979382e-07;3.364605385257189e-07;2.5688873244288534e-07;2.2866309679961495e-07;2.424007265599567e-07;2.83084837996167e-07;3.259378854722128e-07;3.5912796547495895e-07;3.8860822318758105e-07;4.171231350252528e-07;4.389438199269612e-07;4.50554907424314e-07;4.574154361876486e-07;4.672770683153782e-07;4.7485012031984123e-07;4.809550243205655e-07;4.931229014908032e-07;5.060284375265386e-07;5.181909190064462e-07;5.389084413918937e-07;5.669581598228344e-07;5.897457039371105e-07;6.071111148205879e-07;6.220278150442689e-07;6.421015012993329e-07;6.219145320122738e-07;5.683089381184171e-07;5.262283638280157e-07;5.061760552734575e-07;5.337229518967603e-07;7.712777758704681e-07;2.080181630125731e-06;6.359681052667867e-06;1.6758838530000347e-05;3.768749145208952e-05;7.409056242426628e-05;0.0001289392390041;0.0002036623097346;0.0002979488668438;0.0004083372432399;0.000529152338988;0.0006511343652792;0.0007629311794791;0.0008535565062626;0.000915775524222;0.0009448039677908;0.0009403659379574;0.0009045152044014;0.0008427676020702;0.0007624199442785;0.0006723232748066;0.0005807524015741;0.0004940954011134;0.0004161464869846;0.00034936273055;0.0002941860176717;0.000250105351526;0.0002158025867131;0.0001895667500037;0.0001696376882457;0.0001544076082695;0.000142532188387;0.0001329580643368;0.0001251995280362;0.0001189642103603;0.0001137041667105;0.0001092434701107;0.0001054542301682;0.0001024666898186;9.974729927115098e-05;9.724643593279324e-05;9.489355791945907e-05;9.257353347330458e-05;9.01513461286832e-05;8.751141088353425e-05;8.461096667241496e-05;8.156861803073793e-05;7.860516054946281e-05;7.572071914237487e-05;7.303518311003868e-05;7.061658497767978e-05;6.847792514487724e-05;6.662450057924524e-05;6.516247004937633e-05;6.383821915004903e-05;6.25264073566425e-05;6.12256907809222e-05;5.996850265032973e-05;5.881098921874298e-05;5.780242023231138e-05;5.696989872517604e-05
133.47260691138217;1.331342121214895e-07;2.132513593838649e-07;3.0845180446733504e-07;3.8667436386655733e-07;4.68386387197159e-07;5.411130130508001e-07;5.817035267057368e-07;5.868019091551433e-07;5.610023981380579e-07;5.183698437814442e-07;4.802209537263635e-07;4.274493291012798e-07;3.7995967650960097e-07;3.587953152574594e-07;3.6949789488025676e-07;3.8747516049170537e-07;3.985585878954658e-07;4.0542721163016826e-07;4.1313535623186653e-07;4.171730017738444e-07;4.417807870244403e-07;4.695709328045634e-07;4.730716399361117e-07;4.693183051256362e-07;4.787283847172027e-07;5.006538514960474e-07;5.190144341241968e-07;5.52510178505133e-07;6.166184313455312e-07;6.834916575926799e-07;7.301786154698957e-07;7.496917064547487e-07;7.388826765817015e-07;6.935056763595192e-07;6.157797040711336e-07;5.196836260610806e-07;4.328221338645853e-07;4.151851128484629e-07;5.100674280456033e-07;8.291811915704908e-07;1.923281314113515e-06;5.2844605736094165e-06;1.3893773921113992e-05;3.249429506462057e-05;6.642655411456884e-05;0.0001195424219308;0.0001928209451951;0.0002851649225286;0.0003926903477202;0.0005093134726312;0.0006253333121111;0.0007299761832562;0.000813584299078;0.0008699111617666;0.0008948749922333;0.0008887349086695;0.000853864040548;0.0007955739213539;0.0007204786736245;0.0006365741545787;0.0005508146034262;0.000468873334666;0.0003947713887567;0.0003315026606901;0.0002795997248836;0.000238296507009;0.0002059887109832;0.0001809298303127;0.0001615712943208;0.0001466274302779;0.0001349813016841;0.0001258007643073;0.0001185706505619;0.0001128480183413;0.000108207840546;0.0001043018423104;0.000100863132962;9.765067511517168e-05;9.450227721671692e-05;9.140339007560904e-05;8.841425070413505e-05;8.563166670551234e-05;8.310734142479443e-05;8.075900271545006e-05;7.836880389510919e-05;7.57744277905305e-05;7.317993429576034e-05;7.078046536673793e-05;6.872485267657132e-05;6.7064854669398e-05;6.564132201276543e-05;6.448548570689409e-05;6.367993010938868e-05;6.30142051837068e-05;6.217289361741572e-05;6.106159933474931e-05;5.968389713427121e-05;5.817254284955222e-05;5.6699364733353634e-05;5.539164496894111e-05
135.61312380366144;2.094706722864871e-07;2.8063983925641376e-07;3.397712575145463e-07;3.8303088949100716e-07;4.10330381971856e-07;4.232031027599613e-07;4.243735539197389e-07;4.185648243620946e-07;4.1847837596316054e-07;4.347735496578196e-07;4.616810271965845e-07;4.793305915246371e-07;4.704694968726377e-07;4.6107896705545314e-07;4.509786762927732e-07;4.331248372020136e-07;4.01793588163011e-07;3.635612792368015e-07;3.330104123360458e-07;3.164128500892325e-07;3.270724746691717e-07;3.5287993336523165e-07;3.6884311281086594e-07;3.71824852709905e-07;3.77430149089643e-07;3.9218554324935205e-07;4.187577968538371e-07;4.73128437865045e-07;5.573504974394051e-07;6.467321926603206e-07;7.152849513856527e-07;7.560556781507078e-07;7.589496800179378e-07;7.117443084231147e-07;6.448703853822725e-07;5.742111173485565e-07;5.046977380820892e-07;4.927105510254303e-07;5.82171680881603e-07;9.342217431627168e-07;2.079092538345757e-06;5.221816295249434e-06;1.3073005590629596e-05;3.0032174795692172e-05;6.107562793791858e-05;0.0001105251958344;0.0001796800974593;0.0002673081444074;0.0003693876348055;0.0004798148308361;0.0005894587923295;0.0006882543081045;0.0007669804198886;0.0008191522728684;0.0008409290605921;0.0008329479237071;0.0007979824602209;0.0007413243833351;0.0006693226177333;0.000589549201185;0.0005086259218722;0.0004319081396251;0.000363056487132;0.000304664520699;0.0002570339450921;0.0002193234774061;0.0001900672918705;0.0001676532702797;0.0001507437836259;0.0001381303313177;0.0001286441418248;0.0001213182443035;0.0001155216420246;0.0001107631273264;0.0001065039144929;0.0001023376506794;9.81054414743497e-05;9.3720290228172e-05;8.923640350141191e-05;8.518450804379397e-05;8.174060460913338e-05;7.91230471561628e-05;7.715995389556585e-05;7.553822398105485e-05;7.392345830908277e-05;7.205670567034508e-05;6.998860420555619e-05;6.796788090872942e-05;6.623074845077844e-05;6.491715601457351e-05;6.400272263162122e-05;6.33699873000348e-05;6.285139348320487e-05;6.225062240703717e-05;6.131246056396228e-05;5.985233136474446e-05;5.7868825235133445e-05;5.5586641062896655e-05;5.345323334771528e-05;5.174369096595636e-05
137.7529803396901;1.4116889261664008e-07;2.183745774498037e-07;2.874456898051324e-07;3.87787612861753e-07;4.564968298350495e-07;4.900393890351273e-07;4.921790574938938e-07;4.707728070173064e-07;4.376661246403381e-07;4.044439537544658e-07;3.515688860092732e-07;3.250908917561214e-07;3.075312054433347e-07;2.9830846861378456e-07;2.989107959767291e-07;3.0058554767319337e-07;2.913116089894517e-07;2.709656583244389e-07;2.496061281622473e-07;2.410249757090403e-07;2.522383742156196e-07;2.747381685505332e-07;2.9532989757911725e-07;2.964418811145616e-07;2.839111258214035e-07;2.7092800182618414e-07;2.768186234696694e-07;3.093437380090063e-07;3.615384827648923e-07;4.256747078266866e-07;4.84751715783646e-07;5.328109417440723e-07;5.726268191807177e-07;5.93071780332796e-07;6.014696928410365e-07;6.006592968569964e-07;6.082626927408015e-07;6.241594692476914e-07;6.67376837258243e-07;9.190433447947972e-07;2.026615291966004e-06;5.301324553021839e-06;1.3456094338444049e-05;2.9892714027088023e-05;5.8807538279492805e-05;0.0001037707617755;0.0001665145349448;0.0002467044453965;0.00034093008515;0.0004432859921822;0.000545808795478;0.0006392981527888;0.0007147049890727;0.00076477879612;0.0007853615346213;0.0007769633242652;0.0007425295275099;0.0006875594241386;0.0006185437462135;0.0005425642100211;0.000466427489672;0.0003954684835535;0.0003327204517696;0.0002796106680609;0.0002360653539053;0.0002014141303578;0.0001746093005177;0.0001544613034383;0.0001398481162488;0.0001293892939823;0.0001222045684953;0.0001172475676743;0.000113374472424;0.0001098158915215;0.0001060882415328;0.0001018626467643;9.71191762808544e-05;9.21232268365992e-05;8.72881989919795e-05;8.301818561250673e-05;7.981739205826423e-05;7.751896441182721e-05;7.589531540048452e-05;7.461312210823142e-05;7.335398131727321e-05;7.190373351345758e-05;7.01839098707285e-05;6.823400417426615e-05;6.628076095152854e-05;6.454522661151175e-05;6.321671659296339e-05;6.234831474074609e-05;6.169356315483123e-05;6.085273316723128e-05;5.942281875329214e-05;5.757366255624535e-05;5.538808203182771e-05;5.305479723708927e-05;5.0784171676132566e-05;4.878041751438242e-05
139.8921764599363;7.2532526839464e-08;1.633814640459388e-07;2.972881685147816e-07;4.535858881329025e-07;5.992422551847552e-07;7.025652664908235e-07;7.493553879272283e-07;7.364095862901942e-07;6.630038955298009e-07;5.415768579207772e-07;4.0566530266006833e-07;2.9313790167520617e-07;2.2109742745296058e-07;1.9745859811339245e-07;2.183461707071577e-07;2.590013149648477e-07;2.946299189304079e-07;3.140078046133771e-07;3.1864925969797375e-07;3.1840798269070506e-07;3.1893966030368975e-07;3.196937963546771e-07;3.028781009906492e-07;2.7429812069702894e-07;2.474322794445859e-07;2.3018266714934885e-07;2.3202915062606318e-07;2.551646083936773e-07;2.922703416191184e-07;3.3233176963606385e-07;3.71248161680649e-07;4.133976718601626e-07;4.505705029397774e-07;4.966838219814735e-07;5.563018547577275e-07;6.136067590431467e-07;6.547448006554066e-07;6.79077030922013e-07;6.922056067478609e-07;8.47749048964571e-07;1.8171711937530493e-06;5.047604062553432e-06;1.3263549743449178e-05;2.947113441576052e-05;5.678069221787456e-05;9.843552484250348e-05;0.000156131717734;0.0002300377051611;0.0003174946503707;0.000413020423658;0.0005093377866381;0.0005975453704604;0.0006692126208564;0.0007173768868157;0.0007378696071003;0.0007308350858123;0.0006989236290705;0.0006474227514385;0.0005828312240808;0.0005116835007875;0.0004405322675688;0.0003740575424095;0.0003150516338582;0.0002647122949538;0.0002232049702116;0.0001902457377554;0.0001650098393173;0.0001463435813023;0.0001329096089032;0.000123393443407;0.0001169558747984;0.0001125627290453;0.0001091917342427;0.0001059532922046;0.0001026944874244;9.915160477058104e-05;9.518367177300228e-05;9.071565362237437e-05;8.653772047864681e-05;8.280073583714505e-05;7.96532159863773e-05;7.714610726979291e-05;7.519019131974956e-05;7.35871387939075e-05;7.210042718914315e-05;7.044419296416727e-05;6.833570102389517e-05;6.603752546033439e-05;6.380818519600164e-05;6.178857344376918e-05;6.022232610072117e-05;5.918695594467231e-05;5.836106367261471e-05;5.7529021881243546e-05;5.6515118469245946e-05;5.530667698231232e-05;5.391807897933266e-05;5.236151867778771e-05;5.047308690049429e-05;4.8518665408591744e-05
142.03071210513372;5.131751789795509e-08;9.072629714098835e-08;1.7926493394809145e-07;2.7646423279244774e-07;3.736857903889361e-07;4.488858356504538e-07;4.953204443584042e-07;5.228293717077689e-07;5.373444689497023e-07;5.345212408053015e-07;5.113219200005757e-07;5.273130648501932e-07;5.737657740597854e-07;6.438090052930015e-07;7.234544554351343e-07;7.812580322222746e-07;7.981697829984766e-07;7.673854944614344e-07;6.957207933732553e-07;6.008683018010612e-07;5.014276198100027e-07;4.10572086571673e-07;3.327670397653528e-07;2.713128759444676e-07;2.42828768089445e-07;2.3459144210920658e-07;2.451134768846463e-07;2.7340350496036776e-07;3.034603622216592e-07;3.337853919580991e-07;3.608799497194904e-07;3.768942684729089e-07;3.7329731573132665e-07;3.987565759746882e-07;4.7207478325571364e-07;5.506522669930617e-07;5.964393330882843e-07;6.165695384709595e-07;6.203937699545472e-07;7.373448246460519e-07;1.5980083243752745e-06;4.512252786376499e-06;1.202268370899983e-05;2.706575939687961e-05;5.275208813460535e-05;9.193799092283578e-05;0.0001460841682269;0.0002151673377813;0.0002968902569538;0.0003868425435632;0.0004784280309998;0.0005623477707001;0.0006303606852716;0.0006763663541017;0.0006968692477012;0.0006918968211152;0.0006634587179071;0.0006159792077462;0.0005554971196881;0.0004885474469647;0.0004217103332894;0.0003588926694889;0.0003026967156168;0.0002547583236963;0.0002156067257742;0.0001849287711382;0.0001615720706666;0.0001440486630925;0.0001310918300545;0.0001215448757842;0.0001144862969343;0.0001088331655936;0.0001040730694236;0.0001000046321765;9.655808383529676e-05;9.36440345609608e-05;9.102214608157496e-05;8.844924760982914e-05;8.573823665214392e-05;8.28847627768581e-05;8.013121742004977e-05;7.752838848389144e-05;7.512671344238466e-05;7.289047291383281e-05;7.070751117561753e-05;6.846325364464104e-05;6.616287120900969e-05;6.375007388422895e-05;6.140848885987407e-05;5.939961401839493e-05;5.7814357861984735e-05;5.6623528753166905e-05;5.5715630209816506e-05;5.4916454608161e-05;5.403826560362959e-05;5.298972095117178e-05;5.17205907352633e-05;5.021718809866125e-05;4.8571434745914507e-05;4.697580054513729e-05
144.16858721627432;1.9178185462619705e-07;2.0621095305053958e-07;2.157319127916217e-07;2.2463744508859218e-07;2.304708057016818e-07;2.341161817532642e-07;2.4429087738293775e-07;2.716705391926769e-07;3.246974180908737e-07;4.32368628044623e-07;5.827102708412248e-07;7.576387512614499e-07;9.382421879380224e-07;1.102019865890875e-06;1.2240949680673406e-06;1.2791129403347096e-06;1.2610088624476527e-06;1.161178045592516e-06;1.000733977562669e-06;8.059955986277259e-07;6.111191783969136e-07;4.423191127203032e-07;3.404158940162359e-07;3.0272462780115346e-07;3.112734015134803e-07;3.419878493127269e-07;3.753451573587158e-07;4.0117874522922834e-07;4.119532881362444e-07;4.096235610251986e-07;3.88445350126561e-07;3.4574415449269525e-07;2.916324187008472e-07;2.718908803143617e-07;3.176417038384358e-07;3.945392391356871e-07;4.640342414521777e-07;5.045958436801657e-07;5.185914329575119e-07;6.290097778043851e-07;1.3572313152745698e-06;3.747608137149131e-06;9.85860781353396e-06;2.2874935178807516e-05;4.661376915545416e-05;8.361213886218873e-05;0.0001348217506272;0.0001998697103204;0.0002765338053116;0.0003612239606333;0.0004478147900666;0.0005268987991263;0.0005902767669456;0.0006326927130315;0.0006514799422738;0.0006469500636927;0.0006209164635302;0.0005772285141414;0.0005213378079715;0.0004596580390358;0.000398487414828;0.0003410249198367;0.000289405005522;0.0002453071581979;0.0002093005409669;0.0001810294111986;0.0001593628539738;0.0001428137469233;0.0001301576036424;0.0001204246186552;0.0001126962206105;0.0001060348805143;0.0001002202185231;9.5341671544398e-05;9.142158313969088e-05;8.838440258917093e-05;8.600899140779799e-05;8.399696425979942e-05;8.198991255487658e-05;7.972726649981296e-05;7.739548404518645e-05;7.504055012119083e-05;7.290182081489394e-05;7.100500803525866e-05;6.923989623750225e-05;6.743320505706629e-05;6.548432471742278e-05;6.348367653526901e-05;6.156683405853606e-05;5.985070300694814e-05;5.835361405450277e-05;5.703171388119617e-05;5.581856280186096e-05;5.46234926274824e-05;5.336244862825066e-05;5.1987672478723554e-05;5.048126419221977e-05;4.892045911207789e-05;4.755088831805845e-05;4.642061375865823e-05
146.3058017346193;4.2754644611938253e-07;4.368980198654046e-07;4.24583968412246e-07;3.956208241028703e-07;3.582065506969429e-07;3.232487764006753e-07;2.995222763831124e-07;2.815900562289803e-07;2.8103425079590125e-07;3.250063878858296e-07;4.304496755238405e-07;5.175128782807515e-07;6.066782166244159e-07;6.874928193384192e-07;7.472170068321263e-07;7.770350426500434e-07;7.77883422477449e-07;7.444138516072643e-07;6.789236491853584e-07;5.881234021349003e-07;4.940634495214552e-07;4.00872885887527e-07;3.377511269956735e-07;3.338764454388261e-07;3.591390610018433e-07;3.998952541487546e-07;4.403006411797742e-07;4.7677792895220565e-07;5.133527533121875e-07;5.512104428057925e-07;5.504340200456029e-07;5.100214417538578e-07;4.614852525820193e-07;4.267713066927203e-07;4.16940949441515e-07;4.364930590708957e-07;4.688000559668937e-07;4.892880724983002e-07;5.079687370242738e-07;6.28880277186968e-07;1.28460105143806e-06;3.342068009391204e-06;8.679281190551201e-06;2.045317478559111e-05;4.187913202206964e-05;7.553009368836802e-05;0.0001226283593722;0.0001831902871727;0.0002552435276255;0.0003350263512163;0.0004161149548844;0.0004897571575938;0.0005483036198245;0.0005870004455765;0.0006033762469334;0.000597803805434;0.0005723545904755;0.0005313035824448;0.000480135439884;0.0004248025082103;0.0003703634609266;0.000319489360913;0.0002738549316345;0.0002345443362286;0.0002018007923669;0.0001754019650245;0.0001546407145471;0.0001384825139278;0.000125838082987;0.0001160699717671;0.0001082521043772;0.0001016642310615;9.623582027385543e-05;9.178566895737227e-05;8.805751800008375e-05;8.487360496602222e-05;8.202386257689607e-05;7.931009478642837e-05;7.664165347141171e-05;7.415885375294848e-05;7.168979323561868e-05;6.961547811409999e-05;6.802376987075063e-05;6.682117453420214e-05;6.58527840925918e-05;6.495444824126999e-05;6.388549775734751e-05;6.272197500031362e-05;6.137616651515369e-05;5.986616057246369e-05;5.826907949255714e-05;5.659865462007866e-05;5.493804051851467e-05;5.337150086169709e-05;5.18904671866631e-05;5.050703315109143e-05;4.9289776728968926e-05;4.8333373783872086e-05;4.753575515406008e-05;4.689260228602376e-05
148.44235560167726;4.846851103063393e-07;4.4775728252218445e-07;3.974592530575184e-07;3.41287038588101e-07;2.913716972410692e-07;2.603439786880295e-07;2.527197066331427e-07;2.684902423387328e-07;2.976514980447797e-07;3.235657137494529e-07;3.41887700293982e-07;3.4685245824761746e-07;3.419729259430569e-07;3.283999886364018e-07;3.057943916214204e-07;2.791972445893066e-07;2.674807290581896e-07;2.763293366937117e-07;2.912034322313818e-07;2.945199908257502e-07;2.864848070184633e-07;2.68873625786144e-07;2.536111225478515e-07;2.491446357552163e-07;2.4764189297077805e-07;2.452649335242653e-07;2.575220991389771e-07;3.0719053985528885e-07;4.027474679577654e-07;5.195170206144876e-07;6.11117294571714e-07;6.463784513422984e-07;6.529759886768505e-07;6.326798384734236e-07;5.82566966150376e-07;5.090404324578345e-07;4.363779995953862e-07;4.059759217497055e-07;4.664667662219416e-07;7.248928932526231e-07;1.465373454780324e-06;3.4784914409497053e-06;8.659682537845339e-06;1.972963805974856e-05;3.912686788984135e-05;6.90999950745138e-05;0.000111505046837;0.0001671476962857;0.0002343988791238;0.0003089802248846;0.0003841176619964;0.0004523112846519;0.0005071106201528;0.0005438780353029;0.0005597020617151;0.0005544678422206;0.0005303147806562;0.0004919888938384;0.0004450688865652;0.0003947168596813;0.0003447423441742;0.0002978430311204;0.0002559371417525;0.0002197948683856;0.0001893345297884;0.0001642555774705;0.0001439806211641;0.0001280131606793;0.0001158598359411;0.0001067379028781;9.991387774302052e-05;9.48794976222642e-05;9.10784556244344e-05;8.787193319477676e-05;8.486903018227111e-05;8.196077269615446e-05;7.906185746024973e-05;7.609735211217014e-05;7.311304857866133e-05;7.027070026771894e-05;6.775842378982036e-05;6.570944297744162e-05;6.412126620950544e-05;6.288491559886249e-05;6.184966378101001e-05;6.093548765355669e-05;6.0056865150771575e-05;5.9008504963584186e-05;5.764504284905606e-05;5.604031544527149e-05;5.426013068124226e-05;5.241258583136832e-05;5.060834595898635e-05;4.9019408343500885e-05;4.769918180338159e-05;4.6551889060502615e-05;4.559505750898859e-05;4.48194154094081e-05;4.420164184647696e-05;4.370610554628268e-05
150.57824875923689;5.303030964655382e-07;4.7072915658205e-07;3.982571244271612e-07;3.212019077819317e-07;2.543532608077067e-07;2.066563365923757e-07;2.1142404148528166e-07;2.616404666187559e-07;3.304535352595796e-07;3.893082468255442e-07;4.359138345584538e-07;4.678784840113163e-07;4.804013642609472e-07;4.666647870491212e-07;4.2406771569272883e-07;3.631892718816608e-07;3.022489971239955e-07;2.62343079311391e-07;2.420761071112839e-07;2.2235025291056321e-07;1.8238606258267665e-07;1.532398260184696e-07;1.4881110993640945e-07;1.5986627638944037e-07;1.6944219490622946e-07;1.8335242766788077e-07;2.108453280887317e-07;2.545499354295074e-07;3.166501180958078e-07;3.7746560049091e-07;4.1717786990667193e-07;4.27641250516981e-07;4.114321347407005e-07;3.760127021152852e-07;3.2557554042043185e-07;2.622780741303052e-07;2.0846965219296201e-07;2.332055036402901e-07;4.075588116143145e-07;8.28775558033465e-07;1.6993716179277247e-06;3.6764657481487146e-06;8.464921866280875e-06;1.849176840485756e-05;3.63005679146191e-05;6.410516309357704e-05;0.0001034546296918;0.0001548509910889;0.0002166662093193;0.0002849639431607;0.0003537556320916;0.0004166657523828;0.0004682031352915;0.0005039652175352;0.0005208427281881;0.0005182449815242;0.0004978619024978;0.0004637279492668;0.0004206774295193;0.0003730938745679;0.0003245048850466;0.0002780243272225;0.0002362656548031;0.0002006612702105;0.0001713919145606;0.0001480041410454;0.0001296748616085;0.0001156725503105;0.0001053560484497;9.780565139071982e-05;9.218265720469848e-05;8.797941287656534e-05;8.481683222971161e-05;8.220543835481207e-05;7.975729585018833e-05;7.72742364187677e-05;7.465126899149606e-05;7.197708439482241e-05;6.92721291157064e-05;6.671238339224283e-05;6.44547147972685e-05;6.260450557976697e-05;6.120201965723095e-05;6.008331955165658e-05;5.9028893081080346e-05;5.788610196158386e-05;5.6560798517254313e-05;5.500124885666447e-05;5.3233190161817096e-05;5.132786720036407e-05;4.938644055245989e-05;4.754899890510152e-05;4.607828095883098e-05;4.49477751200968e-05;4.4067654200483496e-05;4.335729609297588e-05;4.264637534832263e-05;4.191118391049504e-05;4.140162339848952e-05;4.109513431964695e-05
152.71348114934153;7.853937543450499e-07;7.217397834210243e-07;6.33573960258539e-07;5.289061671731911e-07;4.1962165579858633e-07;3.204628847656677e-07;2.5766000237199765e-07;2.446955160636761e-07;2.581489671745614e-07;2.8673198530819164e-07;3.371483598840895e-07;3.928320980614725e-07;4.383305680140894e-07;4.595817606372268e-07;4.502690045987478e-07;4.1474231395203596e-07;3.548237033123998e-07;2.9882855430340935e-07;2.6659163913751175e-07;2.47532984616896e-07;2.625508343377187e-07;2.9918429253255096e-07;3.574364619180712e-07;4.261489323298324e-07;4.910143027518147e-07;5.391528447023331e-07;5.565679655147592e-07;5.422408058634498e-07;5.113773954136572e-07;4.777440414610555e-07;4.465345190375378e-07;4.115301268862453e-07;3.695278898833882e-07;3.246529767538265e-07;2.8246414076755144e-07;2.4603947405714724e-07;2.2331167637275289e-07;2.564327689640805e-07;4.247770763272871e-07;8.59318235500895e-07;1.7855462363409622e-06;3.7369471118806255e-06;8.129512487438295e-06;1.746127040141813e-05;3.4259867849439724e-05;6.089736213441848e-05;9.842733103120495e-05;0.0001465789631737;0.0002034992545401;0.0002659151944031;0.0003289210354991;0.0003868640536455;0.000434651148983;0.0004685585707616;0.0004858751803703;0.0004859805046089;0.0004698569503903;0.0004401979394683;0.00040074765585;0.0003554667472613;0.0003080974336955;0.0002620802237087;0.0002203763257809;0.0001850650139625;0.0001567705659431;0.0001351454635782;0.0001191433081331;0.000107489320578;9.91313219718248e-05;9.296279492443117e-05;8.801701834918699e-05;8.38319042684474e-05;8.02651441975175e-05;7.715078934526664e-05;7.434588974152673e-05;7.188420197242631e-05;6.966154950496892e-05;6.748566534676262e-05;6.539294803714179e-05;6.35182873034368e-05;6.196460214431248e-05;6.056258509142241e-05;5.9355237294869386e-05;5.830588311177193e-05;5.731779860238745e-05;5.626002603042839e-05;5.503270952263952e-05;5.3570832767808925e-05;5.187256470995232e-05;5.003838841117745e-05;4.819932221701092e-05;4.650379862061404e-05;4.50615144023967e-05;4.390079866293815e-05;4.297724074618229e-05;4.221450780334264e-05;4.158548795521027e-05;4.111405663811865e-05;4.082861560490856e-05;4.07359207007369e-05
154.84805271428195;7.679759340757396e-07;7.460540084443625e-07;6.973487644900983e-07;6.239458116792242e-07;5.306591284196937e-07;4.2139902969735733e-07;3.1429321984024733e-07;2.275211793110766e-07;1.7046726830624427e-07;1.5865808261737439e-07;1.915826130354687e-07;2.541820619997957e-07;3.254011759241874e-07;3.820279233564369e-07;4.124100445321367e-07;4.140464839286338e-07;3.8892151697835763e-07;3.486378253551487e-07;3.199185246046797e-07;3.245687800798958e-07;3.995812196573117e-07;5.301081999345846e-07;6.739854678682716e-07;7.893229906921244e-07;8.613950470677834e-07;8.780356226391613e-07;8.334964098676005e-07;7.497154935665121e-07;6.715874465777496e-07;6.113193730278763e-07;5.958941663370474e-07;6.08606827253768e-07;6.165218615725164e-07;5.999486581400582e-07;5.567590421166479e-07;4.930544742292895e-07;4.237486866668609e-07;3.820010142173238e-07;4.558606402142174e-07;7.948832378326037e-07;1.6654500281552897e-06;3.648891079053819e-06;7.928289875473271e-06;1.7011239271146296e-05;3.324459342382264e-05;5.864768070061947e-05;9.4186411861256e-05;0.0001396373659366;0.0001932668913362;0.000251783229794;0.0003103479173438;0.000363689303642;0.0004070963041702;0.0004375566293957;0.0004529228250363;0.0004530774076191;0.0004389550638662;0.0004128016689833;0.000377730706927;0.0003369176159644;0.0002934846110316;0.0002506446503021;0.0002112838371564;0.0001775584858098;0.000150236540323;0.0001293069277207;0.0001140324900151;0.0001032632239578;9.576928114808409e-05;9.02130423183299e-05;8.552988076892059e-05;8.133895340314223e-05;7.765606849933266e-05;7.453332709439358e-05;7.188565135795465e-05;6.960692376912644e-05;6.761714377284271e-05;6.58504614770853e-05;6.423634089731739e-05;6.27167289729099e-05;6.12648783571506e-05;5.98906182323467e-05;5.8628657214801374e-05;5.747101045590572e-05;5.636339589367018e-05;5.522798181267544e-05;5.399079202992514e-05;5.261654963282006e-05;5.11206735501969e-05;4.959929308790335e-05;4.817006560564944e-05;4.693191056376144e-05;4.564491364935279e-05;4.441961712366709e-05;4.3337463141058784e-05;4.239206218141834e-05;4.163195280651972e-05;4.101911624558471e-05;4.0447279106759285e-05;4.001720481101197e-05
156.98196339662172;4.420569974514888e-07;4.450125871020422e-07;4.354233179505105e-07;4.0832319932871147e-07;3.695311584177302e-07;3.268685090049956e-07;2.752633259400583e-07;2.0718557390479522e-07;1.536287380925573e-07;1.2664202876294584e-07;1.342245312497139e-07;1.810724432286372e-07;2.507584191925518e-07;3.143994808948384e-07;3.593201756688004e-07;3.8993405948221613e-07;4.1207334845548406e-07;4.10738281964624e-07;4.025686931746057e-07;4.15610116401068e-07;4.597491136805625e-07;5.575720835217442e-07;6.500837711455817e-07;7.089033584972527e-07;7.229732638420216e-07;6.998887192829421e-07;6.561428108678703e-07;6.093964021798341e-07;5.617263889621534e-07;5.254133323097492e-07;5.139036879180084e-07;5.214369982415311e-07;5.219923129750877e-07;5.007940912330125e-07;4.566085910936096e-07;3.941216199081337e-07;3.297217886798939e-07;2.912445935015035e-07;3.226540074234307e-07;5.02153434165785e-07;1.097408902010971e-06;2.819116088071896e-06;6.901306614082484e-06;1.5427992956473348e-05;3.039287924547098e-05;5.3795508665836566e-05;8.702566614696168e-05;0.0001301126455051;0.0001814980286347;0.0002376024814284;0.0002932339845045;0.0003434364515659;0.0003839173960254;0.0004119353904512;0.0004255018128904;0.0004247686855854;0.0004108938971724;0.0003864279331339;0.000354554728272;0.0003181198441832;0.0002794398951625;0.0002410029579116;0.0002050802847808;0.0001734715273913;0.0001470298606112;0.0001261717628116;0.000110575462484;9.945066184827531e-05;9.174178687446664e-05;8.621359857732182e-05;8.189730611543331e-05;7.833142738262032e-05;7.538351246266735e-05;7.304071542119523e-05;7.116570114495755e-05;6.957577476610659e-05;6.80983082467566e-05;6.658165865227768e-05;6.490845148304794e-05;6.302001451189801e-05;6.098413240641282e-05;5.891585587681678e-05;5.69453186821426e-05;5.522316157511497e-05;5.380823697452938e-05;5.263890904642842e-05;5.1547215900571685e-05;5.03343739824485e-05;4.891265941976925e-05;4.754186285752621e-05;4.635727975068348e-05;4.540320310324135e-05;4.464339583548387e-05;4.390480808742816e-05;4.313884374953048e-05;4.244233759725911e-05;4.175893834102391e-05;4.114511531758999e-05;4.038956294366498e-05;3.963949647889515e-05
159.11521313918638;3.006166199590761e-07;3.1372063414828895e-07;3.32044735151853e-07;3.448391029550781e-07;3.490080688393628e-07;3.561937244170528e-07;3.4283527300004185e-07;3.0434177259079813e-07;2.4522492811680214e-07;1.779292246534766e-07;1.2745743774371216e-07;1.2360635719060618e-07;1.4444660527895094e-07;1.699826067147721e-07;1.97294317232272e-07;2.3984896331619085e-07;3.0556755969817e-07;3.7708443600652717e-07;4.277614188135329e-07;4.6289541637079094e-07;4.920263373884354e-07;5.043950628974513e-07;4.929420809392435e-07;4.71257503448072e-07;4.38600046502165e-07;3.868656821144585e-07;3.579520189624312e-07;3.441269807903244e-07;3.28630590608125e-07;3.1276743761642577e-07;2.951718196144333e-07;2.6783957533652565e-07;2.321549455180664e-07;1.964594104209271e-07;1.6938364578925915e-07;1.5700984119931366e-07;1.5912371697836069e-07;1.704379627682144e-07;2.087452108917499e-07;2.976114192094717e-07;6.527529747893971e-07;2.0304008799145944e-06;5.729475098992477e-06;1.3548408068414528e-05;2.7307941011675023e-05;4.897630195454076e-05;7.975621541566461e-05;0.0001199337581379;0.0001680636028746;0.0002211203702267;0.0002744204058525;0.0003232691959231;0.0003631929335747;0.0003911257953746;0.0004048424061558;0.0004043299870765;0.000390742296022;0.0003667741491805;0.0003356618039856;0.0003006076736048;0.0002641178297637;0.0002285914111145;0.0001957124377637;0.0001666286583839;0.000141839470661;0.0001217917149419;0.0001063890454665;9.514842973840014e-05;8.729635045809473e-05;8.188911558549766e-05;7.815318414254885e-05;7.547915052213833e-05;7.343927636227567e-05;7.176622188703144e-05;7.027731197830314e-05;6.891787124318908e-05;6.753269069469645e-05;6.584659304205167e-05;6.386151043312745e-05;6.157938228659034e-05;5.91383426610869e-05;5.672365526092597e-05;5.448461413067432e-05;5.260128749198232e-05;5.1137982758531904e-05;5.001851716534928e-05;4.907797660354199e-05;4.814706133679499e-05;4.710612375921018e-05;4.597516952711403e-05;4.4876527388207184e-05;4.392031250420612e-05;4.3173603002559575e-05;4.24096710914977e-05;4.168415689755801e-05;4.1027798013573935e-05;4.046738801355428e-05;3.9936234938497725e-05;3.939646854092914e-05;3.8795971221703264e-05
161.2478018850561;2.4484182124655054e-07;2.953511336041202e-07;3.672175900262267e-07;4.389157813240745e-07;4.908941370219575e-07;5.154470205541012e-07;5.156133909455609e-07;4.825898612446465e-07;4.167161568459255e-07;3.163295281482209e-07;2.109246620503636e-07;1.3868079375949046e-07;9.370814619945153e-08;7.135557734629315e-08;7.312586971392036e-08;1.0219309483344e-07;1.546679895932966e-07;2.338175617962979e-07;3.0772403324390025e-07;3.6921336730814603e-07;4.006083967761181e-07;3.932484586925305e-07;3.696463923414952e-07;3.365578540644526e-07;3.009099451659596e-07;2.704714533243483e-07;2.509093660746293e-07;2.3651672311494065e-07;2.3091476054815245e-07;2.2873427994526965e-07;2.2399681180251106e-07;2.1240535393241994e-07;1.9630071571075697e-07;1.847375113275015e-07;1.862723889807279e-07;2.065383176737022e-07;2.4762797263469106e-07;3.025802340403312e-07;3.693490121088031e-07;4.785181253362801e-07;8.460763494658396e-07;2.180044258098474e-06;5.7745427821677455e-06;1.334564428763348e-05;2.660214649075062e-05;4.723849053691845e-05;7.61742677117905e-05;0.0001136193472812;0.0001583268273678;0.0002078000042318;0.000257952368674;0.0003043218474991;0.0003425195511784;0.0003693307837014;0.0003824378813028;0.0003816914042114;0.0003682567749627;0.0003448627700949;0.0003146464813153;0.0002807989711048;0.0002459371277094;0.0002124472975487;0.0001818304238571;0.0001550649404582;0.0001324886888282;0.0001142602538988;0.0001001792581312;8.986885290221194e-05;8.270735290706244e-05;7.791349146964627e-05;7.4784596848938e-05;7.259621047625968e-05;7.0806343916082e-05;6.913502200264032e-05;6.745897275518809e-05;6.56659505727077e-05;6.37025865574065e-05;6.168484760626933e-05;5.9633262613875975e-05;5.7574720516399705e-05;5.556619712708816e-05;5.385384064625407e-05;5.239836756081316e-05;5.107310058256611e-05;4.986747714545735e-05;4.883067349314387e-05;4.797061586941577e-05;4.72777484798972e-05;4.6692487986245074e-05;4.6161528705482187e-05;4.56287461921277e-05;4.502355119846994e-05;4.4255984255822816e-05;4.325564440418596e-05;4.202699487099035e-05;4.0670235525307206e-05;3.933407325227839e-05;3.80632536968301e-05;3.7135407969878647e-05;3.645172284189591e-05
163.37972957756574;2.0229760421850826e-07;2.2983070319012186e-07;2.661044813097453e-07;3.069208410308003e-07;3.477202279008006e-07;3.806161189038361e-07;3.948939456874557e-07;3.863585469743594e-07;3.518331719363976e-07;2.924187680034804e-07;2.2140979321663642e-07;1.5014784853727306e-07;9.817763296293413e-08;6.615368544133907e-08;5.502190714309957e-08;6.090320824500134e-08;7.547966321429828e-08;9.650897826114279e-08;1.259930997907588e-07;1.550101111414873e-07;1.6699946180063286e-07;1.7212442681923438e-07;1.7751368624459213e-07;1.8404248654903558e-07;2.0554348713048706e-07;2.5312522589595173e-07;2.962066634890503e-07;3.358198819731926e-07;3.664079618117826e-07;3.829205865169023e-07;3.836731829337329e-07;3.704712587874777e-07;3.502862393627854e-07;3.2438624238435405e-07;3.140295700425399e-07;3.160951607700338e-07;3.286382740027221e-07;3.625098427044419e-07;4.067160681490866e-07;5.207099149766008e-07;9.40045477697708e-07;2.296694828856707e-06;5.9287018675724365e-06;1.3383700026868734e-05;2.617046928950252e-05;4.584392777454097e-05;7.367379027463562e-05;0.0001099816043979;0.0001532325346058;0.0002004775536966;0.000247528922079;0.0002902235021839;0.0003248714019315;0.000348679229125;0.000359782776076;0.0003583650158504;0.0003457281907126;0.0003243447698115;0.0002967709843704;0.0002654851668686;0.0002328777869989;0.0002012142644694;0.0001720376821232;0.0001464840640203;0.0001251690967667;0.0001082630840751;9.538307330511503e-05;8.597688027324841e-05;7.935636430812364e-05;7.480346041765514e-05;7.178221613756996e-05;6.96158132601571e-05;6.769518182726107e-05;6.572360060800735e-05;6.36313921040234e-05;6.142323575003536e-05;5.911581056136121e-05;5.687517868680183e-05;5.491031922340734e-05;5.324007928660992e-05;5.19806091861301e-05;5.0948923032863176e-05;4.9939626506408287e-05;4.878163224146229e-05;4.749301690366354e-05;4.630328131255517e-05;4.532763781583529e-05;4.47458635513304e-05;4.462629279605361e-05;4.486190673439767e-05;4.5220334382931816e-05;4.543068669069368e-05;4.5316126237218905e-05;4.454252343183727e-05;4.3144063067983655e-05;4.124363162411494e-05;3.909024032726834e-05;3.691295928682597e-05;3.5143932276526714e-05;3.38193700379485e-05
165.51099616032295;2.2296440909345006e-07;2.4844216411659004e-07;2.698683147653386e-07;2.833917680082176e-07;2.92191163739511e-07;2.914827229729383e-07;2.763677799075487e-07;2.528077074899358e-07;2.1591089705052666e-07;1.7760030039616486e-07;1.347659118962427e-07;1.0946230685150577e-07;9.73925474138224e-08;9.850339305984985e-08;9.846577339641869e-08;9.92573650445974e-08;1.003362892783366e-07;9.83163056279479e-08;9.607438287411509e-08;9.489360636869e-08;9.344448537831752e-08;9.548975387546188e-08;1.1055378762448455e-07;1.4388544994908682e-07;1.9436263304742339e-07;2.583860181565206e-07;3.342167875321455e-07;4.028022912571007e-07;4.479615829957397e-07;4.645736894275465e-07;4.519663550010663e-07;4.144124400387833e-07;3.62668050682288e-07;3.05277917343271e-07;2.492377561508314e-07;2.054980747219405e-07;1.828476395046649e-07;1.734962036260502e-07;1.8132119741328637e-07;2.560387282418545e-07;6.035261215559488e-07;1.8220663881525489e-06;5.224437107384467e-06;1.2361043528602564e-05;2.48884750773619e-05;4.426063983016773e-05;7.14101540627066e-05;0.0001069595642828;0.0001493120455747;0.0001950408357795;0.0002398839368756;0.0002799920132604;0.0003121216579815;0.0003338402949984;0.0003437380068881;0.000342292501357;0.0003308258866962;0.0003114823674067;0.0002862809008822;0.0002570100578377;0.0002258737187852;0.0001952106624508;0.0001667849128543;0.0001419571227529;0.0001213455602402;0.0001051812196033;9.299724032412738e-05;8.410570573869533e-05;7.774544402469978e-05;7.315873887001084e-05;6.990763674244266e-05;6.745864392857914e-05;6.534899618789602e-05;6.332610902600594e-05;6.127882002092508e-05;5.916171075044394e-05;5.69586653876224e-05;5.485912106406657e-05;5.296509638710051e-05;5.134679851835839e-05;4.999314502277705e-05;4.880466537710509e-05;4.755763792286048e-05;4.608661435256924e-05;4.444070542383438e-05;4.2775554835218354e-05;4.144325327213214e-05;4.071066399873802e-05;4.068898250551497e-05;4.114348420001965e-05;4.186032435944192e-05;4.260833499180647e-05;4.309643140915275e-05;4.302187220276029e-05;4.215232302529794e-05;4.062406029719909e-05;3.870468481582445e-05;3.67301868478348e-05;3.504210477345295e-05;3.367933095983736e-05
167.64160157717924;3.102125024830779e-07;3.388370583992837e-07;3.738095942243455e-07;3.9820808702174986e-07;4.097672017307863e-07;4.055289462927025e-07;3.8526104674186193e-07;3.504943746518754e-07;2.97408730255159e-07;2.2922097556253843e-07;1.689212403631602e-07;1.3880117596525405e-07;1.3651263093612168e-07;1.4591980157217077e-07;1.565002918703682e-07;1.62019288746207e-07;1.609492166925068e-07;1.5571155460824232e-07;1.510986555392371e-07;1.5134396873463908e-07;1.5476697304710422e-07;1.6659084952733086e-07;1.9105713370603105e-07;2.193677706249617e-07;2.443768389596356e-07;2.697092067377533e-07;3.068760762063588e-07;3.36316824349454e-07;3.5494183857036946e-07;3.645114422774582e-07;3.566003426748756e-07;3.293615362946834e-07;2.86046474604618e-07;2.4662239701824184e-07;1.900007524715737e-07;1.339074126051747e-07;9.801182293417433e-08;7.323375515400405e-08;6.106226751097737e-08;1.1207606328779029e-07;4.375654247678176e-07;1.6581957505556906e-06;5.070666027198421e-06;1.214734176120004e-05;2.433996328670065e-05;4.315222152218941e-05;6.951376600679731e-05;0.0001035088332478;0.0001435662253023;0.0001864459196739;0.0002284284089712;0.0002664498855681;0.000297293782457;0.0003185413373186;0.0003287364892322;0.0003279405127946;0.0003170868458151;0.0002983310605113;0.0002735295315607;0.0002445906027892;0.0002139787315023;0.0001840671511914;0.0001571132605235;0.0001339318423116;0.0001151306571533;0.0001006336907068;8.976938592576917e-05;8.174273000043099e-05;7.594910005536402e-05;7.15574000526371e-05;6.82299067888908e-05;6.562562460511425e-05;6.346265655945757e-05;6.156133010443116e-05;5.981721606632428e-05;5.815346881045295e-05;5.647875201050641e-05;5.474529812612163e-05;5.296198051912711e-05;5.124812045724663e-05;4.963487107536028e-05;4.8081047710939504e-05;4.65149388317758e-05;4.486749421434765e-05;4.317630513975333e-05;4.152621525366034e-05;4.028039449396446e-05;3.956984369926322e-05;3.93914063739068e-05;3.9622988671675325e-05;4.009393589300949e-05;4.048817401290848e-05;4.0773120849949626e-05;4.08039934936825e-05;4.0299991129706656e-05;3.93415738622685e-05;3.811921042064169e-05;3.694687294647992e-05;3.5813641541932084e-05;3.4871102791031e-05
169.7715457722552;3.387114556770386e-07;3.171888168554324e-07;3.002492348674769e-07;2.904260328823249e-07;2.930521184786492e-07;3.02432891311414e-07;3.123605322046643e-07;3.2545374218867533e-07;3.230080044242376e-07;2.8924705544912777e-07;2.537199812998514e-07;2.2450808203588494e-07;2.0078168448593089e-07;1.73330910230691e-07;1.5181648379128745e-07;1.3382695118903102e-07;1.1711921237994549e-07;1.0512436373329769e-07;9.87138005701355e-08;9.74131194084466e-08;1.0110376344777037e-07;1.1866869413903313e-07;1.5135825496987405e-07;1.825116652112478e-07;2.02256053655254e-07;2.1192234927671058e-07;2.108084547429515e-07;2.031142287106407e-07;1.997498761202412e-07;2.046964067260462e-07;2.08241712546994e-07;2.103255651449731e-07;2.1242629175782505e-07;2.0574823847330842e-07;1.8756354401632803e-07;1.6060891676591058e-07;1.282588655256525e-07;9.708985550745213e-08;8.741304390007578e-08;2.1797362446547785e-07;7.434601044718765e-07;2.313739470077281e-06;5.971499494644416e-06;1.2860711070727284e-05;2.4296627692561484e-05;4.187022903875181e-05;6.653108123794694e-05;9.84787536770791e-05;0.0001359461733159;0.0001762414792206;0.0002164230640263;0.0002532886608174;0.0002835285740918;0.0003045906188759;0.0003151107491339;0.0003150350825738;0.0003050927969864;0.0002870137426858;0.0002626188697129;0.000234267108839;0.0002046906941826;0.0001761944280477;0.0001504443979611;0.0001285891678646;0.0001111180546;9.776551917752936e-05;8.778738583390731e-05;8.031420496454732e-05;7.45860294164274e-05;7.00979801690631e-05;6.661209185261821e-05;6.385295428737927e-05;6.168809496245853e-05;6.001802857537576e-05;5.868982985081168e-05;5.751270414781249e-05;5.6289517939232575e-05;5.4910493625733965e-05;5.3289611136846056e-05;5.144643952293601e-05;4.953839420783725e-05;4.772568822669624e-05;4.612668122759164e-05;4.481237705746356e-05;4.3741877407022105e-05;4.291439094535469e-05;4.23138344395571e-05;4.189296730124451e-05;4.159032906615049e-05;4.131623101958394e-05;4.102293435813202e-05;4.0661391649749086e-05;4.020247626981168e-05;3.962740521820456e-05;3.8908012778926735e-05;3.8073030292937226e-05;3.718466699426595e-05;3.62459412195185e-05;3.537653670970023e-05;3.466345875764049e-05
171.90082868991885;1.507473304547304e-07;1.2944414523096646e-07;1.1192194621965185e-07;1.0186156844587117e-07;1.0186453782037819e-07;1.1146078139368984e-07;1.351579700357701e-07;1.777517079645495e-07;2.2586793515580146e-07;2.6014056515501225e-07;2.729994212123172e-07;2.673452574070011e-07;2.4642476589670225e-07;2.0689612709534286e-07;1.566803267575188e-07;1.0700642154902557e-07;6.750327375969725e-08;4.6364807166409615e-08;3.9072939265945025e-08;3.690741674454646e-08;3.8121887664756026e-08;4.5640170941731494e-08;5.980231223791714e-08;7.415991701447366e-08;8.46207573120293e-08;8.975949920529716e-08;8.21421852165473e-08;7.401201432004548e-08;6.998593279429623e-08;7.08599232457998e-08;7.504687285053893e-08;8.49993712232599e-08;1.023042145058397e-07;1.0719611494316053e-07;1.060757621750776e-07;9.758087903840187e-08;8.297920132076434e-08;7.371807916803333e-08;1.0112331548478737e-07;2.8140135652054496e-07;8.9188086545471e-07;2.556009972692973e-06;6.229892746891409e-06;1.2775407832544488e-05;2.3711422845208535e-05;4.063382164954482e-05;6.430359317440243e-05;9.496780400299844e-05;0.0001310453510285;0.0001702946606093;0.000210037618031;0.0002471032972627;0.0002778355459471;0.0002992845684007;0.0003099807677006;0.0003099511082551;0.0003000487844808;0.000282151434472;0.0002581537611852;0.0002306887678003;0.0002025938685944;0.0001758703389792;0.0001515480112402;0.0001305285780505;0.0001132208713158;9.94857755240339e-05;8.882333116441998e-05;8.056235435032279e-05;7.404337170268521e-05;6.879739028189534e-05;6.471007174278993e-05;6.175861011081745e-05;5.967560437996635e-05;5.835903642877532e-05;5.754110682357464e-05;5.6882684618616574e-05;5.608463364478206e-05;5.4955813595579015e-05;5.337676789168671e-05;5.1408373362356426e-05;4.927048810245669e-05;4.732373373814994e-05;4.581188488503773e-05;4.4841848805386654e-05;4.440607935873521e-05;4.428224287102634e-05;4.417498268152921e-05;4.389308124386345e-05;4.33454561534434e-05;4.249853883431218e-05;4.145797142511433e-05;4.033068644279159e-05;3.9120304410391024e-05;3.809190743518887e-05;3.724046365884525e-05;3.654151133603362e-05;3.594892397979465e-05;3.5428812720055534e-05;3.486368508982051e-05;3.442044107441275e-05
174.02945027480746;4.825513550348649e-08;3.9799710273589285e-08;4.1513267361766526e-08;4.8805296295341054e-08;5.7492877588522463e-08;6.895120579360287e-08;9.06598209956801e-08;1.1900493121296501e-07;1.5837285602145557e-07;1.964727236151851e-07;2.192985409999576e-07;2.2704030676686533e-07;2.3275649579480306e-07;2.2740464927606258e-07;2.013101417448764e-07;1.5882152520585946e-07;1.1921696118976076e-07;9.708480086306797e-08;8.830707712861283e-08;7.996369288366476e-08;6.726379926993018e-08;5.087043723195869e-08;3.988432780547249e-08;3.5081855638583585e-08;3.3042508333593393e-08;3.3220732673094994e-08;3.986730778336325e-08;5.2483360000198335e-08;6.707051154254176e-08;7.927059545520147e-08;8.817480456824376e-08;9.350668333054205e-08;9.349338065964336e-08;8.798316887850689e-08;7.836509538473041e-08;6.183670937924917e-08;5.654825266103565e-08;7.124233666772581e-08;1.258935714312824e-07;2.449803383262853e-07;6.612095104697066e-07;1.9342966410215674e-06;5.266788393527632e-06;1.1864144696197556e-05;2.3092797915888136e-05;4.0244566329597126e-05;6.389059118150234e-05;9.383478815903985e-05;0.0001288837299941;0.0001672307721784;0.0002064148170237;0.000243533078715;0.000275087709219;0.0002976491825002;0.0003090607277511;0.0003090465660372;0.0002985615306125;0.0002797088201149;0.000254871116041;0.0002269627238331;0.0001990143185128;0.000173237601229;0.0001503488249027;0.0001304131013703;0.0001134348834703;9.916088563417352e-05;8.759029053123177e-05;7.828811724130643e-05;7.090658397864219e-05;6.52395583006895e-05;6.112692303121704e-05;5.830567053727149e-05;5.650774720299006e-05;5.5511118131711774e-05;5.503201096887848e-05;5.473196955576039e-05;5.432373144284829e-05;5.3500108403913226e-05;5.222514040955991e-05;5.058173658082672e-05;4.865673442195941e-05;4.677239014614673e-05;4.53249737890559e-05;4.447532818607906e-05;4.406210975131726e-05;4.391233148437945e-05;4.37743282717232e-05;4.341272634931614e-05;4.271061704378627e-05;4.1632902335281646e-05;4.028149433328052e-05;3.8819944673157417e-05;3.742028686694538e-05;3.6286371705355593e-05;3.55712875414591e-05;3.53135046528124e-05;3.526673555821346e-05;3.532627953690566e-05;3.5477051068882826e-05;3.565073606954506e-05
176.15741047180563;1.9813970366080726e-07;1.7244894982425373e-07;1.551147256915138e-07;1.509725451960335e-07;1.610026064349669e-07;1.7901590580450093e-07;1.9731576423483518e-07;2.156780655951869e-07;2.2782450880165914e-07;2.2472035889878657e-07;2.086340608660147e-07;1.999232210002954e-07;2.0865188124458765e-07;2.32558362021318e-07;2.589394680731136e-07;2.709817968695269e-07;2.650689323027579e-07;2.497786787927449e-07;2.2473386933294693e-07;1.826732553254699e-07;1.2827461925815158e-07;8.40227537340075e-08;7.069237012222459e-08;9.403095005410475e-08;1.436638200576525e-07;1.9487670894665094e-07;2.4329444703371163e-07;2.86001270871942e-07;3.14347005142465e-07;3.1981496915279265e-07;3.001729481179198e-07;2.610805607145589e-07;2.12430879738623e-07;1.6038145608753516e-07;1.3362289600815317e-07;1.426622125806297e-07;2.0360226856802815e-07;2.881899973526522e-07;3.8732245224748e-07;4.883592395244864e-07;6.939204619681156e-07;1.5469488612395924e-06;4.338435375737954e-06;1.0720028940569183e-05;2.2040844177347203e-05;3.920055054244567e-05;6.242674745347477e-05;9.158495996879105e-05;0.000125595093294;0.0001626137444193;0.0002003816087336;0.0002360666980403;0.0002667140828231;0.000289135465122;0.0003009846785205;0.000301596237096;0.0002916904214553;0.0002729813555381;0.0002481603577743;0.0002201124288619;0.0001922330544935;0.0001668758591973;0.0001443660189851;0.0001250215823152;0.0001085401961052;9.459216362922424e-05;8.312146694896852e-05;7.40415452357812e-05;6.703423141666413e-05;6.224829054581795e-05;5.9030097227103446e-05;5.701504934026998e-05;5.576239011736087e-05;5.49594488895326e-05;5.44265423469844e-05;5.396389083604621e-05;5.339713336966701e-05;5.256879830446953e-05;5.1398392759872895e-05;4.983673214053158e-05;4.800863707947093e-05;4.6070990290946506e-05;4.4342251563418266e-05;4.30532362239605e-05;4.215036246299957e-05;4.1590975249146e-05;4.124117375054883e-05;4.091803600678168e-05;4.048370192266326e-05;3.98341343299216e-05;3.896097024918185e-05;3.7901861795211855e-05;3.686762172241396e-05;3.6059458038738965e-05;3.559717860514614e-05;3.548643151354393e-05;3.567701422336629e-05;3.609875296176251e-05;3.676811632417233e-05;3.7415253569706e-05
178.28470922606357;3.145971883829584e-07;2.947518461153652e-07;2.777612160626505e-07;2.793583251669177e-07;3.043895401670934e-07;3.363108772403305e-07;3.613660978380862e-07;3.8120197496465947e-07;3.800412262208943e-07;3.52439991105541e-07;3.068724692178546e-07;2.787977676637449e-07;2.799399233816985e-07;3.119134528590516e-07;3.680055586513066e-07;4.142722087814425e-07;4.275940108923745e-07;4.0606454363512313e-07;3.4811432637463725e-07;2.615336574139379e-07;1.76093378501542e-07;1.1913750676625799e-07;1.1446359653362369e-07;1.6316913157866474e-07;2.541662180543739e-07;3.529225923071484e-07;4.289891587020117e-07;4.741389321164785e-07;4.842054298963468e-07;4.5560071227772566e-07;3.911930791828142e-07;3.050684791496119e-07;2.208183986762338e-07;1.6519472646050185e-07;1.646912239594298e-07;2.3546775877942865e-07;3.606629276256939e-07;5.024949055336467e-07;6.227227988870433e-07;7.095872426242398e-07;8.287310128563045e-07;1.627312477121012e-06;4.279183962140515e-06;1.045514052675036e-05;2.1457408387490652e-05;3.829812659770241e-05;6.117198240806735e-05;8.975083307443256e-05;0.0001228174802933;0.0001584531619457;0.0001942162428238;0.0002278595431049;0.0002565178966372;0.0002774849572131;0.0002888088461153;0.0002898530723789;0.0002810717503233;0.0002640535355535;0.0002409939471244;0.00021451705041;0.0001875221917091;0.0001624928425067;0.000140340188423;0.0001213160390188;0.0001053902240385;9.234702421685254e-05;8.201506808453156e-05;7.413232819286121e-05;6.834639936286087e-05;6.427192010014146e-05;6.156791354816114e-05;5.9788797830004784e-05;5.8499898792200574e-05;5.735839611154344e-05;5.6397258117964606e-05;5.5467693069891086e-05;5.441351905141628e-05;5.313623245930508e-05;5.159633002160595e-05;4.9635825187129e-05;4.754022185955397e-05;4.542737071950633e-05;4.347164318704532e-05;4.187057790272749e-05;4.072807201824068e-05;4.000715273687644e-05;3.960612313608892e-05;3.940659784829229e-05;3.927848741526959e-05;3.9085378617926585e-05;3.869049827676915e-05;3.808002062269153e-05;3.740655795920572e-05;3.675847904447042e-05;3.621592209399988e-05;3.578756212811947e-05;3.5635458167598824e-05;3.579664289074953e-05;3.602167445188193e-05;3.628705429630434e-05
180.41134648297884;2.408622537004867e-07;2.389459575581325e-07;2.376782928766937e-07;2.4703271554578204e-07;2.683799104956951e-07;2.879853351015997e-07;3.0373154204180305e-07;3.151700226279732e-07;3.112800129007054e-07;2.92147354934642e-07;2.768338153883767e-07;2.921405143273182e-07;3.333437920620353e-07;3.926624988455516e-07;4.619694044669915e-07;5.05585027130247e-07;5.097793777059885e-07;4.732943804581313e-07;4.0136084877126897e-07;3.063875657613737e-07;2.168278737396873e-07;1.6726418912698594e-07;1.6469412076051048e-07;1.8975445960184882e-07;2.429770537041209e-07;2.966332907298341e-07;3.24088097672755e-07;3.231114368670254e-07;2.970530571399082e-07;2.538726345795816e-07;2.076275154311117e-07;1.7097397728558764e-07;1.4959638587663435e-07;1.6320282993970997e-07;2.1664450342983006e-07;2.9744290524678426e-07;3.786182750307984e-07;4.6385983406462206e-07;4.999636523394634e-07;5.061746557867251e-07;6.72164961700017e-07;1.7273810556006124e-06;4.799026211974409e-06;1.122742801506607e-05;2.224757261612481e-05;3.884635293035981e-05;6.13312156230812e-05;8.945011828740945e-05;0.0001218318318435;0.0001561932988794;0.0001906657659244;0.0002226179288334;0.0002493369218051;0.0002686008030802;0.0002788779566108;0.0002798925291676;0.0002721028559575;0.000256863226276;0.0002359841229181;0.0002118758734864;0.0001866273565702;0.0001625517183405;0.0001408029322227;0.0001220184160219;0.0001063754334101;9.378426026499916e-05;8.395825205907295e-05;7.638275432675803e-05;7.060354196462157e-05;6.603351998889692e-05;6.269976652210035e-05;5.999270650091725e-05;5.7829813403770816e-05;5.619634706897529e-05;5.4987334778310034e-05;5.404517749178058e-05;5.317098570950914e-05;5.2242644051614726e-05;5.123023835482599e-05;4.981257340642873e-05;4.829348351356689e-05;4.670384175814727e-05;4.515065601382657e-05;4.379276109094886e-05;4.268890895691421e-05;4.184725640974152e-05;4.11745773801834e-05;4.057656686067812e-05;3.997655750533084e-05;3.9326110883861e-05;3.8639190799941887e-05;3.801325418935869e-05;3.729820195992502e-05;3.66284796430417e-05;3.600565577877378e-05;3.543716992384117e-05;3.494858345751661e-05;3.457157940793147e-05;3.429723923436681e-05;3.409194972583833e-05
182.5373221882146;7.847703721346205e-08;8.464370049226353e-08;9.093203960708905e-08;9.739313161431797e-08;1.0371747071656357e-07;1.1078737796384585e-07;1.2600816610352674e-07;1.438605462734353e-07;1.544068697617864e-07;1.6035863566034446e-07;1.779717967487602e-07;2.162280562043847e-07;2.786810019216615e-07;3.47162325428819e-07;4.073998969991097e-07;4.495184289257871e-07;4.683750506282351e-07;4.557254627675269e-07;4.203177946984176e-07;3.906226666541053e-07;3.81464167960297e-07;4.2462858024314086e-07;4.98239701846966e-07;5.70611905165728e-07;6.192506203494176e-07;6.299708954765708e-07;5.971750101162474e-07;5.244854455191537e-07;4.2551351095377723e-07;3.26123179672652e-07;2.463535296114254e-07;2.0738495682986203e-07;2.1012919805208519e-07;2.441898359134233e-07;2.9036212442181864e-07;3.313822452329336e-07;3.435652144348653e-07;3.467876149088979e-07;3.477603151948498e-07;4.176848175289421e-07;7.80924746365296e-07;2.0401190529607973e-06;5.280465761429936e-06;1.171790243573478e-05;2.2670948489924946e-05;3.894221954696781e-05;6.083861222489495e-05;8.826027632576614e-05;0.0001200910661777;0.0001545057370321;0.0001887138961722;0.0002198635572696;0.0002453026040887;0.0002630891919754;0.0002717471486457;0.0002713555338004;0.0002630544724782;0.0002479905014014;0.0002281961050373;0.0002059339706251;0.0001829049797101;0.000160751454893;0.0001402650716394;0.0001221229506415;0.000106707043877;9.403911062570232e-05;8.370691286051453e-05;7.554554555325773e-05;6.928326670088594e-05;6.442597022812897e-05;6.064796496726723e-05;5.770742055015104e-05;5.554653086630441e-05;5.414037325026618e-05;5.33446092632658e-05;5.293801038493959e-05;5.265146675671512e-05;5.224731267037103e-05;5.160177169831619e-05;5.0768267116951766e-05;4.970255649127404e-05;4.8475520498119065e-05;4.715427543471299e-05;4.600380773635498e-05;4.504085138510054e-05;4.427211032050176e-05;4.354917391038151e-05;4.270496456922642e-05;4.163973866420084e-05;4.037579836258884e-05;3.901465666129346e-05;3.777590612312506e-05;3.680301305823359e-05;3.607890715036374e-05;3.5576542288722695e-05;3.526885068209694e-05;3.508180526329557e-05;3.4968707733879024e-05;3.488218163681895e-05;3.4787098017238265e-05
184.6626362876777;1.205380064136502e-09;3.7141982166379444e-09;6.849696267370404e-09;9.360120900583951e-09;1.169089434578417e-08;2.246814028946462e-08;5.265773834275766e-08;8.9908371201801e-08;1.200218128636223e-07;1.4024779395399144e-07;1.528508512204041e-07;1.6313212998464504e-07;1.813471241514076e-07;2.054061581174029e-07;2.246704887721067e-07;2.514974430261748e-07;2.839512263588517e-07;3.053638510028378e-07;3.2334907682325094e-07;3.6107410365664164e-07;4.453312836890612e-07;5.749512613408487e-07;7.214390434555538e-07;8.540189563788307e-07;9.328104197645196e-07;9.554189354636997e-07;9.158439977430836e-07;8.155154701688118e-07;6.760521342545335e-07;5.311458412907599e-07;4.1678356525353074e-07;3.433343352042852e-07;3.0477167660243925e-07;2.893494096541251e-07;2.694669100936384e-07;2.476451237199781e-07;2.2358742340997295e-07;2.1586801964342367e-07;2.962666767116816e-07;5.177996255541338e-07;1.02609901945815e-06;2.205543315429322e-06;4.952706496117305e-06;1.0659420722256717e-05;2.063436897736681e-05;3.589093808085312e-05;5.700225288934349e-05;8.410424663014436e-05;0.0001165721958132;0.0001531515989261;0.0001894945436544;0.0002220629296439;0.0002477909338852;0.0002650312841575;0.0002727111352217;0.0002709601735682;0.0002607717049714;0.000244191359993;0.0002237838715936;0.0002018674884228;0.0001795334040093;0.0001579224980427;0.0001378742929864;0.0001200994545337;0.0001048527330962;9.223226392040535e-05;8.21440700123252e-05;7.429159168514256e-05;6.853779055088174e-05;6.429958248577025e-05;6.116471312557499e-05;5.8912105764307896e-05;5.73404759622143e-05;5.625800216535561e-05;5.548422706834099e-05;5.487557646153405e-05;5.4199178308661504e-05;5.324681244607905e-05;5.194768975472568e-05;5.069650018555127e-05;4.931329858343779e-05;4.805843315130771e-05;4.699625510127891e-05;4.60278185562543e-05;4.513959093105237e-05;4.436989639985636e-05;4.354500678018281e-05;4.2568738228632605e-05;4.139376462775983e-05;4.007686082466488e-05;3.867170191580169e-05;3.737043531348757e-05;3.633497048034847e-05;3.5544413416039924e-05;3.497996003010314e-05;3.460314560094638e-05;3.435439830906434e-05;3.418788547113622e-05;3.407815829497916e-05;3.401091488557638e-05
186.787288727548;1.4681965460016228e-08;2.4226393843138532e-08;4.551763881707476e-08;7.059525165219315e-08;9.207051373974841e-08;1.104392200634816e-07;1.288380293135194e-07;1.405586616666613e-07;1.3823973174589258e-07;1.2943368294908388e-07;1.301140089000742e-07;1.393669702606107e-07;1.7293364589711648e-07;2.1274526372271299e-07;2.4447246531419026e-07;2.655644265150513e-07;2.750839984697857e-07;2.644814852313431e-07;2.491748504395138e-07;2.608914854226867e-07;3.280497529148581e-07;4.406196191736398e-07;5.734272308737011e-07;6.884349711948613e-07;7.582515074204973e-07;7.751974917618931e-07;7.407025660056254e-07;6.691072621422151e-07;5.820934984840086e-07;4.946643605357698e-07;4.3894108832818134e-07;4.115503600968918e-07;3.7556433740823713e-07;3.227616227132145e-07;2.520238343389312e-07;1.794253902470262e-07;1.3337990186744756e-07;1.3958983505058264e-07;2.315874620332937e-07;4.207606093437501e-07;7.964578539565024e-07;1.674644499894921e-06;3.873842023594687e-06;8.69950091197786e-06;1.7526924756299648e-05;3.1660449554628534e-05;5.192189996020999e-05;7.876990646526265e-05;0.00011156780796;0.0001485551334472;0.0001861043011352;0.0002200862091599;0.0002474755409418;0.0002663452470698;0.0002754157373956;0.000274611404424;0.0002648195154607;0.0002480462089734;0.0002268425903549;0.0002036954069161;0.0001799688916581;0.0001569235642945;0.0001357566321262;0.0001175417325351;0.0001024551723448;9.043223293188498e-05;8.12481237330463e-05;7.44408761891307e-05;6.951512543281077e-05;6.593023566573661e-05;6.314398069954661e-05;6.089882636091426e-05;5.904267881036083e-05;5.738477623791352e-05;5.5601238715522784e-05;5.384679339641797e-05;5.223822434769562e-05;5.085856046376776e-05;4.975096783657805e-05;4.887556254592812e-05;4.812319846268975e-05;4.737947601866564e-05;4.675768872029292e-05;4.581859026601186e-05;4.468644067560438e-05;4.3325244982099246e-05;4.194268331398728e-05;4.0715623055260846e-05;3.96814610074625e-05;3.879538994528379e-05;3.8042887945304286e-05;3.736446701555389e-05;3.651153836334374e-05;3.553564223867518e-05;3.466218965632431e-05;3.38498379181882e-05;3.3091389511629235e-05;3.248033347845219e-05;3.2128039186849256e-05;3.192592283852539e-05
188.91127945424523;2.9389820184137785e-08;4.8498136312818676e-08;9.108896683627234e-08;1.4124351718399801e-07;1.832608631888017e-07;2.0958862414962747e-07;2.156868850108673e-07;2.0067218089789146e-07;1.644724531594107e-07;1.2135194541174208e-07;1.0595265049147265e-07;1.4125148305794852e-07;2.1936925169021437e-07;3.092490397360234e-07;3.765253193123668e-07;4.0710885551019973e-07;4.023707020531813e-07;3.638160740736809e-07;3.109601499843661e-07;2.890726177347418e-07;3.1210306995310906e-07;3.911164169511063e-07;4.92004473913551e-07;5.686665564541231e-07;5.973811479933368e-07;5.802291447674784e-07;5.356773269673342e-07;4.881676044044911e-07;4.578802926196628e-07;4.5097662581989954e-07;4.552461983996063e-07;4.548697431013887e-07;4.326315396382004e-07;3.769088662949328e-07;2.912830531112364e-07;2.004392090992207e-07;1.3853108893964198e-07;1.270312445227878e-07;1.7377173524750564e-07;2.7940288585168613e-07;5.141747162661958e-07;1.2277167125625755e-06;3.347279474018896e-06;8.163232516934256e-06;1.7098772240771453e-05;3.143188627579246e-05;5.1836054512971526e-05;7.846307375278465e-05;0.0001103976265863;0.0001458170543967;0.0001818243176436;0.0002152809064425;0.0002427736024811;0.0002623518389776;0.0002727692464467;0.0002736780276731;0.0002654209363421;0.00024942503596;0.0002278820837865;0.0002035212129223;0.0001784580384209;0.0001541760946212;0.0001323477630778;0.0001139835872887;9.925858425284106e-05;8.793728738109071e-05;7.951699519478155e-05;7.342381719520645e-05;6.892099259054002e-05;6.55225951307139e-05;6.26417928244243e-05;6.001030480108469e-05;5.749665796603973e-05;5.5071361847975305e-05;5.289182504768752e-05;5.089861069430529e-05;4.924530850122327e-05;4.821329077822551e-05;4.769240806315155e-05;4.7547374025714864e-05;4.752759902959965e-05;4.7328984999371874e-05;4.667259847993018e-05;4.563739003215494e-05;4.434454335220448e-05;4.296470049812598e-05;4.1715947400397e-05;4.067107858602857e-05;3.987375547058968e-05;3.926582430909232e-05;3.8719774233825726e-05;3.807429452565125e-05;3.7236723905636194e-05;3.627093966456514e-05;3.538056296978201e-05;3.455458595658192e-05;3.393142834276291e-05;3.3495718750790944e-05;3.3196942773591344e-05;3.2977931489622245e-05
191.0346084144512;1.4838592382198251e-08;2.4480258102336057e-08;4.5841959554218526e-08;7.09564685946574e-08;9.19742396990705e-08;1.0513848538755665e-07;1.0825068375886657e-07;1.0099860880344525e-07;8.335216324986242e-08;5.95268125174159e-08;4.8195813961717695e-08;7.272560576426555e-08;1.1188187033635579e-07;1.571970451474004e-07;1.9276593008722208e-07;2.1507706922341135e-07;2.3036962549813e-07;2.3708125381196477e-07;2.338666722243545e-07;2.269634147017569e-07;2.3770604084289197e-07;2.758694666181936e-07;3.338303639061202e-07;3.8032912310041937e-07;3.899181999627654e-07;3.655435121303336e-07;3.2598240874570325e-07;2.851047024206601e-07;2.664170948294918e-07;2.661073766450783e-07;2.659237553108682e-07;2.528686196456594e-07;2.3532679468448626e-07;2.0467597443259586e-07;1.602202293844411e-07;1.1497298108550029e-07;8.83999504274502e-08;9.231517038186541e-08;1.389191902112874e-07;2.2434650701724265e-07;4.563173665729903e-07;1.3008731158869785e-06;3.807593633306644e-06;9.303487069785307e-06;1.9110791622918724e-05;3.436879477953932e-05;5.553728465057638e-05;8.253633231378022e-05;0.0001142181837532;0.0001486167890988;0.0001828233800709;0.0002143157167464;0.0002398834665463;0.0002577771173831;0.0002673162252398;0.0002681948408448;0.0002602146295604;0.0002449455535123;0.0002241587386672;0.0002002654151485;0.000175404198156;0.0001513256873593;0.0001297789465492;0.0001116599789629;9.718458413758598e-05;8.620818465117514e-05;7.818854029242175e-05;7.228596627698786e-05;6.786009913839348e-05;6.424967095505264e-05;6.090587797322023e-05;5.7850051708985086e-05;5.505900802438399e-05;5.265618220863583e-05;5.079199989652205e-05;4.940504058553388e-05;4.83547401151053e-05;4.7530921881846205e-05;4.689312570342282e-05;4.645123893131384e-05;4.619220441265279e-05;4.597297836575791e-05;4.5417655578947874e-05;4.469251635733384e-05;4.3779570563885366e-05;4.292550417126624e-05;4.209850817025054e-05;4.127187786487477e-05;4.046575344197742e-05;3.972886211049231e-05;3.907649549764178e-05;3.836690510590891e-05;3.771285980825379e-05;3.703935498027359e-05;3.634342824140257e-05;3.5701197817797105e-05;3.5246329810732484e-05;3.488646025158879e-05;3.4473199728176625e-05;3.4071786887415964e-05
193.1572755551024;3.866468960825655e-07;3.6625773753774686e-07;3.292556770260271e-07;2.791351604307504e-07;2.198199316316881e-07;1.5728574972761648e-07;1.0222598346756593e-07;6.373086721761082e-08;4.6187431218529514e-08;4.0060104362431094e-08;5.3742043475113495e-08;8.263088567447726e-08;1.1836169477312985e-07;1.4161373443116198e-07;1.5399434024978706e-07;1.5951883200211797e-07;1.6248081473943358e-07;1.6045183309092246e-07;1.467645795955808e-07;1.2501239548161974e-07;1.2932966060898346e-07;1.4622908380471138e-07;1.842344490661077e-07;2.268343044132042e-07;2.51321840527426e-07;2.5423440184623324e-07;2.413663062749252e-07;2.1661391013444179e-07;1.7472581993104014e-07;1.264330031039661e-07;8.394107507029222e-08;5.38774403570441e-08;3.996042127856068e-08;3.438624756228028e-08;3.1067331617947e-08;3.012416888113518e-08;3.344242483573128e-08;4.5832834904221354e-08;7.3404066830843e-08;1.361988830115373e-07;3.796009938226126e-07;1.3631551030946477e-06;4.079915882887228e-06;9.709606180737884e-06;1.947062242854296e-05;3.4450410769708975e-05;5.514813929345804e-05;8.161443217786964e-05;0.0001127512713274;0.0001466139465298;0.0001803421964671;0.0002108107118104;0.000235856797324;0.0002535283664237;0.0002626369075566;0.0002631637183732;0.0002556483180071;0.0002413126032561;0.0002216877621223;0.0001988275739143;0.000174646201864;0.0001512831448776;0.0001301412220425;0.0001122305196554;9.797325632161726e-05;8.729840551986162e-05;7.960608688357e-05;7.393486125272953e-05;6.935319007878844e-05;6.521430534727295e-05;6.125728857799066e-05;5.758802009065405e-05;5.433383180772053e-05;5.175121827537893e-05;4.964120101883885e-05;4.817103454517037e-05;4.7164068024209744e-05;4.6345061204649805e-05;4.578924972051742e-05;4.5303978824218445e-05;4.492012152428584e-05;4.459228351476041e-05;4.427157774797629e-05;4.3860661841922274e-05;4.331894891169329e-05;4.265260319713467e-05;4.194171056284055e-05;4.13105242593266e-05;4.0716301013371965e-05;4.013903172345151e-05;3.95904776821619e-05;3.9023611017186014e-05;3.8383872706905685e-05;3.761264878847997e-05;3.667198770807898e-05;3.586731720426847e-05;3.511015709429559e-05;3.4467884007569193e-05;3.3897433140749664e-05;3.3383345981961426e-05
195.2792808233789;7.72844720976452e-07;7.319288999102334e-07;6.579906256906555e-07;5.586715436823642e-07;4.421836953732785e-07;3.197506982625528e-07;2.116764709245882e-07;1.3549929290122518e-07;1.0138493216430345e-07;1.0256691424418096e-07;1.3312732817308464e-07;1.856927591539421e-07;2.39632396672627e-07;2.802934100539565e-07;3.0276842784157013e-07;3.041740321746449e-07;2.8309261951464975e-07;2.4019213628571374e-07;1.8401317450830007e-07;1.356559038911684e-07;1.1979722410985246e-07;1.4066253190788354e-07;1.755533361801348e-07;2.059162580055004e-07;2.3081782761434665e-07;2.5001529594652146e-07;2.645627757217337e-07;2.747403207010046e-07;2.624319178248051e-07;2.429002990827235e-07;2.2107783795204066e-07;2.0077437702142455e-07;1.8137828890580122e-07;1.5592411194960498e-07;1.2440655682304274e-07;9.397307397201773e-08;7.42280782989656e-08;7.531352453055644e-08;1.020612268192422e-07;1.779454633465143e-07;4.3449041584564317e-07;1.2822293707886175e-06;3.6226966620240566e-06;8.765455664566255e-06;1.7948284104221694e-05;3.222945497267311e-05;5.216434960217711e-05;7.793827076308895e-05;0.0001087125761013;0.0001428294766523;0.0001771712116309;0.0002084492796329;0.0002342383880794;0.0002528332545449;0.0002628705969282;0.0002641708145335;0.0002571675586204;0.0002431270287276;0.0002237970656799;0.000201256274089;0.0001772226144908;0.0001536700178801;0.0001322451951809;0.0001141070628401;9.967034000035858e-05;8.884159172584645e-05;8.102005690784032e-05;7.509783265601735e-05;7.034553303053868e-05;6.613285814297047e-05;6.225831983825233e-05;5.856079002234124e-05;5.519268811790904e-05;5.242311421934203e-05;5.023136338398569e-05;4.856813055256165e-05;4.737893067394159e-05;4.666494338075482e-05;4.6439927266211074e-05;4.639636271602541e-05;4.647639265083857e-05;4.646733696653332e-05;4.6238175099377584e-05;4.574203063848356e-05;4.5011457336049165e-05;4.422983526878195e-05;4.350904935235863e-05;4.29051003400249e-05;4.2357937649481456e-05;4.173525531125886e-05;4.082583383169059e-05;3.98436488816552e-05;3.860647580381161e-05;3.733028291648162e-05;3.613895474511883e-05;3.523580497013869e-05;3.463083902923376e-05;3.411911597389562e-05;3.379351592832943e-05;3.3576260851640925e-05
197.40062416673757;3.865562319936539e-07;3.661409598161073e-07;3.297758731127808e-07;2.834189757036122e-07;2.321469233253267e-07;1.8073972002600797e-07;1.399389263266975e-07;1.2550027926460718e-07;1.2535719510182026e-07;1.568986640856304e-07;1.9527690958779245e-07;2.3240838631686253e-07;2.53277343399232e-07;2.7364113741805094e-07;2.813523454394024e-07;2.70557460206071e-07;2.399956843392571e-07;1.979637489546331e-07;1.581164934233755e-07;1.246151125154202e-07;1.0383386025936041e-07;1.0426705069842697e-07;1.094558138300185e-07;1.1066029571757786e-07;1.1690102094031378e-07;1.392611094381177e-07;1.8317939067342477e-07;2.451620031671016e-07;3.138997864507152e-07;3.773005687401801e-07;4.094903891690496e-07;4.1287069120644923e-07;3.853884546493991e-07;3.2666307536462934e-07;2.481907047391982e-07;1.7371837379282313e-07;1.3093924141705873e-07;1.4182077294243178e-07;2.0149563933099962e-07;3.088680351769123e-07;5.4880645358817e-07;1.2049681934496005e-06;3.19731629922454e-06;8.139516561247964e-06;1.7365178647534737e-05;3.1993666448539736e-05;5.257456803559551e-05;7.917586474610462e-05;0.0001109219235948;0.0001462146817181;0.0001817765408421;0.000214034493728;0.0002404534673184;0.0002591277655172;0.0002691056687085;0.0002700425793141;0.0002623054631821;0.0002473710449366;0.0002273990779209;0.0002046626729179;0.000180476512026;0.0001565865416382;0.0001347079187222;0.0001159529487592;0.0001004724055131;8.839472139900826e-05;7.921809993213989e-05;7.239894532472676e-05;6.740884987389804e-05;6.36475665396623e-05;6.069487385980419e-05;5.83216989690383e-05;5.630913810554303e-05;5.432298869569965e-05;5.240333243030883e-05;5.053532515029303e-05;4.8998382054402506e-05;4.796285851266165e-05;4.731644574411935e-05;4.721516126833137e-05;4.741221317556241e-05;4.758257567511391e-05;4.7484668251457135e-05;4.69885640609799e-05;4.608928469232469e-05;4.501340812423742e-05;4.393089771594372e-05;4.2923961353756816e-05;4.199498629172991e-05;4.103083486524595e-05;3.994504235031919e-05;3.8713129483238266e-05;3.742703059654839e-05;3.624138292845345e-05;3.531991252719242e-05;3.4694512128565064e-05;3.4411496139200666e-05;3.432964562272313e-05;3.436101886818152e-05;3.4436997113230234e-05
199.5213055328641;2.4852568297651347e-08;4.391375915349091e-08;6.58085529600148e-08;8.122134750030309e-08;8.693137706207088e-08;9.396005873529474e-08;1.1182916544648789e-07;1.433132665928978e-07;1.875700785535719e-07;2.3811876310203105e-07;2.820750168178285e-07;3.123095290112456e-07;3.262379437932196e-07;3.267220317144384e-07;3.2146835956984333e-07;3.10087798620324e-07;2.914470603531712e-07;2.6393212340405084e-07;2.305219552905032e-07;1.930895427761675e-07;1.514695672686653e-07;1.054489033285675e-07;6.255704860886692e-08;4.044307296848602e-08;3.485483768253823e-08;5.817620281988816e-08;1.1913445852082257e-07;2.082032200552489e-07;3.1075208698876506e-07;3.9682386757053654e-07;4.52805911151762e-07;4.6822843914400667e-07;4.4009857096992454e-07;3.710338882433338e-07;2.7668139558694014e-07;1.894196944799131e-07;1.4021776995200156e-07;1.3157443202515517e-07;1.6363125541918093e-07;2.6387886784034565e-07;5.539980089415922e-07;1.3262017391250167e-06;3.373556543237581e-06;8.32215149234543e-06;1.7884061371337564e-05;3.329809563429557e-05;5.5043817875444034e-05;8.300235186930308e-05;0.0001160613025512;0.0001524672267446;0.0001890428349317;0.0002217205350756;0.0002478573262839;0.0002661646451434;0.0002754472068496;0.0002754310851595;0.0002665774250174;0.0002505501372557;0.0002297948165595;0.0002066266385471;0.0001824716617532;0.0001588515542143;0.000137112682123;0.0001181068039058;0.0001021035356218;8.915757978954323e-05;7.90726602396356e-05;7.184917247429512e-05;6.693503737569987e-05;6.372607409812182e-05;6.163181854926978e-05;6.020208425411829e-05;5.877030694466994e-05;5.690002060031598e-05;5.464260065356306e-05;5.2285341019763445e-05;5.002436436622944e-05;4.822897967552645e-05;4.69337112772687e-05;4.60705923673634e-05;4.548673714033803e-05;4.4990543864682186e-05;4.44429267727608e-05;4.376105875785969e-05;4.293666085868031e-05;4.2063259702332224e-05;4.122913238128175e-05;4.048972846487032e-05;3.985077268947578e-05;3.9279612828577247e-05;3.884254587916276e-05;3.8219526027496126e-05;3.759320440427458e-05;3.703141284897218e-05;3.65288165872146e-05;3.610393009305415e-05;3.576996770405134e-05;3.5670642955164155e-05;3.5607310747824336e-05;3.5572742920041625e-05
201.64132486970996;1.304619397358237e-07;1.785431182628783e-07;2.1255070439887514e-07;2.2051347911986615e-07;2.057020288472232e-07;1.8110262606102539e-07;1.676053830763347e-07;1.688286192497465e-07;1.9595439107475373e-07;2.246490018114909e-07;2.526811684095107e-07;2.713219982723926e-07;2.824124088232868e-07;2.920809295929057e-07;3.175253427789028e-07;3.57196372321918e-07;3.888625385189188e-07;3.931404711355233e-07;3.705635277392019e-07;3.242035800165825e-07;2.5739150740630245e-07;1.8235637057323973e-07;1.274477020153804e-07;1.0552408347375677e-07;1.0622590858696757e-07;1.29215059919705e-07;1.7981089926321305e-07;2.428749566391914e-07;3.04189056683604e-07;3.515615311117421e-07;3.834976534432144e-07;3.80711676409068e-07;3.4816127705938245e-07;2.915907784928496e-07;2.2479917089905425e-07;1.6842678594192678e-07;1.2794128791777465e-07;1.000191473706086e-07;8.994195989002493e-08;1.739021868893352e-07;5.513479042014196e-07;1.6608362969019967e-06;4.286123792128799e-06;9.884462316720169e-06;1.9991913028521808e-05;3.6012791762565335e-05;5.847147786169855e-05;8.721545210301236e-05;0.0001209675815557;0.0001572898387054;0.0001933870354126;0.0002258044496327;0.000251541656256;0.0002689730193933;0.0002770281730592;0.0002757676469857;0.0002659504867022;0.0002493663404655;0.0002283816356198;0.0002051154325149;0.0001812740798117;0.000158341914015;0.0001374301112909;0.0001191614329654;0.0001037922534598;9.12032242457496e-05;8.154480706057034e-05;7.453723410197515e-05;6.97907133579942e-05;6.666838956740175e-05;6.450874274596311e-05;6.266203040402345e-05;6.0636420245957086e-05;5.817800312806554e-05;5.55676175843478e-05;5.313297724468815e-05;5.088103520564077e-05;4.8930537293700966e-05;4.741300583805223e-05;4.6128836381782045e-05;4.494187250027509e-05;4.374609612526262e-05;4.257883238630012e-05;4.154096161131377e-05;4.073965053224476e-05;4.020708148501721e-05;3.9889255541199e-05;3.969621011498602e-05;3.956233065086176e-05;3.945851768850574e-05;3.934788112945823e-05;3.919794057258348e-05;3.898280579846189e-05;3.8691044755724e-05;3.832057758992649e-05;3.7891580857618535e-05;3.744879611144794e-05;3.703795466616242e-05;3.669437111684054e-05;3.64323324829115e-05
203.76068212548125;3.08641455502932e-07;3.2100017060195244e-07;3.062162916138961e-07;2.722288096105497e-07;2.2612652104291305e-07;1.7424482569292394e-07;1.4283678073890725e-07;1.408823951636761e-07;1.488300246599927e-07;1.5887425240215124e-07;1.725132897597321e-07;1.7633849212600704e-07;1.716185317667159e-07;1.7854147652662925e-07;1.8705004753522766e-07;2.1933109785909494e-07;2.554493648614045e-07;2.793570220852325e-07;2.836756504129454e-07;2.6854835863606185e-07;2.3710868447060298e-07;2.0229720894042666e-07;1.9167062466610569e-07;2.0075889424279018e-07;2.2300270351336373e-07;2.5122695274955964e-07;2.799884043731544e-07;2.9770699192877065e-07;2.979451500374632e-07;2.774749999466846e-07;2.389789629413456e-07;1.954223978360071e-07;1.591107580515941e-07;1.291376714240223e-07;1.0945639000144293e-07;1.0233632684408232e-07;9.97625676360284e-08;1.0437104640815158e-07;1.2131625220570196e-07;2.1693672011579483e-07;6.272785106516374e-07;2.07637699842042e-06;5.463108833513719e-06;1.180024661863748e-05;2.238114790437784e-05;3.860144614994185e-05;6.121476750393396e-05;9.020498046006956e-05;0.0001241182054342;0.0001604747827225;0.0001962941980275;0.0002284574035451;0.0002539331925113;0.0002706642421541;0.0002775966435089;0.0002751587834029;0.0002644790023886;0.0002474871667225;0.0002262536241075;0.0002028414799498;0.0001791214831314;0.0001565732142462;0.0001360803926176;0.0001182802371895;0.0001034770357028;9.172736950574322e-05;8.276142677683211e-05;7.610255922057173e-05;7.119013996082491e-05;6.756513930734654e-05;6.480702092111012e-05;6.234836950692315e-05;5.993519250871728e-05;5.75614560678604e-05;5.531041880123632e-05;5.323238258139359e-05;5.161797298998745e-05;5.023632865911547e-05;4.899301217921869e-05;4.797674105936576e-05;4.700693158009219e-05;4.603427172652778e-05;4.509198933137016e-05;4.4238448491337634e-05;4.3505605098017005e-05;4.285103474226259e-05;4.219336844378325e-05;4.1475953920925776e-05;4.071866532691136e-05;3.999470709534686e-05;3.944395945468901e-05;3.903679012517762e-05;3.877146964211735e-05;3.87128708178746e-05;3.853968908691723e-05;3.822506468533812e-05;3.779472350910538e-05;3.728762024649473e-05;3.67568763796892e-05;3.62563924639492e-05
205.8793772486315;4.37121669733955e-07;3.859677362104832e-07;3.1930159858833255e-07;2.535200361424464e-07;1.8689601398272747e-07;1.324535516248741e-07;1.0718013327804725e-07;1.154578874207694e-07;1.403713682277417e-07;1.6525309497712524e-07;1.8149767625915065e-07;1.8478245800999646e-07;1.7318255662812956e-07;1.4952350000329008e-07;1.226097503789295e-07;9.942440174179579e-08;9.32825411078387e-08;1.0009357447524096e-07;1.0427838946319394e-07;1.0847274567382517e-07;1.1308422716582605e-07;1.244953118255273e-07;1.492627878523055e-07;1.801035654541379e-07;2.074690652730205e-07;2.2692071918491765e-07;2.3338073831526685e-07;2.2259903435112574e-07;1.936306438793524e-07;1.450161572702348e-07;9.192958523110249e-08;5.5916537935505186e-08;4.0689068441484514e-08;3.683155330566281e-08;4.041654824940872e-08;5.296974250361732e-08;7.50585126588898e-08;1.120718805529341e-07;1.953469967773021e-07;3.992923172517535e-07;9.869846442916697e-07;2.6511729858312805e-06;6.188655686230422e-06;1.2398988811662254e-05;2.265721654914848e-05;3.857028128815258e-05;6.108989245634449e-05;9.042224657847694e-05;0.0001251313616245;0.0001626998723981;0.0001999879741679;0.0002337957048752;0.0002607802368441;0.0002790177297624;0.0002871537404998;0.0002856082684499;0.0002754759468979;0.0002584570974299;0.0002362920324445;0.0002112518760943;0.0001856768064368;0.0001612134839575;0.000139025211869;0.0001200752439794;0.0001048660983456;9.33666776325755e-05;8.485549180550493e-05;7.851108135456751e-05;7.345149980001546e-05;6.912085045620083e-05;6.531770083592804e-05;6.196983754347556e-05;5.904934147481714e-05;5.6679876398107545e-05;5.467219807967112e-05;5.313356248284911e-05;5.198621719153317e-05;5.108646501397292e-05;5.027313783150737e-05;4.948789169046966e-05;4.8738269733246216e-05;4.806461472161517e-05;4.7488417438089686e-05;4.7001864264805846e-05;4.655136094926827e-05;4.6040536951734215e-05;4.536514236876992e-05;4.418584743795653e-05;4.277435837783235e-05;4.135024822057565e-05;4.005181876219593e-05;3.919115282797594e-05;3.876862322547412e-05;3.8686458101996185e-05;3.874706833908789e-05;3.876977931243038e-05;3.859513280653285e-05;3.813438425980556e-05;3.747267816954279e-05;3.67728447047915e-05
207.99741018786156;4.063349518334427e-07;3.581906437732061e-07;3.033215957005942e-07;2.4131746347702614e-07;1.7536824214302666e-07;1.263115835743634e-07;9.511101756103544e-08;8.149668799517715e-08;9.106825052699826e-08;1.0969430720860963e-07;1.2098389001535866e-07;1.2498258575274008e-07;1.2387207061669745e-07;1.1704126193284285e-07;1.2074402346432484e-07;1.0717657176263574e-07;1.0016057586143317e-07;9.781852046492597e-08;9.284996286077873e-08;8.321075342428197e-08;6.943257598708085e-08;6.925027268663635e-08;7.217685782850813e-08;8.166458400998413e-08;8.910057582973753e-08;9.070351104327223e-08;8.670223018763596e-08;7.734898062247405e-08;5.632662244859061e-08;3.71329231509706e-08;2.6831217305886974e-08;2.460248549288709e-08;2.8774175941570562e-08;3.576243566903585e-08;4.24783700112223e-08;5.215830656035524e-08;6.791328568285706e-08;9.659745130464633e-08;1.936626220966217e-07;4.930374951903763e-07;1.2737981201298852e-06;3.0257194175307417e-06;6.440354778052057e-06;1.240200055642232e-05;2.2320074717602697e-05;3.794221715385865e-05;6.037717339506855e-05;8.999912398285201e-05;0.0001255611256842;0.0001648172877696;0.0002047619264729;0.0002417967770014;0.000272096061053;0.000293198361235;0.0003038795300376;0.0003040819442178;0.0002945839309646;0.000277013690149;0.0002534378250224;0.0002265617960343;0.0001987371267048;0.0001717875210725;0.0001475096910731;0.000127192082041;0.0001110579531689;9.863900069337952e-05;8.91162573774818e-05;8.166370451647296e-05;7.574188368508492e-05;7.080040848696345e-05;6.61779541983056e-05;6.209150540427863e-05;5.860950299716659e-05;5.579484652776251e-05;5.3653565054839205e-05;5.215865064498377e-05;5.101539085075108e-05;5.0099459882834514e-05;4.92771448693836e-05;4.851898190403262e-05;4.785720007082179e-05;4.733639261237783e-05;4.6961801949778014e-05;4.670087168801832e-05;4.646683441201333e-05;4.615088899532675e-05;4.564384529863294e-05;4.4856978053317215e-05;4.381554703560207e-05;4.255562859093926e-05;4.130425345138888e-05;4.028262176780019e-05;3.959882413332103e-05;3.894707398145609e-05;3.85683976308857e-05;3.835158126255984e-05;3.8134091389310695e-05;3.78081731802158e-05;3.739890308911588e-05;3.698610455710692e-05
210.11478089214503;2.2350484733307674e-07;2.2986515627803905e-07;2.219954370052619e-07;1.9718331524791368e-07;1.6450295168864709e-07;1.2634598507192325e-07;8.639359802234082e-08;5.3172952917897815e-08;4.1080064083069946e-08;5.1366075315884333e-08;7.115986569629884e-08;9.057589810929693e-08;1.1310017247255669e-07;1.4360657016582512e-07;1.7185159862834658e-07;1.8749580365523089e-07;1.854260854248299e-07;1.7047275290207635e-07;1.524472113877765e-07;1.3351003160357068e-07;1.0814304841520085e-07;7.835475231867505e-08;5.64377587559858e-08;4.7049730854343e-08;4.2304854925266936e-08;3.7531705907351464e-08;3.188162013804752e-08;2.5255498123119197e-08;2.0666277353529665e-08;1.88720309514004e-08;1.9033392747555557e-08;2.1060786488762092e-08;2.574482700422908e-08;3.5479204575074565e-08;4.8162897669490285e-08;5.7378764907149573e-08;6.365962613373093e-08;7.33606570744143e-08;1.303682525641098e-07;4.0048443158526004e-07;1.1504920745360567e-06;2.8077495946203186e-06;6.13289497328167e-06;1.2262242095234576e-05;2.2635259218572588e-05;3.848833957773268e-05;6.097344985349392e-05;9.066469786611252e-05;0.0001268010901326;0.0001679772669582;0.0002106254297619;0.0002506053549267;0.0002843070370381;0.0003090652233795;0.0003226032304107;0.0003240286710159;0.0003139590116569;0.0002947141611087;0.0002694329890381;0.0002411503707388;0.0002118828745989;0.0001836316310942;0.0001580750086009;0.0001361023628845;0.0001179310506104;0.0001033939982083;9.200911124354116e-05;8.32244042015686e-05;7.650772881944089e-05;7.129019869747735e-05;6.694483857227739e-05;6.307888217073924e-05;5.940807482450782e-05;5.612340761904293e-05;5.351040300172204e-05;5.152924901753407e-05;5.018518389312251e-05;4.936666295496428e-05;4.925818473553572e-05;4.917058566722296e-05;4.907795178913362e-05;4.885527807617807e-05;4.8415012654491885e-05;4.773610876679432e-05;4.683518507575329e-05;4.568295518811441e-05;4.480523871774193e-05;4.411856518301233e-05;4.352805935634467e-05;4.290597513967732e-05;4.224831024866809e-05;4.134199515291799e-05;4.0281971881010216e-05;3.9209031377339485e-05;3.825946361238083e-05;3.752306170384935e-05;3.700096629899821e-05;3.672063355000527e-05;3.660088250818054e-05;3.66199826776256e-05
212.23148931068133;9.712672221110544e-08;1.797808661262998e-07;2.612898146287743e-07;3.235702283141469e-07;3.598963947095508e-07;3.5496494448786693e-07;3.142638304172918e-07;2.50917893736752e-07;1.8234992663097081e-07;1.4186754117113828e-07;1.4413969306220524e-07;1.7274462986747133e-07;2.098644135904605e-07;2.4423220893611744e-07;2.64046160349768e-07;2.673467767715259e-07;2.3792927565105682e-07;1.9160625358298109e-07;1.5805132851829593e-07;1.4787626112021442e-07;1.5859951055312646e-07;1.871589725648625e-07;2.135969040015629e-07;2.2987355261952265e-07;2.3041055998660293e-07;2.1323852045193213e-07;1.799221540971303e-07;1.395058404112085e-07;1.066840648053719e-07;9.671069107479837e-08;1.344063783470648e-07;1.8696066566755482e-07;2.432185412859856e-07;2.8755278619370045e-07;3.0937150289062335e-07;3.018410212966726e-07;2.6476482997415056e-07;2.160015772332028e-07;2.097841258773695e-07;3.978496262175106e-07;1.047700420067778e-06;2.6535798320489094e-06;6.177186135831551e-06;1.2934167691988828e-05;2.427107971833692e-05;4.119299075496807e-05;6.470857111257828e-05;9.557206327647033e-05;0.0001333007466718;0.0001761746586879;0.0002207281882604;0.0002631170225425;0.0002997747454973;0.000327114263286;0.0003421623051568;0.000344002966576;0.0003334355858873;0.0003129909373632;0.0002857719840086;0.0002548544078547;0.0002229963324799;0.0001927002166024;0.0001653322903734;0.00014142865199;0.0001213046829615;0.0001051246510754;9.27704028702688e-05;8.372969346507823e-05;7.719522846443664e-05;7.234292902617688e-05;6.871111307346238e-05;6.548085990193654e-05;6.220004014958237e-05;5.88947810445946e-05;5.5917159580663815e-05;5.371732291721588e-05;5.257801131838438e-05;5.2456408649793136e-05;5.299824075963846e-05;5.367574146367214e-05;5.4026764642811824e-05;5.376353236258564e-05;5.2806700388510205e-05;5.12452717309712e-05;4.929053232007169e-05;4.732601676575743e-05;4.570434529218522e-05;4.457562886546572e-05;4.3970864201815646e-05;4.3743566829481685e-05;4.34741016925718e-05;4.294871307611207e-05;4.2063176507273295e-05;4.107182434728112e-05;4.002924456059461e-05;3.905576101479496e-05;3.814502976858576e-05;3.7455561354891376e-05;3.71110271731886e-05;3.6988326899611776e-05
214.34753539293524;1.1803003482035465e-07;2.5457272287840457e-07;4.010773462047594e-07;5.216785598772107e-07;5.936741766188102e-07;6.071168061586175e-07;5.619741137461493e-07;4.614878053027732e-07;3.2887811127117574e-07;2.1614692963556693e-07;1.683163326883427e-07;1.759195188504086e-07;2.062901392509988e-07;2.3299758442275762e-07;2.423008916282168e-07;2.3193377329803377e-07;2.0276745079891774e-07;1.6456458780740877e-07;1.3898553132777678e-07;1.464071483365857e-07;1.991392512300397e-07;2.82846937689058e-07;3.577002887941072e-07;4.004712853128662e-07;4.0646115844564793e-07;3.767186765647298e-07;3.175964686523709e-07;2.489361435008871e-07;2.089137452867557e-07;2.2160340200260093e-07;2.975115359747572e-07;4.122348916269242e-07;5.262373299509945e-07;6.043662465501226e-07;6.268328475226751e-07;5.854993665931356e-07;4.959417528969349e-07;3.86758111364447e-07;3.2548495919591365e-07;4.506914550416413e-07;1.0551314294775708e-06;2.7277564854246464e-06;6.620963630210599e-06;1.4089128080326774e-05;2.648372152091823e-05;4.5444498568330034e-05;7.166810336453604e-05;0.0001053813261538;0.0001455348910347;0.0001899533303534;0.0002355055826734;0.0002786896767392;0.0003155642748546;0.0003422488075874;0.0003562675962505;0.0003572143515504;0.000345969983909;0.0003247375478921;0.0002962258130026;0.0002636575277486;0.0002302534606437;0.0001983962088976;0.0001693478138659;0.000144005723164;0.000122879282972;0.0001061353474297;9.352941722434732e-05;8.44552493998151e-05;7.816591926581695e-05;7.374470998992664e-05;7.031193804610234e-05;6.732376355270612e-05;6.465898929547981e-05;6.217481755796727e-05;5.998115944656719e-05;5.832838183349539e-05;5.737049228774611e-05;5.693293558480027e-05;5.638149201102111e-05;5.622098781682495e-05;5.568223270684964e-05;5.484190362345739e-05;5.374271358118964e-05;5.2383240579410014e-05;5.073472712967692e-05;4.925443300719438e-05;4.779652952690096e-05;4.663393611700069e-05;4.562654538664279e-05;4.4727424103030425e-05;4.398585348489561e-05;4.3169083571100486e-05;4.253016079850867e-05;4.190637824170403e-05;4.121762046014687e-05;4.0434731277894006e-05;3.9563899672997776e-05;3.87404020600416e-05;3.806021413832862e-05;3.748204162739106e-05
216.4629190886153;1.4014458192978246e-07;2.480427161387609e-07;3.5009903949914e-07;4.2377680972119325e-07;4.656706577689272e-07;4.563342410828386e-07;3.993167514884296e-07;3.057449178666116e-07;2.016417472582395e-07;1.2201954831720725e-07;8.44379887525571e-08;7.900235675530783e-08;8.845091258356794e-08;9.84468933226089e-08;1.029301628540969e-07;1.0380317841095293e-07;1.064657479992728e-07;1.1768836064501675e-07;1.3700609585285352e-07;1.8022212786723e-07;2.366244379823083e-07;2.790810397902052e-07;3.232953707742596e-07;3.288820125525451e-07;3.00486532456416e-07;2.567806265449296e-07;2.245172353842971e-07;2.1883231855048134e-07;2.3209325694108162e-07;2.850200653889346e-07;3.437214635388272e-07;4.176609333545361e-07;4.606647352403795e-07;4.757329430339797e-07;4.7506551022978484e-07;4.5575494639381445e-07;4.138303007672865e-07;3.58583292743634e-07;3.1469126350283e-07;3.8438673577298493e-07;8.624281126572799e-07;2.3844600619912247e-06;6.190471085372067e-06;1.3946002077415136e-05;2.746736805797575e-05;4.8594825409994425e-05;7.780516790343662e-05;0.0001146636354863;0.0001575895326694;0.0002043415464786;0.0002517948666582;0.0002957113322676;0.0003315064511698;0.0003560149511911;0.0003675914631369;0.0003663007132035;0.0003531752000391;0.0003304685298713;0.0003011650552462;0.0002687875803263;0.0002360908190049;0.0002045234328733;0.0001752365029144;0.0001493887596375;0.0001276026300628;0.0001102035844105;9.693842276281706e-05;8.717565802428661e-05;8.014263677184865e-05;7.499794777021653e-05;7.104515257990056e-05;6.791801790669372e-05;6.555554803619147e-05;6.384097044652908e-05;6.263292572762415e-05;6.174896934843537e-05;6.089798471610976e-05;5.961225463484927e-05;5.799222754882307e-05;5.62085200083211e-05;5.453007318980081e-05;5.314602338611927e-05;5.211299994760408e-05;5.132843911907085e-05;5.063166551944908e-05;4.982320239676184e-05;4.894510100771232e-05;4.779380487704291e-05;4.632294393398787e-05;4.463856510628434e-05;4.297093362099118e-05;4.1613084380336265e-05;4.0739522935705966e-05;4.0319509395803646e-05;4.016234686971371e-05;4.009406136441236e-05;4.00574412948662e-05;4.007185932339333e-05;3.9734171559894826e-05;3.919041803099302e-05
218.57764034769207;1.2868392231434766e-07;2.082574960691785e-07;2.912485518787447e-07;3.549493886856842e-07;3.916845242402806e-07;3.954781653519463e-07;3.640350901974139e-07;3.045137431817436e-07;2.3468485609435507e-07;1.766854234006137e-07;1.357422938930015e-07;1.0974260015138907e-07;9.71883995255522e-08;9.573332584182904e-08;1.008043177033416e-07;1.0995470667644849e-07;1.2753051558970494e-07;1.6473467873196084e-07;2.236782323849793e-07;2.8421862387930016e-07;3.272258729910791e-07;3.471681993747216e-07;3.412964814852888e-07;3.0932023494873764e-07;2.5673593259249586e-07;2.0317528984075985e-07;1.7600872918153318e-07;1.9254134347067054e-07;2.3067505146479683e-07;2.630389761988976e-07;2.8336958873506294e-07;2.897953243229237e-07;2.808127128343188e-07;2.6567894333301885e-07;2.6312687048687065e-07;2.7851174846592044e-07;2.919203255318625e-07;2.974793636924448e-07;2.848874674812099e-07;2.926543201791782e-07;5.920894996331676e-07;1.8386141575348637e-06;5.434354972162611e-06;1.3411441623117904e-05;2.7801771144476383e-05;5.035411510958284e-05;8.163691044238945e-05;0.0001212361644656;0.0001673579630853;0.0002173455514374;0.0002674240817727;0.0003127051450849;0.0003485872700094;0.0003722882981534;0.0003824352150447;0.0003794263376976;0.0003645459164942;0.0003402492722889;0.0003097873371183;0.0002766909012132;0.0002434094704541;0.0002111898137205;0.0001813900878537;0.0001552258853727;0.000133220245159;0.0001154842702516;0.0001016639187332;9.109594472749312e-05;8.306518261402514e-05;7.685112183441245e-05;7.20585488823519e-05;6.837799367059332e-05;6.561287290837634e-05;6.379713451454074e-05;6.266114923286889e-05;6.18145258286468e-05;6.084568399373823e-05;5.945993591040936e-05;5.764871726146704e-05;5.53574277684324e-05;5.333825044875e-05;5.165739285239727e-05;5.035134675450951e-05;4.938017135458347e-05;4.872196490818093e-05;4.806903068242278e-05;4.717908018984214e-05;4.612278477115201e-05;4.4841901112336455e-05;4.3412312446162825e-05;4.19387292929668e-05;4.092142226721966e-05;4.031789834691822e-05;4.015087793441393e-05;4.0322189294818384e-05;4.069517812209155e-05;4.121498893285852e-05;4.157937279761903e-05;4.160649226526751e-05;4.11435519914605e-05
220.69169912037611;2.2218612930898573e-07;2.8107826445964124e-07;3.508848742969452e-07;4.185912475984823e-07;4.673788234462942e-07;4.958304000607326e-07;4.964177036082267e-07;4.630097600174837e-07;3.964232110018514e-07;3.131645671117696e-07;2.392571982208603e-07;1.8890766421090237e-07;1.6422603485539784e-07;1.6298648682724532e-07;1.74450600719091e-07;1.8678110296427928e-07;1.955208736756237e-07;2.0697308899405305e-07;2.376150954708841e-07;2.706644850253549e-07;3.06608844461172e-07;3.3451416405464735e-07;3.3534968114323973e-07;3.274615134060121e-07;3.026580917918557e-07;2.6113735186542324e-07;2.108817892260653e-07;1.687379631384696e-07;1.5665883988393216e-07;1.5254516862900026e-07;1.636397572880451e-07;1.841117655310033e-07;2.1943477941660826e-07;2.486467110139663e-07;2.637610035049296e-07;2.671255299029685e-07;2.5774649820213805e-07;2.440173649468165e-07;2.323258538320664e-07;2.435507854723788e-07;5.064630543280142e-07;1.6496666665287015e-06;5.2545810774115084e-06;1.3486894538728143e-05;2.838612155858161e-05;5.165583814521441e-05;8.404866855727888e-05;0.0001253626180486;0.0001738306096474;0.0002261070326162;0.000277647326785;0.0003238512741902;0.0003607409204607;0.0003852717103487;0.0003957953334919;0.0003927184550546;0.0003774566446277;0.0003525694873981;0.0003211055781437;0.0002861396537366;0.0002504876657784;0.0002163110884255;0.0001852242211529;0.0001583168549959;0.0001360311320288;0.0001183094954356;0.0001045699065323;9.395757032710296e-05;8.563446091373902e-05;7.890158953465765e-05;7.349118516071843e-05;6.922843849703505e-05;6.611299527168738e-05;6.398346687268777e-05;6.250473569704487e-05;6.123231524756685e-05;5.97732181942937e-05;5.7899830819819554e-05;5.564626185216738e-05;5.324145645712038e-05;5.0951294937326624e-05;4.903970713330932e-05;4.7670666579519205e-05;4.686993814492934e-05;4.654519489382098e-05;4.650210821606108e-05;4.630199401556485e-05;4.583903394141096e-05;4.4989357949363074e-05;4.388955829479018e-05;4.28145773686666e-05;4.205112633847036e-05;4.170465339769202e-05;4.1738639458636215e-05;4.1965210930687497e-05;4.221333113436484e-05;4.242772034939626e-05;4.226577284228213e-05;4.188951574214041e-05;4.133109887092475e-05
222.8050953571292;3.018788255679868e-07;3.003770148318577e-07;3.0632304549329604e-07;3.19018407101724e-07;3.4161178343473416e-07;3.596575765292656e-07;3.617200192440668e-07;3.421285139623669e-07;2.965827575905316e-07;2.344100318446713e-07;1.768131910445809e-07;1.3779029430119922e-07;1.183818301997952e-07;1.1546589581075913e-07;1.1771218187201667e-07;1.1946702217093016e-07;1.1853050224575341e-07;1.1320015029291365e-07;1.112346379430586e-07;1.262498134969589e-07;1.5826696632337664e-07;1.937345482096901e-07;2.217456308063785e-07;2.3530799469241842e-07;2.2924420633632297e-07;2.028251865040316e-07;1.589451045860739e-07;1.1062445584633885e-07;7.79981267642818e-08;7.897270475494118e-08;1.1787174316939619e-07;1.7479189167580658e-07;2.2712046390080146e-07;2.5924744434755285e-07;2.679704090847223e-07;2.5730158708925546e-07;2.318135844712134e-07;2.0401884142918485e-07;2.0499236352986885e-07;2.703458362970529e-07;5.656744210432567e-07;1.7934049009374129e-06;5.723111828544022e-06;1.4360877401458174e-05;2.9718437028531527e-05;5.330530261034024e-05;8.607089421583836e-05;0.0001280434937289;0.0001775250286924;0.0002305899311256;0.0002824236227595;0.00032898840053;0.0003666200210164;0.0003919957860028;0.0004032273797205;0.0004006866676609;0.0003858441346855;0.0003612304825095;0.0003294688074982;0.0002931859372114;0.0002558392309395;0.000220468758515;0.0001886965897451;0.0001614270388658;0.0001390108267502;0.0001212770870549;0.0001075244706606;9.681207549805272e-05;8.827516273680886e-05;8.130451345311453e-05;7.577835517176322e-05;7.14878820624198e-05;6.84293790370061e-05;6.623896095599605e-05;6.467980147761615e-05;6.331876546780801e-05;6.15950914758062e-05;5.959524024214064e-05;5.734159605659504e-05;5.494947824061615e-05;5.2577298173207365e-05;5.019254254649011e-05;4.84978412493775e-05;4.766101632616938e-05;4.757781229112752e-05;4.791981220644735e-05;4.815697255193515e-05;4.7913528090823214e-05;4.717473400855537e-05;4.601809462748127e-05;4.452184077052014e-05;4.334932114155434e-05;4.257840490309803e-05;4.209621079005559e-05;4.193261475547047e-05;4.191233805859623e-05;4.18773530499357e-05;4.184238509324477e-05;4.149209996983434e-05;4.133898603628186e-05
224.91782900866747;2.186699108264033e-07;2.0861129739282877e-07;2.0512698699002517e-07;2.0556742634167346e-07;2.0174098793039649e-07;1.9622534988646354e-07;1.893213483686979e-07;1.775648575126971e-07;1.5416957827799964e-07;1.2104734425059373e-07;8.925115253773556e-08;6.879694668875411e-08;5.854624052014758e-08;5.573312398647341e-08;5.4750293125733996e-08;5.1661666755659985e-08;4.7205706057486616e-08;4.450764093373293e-08;4.759640296250656e-08;6.655576547526612e-08;1.0015339873484176e-07;1.3416285831087753e-07;1.5980846205230728e-07;1.7062261420584638e-07;1.64945944563831e-07;1.443497726961397e-07;1.1102071796078549e-07;8.071249068033652e-08;7.074990975570691e-08;9.092178197417964e-08;1.4147000091060198e-07;2.020642402330226e-07;2.478334759415767e-07;2.6983786541729605e-07;2.696902352585135e-07;2.510369204106865e-07;2.282302997121618e-07;2.1613048682584035e-07;2.3039795415984453e-07;3.292724010855768e-07;6.823000919844297e-07;2.164619707258344e-06;6.76650012725788e-06;1.636328687348604e-05;3.260629630206872e-05;5.707595286879578e-05;9.046029369632896e-05;0.0001328932307351;0.0001824922249973;0.0002353419498662;0.0002868298721511;0.0003333562153415;0.0003713935322072;0.0003974908277905;0.0004095026663335;0.0004076692418987;0.0003933976139974;0.0003692218452942;0.0003375609858567;0.0003006109891526;0.0002621261931594;0.0002258112872179;0.0001934342656276;0.0001657928257302;0.0001431541080093;0.0001253123983061;0.0001115730119963;0.0001010097705267;9.254109668235828e-05;8.548112615311331e-05;7.98875112975872e-05;7.555469932800847e-05;7.229485751873887e-05;6.996358699050791e-05;6.832365112211558e-05;6.698276281314516e-05;6.561503129856098e-05;6.425116725599254e-05;6.26155730514487e-05;6.06493740573638e-05;5.837524199729889e-05;5.595266530588236e-05;5.366074288756503e-05;5.174001315473346e-05;5.021409056329047e-05;4.927423239068533e-05;4.849646804064085e-05;4.777123685748537e-05;4.694092235046687e-05;4.591333094209077e-05;4.469746499392818e-05;4.341109022618691e-05;4.22214219873354e-05;4.1328157301160224e-05;4.086007626271455e-05;4.0781904137570654e-05;4.097269221828348e-05;4.129046455037716e-05;4.162421892810899e-05;4.196427062152625e-05
227.0299000259547;2.432762681240994e-07;2.2155702640693386e-07;2.0892630699111447e-07;1.9950676857817185e-07;1.6788899806258474e-07;1.246318143810053e-07;9.674824047825825e-08;8.289016683054847e-08;7.109975052315844e-08;5.7554035369754546e-08;4.5956550298529154e-08;3.9122513714996544e-08;3.5949789764898985e-08;3.648593233919673e-08;4.702608403478688e-08;7.043356349624015e-08;1.0529864102612409e-07;1.3936831066839025e-07;1.7264945632507082e-07;2.0643019036630305e-07;2.3488777900315999e-07;2.5212244650151576e-07;2.544523249859876e-07;2.408728354639803e-07;2.1765172143797677e-07;1.928532455911788e-07;1.629009227227061e-07;1.3394936863403226e-07;1.1818850068145268e-07;1.2485046571344606e-07;1.4642201017156334e-07;1.8391212407010972e-07;2.129748551667424e-07;2.3127336660210314e-07;2.3310261246190026e-07;2.203784271738339e-07;2.0544461032236378e-07;1.998924265824864e-07;2.0757179115518878e-07;3.146189737828762e-07;7.518824088706457e-07;2.518820881715671e-06;7.525350324946984e-06;1.7633045774565513e-05;3.453286676429146e-05;5.984455815277793e-05;9.451122070755936e-05;0.0001383975974051;0.0001893160991129;0.0002434190836503;0.0002961962768475;0.0003441753980096;0.0003836947980741;0.0004109536033814;0.0004234599492979;0.0004213456582332;0.0004054249224545;0.0003793624527152;0.0003461181977677;0.000308314311626;0.0002695586733076;0.0002333052009898;0.0002011030786374;0.000173263536983;0.00014982065689;0.0001309760437345;0.0001161951442736;0.0001045519320582;9.55723548898942e-05;8.857820188971604e-05;8.320911682173634e-05;7.902792206960214e-05;7.561131750652214e-05;7.272243697922078e-05;7.027461900548576e-05;6.824479213071919e-05;6.654253218220874e-05;6.510765259675119e-05;6.381148411797714e-05;6.249088440196031e-05;6.098131169169053e-05;5.943788512560021e-05;5.738959655963729e-05;5.488263879166065e-05;5.218049931523829e-05;4.958019719112253e-05;4.7538791899669006e-05;4.617296828109729e-05;4.5343494837264605e-05;4.488024559267463e-05;4.4657649440335815e-05;4.440711603203341e-05;4.380881427365807e-05;4.320712056309851e-05;4.252291425818413e-05;4.16589300251427e-05;4.11721063601024e-05;4.091410213437554e-05;4.086573192637504e-05;4.084791198575583e-05
229.1413083601983;3.495068839881281e-07;3.583881604760168e-07;3.415849988840737e-07;3.001348708331627e-07;2.368029124392995e-07;1.6152060859322137e-07;9.584638932783288e-08;5.147631015636526e-08;3.6629070106443314e-08;3.142239945553508e-08;2.9752021774365677e-08;3.008985939803089e-08;3.265457500055316e-08;4.2205015490390434e-08;6.876274181378826e-08;1.2861533312958186e-07;2.102813883575056e-07;2.8213348853904965e-07;3.362801419843675e-07;3.6772628097807924e-07;3.6569279180843773e-07;3.487268264125851e-07;3.135979618594077e-07;2.723829880162906e-07;2.3630653833216214e-07;2.1622845431980041e-07;1.9880468640436057e-07;1.7643999581487472e-07;1.5367173957824772e-07;1.3335880231801602e-07;1.1951859950216557e-07;1.1446818628575849e-07;1.2181911153943684e-07;1.3360702341518685e-07;1.3862175324602838e-07;1.362405182447631e-07;1.281681444590213e-07;1.191885756309189e-07;1.1895557979578709e-07;2.3284916630345007e-07;7.64205680461849e-07;2.6876622890909955e-06;7.617794169081649e-06;1.7512594299081028e-05;3.4216598475328606e-05;5.9767668159149366e-05;9.542491916333888e-05;0.0001411633220242;0.0001949716765227;0.0002529447968409;0.0003099413605399;0.0003615616794988;0.0004031701196176;0.0004307614605378;0.0004419288108889;0.0004370687265431;0.0004176210459235;0.000388268111331;0.0003526473457143;0.0003142799463327;0.0002763768024102;0.0002408720429268;0.0002087801817607;0.0001805304560458;0.0001562544778588;0.0001359085181909;0.0001193125170353;0.0001061315845591;9.626049796516407e-05;8.917564703028485e-05;8.419227979965325e-05;8.048272710412794e-05;7.720530361195909e-05;7.390221317676491e-05;7.052240998151999e-05;6.723503216788618e-05;6.425899807295465e-05;6.187076948219826e-05;6.024036315164365e-05;5.9403389329471264e-05;5.909362964170327e-05;5.877448718614553e-05;5.776462175050975e-05;5.57126524359711e-05;5.309536147075694e-05;5.013052081735784e-05;4.768921021901616e-05;4.6094932004716455e-05;4.541220510422364e-05;4.540618980953915e-05;4.573673021579565e-05;4.6042814255639576e-05;4.605384794690102e-05;4.563098592464592e-05;4.477437037035717e-05;4.368629878574897e-05;4.260705532277577e-05;4.172691962276773e-05;4.109777782744642e-05;4.062289493012219e-05
231.2520539628531;3.637926196111615e-07;4.84205106995027e-07;5.552617496791308e-07;5.622316002472292e-07;5.168209766234117e-07;4.2663323547108826e-07;3.053090018796999e-07;1.9265028863384172e-07;1.1488392469291461e-07;7.05125489847153e-08;5.268374111336398e-08;4.8948312814449174e-08;5.4277135606651135e-08;7.615743700098705e-08;1.1614789058470062e-07;1.703720211913709e-07;2.2191195698702453e-07;2.563379488628833e-07;2.6907358286481305e-07;2.624319388706197e-07;2.3667925990278626e-07;1.986710003138521e-07;1.6399316607355226e-07;1.383716171349103e-07;1.202273475736882e-07;1.1134557873117284e-07;1.0336656288299977e-07;9.186411927916237e-08;7.924435757473343e-08;6.845194408822228e-08;6.10122768461536e-08;5.22897008624637e-08;5.4746889314289777e-08;5.94659904379966e-08;6.163368872693768e-08;6.061064428341073e-08;5.8539596707239414e-08;6.240893461096874e-08;7.782442417950671e-08;2.0865657036321354e-07;8.030687431857858e-07;2.759181149360196e-06;7.527801042916968e-06;1.7026476619777834e-05;3.340819869578845e-05;5.8835523158433886e-05;9.440486461276852e-05;0.0001401550841083;0.0001943091990858;0.0002532676109518;0.0003124198263624;0.0003661743665255;0.0004089217667031;0.0004368053706041;0.0004478703673083;0.0004425233213039;0.0004241108742877;0.0003953215499633;0.0003595462235826;0.0003209332938359;0.0002824335651299;0.0002458192589674;0.0002120724362686;0.0001826366680358;0.0001577906409888;0.0001369957633546;0.0001200480654664;0.0001069809687219;9.715665831630424e-05;9.01042370178654e-05;8.513607420588019e-05;8.13618422202006e-05;7.809981564483099e-05;7.480782592998798e-05;7.12084851924554e-05;6.739130982463831e-05;6.399975897185972e-05;6.128692778472953e-05;5.932407973552496e-05;5.81259449393837e-05;5.7371425592855855e-05;5.6872326851597295e-05;5.591880612623139e-05;5.445239407250092e-05;5.261035830532028e-05;5.055253160588581e-05;4.899303078742513e-05;4.796032473377505e-05;4.7346554363043816e-05;4.692340055638019e-05;4.6579700236167054e-05;4.612088910684501e-05;4.574731106036859e-05;4.549163940446946e-05;4.509680473471745e-05;4.509569279034656e-05;4.505454088145037e-05;4.4953149954460336e-05;4.500718789292707e-05;4.496988159527005e-05
233.36213678563945;3.512523439763531e-07;4.738544780727832e-07;5.782738464227525e-07;6.320833444490958e-07;6.314808897946724e-07;5.739329758067409e-07;4.655991562625473e-07;3.360165547008207e-07;2.1842450997534694e-07;1.4046145044808426e-07;1.0868597321430613e-07;1.104831838988114e-07;1.3437240128887622e-07;1.7264986283689624e-07;2.1159111909949494e-07;2.344026425153913e-07;2.349438157149495e-07;2.133691419833137e-07;1.724764972429239e-07;1.2710549589927632e-07;9.18882520461818e-08;5.980399224671664e-08;4.5725373997120334e-08;3.982604182095462e-08;3.722900913131164e-08;3.3850566523296595e-08;3.009265289915356e-08;4.139444365675913e-08;8.782909850293105e-08;1.5642228373061673e-07;1.958368010499837e-07;2.164017574952779e-07;2.1625398687088926e-07;1.948097432040356e-07;1.5322096510549684e-07;1.0136751134050843e-07;6.727393785793873e-08;8.128062011504353e-08;1.6694400557401642e-07;3.8186092181388316e-07;9.903332858268429e-07;2.7570606113269206e-06;7.232030764064179e-06;1.6506646883306897e-05;3.28601739102708e-05;5.82830885322109e-05;9.38120717817043e-05;0.0001389521666243;0.0001914718282678;0.0002481592122547;0.0003046058121674;0.0003558187454038;0.0003977132481481;0.0004271650322045;0.0004417630865804;0.0004409913436048;0.0004271469194144;0.0004010097444575;0.0003656855746595;0.0003254125254818;0.0002841917963647;0.0002441431312912;0.0002081124611672;0.0001776894404075;0.000153205517035;0.0001337196702144;0.0001183832973836;0.0001064843081907;9.741458767799471e-05;9.074343942440208e-05;8.569550160553186e-05;8.148998404298831e-05;7.764664589756558e-05;7.394705150135302e-05;7.036676726833292e-05;6.698689692009001e-05;6.410760712013909e-05;6.193225764494032e-05;6.039002639862445e-05;5.89735818454477e-05;5.7372641656938526e-05;5.5466110208794646e-05;5.358379182837639e-05;5.202383362535214e-05;5.0811632595675264e-05;5.001974586450076e-05;4.9592820139589775e-05;4.9261504687514736e-05;4.871377747992887e-05;4.780671787491909e-05;4.66382110494104e-05;4.543335371247162e-05;4.451001285359233e-05;4.41074551994142e-05;4.424058001237299e-05;4.478309128215936e-05;4.551115532429583e-05;4.621165705915862e-05;4.672536765512044e-05;4.699275990258313e-05
235.47155678050692;3.535272443066013e-07;3.711585096785468e-07;3.739923674591514e-07;3.643529025608796e-07;3.536624666836344e-07;3.397471414695151e-07;3.1074007490686586e-07;2.63282659932449e-07;2.086482209656657e-07;1.6269792012602314e-07;1.4014848141078918e-07;1.4894236893568646e-07;1.886304991707726e-07;2.379473803034001e-07;2.7587607499446894e-07;2.907705437492392e-07;2.804008472834399e-07;2.435885123555389e-07;1.840262528156696e-07;1.1574613056113274e-07;6.687059357250775e-08;4.7657082773566095e-08;5.0293738798655385e-08;6.383406442902528e-08;8.20895901851259e-08;9.774360184483234e-08;1.1639676907957483e-07;1.685602680106225e-07;2.628648052457752e-07;3.52069278226504e-07;4.044457716141065e-07;4.150178542840271e-07;3.989785652369385e-07;3.521426745168336e-07;2.705629033231768e-07;1.689321680483796e-07;9.657531756028633e-08;1.0315989695336885e-07;2.22885170224032e-07;5.192553649947556e-07;1.1747658690208666e-06;2.744537677668736e-06;6.804268353769341e-06;1.6036611936330872e-05;3.280768801731142e-05;5.886602782737384e-05;9.464829168799976e-05;0.0001395098546299;0.0001912588550255;0.0002462983816287;0.0002999171913666;0.0003479720403319;0.0003875648665823;0.0004164560905366;0.0004323041621894;0.0004342940265691;0.0004216907004902;0.0003962238887461;0.0003614219368866;0.0003208028956298;0.0002781821709642;0.0002374614259537;0.0002015521850102;0.0001715001684138;0.0001475504812269;0.0001290408172724;0.0001149343819019;0.0001041518816923;9.594079885157872e-05;8.959303608677567e-05;8.44583574986703e-05;8.005760460701895e-05;7.606511831052183e-05;7.231035290080609e-05;6.883092470080841e-05;6.585812462913525e-05;6.344033087608708e-05;6.146323579052176e-05;5.996720544938646e-05;5.848112226868043e-05;5.674149349969771e-05;5.452140882491488e-05;5.233872017285294e-05;5.042345915353595e-05;4.9079895700905226e-05;4.860128874677098e-05;4.84963016202281e-05;4.855624576809407e-05;4.83643575655261e-05;4.764536473118736e-05;4.65341147444019e-05;4.508652701530119e-05;4.368196635492666e-05;4.251339171250499e-05;4.182396066714441e-05;4.164117243084183e-05;4.167334088130345e-05;4.1831607118955e-05;4.197644316868576e-05;4.203391838457262e-05
237.58031389965615;4.343476418748815e-07;3.612409656896777e-07;2.83537477429002e-07;2.146292311440156e-07;1.665586324388344e-07;1.4309960237638662e-07;1.3758851721733753e-07;1.3635651367990333e-07;1.2375265425435333e-07;1.0978563691341929e-07;1.0280827320922922e-07;1.088302922347158e-07;1.297683896012471e-07;1.5653727261067465e-07;1.785154515304303e-07;1.867708130844142e-07;1.784653680275423e-07;1.533116701510435e-07;1.1491529006878973e-07;7.081078498184914e-08;4.22546258334167e-08;3.7646466050999776e-08;5.4812087491479935e-08;1.0164617934095757e-07;1.7731759417721225e-07;2.475999619453695e-07;3.037325104067039e-07;3.577435096888993e-07;3.985465138069341e-07;4.012271192780213e-07;3.8560736478101604e-07;3.279399240403221e-07;2.662420970055884e-07;2.2090554759030534e-07;1.753362346836871e-07;1.2237132089441605e-07;8.359475226888705e-08;8.405279022818056e-08;1.4608852568915638e-07;3.51598207756275e-07;9.225889429984012e-07;2.376786221758018e-06;6.235501072853693e-06;1.5245257315144534e-05;3.202025027469719e-05;5.797662956749181e-05;9.345832807846062e-05;0.0001379761677554;0.0001894966751485;0.0002442166740314;0.0002972363273275;0.0003441177591087;0.0003818069706666;0.0004081699514542;0.0004212284966355;0.0004207260861126;0.0004064197975326;0.0003811066628828;0.0003481664965754;0.0003103098851313;0.0002700746138171;0.0002320122640288;0.0001978939494225;0.0001685779059664;0.0001442568118046;0.0001251639942538;0.0001107739219694;0.0001001975448327;9.235317064945244e-05;8.623327099249751e-05;8.146153766671433e-05;7.772928775444483e-05;7.466476442182169e-05;7.174016134917324e-05;6.893415162070797e-05;6.621957283015928e-05;6.367299471376926e-05;6.141422013506798e-05;5.9278276421411406e-05;5.737637731408887e-05;5.556093530591992e-05;5.381802286364809e-05;5.207992589679821e-05;5.050633301803232e-05;4.925716650418539e-05;4.843151903777938e-05;4.7997219831288265e-05;4.7765842675813095e-05;4.749925743917738e-05;4.693914907686768e-05;4.592970970440772e-05;4.45115129351257e-05;4.287461240585435e-05;4.126518138162117e-05;3.9924377435321786e-05;3.895269068021756e-05;3.832024900851131e-05;3.7975962174179945e-05;3.780189776715639e-05;3.7681454541351085e-05
239.6884080955424;4.241776498395844e-07;3.449894078974239e-07;2.7207819334548705e-07;2.0652917671377374e-07;1.5299273599053816e-07;1.1569038656815865e-07;9.107057433681749e-08;7.14375088870301e-08;5.6737964906938284e-08;5.18534148249497e-08;5.962218524568696e-08;8.038315796021689e-08;1.0636071166975397e-07;1.3164927504439597e-07;1.4918050397098784e-07;1.543593832986819e-07;1.3331284918562804e-07;1.0578494936619129e-07;7.404873724332088e-08;4.812633713172607e-08;3.39766735799971e-08;3.2337578180788475e-08;4.9537734725191617e-08;1.1307193324256545e-07;2.2226912140155207e-07;3.27762256242887e-07;4.013006213209957e-07;4.335578478639171e-07;4.216503451303555e-07;3.683020918551385e-07;2.825556444893506e-07;1.9843791581707482e-07;1.395701280419812e-07;1.2158420158274617e-07;1.1896778447442865e-07;1.148067363596512e-07;1.053633241511635e-07;9.618562846412669e-08;9.900237095926409e-08;1.6901185159700234e-07;5.111252323174316e-07;1.7687414543718135e-06;5.523278807807428e-06;1.4263381150155378e-05;3.0261034750598924e-05;5.5122158756665934e-05;8.958235358202523e-05;0.0001334055490108;0.0001845133628554;0.0002393164068407;0.0002921358032231;0.0003383817120711;0.0003749989030768;0.0003994403498107;0.0004098672760729;0.000406748203551;0.0003917429454133;0.000367630207559;0.0003368689002341;0.0003014886230275;0.0002641619328475;0.0002278582139401;0.0001944384921133;0.0001649473374913;0.0001401301664441;0.0001204733394744;0.000105710899099;9.49884123200002e-05;8.718112780047837e-05;8.132918418495482e-05;7.700988622533308e-05;7.372617533186503e-05;7.100458391794728e-05;6.871274249812416e-05;6.655846161623822e-05;6.438141844064126e-05;6.21309157670672e-05;5.990728520450127e-05;5.773955333966022e-05;5.585237471173516e-05;5.429101912488497e-05;5.302804041454861e-05;5.193308014854871e-05;5.092578762714316e-05;4.999334824479562e-05;4.912238248771291e-05;4.8214854710914406e-05;4.71748791803052e-05;4.6173451426010674e-05;4.5173893041260485e-05;4.405392627602909e-05;4.283123603534498e-05;4.158400298443301e-05;4.046181938224136e-05;3.970406910233777e-05;3.9045306565201206e-05;3.869176454972636e-05;3.839636373332527e-05;3.819542710165601e-05;3.8059645844663485e-05
241.7958393208573;1.8633280773910834e-07;1.5776010678226218e-07;1.2676197188554492e-07;9.67279661497587e-08;7.161976718773878e-08;5.379551360204233e-08;3.7842091725293655e-08;2.738498454185864e-08;3.0313769660261215e-08;4.423138736273029e-08;7.20483620611654e-08;1.1219391030862589e-07;1.5807720480886354e-07;1.989630705112174e-07;2.2418806163087578e-07;2.3211557465038186e-07;2.244168002038311e-07;2.0570659426813555e-07;1.767399351402611e-07;1.4332578974786966e-07;1.1329245409241526e-07;9.26881163480451e-08;8.83926335924029e-08;1.1627457674883933e-07;1.737186765894833e-07;2.2647011672778385e-07;2.64820713408956e-07;2.791138809940784e-07;2.67688739689788e-07;2.277074343931199e-07;1.743166739648483e-07;1.4675587091481845e-07;1.4625833954258678e-07;1.5822223757818814e-07;1.6476646628583148e-07;1.6185239344273418e-07;1.534941794028463e-07;1.5435945906023845e-07;1.809320528161669e-07;2.4988372285670936e-07;5.32750412588079e-07;1.6404638608033434e-06;5.078760324045172e-06;1.3398526866506445e-05;2.8369325202354644e-05;5.172336313768111e-05;8.423410301432847e-05;0.0001258422096607;0.0001747140998499;0.0002272603703113;0.0002779980556265;0.0003226363614762;0.0003581610878455;0.0003820215142609;0.0003927166837548;0.0003908744441491;0.0003779152970246;0.0003562118108812;0.0003276911269474;0.0002941152073343;0.0002582586831732;0.0002230436267707;0.0001901244948464;0.0001607144944021;0.0001358747579192;0.0001162076073891;0.0001014735717632;9.089940578539597e-05;8.336810566494341e-05;7.790270378686765e-05;7.389610557138285e-05;7.068455423681595e-05;6.797716218914386e-05;6.576510207201415e-05;6.388301289171437e-05;6.231789899128923e-05;6.0895316717557066e-05;5.925036048352332e-05;5.7454037348852e-05;5.552041904464051e-05;5.357000845323984e-05;5.199079134798295e-05;5.057652323583206e-05;4.948247549220529e-05;4.86535849579985e-05;4.796574865092926e-05;4.7331779615697545e-05;4.6627421808698016e-05;4.596806650704242e-05;4.538256085547992e-05;4.473341482454077e-05;4.395949314061564e-05;4.3041958121893656e-05;4.203266070596529e-05;4.105204725752228e-05;4.02224798612251e-05;3.961262860837238e-05;3.924334974509532e-05;3.907326009009052e-05;3.902205033250272e-05
243.90260752855104;8.166499145884008e-08;7.91061659562353e-08;7.151364540297662e-08;5.967647836793515e-08;4.473154011033902e-08;3.031080308161753e-08;2.055569248103855e-08;1.996752284385382e-08;3.6180666548440695e-08;6.969122484018863e-08;1.0913611544511876e-07;1.4549781889240278e-07;1.7323454399108325e-07;1.939350837071935e-07;2.1880929949010481e-07;2.412371294069943e-07;2.86561046147672e-07;3.206084387592775e-07;3.359889894298342e-07;3.2526985921802185e-07;2.8845184300755615e-07;2.3102632325634565e-07;1.6571690106118515e-07;1.1572399323793789e-07;9.306712506699547e-08;8.875811292998298e-08;8.978624288960703e-08;8.901266464708353e-08;8.45891386456906e-08;7.943750142853006e-08;8.100781698633314e-08;8.488390302401984e-08;9.13589718607025e-08;9.539238730696001e-08;9.661098165875109e-08;9.837334017442785e-08;1.1591982874815893e-07;1.753486472052237e-07;2.8080959445911144e-07;4.3339959665523787e-07;7.510999017413741e-07;1.6718847811852554e-06;4.58583149800827e-06;1.1964357461273509e-05;2.579353441953641e-05;4.753012687104296e-05;7.782298177776404e-05;0.0001164942013426;0.000161880510375;0.0002109239541157;0.0002588434948559;0.0003018170162628;0.0003370219931233;0.0003620118595617;0.0003745716943031;0.0003744428715813;0.000362846856148;0.0003423473414487;0.0003151384065214;0.0002831124894061;0.000248970300786;0.0002154337507352;0.0001840015880864;0.0001556275244661;0.0001315753088526;0.0001125551052676;9.831168663953217e-05;8.815459169960677e-05;8.109460312704219e-05;7.622539205279943e-05;7.281850633356887e-05;7.013575649981447e-05;6.770278982538655e-05;6.559194578285849e-05;6.402543893009938e-05;6.281355330692119e-05;6.165293014126856e-05;6.024675623076316e-05;5.8421712250729806e-05;5.613203802738565e-05;5.354605883003869e-05;5.09085107513714e-05;4.869527945377393e-05;4.7161918588528754e-05;4.630628842211275e-05;4.595876125270277e-05;4.610940117211312e-05;4.6593700655385645e-05;4.726507417367388e-05;4.785979599235182e-05;4.805836799776764e-05;4.764562279200435e-05;4.6561204717236805e-05;4.491437394625411e-05;4.301957893091626e-05;4.1170468634585647e-05;3.9509159020879287e-05;3.838651722836273e-05;3.771780249282973e-05;3.737688604922766e-05
246.0087126718172;1.6350090507181426e-07;1.665358108708911e-07;1.568717764685596e-07;1.3571247936976226e-07;1.048116579309956e-07;7.07529069127299e-08;4.4556989031212806e-08;3.6377630086661924e-08;5.3998102424323733e-08;9.41024806134991e-08;1.316226334502672e-07;1.579811696003956e-07;1.6733491449045525e-07;1.685277464872591e-07;1.890751614656705e-07;2.394103779878317e-07;2.989316852947184e-07;3.468811456733163e-07;3.747388906493352e-07;3.73203195971463e-07;3.354090851772371e-07;2.600325306997744e-07;1.6468278690544493e-07;9.00496151505801e-08;5.2209365834059984e-08;4.658028396866565e-08;4.6695145316824513e-08;4.993888395416343e-08;5.093199421749304e-08;5.132010143754443e-08;5.1395307025717826e-08;4.5372035255150814e-08;3.763708203189155e-08;3.0194264624618795e-08;2.4261193496945465e-08;2.7235071872837553e-08;5.368435859223515e-08;1.257736500629071e-07;2.558160582024074e-07;4.214526761383073e-07;7.141149233365481e-07;1.5765196434071305e-06;4.328994035376137e-06;1.113120890924936e-05;2.408466254124688e-05;4.4759653020271954e-05;7.367774395217508e-05;0.0001107035414577;0.0001543254049917;0.0002018093968851;0.0002490866202645;0.0002924272351421;0.0003283936233345;0.000353949724932;0.0003666754385584;0.0003661268736024;0.0003531338631183;0.0003300411486144;0.0003001075163116;0.0002672226365189;0.0002338104884167;0.0002022145797507;0.0001734831814323;0.0001481901949954;0.0001268261284824;0.000109505383038;9.614186657923082e-05;8.624077943878862e-05;7.910061223525487e-05;7.405596196873488e-05;7.066461376871094e-05;6.807733310326915e-05;6.58229501738986e-05;6.38912451662003e-05;6.227579826297702e-05;6.084203934981538e-05;5.9381187531683446e-05;5.7895366078675925e-05;5.628221200618324e-05;5.4348222895190303e-05;5.20767261887e-05;4.953720967115563e-05;4.736773310219993e-05;4.576666526834208e-05;4.489752518682022e-05;4.473353619433601e-05;4.509989837421669e-05;4.580649837345237e-05;4.643838746727288e-05;4.667350756586265e-05;4.642390584923044e-05;4.568948671175238e-05;4.456614736647454e-05;4.31391894407719e-05;4.148074165795714e-05;3.969887694299688e-05;3.795900529437248e-05;3.638883735984851e-05;3.510301733369707e-05;3.416648001932297e-05
248.11415470407883;2.3154316974226802e-07;2.432075583381081e-07;2.354655178059596e-07;2.1002074291283146e-07;1.6893500966425994e-07;1.0952993058294017e-07;6.246106520070336e-08;4.9423304037394846e-08;6.810547947655498e-08;1.0090985252640293e-07;1.360096860485243e-07;1.6087359749626557e-07;1.690701921219121e-07;1.6331141180738398e-07;1.5618906542304798e-07;1.693187847719924e-07;1.7695390691016354e-07;1.808861642661865e-07;1.8147272702367032e-07;1.766579116926882e-07;1.624568824715144e-07;1.4162892705867977e-07;1.1635020070879537e-07;9.704991227605408e-08;9.702516900938375e-08;1.0143275387712724e-07;1.0167433438214526e-07;9.488313527708833e-08;8.120242199291876e-08;6.429434286876257e-08;4.770910754414333e-08;3.477220941792577e-08;2.7442554886122548e-08;3.441509043250705e-08;6.674449227109397e-08;1.2170824954910554e-07;1.8812575740235377e-07;2.566495977174807e-07;3.4068006077601025e-07;4.114326297142482e-07;6.781259676239628e-07;1.849590862463859e-06;5.199382266880368e-06;1.2423979223528106e-05;2.523274198206658e-05;4.54444414929876e-05;7.390723262138627e-05;0.000110441410727;0.0001533133278416;0.0002000174231529;0.0002472361875032;0.0002913272533331;0.0003277125876699;0.0003527861244663;0.0003644846728884;0.0003626142341185;0.0003481378289619;0.0003235308963258;0.0002920200290478;0.0002576840346009;0.0002239854105781;0.0001931056374738;0.0001662108614024;0.0001434368827922;0.00012428962824;0.0001086346876355;9.610920854341828e-05;8.616603435228584e-05;7.858983453990561e-05;7.306819313456861e-05;6.914380869030027e-05;6.616229540639285e-05;6.377235971152215e-05;6.149630687902772e-05;5.925869036883264e-05;5.720012104695728e-05;5.544373753523992e-05;5.407495665497911e-05;5.292637475740651e-05;5.187359828973097e-05;5.041301555743015e-05;4.8673584318922295e-05;4.705760872236301e-05;4.572720969778662e-05;4.48982105273134e-05;4.453972739282318e-05;4.438011883398561e-05;4.42257216108723e-05;4.367118430307238e-05;4.269507255813284e-05;4.144534262948903e-05;4.0205840790023215e-05;3.923818152397057e-05;3.859807199590333e-05;3.81161618949964e-05;3.766285867052305e-05;3.695411760706359e-05;3.620491883410873e-05;3.541394018000113e-05;3.467797578242291e-05
250.21893357903537;4.0379424005749773e-07;4.219987235174399e-07;4.1496822103979554e-07;3.829050681934677e-07;3.281346738677392e-07;2.504645474229893e-07;1.6675635189501108e-07;1.0136968332804637e-07;8.287387188057921e-08;8.655129789424031e-08;9.454204847465417e-08;1.0438141997053187e-07;1.1377442573019638e-07;1.215016544443284e-07;1.243102047515662e-07;1.210295475911441e-07;1.1334894025054724e-07;1.0280346683019407e-07;9.077983913815612e-08;6.584513587231989e-08;6.136012265090569e-08;7.444447658686447e-08;1.0190845233692036e-07;1.3080166179523177e-07;1.506283842834592e-07;1.590166723254872e-07;1.5400792818349758e-07;1.3425079671159897e-07;1.073115944462496e-07;8.242514423798828e-08;7.282968842401272e-08;7.749507051034747e-08;8.574848856727643e-08;1.0933650610831218e-07;1.764644592194125e-07;2.752878669483693e-07;3.763165412723015e-07;4.567014956876138e-07;5.016178878357387e-07;5.153078549493005e-07;7.40535140188312e-07;1.853954970822768e-06;5.007938734102057e-06;1.1958861878123934e-05;2.4555879514801285e-05;4.4651822353014125e-05;7.317383552526527e-05;0.0001097029340586;0.0001520809549954;0.0001975925174492;0.0002429236790132;0.0002845804920172;0.0003187233759982;0.0003425402911667;0.0003542460942699;0.0003535325550521;0.0003415992828579;0.0003198197791614;0.0002906302638647;0.0002577862854742;0.000224665771618;0.0001935922122512;0.0001661519846991;0.0001430401358164;0.0001240181148137;0.0001086790107943;9.633134922066364e-05;8.646175396163466e-05;7.901237757172843e-05;7.372435164197043e-05;7.005516116394576e-05;6.739348730959079e-05;6.514015462372118e-05;6.282513216018928e-05;6.0241218870811965e-05;5.752879832488888e-05;5.490050703121938e-05;5.2974532446524e-05;5.172373483298581e-05;5.083242791390074e-05;5.0114958754797336e-05;4.948711457232162e-05;4.882914794944209e-05;4.803078000986561e-05;4.720954431707066e-05;4.635940685570517e-05;4.541483224132339e-05;4.4258138576350063e-05;4.2803634742002736e-05;4.1226806804253385e-05;3.968362107362799e-05;3.838856118471498e-05;3.7598677050694766e-05;3.737041273168272e-05;3.755271476873749e-05;3.791046582361444e-05;3.81991685506124e-05;3.8370223720216574e-05;3.840752667887854e-05;3.8314471882989016e-05
252.32304925059725;4.741440680139135e-07;5.072377294543173e-07;5.177700061546552e-07;4.979299245013075e-07;4.4710670942994827e-07;3.822628294916123e-07;2.9073087449353693e-07;1.9738600355726705e-07;1.2636179328447566e-07;8.17265535338528e-08;5.8333551132776223e-08;5.1710522097020383e-08;6.195901482050402e-08;8.603065419373675e-08;1.1571297254896093e-07;1.424631459992844e-07;1.591784681756851e-07;1.6223754923382705e-07;1.5206347167471708e-07;1.3010989729417024e-07;1.0447448291470965e-07;8.829146215070156e-08;8.995360818845373e-08;1.0285434225325209e-07;1.0778704095585157e-07;1.0534765229921167e-07;9.539087406604504e-08;8.267872858914437e-08;7.708176812154926e-08;8.44756053183087e-08;1.0351995828058225e-07;1.340064756778779e-07;1.5929382633968414e-07;1.802321790223136e-07;2.119442736353111e-07;2.476807662632602e-07;2.8356762058153384e-07;3.2206878475175445e-07;3.671182437675249e-07;4.0667140864769385e-07;5.30190529102758e-07;1.2092962294937078e-06;3.6017710721343217e-06;9.973455023398344e-06;2.247893842907272e-05;4.2853544710671294e-05;7.159297084580334e-05;0.0001083559516825;0.0001510058290201;0.0001963115831639;0.0002400471142159;0.0002786504495357;0.000309992900658;0.0003319897794794;0.0003428521000683;0.0003425180028543;0.0003317974574359;0.000312594611727;0.0002869605317259;0.000257184478322;0.0002258619293644;0.0001954850025257;0.0001679710388861;0.0001441765513612;0.0001244293749795;0.000108427208611;9.580189571435074e-05;8.619307293828941e-05;7.919333583894805e-05;7.429321964318056e-05;7.095339247996431e-05;6.870664524742071e-05;6.67837663861636e-05;6.477969651739722e-05;6.237773517696297e-05;5.9548341109423456e-05;5.656986534493611e-05;5.377735963226639e-05;5.162929549764036e-05;4.9980224892946746e-05;4.914509232667847e-05;4.88564667580698e-05;4.8655433804405295e-05;4.845103500210949e-05;4.809420279772301e-05;4.749466428912775e-05;4.660723183277887e-05;4.529069961974338e-05;4.380497330796323e-05;4.2230420495310433e-05;4.0751764502248864e-05;3.957886365480073e-05;3.87551446293782e-05;3.828775439717813e-05;3.825042533378365e-05;3.852091312383404e-05;3.9011116640446416e-05;3.934759912556943e-05;3.965973121608888e-05;3.983335404015352e-05
254.42650167294775;2.455282578710536e-07;2.880768482206298e-07;3.228483142147913e-07;3.373001270687945e-07;3.250197734729241e-07;2.915566855954805e-07;2.633808544681664e-07;2.700816057619969e-07;2.834695790353006e-07;2.96970983526817e-07;3.103544814201864e-07;3.068406561627689e-07;2.806838338990712e-07;2.2996208072779107e-07;1.7350334071467069e-07;1.396510637561281e-07;1.3034392855025306e-07;1.3703475692068714e-07;1.5659177744645809e-07;2.166626680328068e-07;2.704523369694352e-07;3.1575897337596944e-07;3.436583476236016e-07;3.414298499466504e-07;3.033613223263588e-07;2.3834698381758722e-07;1.6517522829397978e-07;1.0662369371287784e-07;8.001445636279979e-08;8.474853591393835e-08;1.0881508338095895e-07;1.4383148000592982e-07;1.7270438864254473e-07;1.883674817914084e-07;1.8846740982546586e-07;1.778792505070383e-07;1.6808367806758133e-07;1.823790811148149e-07;2.3984809522070544e-07;3.440427211984491e-07;5.113124571083061e-07;1.1623127912524025e-06;3.6757746691410144e-06;1.0404293508688485e-05;2.341473027993118e-05;4.4138228373978274e-05;7.313093747398676e-05;0.0001100720973682;0.000153091283833;0.0001986582422648;0.0002421152865924;0.0002803040345034;0.0003108719166537;0.0003314585821182;0.0003404205449722;0.0003380518708493;0.000325454228376;0.0003054626402742;0.0002805739916404;0.0002519337547353;0.0002224526189246;0.0001940571221953;0.0001677265934312;0.000144035343364;0.00012360165832;0.0001071244648208;9.459092053916638e-05;8.531837297409719e-05;7.864861543802065e-05;7.393570787088408e-05;7.043675926845592e-05;6.784518001888866e-05;6.55771677928449e-05;6.357059086282036e-05;6.168628586637012e-05;5.9684594041167554e-05;5.764685375245998e-05;5.545418097722762e-05;5.3046898067224285e-05;5.0830495516539e-05;4.900240559225191e-05;4.752029537124166e-05;4.672972154465891e-05;4.6424147086500126e-05;4.6389335233141925e-05;4.647047538831608e-05;4.640834682509542e-05;4.590423296922315e-05;4.502164394428292e-05;4.360954076442752e-05;4.1975103374025015e-05;4.044861619804432e-05;3.916362415561911e-05;3.834068681048522e-05;3.806332000998783e-05;3.824788197080416e-05;3.8763423318123313e-05;3.936295390273127e-05;3.984879225900837e-05;4.018979943594181e-05
256.52929080049944;4.4017625117651686e-08;6.20975473479134e-08;8.15873423952929e-08;9.693389863141175e-08;1.0358893806601101e-07;9.919561175043645e-08;1.369863203871974e-07;2.410508036743917e-07;3.719576881309658e-07;4.836140942235736e-07;5.479968707114027e-07;5.521029015476875e-07;4.90265202768722e-07;3.651449591905025e-07;2.2307080581847135e-07;1.2316081069521346e-07;7.703659394544323e-08;8.490059786350458e-08;1.471220445820666e-07;2.587164482397176e-07;3.963232869980388e-07;5.190561966040928e-07;5.956067599114798e-07;6.043045594827246e-07;5.399236764622723e-07;4.244445030944329e-07;2.9282549892468415e-07;1.818813352080606e-07;1.1252400338841972e-07;8.581222826435474e-08;9.861752696062716e-08;1.2814267978110862e-07;1.5779286045666533e-07;1.797667835504047e-07;1.899416987808615e-07;1.8928121989585573e-07;1.8497813704364229e-07;2.0309538384501668e-07;2.635819311338315e-07;3.9831435970534965e-07;7.132465892083743e-07;1.6786547495136312e-06;4.703151199360462e-06;1.1938572567666251e-05;2.525231043281447e-05;4.60407826159741e-05;7.47837600818026e-05;0.0001108814374868;0.000152459470645;0.0001964588581136;0.0002392342286828;0.0002778169111595;0.0003091094856231;0.0003302447411788;0.0003395383475779;0.0003371597854934;0.0003242784365007;0.0003032531557774;0.0002766124996198;0.0002470883264157;0.0002175243949265;0.0001894580114453;0.0001633144877214;0.0001400213199735;0.000120236242545;0.00010439190955;9.24190971004491e-05;8.379166860559106e-05;7.77151120185138e-05;7.328536972485231e-05;6.987860398383221e-05;6.673078330128804e-05;6.391347273813372e-05;6.162738614966053e-05;6.002785675088404e-05;5.884109244505194e-05;5.778506060828455e-05;5.661121508873833e-05;5.504987568535493e-05;5.314631231131279e-05;5.106227878913267e-05;4.910310035204394e-05;4.760215311669076e-05;4.674966935396168e-05;4.655635586871119e-05;4.684004612090933e-05;4.7234033445446976e-05;4.744981499892906e-05;4.683736457245784e-05;4.526149790942228e-05;4.294726039729127e-05;4.03812063474846e-05;3.8300380220512826e-05;3.70077926836174e-05;3.679661838609907e-05;3.737766423386259e-05;3.859336568195657e-05;3.978803209661109e-05;4.073134819572077e-05;4.1318191924643793e-05
258.6314165879194;1.3249127664058687e-08;2.2145443947226992e-08;3.3729512400704184e-08;4.261258514706844e-08;4.719900251509592e-08;5.087263324899117e-08;8.105836957620804e-08;1.3755312760241994e-07;1.9354063174264104e-07;2.4435020569297654e-07;2.760312470183465e-07;2.781545861083724e-07;2.471555767180541e-07;1.8448903412282292e-07;1.132247698472649e-07;5.982079166887755e-08;3.0573246470695584e-08;3.304172613949445e-08;7.132838076910032e-08;1.257958038782208e-07;1.9372198169239925e-07;2.5618508868551604e-07;2.958283215463983e-07;3.011775615092701e-07;2.699107060588334e-07;2.1311130577115209e-07;1.4848650493182208e-07;9.458156413652597e-08;6.128835845750535e-08;4.8110468142461514e-08;5.223088983145969e-08;6.518341540857487e-08;7.999377647396613e-08;9.578909044787933e-08;1.1391755441489988e-07;1.2962233437990186e-07;1.481180692905098e-07;1.733618436380351e-07;2.1844337018881485e-07;2.983892154538249e-07;5.831792542073639e-07;1.7824228391339869e-06;5.290334957415083e-06;1.303753159338806e-05;2.657593844723017e-05;4.715428891130813e-05;7.507388847783514e-05;0.0001097935233142;0.0001494410874026;0.0001916299391614;0.0002335921842109;0.0002720431684698;0.000303830057327;0.000326060398734;0.0003367553691574;0.0003356811375731;0.0003234832812873;0.000302618026438;0.0002754689320226;0.0002452207924436;0.0002147295949951;0.0001856616644582;0.0001591492682154;0.0001362036148341;0.0001173976399761;0.0001028518914487;9.209721230851472e-05;8.429440965079785e-05;7.856729326548095e-05;7.401701641769555e-05;6.995023509882836e-05;6.593121237606135e-05;6.243320552235135e-05;5.967110817675734e-05;5.776330196446497e-05;5.66351620687087e-05;5.59067685065304e-05;5.50004191311101e-05;5.3822372090497344e-05;5.232033832194038e-05;5.065363377534612e-05;4.909349070930072e-05;4.777338933330234e-05;4.713366606176216e-05;4.717340085264197e-05;4.759224174315368e-05;4.8012503957853015e-05;4.805972984534653e-05;4.711673892529076e-05;4.5128165776919744e-05;4.233302265361027e-05;3.936670761782889e-05;3.699340173060526e-05;3.570117186395185e-05;3.561878868609284e-05;3.655515372991141e-05;3.808596177681775e-05;3.966208012781061e-05;4.090345606053241e-05;4.163815560378935e-05
260.7328789901039;3.945696751713918e-07;3.9170111487484857e-07;3.8543142463877625e-07;3.6480460118405036e-07;3.301902810019181e-07;2.829821220389321e-07;2.23975205132161e-07;1.588371348240258e-07;9.731044279928655e-08;6.91753524020204e-08;7.28425410495254e-08;8.96045447658655e-08;9.996205686531693e-08;1.0331840537766553e-07;9.858216295404337e-08;8.569249215303076e-08;6.67009717022227e-08;4.651503954487392e-08;3.109541723552932e-08;2.4114894367834748e-08;2.2818750721133865e-08;2.2764850337047543e-08;2.224230830844806e-08;2.1956466161074923e-08;2.6516510919361244e-08;3.9114994987289336e-08;5.4149876358301725e-08;6.658579933811268e-08;7.487677068504727e-08;7.69815173134243e-08;7.14652319625575e-08;5.8549912690796175e-08;4.6330130280848134e-08;5.657108418594025e-08;9.609117937524897e-08;1.4744779501216833e-07;1.937360101324207e-07;2.3096331201184549e-07;2.5532488834852784e-07;2.7248111963320324e-07;4.76781748515462e-07;1.6151351836536717e-06;5.153286888582861e-06;1.266530882239999e-05;2.594112409103976e-05;4.618088737285042e-05;7.399593141133311e-05;0.0001087624321732;0.0001483823438649;0.000190173830493;0.0002313428449391;0.000268844902206;0.0002993906527075;0.0003204463028249;0.0003305093175211;0.0003296698513084;0.00031859499427;0.0002986746996791;0.0002722871588568;0.0002425045557818;0.0002120815589696;0.0001828703156985;0.0001564295590854;0.0001340422841682;0.0001162025333406;0.0001027175842045;9.284668083810737e-05;8.546625601958422e-05;7.963752105632898e-05;7.45671048848534e-05;6.968891775953201e-05;6.511747187792128e-05;6.114494666507953e-05;5.794296253027432e-05;5.558050942471456e-05;5.397262178709012e-05;5.279471368443791e-05;5.1732802565789067e-05;5.063970764898424e-05;4.946965137878305e-05;4.826032189115912e-05;4.715765359807805e-05;4.623064663661007e-05;4.571580309590522e-05;4.549492941761468e-05;4.536603246784258e-05;4.511006887241975e-05;4.4473678783473405e-05;4.326670711792867e-05;4.164237296518111e-05;3.963319135914642e-05;3.760916464940858e-05;3.601492952123465e-05;3.5409059672452464e-05;3.559563550918835e-05;3.637875364400198e-05;3.748912482811e-05;3.873115539996051e-05;3.962339712549628e-05;4.015100270924696e-05
262.83367796220773;7.934344872324957e-07;8.068654614564383e-07;8.014135569074454e-07;7.698439472203666e-07;7.060783649299803e-07;6.098170452863351e-07;4.766401815800257e-07;3.330560279266951e-07;2.2543898486159146e-07;1.62908037273519e-07;1.5436085518703826e-07;1.7791510932579737e-07;2.0375895812664294e-07;2.1830727701040286e-07;2.116853478890623e-07;1.8670635565609546e-07;1.4790020260515264e-07;1.0478927403245826e-07;6.979709800588616e-08;5.2341120191892896e-08;4.798758164974184e-08;4.684187340906327e-08;4.4875168981151135e-08;4.277353864345118e-08;5.091700913964873e-08;7.555175746537322e-08;1.0445959177259357e-07;1.2669982514018413e-07;1.3965643151605402e-07;1.4139935614543109e-07;1.3116650370992748e-07;1.0738729633283437e-07;8.395953933461712e-08;9.877666943309042e-08;1.593253987562916e-07;2.2704774269162686e-07;2.712682910171322e-07;2.9571042774134426e-07;2.9544735144749824e-07;3.005934127469017e-07;5.060950923583263e-07;1.4812015008696583e-06;4.448357976387474e-06;1.0904853266283265e-05;2.2796281416683905e-05;4.16322864953555e-05;6.79468035849433e-05;0.0001013761135337;0.0001400057947597;0.0001811242396344;0.0002216535619397;0.0002582529556433;0.0002876814041562;0.0003079501467286;0.0003177805467208;0.0003171675691646;0.0003067265000802;0.0002879753092308;0.0002632283804209;0.0002350432280108;0.0002057510100919;0.0001773542270924;0.0001517824900426;0.000130293041964;0.0001132400225352;0.0001001972758366;9.050054040399326e-05;8.341749924132647e-05;7.801971483583975e-05;7.344754113116782e-05;6.916432491865085e-05;6.561820872142297e-05;6.249750540959449e-05;5.979977889216661e-05;5.746247497504108e-05;5.535961796310374e-05;5.336484666597133e-05;5.147708333633084e-05;4.978243244904484e-05;4.842823579326438e-05;4.7381763960546936e-05;4.651732633599798e-05;4.570660419221202e-05;4.490666818622965e-05;4.413726076266279e-05;4.33838241159743e-05;4.263825719559905e-05;4.186476401077661e-05;4.104222008560152e-05;4.012383527514015e-05;3.910405533729793e-05;3.809663286717984e-05;3.7311446866625845e-05;3.6908488660192185e-05;3.691990003760178e-05;3.721809096581401e-05;3.761325947536949e-05;3.796768118958476e-05;3.819361203417235e-05;3.828643635358398e-05
264.9338134596219;5.489413561960247e-07;6.032337103416825e-07;6.58893014759131e-07;6.907953648078536e-07;6.81701464273468e-07;6.310176479213123e-07;5.459355101197887e-07;4.2462989640091563e-07;3.151659268403719e-07;2.399124512749883e-07;1.995596980494631e-07;1.931763938786543e-07;1.9678829588447738e-07;1.880040336789777e-07;1.7160407923513968e-07;1.4988138565668758e-07;1.2254095776631625e-07;9.308297436691843e-08;6.62393850202658e-08;4.998553004099852e-08;4.342999613211868e-08;4.0095589601920236e-08;3.709782874242481e-08;3.484420812414906e-08;3.7458424648090656e-08;4.7904761816790256e-08;6.055999129802558e-08;7.045413179057967e-08;7.72215497286295e-08;8.101184704816036e-08;7.957705613839756e-08;7.070944548594734e-08;6.057071127694073e-08;6.763175911027873e-08;9.504365560276948e-08;1.2275024739795446e-07;1.3810519409505562e-07;1.4155168956521593e-07;1.363338617908258e-07;1.5856963331494185e-07;3.777104442415429e-07;1.254363146690694e-06;3.760212455512757e-06;9.626404063161118e-06;2.0571968560904037e-05;3.784325955891771e-05;6.193818564357697e-05;9.27302774707593e-05;0.0001287672097385;0.0001678056325833;0.0002066267296653;0.0002419599444919;0.0002712987998214;0.0002927006092259;0.0003041814016928;0.0003049179064941;0.0002951557672233;0.0002768095354684;0.0002524913077862;0.0002247310102523;0.0001959819439844;0.0001688112516833;0.0001449504918568;0.0001249448937154;0.0001086794792323;9.59873820061412e-05;8.65197139962372e-05;7.965910916493724e-05;7.467351372233971e-05;7.09550874493458e-05;6.816265493198805e-05;6.597728748248269e-05;6.405298291363082e-05;6.218985579470357e-05;6.022980679514783e-05;5.799580075489158e-05;5.546820840259297e-05;5.280496493387298e-05;5.026360219341768e-05;4.822181538601231e-05;4.685293813036852e-05;4.60989863056435e-05;4.576247599522039e-05;4.5608207969730285e-05;4.537750992071719e-05;4.489440400866648e-05;4.408777642571834e-05;4.304636306740326e-05;4.194022445513194e-05;4.086814573291988e-05;3.995931958801217e-05;3.928201104354437e-05;3.875561659196323e-05;3.83351290361711e-05;3.803658633878092e-05;3.783781992306167e-05;3.745517528887189e-05;3.692754047068129e-05;3.630417569415408e-05;3.5880398275569034e-05
267.0332854379776;3.137655939476827e-07;3.080589087384722e-07;3.144989610873987e-07;3.171015679621753e-07;3.1567843767917264e-07;3.178481428784308e-07;3.2174623354372493e-07;3.1660954922435545e-07;2.988100245544779e-07;2.7029954527739855e-07;2.3304595304505495e-07;1.974491323010387e-07;1.5881803828363e-07;1.1912906464356953e-07;9.023189732479655e-08;7.562877975009729e-08;6.71560106279085e-08;5.749686333662819e-08;4.5787763317344063e-08;3.559031344711526e-08;2.86379761270924e-08;2.414959249041624e-08;2.261325574324645e-08;2.3714240175786253e-08;2.575599493758512e-08;2.6070375820680023e-08;2.6073694228320385e-08;2.5543064471584157e-08;2.300185751120626e-08;2.1108019467654397e-08;2.2735218080940524e-08;2.2648874689026888e-08;2.1440756715278423e-08;1.913636898477693e-08;1.8313170610120983e-08;2.0401411074354157e-08;2.7446699013022113e-08;5.9111599099643164e-08;8.653030566417213e-08;1.2636978039038214e-07;2.940490613669889e-07;1.068870429729698e-06;3.3971391324980343e-06;9.058661045509124e-06;1.9665569779345937e-05;3.634763727105068e-05;5.948969652177546e-05;8.888720550571434e-05;0.0001232353997143;0.0001603831350102;0.0001973298799281;0.0002313885387925;0.0002604308966347;0.0002822475713533;0.0002943105300965;0.0002954977749258;0.0002860065643863;0.0002678849472937;0.0002437318310804;0.0002162078753401;0.0001882412245036;0.0001626057639345;0.0001404038558785;0.0001216517476225;0.0001059563149979;9.315431655805348e-05;8.327588265117969e-05;7.58857376520726e-05;7.051500259744594e-05;6.681157036051501e-05;6.45770619219518e-05;6.282571741550403e-05;6.132206343813037e-05;5.989063646063564e-05;5.837430418160782e-05;5.656734435779536e-05;5.441781269706259e-05;5.200655987522331e-05;4.954511687825712e-05;4.7410195266551424e-05;4.582389987389262e-05;4.501784427562614e-05;4.480123433399196e-05;4.48953441971292e-05;4.4962935089223806e-05;4.471192300015756e-05;4.399287481869946e-05;4.306309195386488e-05;4.177497384781276e-05;4.04577833259844e-05;3.942904643070639e-05;3.877652096924392e-05;3.837599193624586e-05;3.800890801909361e-05;3.750321636464886e-05;3.680489837073705e-05;3.597086284441137e-05;3.508071219500312e-05;3.422788041490955e-05;3.350169650606343e-05
269.1320938531572;4.831694106818701e-07;3.823013750307811e-07;2.79283888566986e-07;1.891264598873508e-07;1.3052962436116516e-07;1.1885521203049854e-07;1.463048966932451e-07;1.8890122881489184e-07;2.1905381094153945e-07;2.2711070254311298e-07;2.143349928155849e-07;1.787716477211589e-07;1.3240656019935616e-07;9.220310487400305e-08;6.813404345330018e-08;6.031846391319347e-08;6.208416157068252e-08;7.037640392994818e-08;9.3943140453429e-08;1.367703956386817e-07;1.7940179748124445e-07;2.045249874606573e-07;2.096950621750857e-07;1.9606730035660122e-07;1.6416531015912816e-07;1.2076118460607228e-07;8.070344446590269e-08;5.8905652995468576e-08;5.00824009568389e-08;4.294903134642586e-08;3.9597090773869864e-08;5.1092046825120754e-08;7.812159848353503e-08;1.1434128740938049e-07;1.525583902083791e-07;1.87645328912196e-07;2.232473638621273e-07;2.624134892179497e-07;2.901815057961715e-07;3.230139059755274e-07;5.20120480420955e-07;1.3196187668013145e-06;3.5670665451370827e-06;8.88397849327921e-06;1.8894840758711684e-05;3.489466193493176e-05;5.717487079855111e-05;8.567196869002984e-05;0.0001192232349555;0.0001558043390575;0.0001921559884417;0.0002252330243573;0.0002527739860547;0.0002729064759614;0.0002834459522309;0.0002836266024653;0.0002739151995628;0.0002564860821661;0.0002338798029426;0.0002085410466174;0.0001829317439051;0.0001593099148279;0.0001385637657166;0.0001206299545952;0.0001051428284715;9.216180603143204e-05;8.175844119270682e-05;7.373580593151946e-05;6.771791431108449e-05;6.337595780974347e-05;6.049470879390949e-05;5.8679048745842295e-05;5.73961712439004e-05;5.625528816961007e-05;5.493915592423034e-05;5.33310628207018e-05;5.14169879133878e-05;4.944206398863903e-05;4.741732964414484e-05;4.568382954118898e-05;4.440577004571772e-05;4.364770174585814e-05;4.337084511644896e-05;4.311311989504487e-05;4.288122238068967e-05;4.254588789064171e-05;4.201488415975859e-05;4.126588880235101e-05;4.034113663492156e-05;3.928133960065952e-05;3.8272039547909166e-05;3.7388125131252936e-05;3.665527570142845e-05;3.6002716763929295e-05;3.531037878160863e-05;3.458976822342604e-05;3.3968692699339726e-05;3.351863417380096e-05;3.3204379912805766e-05;3.270222140168342e-05
271.2302386612828;6.217764117272483e-07;5.369610817740523e-07;4.342382919775486e-07;3.245621537509271e-07;2.260524243953669e-07;1.724462969442619e-07;1.816676345124104e-07;2.2673072510439602e-07;2.744464839458284e-07;3.099591766013223e-07;3.1439750298395773e-07;2.795847253240232e-07;2.138385401700113e-07;1.406665062001309e-07;9.131246475742685e-08;6.779384463960413e-08;6.810202771072543e-08;9.269286780365209e-08;1.5232119253983454e-07;2.498723565849317e-07;3.409439948321626e-07;3.942048206185034e-07;4.021503047867509e-07;3.682846220747662e-07;2.958655989452849e-07;2.013236966728932e-07;1.1462738096710793e-07;6.97823654260576e-08;7.057300720871734e-08;1.09353123506707e-07;1.679262577995365e-07;2.467595571395349e-07;3.356157926992123e-07;4.1619542581184985e-07;4.654585200721788e-07;4.687066567855399e-07;4.4340032633170507e-07;4.108432144600324e-07;3.999077876757725e-07;4.427554782220038e-07;7.881044087899614e-07;1.7873554303060118e-06;4.068436052999409e-06;9.212015933040624e-06;1.8855119156858007e-05;3.414490531637435e-05;5.5666903959543983e-05;8.334811051317618e-05;0.0001160437496673;0.000151833050783;0.0001871899183106;0.0002187464120107;0.000244110232535;0.0002618253822299;0.0002703745173051;0.0002695197889572;0.000260081995286;0.0002442282144515;0.0002240508137664;0.000201404880339;0.0001781887316901;0.000156395200974;0.0001368492771609;0.0001195633496935;0.0001045229335248;9.19859137520765e-05;8.178195123632815e-05;7.366862024645786e-05;6.734576509256088e-05;6.264625771242458e-05;5.943207899285613e-05;5.73267186103032e-05;5.58274213900558e-05;5.4497428191533246e-05;5.299938111663429e-05;5.1119561487556567e-05;4.895936386010028e-05;4.68653728768124e-05;4.523170818325491e-05;4.426319473094963e-05;4.381177398082381e-05;4.37762704219942e-05;4.3899855364254105e-05;4.38387683254494e-05;4.338963559833989e-05;4.246044813944247e-05;4.121723917513537e-05;3.9674522405783806e-05;3.823759389501983e-05;3.700824476820636e-05;3.595404165115952e-05;3.503195643510608e-05;3.4217760311722626e-05;3.35036784318156e-05;3.293466738488698e-05;3.256873609583192e-05;3.244394585332461e-05;3.249241158995191e-05;3.2610123978944754e-05;3.275082000267029e-05
273.3277198187134;4.061432166721383e-07;4.1336239341856354e-07;3.872906946277344e-07;3.292858441719722e-07;2.504852304573044e-07;1.9559220944324889e-07;2.0745796909967267e-07;2.877229741067614e-07;3.9261953817161787e-07;4.682570183354203e-07;4.896745459348739e-07;4.4991672181509765e-07;3.546956785605349e-07;2.3900539064235535e-07;1.4331665848241733e-07;8.459312699400743e-08;6.58140361054608e-08;7.23504016657353e-08;1.013311876945616e-07;1.506660077453553e-07;1.969952844375397e-07;2.221871184086634e-07;2.226038730813262e-07;1.999724843060752e-07;1.585350208492572e-07;1.0652728475691113e-07;5.9463160144514256e-08;3.7145030461822807e-08;5.899000402843101e-08;1.451550915241542e-07;2.65896716599687e-07;3.808363005047026e-07;4.68588188153487e-07;5.129997778477043e-07;5.006726384012067e-07;4.280319252074437e-07;3.313016563231849e-07;2.768019185329828e-07;2.851835902906839e-07;3.937229045023585e-07;7.579184200995527e-07;1.8258974864647595e-06;4.237057744482754e-06;9.461106541791257e-06;1.898669222111388e-05;3.401038596871906e-05;5.4976398338692594e-05;8.1677087281084e-05;0.000112808128307;0.0001463577397869;0.0001790942245759;0.00020822565231;0.0002314952867901;0.0002473967603977;0.0002547368839499;0.0002536554100937;0.0002452434133943;0.000231470644459;0.0002140112450614;0.0001943600264467;0.0001738497367358;0.0001538108278105;0.0001350877703291;0.0001181421601846;0.0001032764664066;9.061314207646136e-05;8.017462395788965e-05;7.196653730621023e-05;6.598388778494306e-05;6.18384764139768e-05;5.904976934306553e-05;5.700263757181158e-05;5.526671402067081e-05;5.3578987145706405e-05;5.177167240089032e-05;4.982624268719727e-05;4.794222969697746e-05;4.621763016551556e-05;4.497211689065529e-05;4.429905220072164e-05;4.4174929588304825e-05;4.436141536725917e-05;4.453138681070132e-05;4.4445022030313255e-05;4.380411560577827e-05;4.255450926280106e-05;4.086699872757824e-05;3.899547077016503e-05;3.7188846005131086e-05;3.567841209629138e-05;3.462234726514777e-05;3.396722559536862e-05;3.3573792023579126e-05;3.3306888445642585e-05;3.3147600937943687e-05;3.314663107541325e-05;3.3297580689449125e-05;3.356588908230926e-05;3.390908240494253e-05;3.4350883248060846e-05
275.4245372820478;9.610189151847175e-08;1.240781511038399e-07;1.4136718613546014e-07;1.555645845911306e-07;1.5582348056462e-07;1.4917494232252477e-07;1.7047446650715737e-07;2.266158860019925e-07;2.965390127452587e-07;3.4813557426305225e-07;3.633527096043247e-07;3.434085021900497e-07;2.876676740995866e-07;2.07441121559719e-07;1.300975601286436e-07;7.138138587803016e-08;4.2793085426274726e-08;3.36007516849075e-08;3.3358037356425464e-08;3.946643654428873e-08;4.564796258472888e-08;4.906684277299745e-08;4.997797951548149e-08;4.5084328451285814e-08;3.340100005413948e-08;2.2655977212869935e-08;1.549953323022023e-08;1.419961079635879e-08;2.9596358034970097e-08;7.56380895363341e-08;1.3756514510700326e-07;1.8960732920923825e-07;2.1891115743187161e-07;2.205286824628958e-07;1.9561959102030528e-07;1.5123045540570564e-07;1.1170670523510537e-07;1.0900575092667397e-07;1.487577562403336e-07;2.72547104454956e-07;5.790615320474079e-07;1.5762823719661448e-06;4.163445223606882e-06;9.4675220849186e-06;1.860278229416013e-05;3.2589656469139745e-05;5.186687471836364e-05;7.631980227074211e-05;0.0001048902495295;0.000135872933849;0.0001672953520005;0.0001961167006338;0.000219298327861;0.0002349421669773;0.0002418995249543;0.0002404536563569;0.0002318543847727;0.0002188636964269;0.0002028641459779;0.0001853102189904;0.0001675734008718;0.0001495644559984;0.0001318018019157;0.0001149529298517;9.972091184297232e-05;8.662397600116178e-05;7.597051627580411e-05;6.793192154347561e-05;6.234119863535422e-05;5.8765750580786906e-05;5.645029429865946e-05;5.468072101354075e-05;5.311021716125759e-05;5.156740470640382e-05;5.009534586906178e-05;4.874918318993664e-05;4.7523436326973696e-05;4.642100896392927e-05;4.543998850968933e-05;4.460671731339404e-05;4.411053934808102e-05;4.3755738132338594e-05;4.360795366084958e-05;4.346685698851483e-05;4.303606592801943e-05;4.220722640148737e-05;4.096778340203025e-05;3.9346498840139605e-05;3.766378027424056e-05;3.628008352740323e-05;3.5382665231248296e-05;3.4929526894230574e-05;3.46504313677913e-05;3.4500878757109816e-05;3.4430428197368846e-05;3.4485759234855344e-05;3.4627299157307114e-05;3.4868889303137016e-05;3.5202063419880065e-05;3.551915569958334e-05
277.5206910081397;9.067924117969076e-08;1.085895749863105e-07;1.2725037018979242e-07;1.515563949538481e-07;1.7298216437892984e-07;1.7900238786104169e-07;1.692371261149303e-07;1.5465611150579112e-07;1.4949804913955688e-07;1.430252349975951e-07;1.3324154609330236e-07;1.2595965255651878e-07;1.1674288662282089e-07;9.710648537264024e-08;6.757670928070435e-08;3.9160644567704624e-08;2.1648154225233835e-08;1.6786891542995052e-08;2.0731787633991123e-08;3.4518212943163405e-08;5.1843294468483445e-08;6.404467265162368e-08;6.830421489767912e-08;6.442612053838357e-08;5.25211164226476e-08;3.4825804039639674e-08;2.0182771544308453e-08;1.5501162045322046e-08;1.8215467238974072e-08;2.4112692208587346e-08;3.119361122511278e-08;3.7042198661841414e-08;3.9054955142936985e-08;3.718127450932766e-08;3.3987567075175674e-08;4.0826232875024e-08;6.249991686523653e-08;9.493858769122179e-08;1.331105837947567e-07;2.228930730451673e-07;5.048944112596636e-07;1.377082957867456e-06;3.6639806751250126e-06;8.423764615692283e-06;1.6651933786710912e-05;2.9257125370582796e-05;4.66588021116874e-05;6.903672888791633e-05;9.5810936802519e-05;0.0001255825560552;0.0001563665501202;0.0001852549949544;0.0002089970727938;0.0002253206519496;0.0002329930550062;0.0002324602656972;0.0002250860507996;0.0002125507148275;0.0001966195577322;0.0001790056602305;0.0001607802989539;0.0001424743136892;0.0001245462548724;0.0001081896973932;9.374197762309003e-05;8.169522230203218e-05;7.223461141906329e-05;6.522334382048827e-05;6.014723019463792e-05;5.675922284501854e-05;5.450418810694183e-05;5.282687320808922e-05;5.139840110362873e-05;5.014356842692968e-05;4.904210029114964e-05;4.809105198790284e-05;4.7225973158719776e-05;4.636420328830102e-05;4.536499286511519e-05;4.430904164321448e-05;4.33873012754461e-05;4.27798785517346e-05;4.26158896495155e-05;4.269195488319239e-05;4.26922081067216e-05;4.226842147197007e-05;4.123879707782126e-05;3.976370945786724e-05;3.820714277564494e-05;3.686371778744725e-05;3.5983411840449945e-05;3.550539894808132e-05;3.524031784940276e-05;3.496825676558735e-05;3.4564631669152074e-05;3.4028170036747e-05;3.3345555084606026e-05;3.291501732098085e-05;3.264332563174652e-05;3.249978111901804e-05
279.6161809540681;2.172640221199305e-07;2.329317046964724e-07;2.3631818387808093e-07;2.2658449421632526e-07;2.073607630665941e-07;1.8166281669769445e-07;1.4232663963752402e-07;1.0110003711562439e-07;7.530732033585401e-08;6.36680181665341e-08;5.7029764479667836e-08;5.278330531079916e-08;5.195320836196392e-08;5.520128662069899e-08;6.037530049705934e-08;7.278453328751219e-08;9.219969264945349e-08;1.102461230819102e-07;1.1975864006418201e-07;1.1998591879603237e-07;1.1466488534783933e-07;9.031916549212318e-08;7.779264033758337e-08;7.065151787488924e-08;6.786625227201037e-08;6.194750247905531e-08;5.5364629619626846e-08;5.4609810468399045e-08;6.074425422227517e-08;7.288335154394048e-08;9.799303695840165e-08;1.1886053101569281e-07;1.4129413617195066e-07;1.5338068000677033e-07;1.5477590470489738e-07;1.590770981978299e-07;1.7269574742423614e-07;1.880702861589438e-07;2.12539788806759e-07;3.015219648769263e-07;5.633211630315662e-07;1.2837686715263118e-06;3.108708504678488e-06;7.243815215282977e-06;1.5014131681900644e-05;2.7502486186369957e-05;4.501685173619222e-05;6.747559783864723e-05;9.394040697378352e-05;0.0001227436534013;0.0001517175143751;0.0001786691629128;0.0002014166306299;0.0002179913928055;0.0002270294557165;0.0002286200797916;0.0002232242617161;0.0002117494451188;0.0001956991309072;0.0001767204940254;0.0001561391829146;0.0001357756446155;0.0001171839385194;0.000101169867925;8.805107576428542e-05;7.775787914521906e-05;6.997285014896342e-05;6.427425814100715e-05;6.0172716707976895e-05;5.712272911588719e-05;5.489116137887205e-05;5.318013902838176e-05;5.1728910896954304e-05;5.0381135278549584e-05;4.894093359240125e-05;4.755948799248929e-05;4.632044154247159e-05;4.5190726407324224e-05;4.4087852701339374e-05;4.302775537793192e-05;4.217808288627986e-05;4.163681748369378e-05;4.1403369767716e-05;4.139127081671276e-05;4.14347051181381e-05;4.129725519463483e-05;4.064647866988951e-05;3.9529056434027645e-05;3.828807272487743e-05;3.708460101965963e-05;3.603555289002402e-05;3.5223447546975226e-05;3.466070847071864e-05;3.419167263437642e-05;3.3633613460440786e-05;3.293094815356574e-05;3.211888570492435e-05;3.1240486955443646e-05;3.050574647734597e-05;2.9948084866723097e-05
281.7110070771705;1.685298483641389e-07;1.575463699296512e-07;1.4052564762255742e-07;1.1951540867704685e-07;9.766599994390877e-08;7.527759423067877e-08;5.41930815765199e-08;4.001238859777732e-08;3.2542773159666385e-08;3.4651336422293714e-08;3.711963609601632e-08;3.736531793576794e-08;4.0661488809498574e-08;5.332223745806026e-08;7.942684432383908e-08;1.1936701333510924e-07;1.677260595443246e-07;2.068518437445401e-07;2.211940660216843e-07;2.069278525051476e-07;1.7050158319381477e-07;1.2611663666444252e-07;8.921841751693223e-08;7.58296222376845e-08;9.005972444732696e-08;1.1532577328178549e-07;1.327081644883849e-07;1.388230665272346e-07;1.391819262901237e-07;1.413289348147562e-07;1.5591873875495354e-07;1.9036686759983794e-07;2.330633556869321e-07;2.612359458861567e-07;2.768279335873615e-07;2.8683835375561295e-07;2.8443027287163025e-07;2.706671676552389e-07;2.72612725306861e-07;3.59761824757136e-07;6.501664776056165e-07;1.4291989286154492e-06;3.3066420976896216e-06;7.646282278801144e-06;1.582425823689979e-05;2.8747238426008863e-05;4.662951851279764e-05;6.91547905894806e-05;9.524017868719708e-05;0.0001231925526489;0.0001508909684886;0.0001768824193562;0.0001992428862638;0.0002161728053206;0.0002260465630697;0.0002282536009242;0.0002227233250526;0.0002102339933523;0.0001930897950977;0.0001733231098267;0.0001528449009466;0.000132996099225;0.0001149760538798;9.96662777353721e-05;8.727622757898209e-05;7.763119600336339e-05;7.034544441366489e-05;6.489511847082105e-05;6.097569934233979e-05;5.821970129718996e-05;5.6178994002364186e-05;5.4542602865597e-05;5.305675412376756e-05;5.147441462056949e-05;4.970155565440119e-05;4.7824931585825965e-05;4.601219389997667e-05;4.441292027456999e-05;4.316489575989077e-05;4.236290871899044e-05;4.188598413556191e-05;4.149209636945926e-05;4.111520178094074e-05;4.0704027525227535e-05;4.023672201592152e-05;3.989050676087561e-05;3.93812256086434e-05;3.8632167843518535e-05;3.771104170126335e-05;3.667626476202601e-05;3.5518664316275486e-05;3.4374954850504186e-05;3.341573677953555e-05;3.274313223750978e-05;3.23343325670949e-05;3.212906537283869e-05;3.212049743804888e-05;3.192948724531129e-05;3.167145343764292e-05;3.13749368776852e-05
283.8051693350026;4.294768837877636e-08;3.7675861635362807e-08;3.9510308708589866e-08;4.4380514322092023e-08;6.373812286061467e-08;7.87415293109972e-08;9.018845923508997e-08;9.706378898294228e-08;9.810739627078677e-08;9.237047722271799e-08;8.142277972361992e-08;6.792631101684943e-08;5.7231981780296184e-08;5.4240639577143954e-08;6.328956553875654e-08;7.916285319379083e-08;1.0180051462768681e-07;1.214172351893147e-07;1.3184673145021816e-07;1.3843812455088986e-07;1.5059348386288584e-07;1.922237304961055e-07;2.566333454114591e-07;3.338001107706149e-07;4.065444490348178e-07;4.4495537181160693e-07;4.293071698592565e-07;3.662702543972904e-07;2.798620102816377e-07;2.036765032867992e-07;1.530091092298496e-07;1.546163958230328e-07;1.6792714429051985e-07;1.821940581630125e-07;2.0440842485516e-07;2.379100089922254e-07;2.562631715705e-07;2.548709296548294e-07;2.63176339929598e-07;3.491710960222575e-07;6.729608184086112e-07;1.5854238169907747e-06;3.746290919486365e-06;8.505063935042337e-06;1.7035301562622078e-05;2.999188453770789e-05;4.74117757810996e-05;6.894233145696271e-05;9.37161824501164e-05;0.0001205211024605;0.0001473371218681;0.0001731128554209;0.0001959504352579;0.0002134720114622;0.0002238275106967;0.0002259163853283;0.000220043043092;0.0002070371358391;0.0001895363180423;0.0001699927416816;0.0001503084110221;0.0001322043729665;0.0001158114444083;0.0001018297664492;9.03081057048238e-05;8.090414613114231e-05;7.323934340681515e-05;6.72269411768828e-05;6.272618849444379e-05;5.9653940354613736e-05;5.770802468214916e-05;5.64495930160483e-05;5.538802909041883e-05;5.406890613669112e-05;5.235937267882328e-05;5.028347358949741e-05;4.807805460637652e-05;4.606091107263261e-05;4.44611661071593e-05;4.334686323070163e-05;4.2633355350271645e-05;4.21231524605748e-05;4.1602581235085966e-05;4.09280735849887e-05;4.004834482113521e-05;3.901773404882581e-05;3.801364125529295e-05;3.713521194926236e-05;3.627357093216619e-05;3.532618949341435e-05;3.435546721608961e-05;3.3392898392252614e-05;3.26696207767661e-05;3.220039889188759e-05;3.2165140935624446e-05;3.23090159638975e-05;3.2519639540494894e-05;3.2729062224077864e-05;3.2756542397989745e-05;3.2639667889040755e-05
285.89866768538195;2.9909625227596414e-08;3.40195182668762e-08;5.0637517796776975e-08;8.118855865926907e-08;1.1815228702326767e-07;1.5810345976257118e-07;1.9899594173251922e-07;2.2650254999790882e-07;2.3002194743893717e-07;2.1329674227637282e-07;1.818117980677972e-07;1.4108621765974953e-07;9.90743373492676e-08;6.58914680750933e-08;4.727011162020351e-08;4.2347961135266126e-08;4.306533202365325e-08;4.5054616560382696e-08;5.012101895317158e-08;6.971671350401097e-08;1.2677044067544998e-07;2.48447030616364e-07;4.2138407332920347e-07;5.923995400761666e-07;7.115144342278577e-07;7.446079806752165e-07;6.826887550229055e-07;5.463186066397387e-07;3.760201512765038e-07;2.3221796183268165e-07;1.398323393561181e-07;9.30018026276466e-08;7.731985436141769e-08;7.536484665514475e-08;8.493483583538264e-08;1.0686448777619299e-07;1.283600729655797e-07;1.460479658391171e-07;1.839364696656135e-07;2.9509314216975095e-07;6.628086630550813e-07;1.603361015511418e-06;3.950399468778824e-06;9.031839036272796e-06;1.782256160847023e-05;3.09009770832073e-05;4.823553434152275e-05;6.937854917769725e-05;9.335194464410008e-05;0.0001188811343224;0.0001446133152667;0.0001694133532689;0.0001913772732801;0.0002085089148877;0.0002188431874041;0.0002214492918098;0.0002161890401878;0.0002045028889205;0.0001878047824512;0.0001681539660725;0.0001479290591289;0.0001295034274309;0.0001136515567189;0.0001003339567813;8.972176615892625e-05;8.132572376631709e-05;7.444169375835175e-05;6.865726237207338e-05;6.398106853575111e-05;6.027951561743736e-05;5.7750400086017614e-05;5.614567436321637e-05;5.505842727753142e-05;5.4070285756916e-05;5.301807710124432e-05;5.14938063138154e-05;4.951639047298128e-05;4.744106533917906e-05;4.567218244244724e-05;4.407139283380844e-05;4.270581248050454e-05;4.14666519119643e-05;4.039023537272555e-05;3.939441727383069e-05;3.8474165913243496e-05;3.752069835268127e-05;3.676169302356086e-05;3.620697607082672e-05;3.570074028480988e-05;3.513086911859303e-05;3.456538143416563e-05;3.403095578535231e-05;3.3581094529809194e-05;3.326576768985277e-05;3.3024994841075765e-05;3.2913848908745086e-05;3.284888015493413e-05;3.271816794220685e-05;3.257368175453416e-05;3.244913806305373e-05
287.9915020863445;6.29753932073265e-08;7.238578504939614e-08;8.911021809522044e-08;1.1106587878827159e-07;1.3008479741384505e-07;1.6984644563615867e-07;2.048035777594552e-07;2.2163461898462795e-07;2.1877851596347498e-07;2.0215754256605185e-07;1.7512647341014847e-07;1.3465071464228624e-07;8.94048694749611e-08;5.6736028945793927e-08;4.090141372679495e-08;4.334367767048708e-08;4.9410333580035054e-08;5.298652667527786e-08;5.392256202792098e-08;5.6393784681658816e-08;7.760363128894546e-08;1.4018097537503754e-07;2.219160920182899e-07;3.064095398508276e-07;3.656979702147709e-07;3.815543692845814e-07;3.487889701758739e-07;2.7718791051628214e-07;1.8898597077729762e-07;1.1555992870165413e-07;6.768188786345379e-08;3.6006384807806145e-08;2.7942992424445905e-08;2.59952498787752e-08;2.4564427999809528e-08;2.4375414765318853e-08;2.8234088431966797e-08;4.117458654544976e-08;7.719878455450878e-08;1.715053734612186e-07;4.644631785437746e-07;1.381470944947717e-06;3.924840274491106e-06;9.238102418182108e-06;1.8356070665085483e-05;3.189558096874515e-05;4.98286213743888e-05;7.159967877352856e-05;9.600192163060676e-05;0.0001214180655389;0.0001463014451275;0.0001694993041793;0.0001898534642437;0.0002056152679523;0.0002149235822788;0.0002174397749551;0.0002130469916286;0.0002022523066878;0.0001864142090173;0.0001670336749016;0.0001467184672428;0.0001278388298944;0.0001114079652789;9.790871211234924e-05;8.729080744777264e-05;7.930138885633417e-05;7.292749751013021e-05;6.739023592212597e-05;6.267809568260149e-05;5.879693031718903e-05;5.580884024719384e-05;5.366655202294504e-05;5.2233732511346216e-05;5.133643853502005e-05;5.066057966276739e-05;4.973217583262933e-05;4.854202962183346e-05;4.710688040114491e-05;4.549041868979012e-05;4.382917945341755e-05;4.210057713247325e-05;4.039680706539339e-05;3.887457217405371e-05;3.767476515183518e-05;3.68979815452199e-05;3.65130177462273e-05;3.6436891326915326e-05;3.6529224578453655e-05;3.65704552751146e-05;3.643537469040676e-05;3.605740697609898e-05;3.545777824189913e-05;3.4765116057036164e-05;3.41227733729238e-05;3.3435885549825114e-05;3.28266465572292e-05;3.23321905271694e-05;3.197977862884791e-05;3.175868799219005e-05;3.16271239026752e-05
290.0836724961882;5.9326064057490176e-08;9.749622560045543e-08;1.3927865269127856e-07;1.6614776169735004e-07;1.7964385425333534e-07;1.8218897819520345e-07;1.6458202993754497e-07;1.3753327232855857e-07;1.0733253300545573e-07;8.714835615010778e-08;7.664846623406082e-08;6.55049227733691e-08;5.0348682697356827e-08;3.799727437237128e-08;3.524184451714473e-08;3.677546112846437e-08;3.669518963874932e-08;3.3466023278843935e-08;3.0030041707824235e-08;2.6193882229664955e-08;2.1601828858301816e-08;1.8080630674025124e-08;1.5925089161558115e-08;1.7263480174405733e-08;1.8040068426961277e-08;1.76403685085795e-08;1.5563894827003185e-08;1.1514642931776664e-08;8.30750533179767e-09;6.680565831954202e-09;6.1021178495310806e-09;5.428394720903309e-09;4.691176548847413e-09;4.002609522802373e-09;3.2968119922060443e-09;3.331672638230056e-09;4.764769404166007e-09;8.966258403129183e-09;2.4023766897192047e-08;9.26391743893848e-08;3.2803977661448174e-07;1.285931437704863e-06;3.8263716699430415e-06;8.871325742345807e-06;1.7154839787467768e-05;2.96272609069009e-05;4.669157709996106e-05;6.812368393507842e-05;9.278611891933003e-05;0.0001190273781218;0.0001450225671566;0.0001688328737771;0.0001890439435198;0.0002038525904163;0.0002121808424493;0.0002142508797886;0.000210064595554;0.0001998187256707;0.000184427193401;0.0001659199581696;0.0001468199346865;0.0001283928943854;0.0001117928165839;9.767239558712852e-05;8.63832500827478e-05;7.759189267384107e-05;7.070360751869378e-05;6.51699141900435e-05;6.0670675500696185e-05;5.725090625989315e-05;5.4596229134341e-05;5.265327016735874e-05;5.124602285157333e-05;5.0176204374635375e-05;4.884930156110438e-05;4.746949424161655e-05;4.618781199169722e-05;4.496979007489366e-05;4.369193855087031e-05;4.254730353892854e-05;4.151088344770932e-05;4.067459589258389e-05;3.992768031212361e-05;3.930610505059772e-05;3.878721507835112e-05;3.832953229123776e-05;3.790210335549688e-05;3.747720797438836e-05;3.709629948339121e-05;3.6733260625955085e-05;3.621010442448927e-05;3.561636040486508e-05;3.4953258222979114e-05;3.419994835329252e-05;3.3541393910666526e-05;3.285381128144041e-05;3.215903510669184e-05;3.1557096252916935e-05;3.119150216273104e-05;3.087547905679726e-05
292.17517887343274;5.1422155091183046e-08;9.031910816862996e-08;1.3136108661749258e-07;1.577508885187272e-07;1.690740036574712e-07;1.528652533853127e-07;1.2055702533824537e-07;8.016653787057144e-08;4.8780663250015565e-08;3.6286138492589776e-08;3.6509464000673764e-08;4.25653592514236e-08;4.745023191950244e-08;4.7761686710755524e-08;4.271705729427737e-08;3.4970368247829565e-08;2.563696332542539e-08;1.6534343646629152e-08;1.054315440257438e-08;9.38949291139731e-09;1.614918151647551e-08;3.314346925685122e-08;5.419435733081616e-08;7.024391185206399e-08;7.71653399797836e-08;7.40709807130286e-08;6.170768908828637e-08;4.589421211845912e-08;3.817245517408928e-08;4.7279378960540455e-08;6.789071088141771e-08;8.583076676565618e-08;9.248737107061341e-08;8.666087291506659e-08;7.032145979196844e-08;4.730279205503758e-08;2.3036192292219336e-08;1.3856024211799253e-08;3.2978504860296075e-08;1.583577509152886e-07;5.171043910410061e-07;1.527015170838667e-06;3.766363311114499e-06;8.015871950004899e-06;1.5089181549371452e-05;2.619724483396372e-05;4.220013275712605e-05;6.315974659720773e-05;8.802426300349883e-05;0.0001150885868528;0.0001422285279441;0.0001674158763061;0.0001882309783416;0.0002032771778761;0.0002117806243079;0.0002136514930929;0.0002089587513282;0.0001981914133883;0.0001822278738087;0.0001634868388228;0.0001440490596705;0.000125142809897;0.0001082518025593;9.43694074027454e-05;8.361256207205803e-05;7.544280078719282e-05;6.952115424816467e-05;6.517625226784857e-05;6.185171261953597e-05;5.926736308799809e-05;5.702256236977504e-05;5.483877357013088e-05;5.2559273721528526e-05;5.010839151136615e-05;4.762249393963479e-05;4.555765649905896e-05;4.400230183037138e-05;4.300481316559383e-05;4.250260540977565e-05;4.226937251353129e-05;4.224129758866492e-05;4.223043102809886e-05;4.2106636072961615e-05;4.178474819259046e-05;4.118326497233685e-05;4.031257427161023e-05;3.917015328917728e-05;3.79326920508543e-05;3.679311104688987e-05;3.590962526209492e-05;3.531539885348044e-05;3.5037504846582985e-05;3.482543076991214e-05;3.453542563572101e-05;3.411472589756633e-05;3.360699109679052e-05;3.3017841868283845e-05;3.2440058066165375e-05;3.1958931177228906e-05;3.163094017386641e-05
294.2660211768489;5.598057970060612e-08;6.706204042842276e-08;7.694157711992204e-08;8.113419245536785e-08;7.855489859221234e-08;6.909047607790933e-08;5.3958676849319006e-08;3.3611938689481276e-08;2.65506121708213e-08;2.8796106275461536e-08;3.35873630550272e-08;3.83202166614574e-08;4.237653383520752e-08;4.3687678903979016e-08;3.780666874523685e-08;2.8801740095996324e-08;2.0708419252969517e-08;1.4008385869949608e-08;8.834541142964392e-09;8.540491348802889e-09;2.0874760815734285e-08;4.970174060771552e-08;8.615549832526339e-08;1.1329553565253167e-07;1.2444520114813933e-07;1.1804449700860057e-07;9.635375184887507e-08;7.097736955208205e-08;6.250227734494849e-08;8.508714187940589e-08;1.281816100908895e-07;1.6587446225332305e-07;1.807764117418129e-07;1.7010819407137914e-07;1.380351515302484e-07;9.369311494585741e-08;5.180525378945775e-08;3.288006338344458e-08;5.929052191626632e-08;1.840846252510938e-07;5.307054545402001e-07;1.4338774487199338e-06;3.4417992593540528e-06;7.464883402049469e-06;1.4841898905626896e-05;2.658945851736443e-05;4.329627680178648e-05;6.485076837314333e-05;9.012077674168216e-05;0.0001173160384604;0.0001442538340714;0.0001690275179224;0.0001895870650449;0.0002045834115342;0.0002129610757253;0.0002141946741862;0.0002081127380804;0.000196170076235;0.00017967962129;0.0001608891121177;0.0001410844100202;0.0001226516914097;0.0001065399948317;9.347898612291443e-05;8.3347348017202e-05;7.578405636315114e-05;7.032396228284768e-05;6.645107276037992e-05;6.365961596991123e-05;6.148322757634905e-05;5.95743337713573e-05;5.743609997513155e-05;5.485674262704504e-05;5.189031314706755e-05;4.904843588859005e-05;4.667890784296934e-05;4.495376025219257e-05;4.391129987828037e-05;4.341346363799327e-05;4.3213999538628895e-05;4.310448016101444e-05;4.300901474055197e-05;4.265799989862974e-05;4.200801133713987e-05;4.097382918797583e-05;3.9575289588198825e-05;3.78915909649372e-05;3.642705012118058e-05;3.5342041079323626e-05;3.4571523327335654e-05;3.4213716543842374e-05;3.402720698621176e-05;3.387375518021299e-05;3.375090026127614e-05;3.3580778553505655e-05;3.3462853596623424e-05;3.346437105321316e-05;3.359466116274658e-05;3.371582660022662e-05;3.384332835673729e-05
296.356199365433;3.702845919725311e-08;3.731923854223777e-08;3.885189230073354e-08;4.2277944198202406e-08;4.131242415930377e-08;3.556644941579757e-08;2.6077264461328786e-08;2.1524360452320395e-08;2.2094837801690272e-08;2.400387235035897e-08;2.4129332977679263e-08;2.7091185180882212e-08;2.991342661002415e-08;2.98235809745701e-08;2.7873581807572932e-08;2.3401081260702694e-08;1.7459391540469813e-08;1.1116582398302958e-08;6.752182913926998e-09;5.919633219163108e-09;1.1521970527695512e-08;2.4851239532026664e-08;4.1138256971274214e-08;5.3660862464864594e-08;5.9364552242311356e-08;5.802744960435444e-08;5.117259787694576e-08;4.2348874221830746e-08;4.073985826931008e-08;5.640801255367972e-08;8.922147728798608e-08;1.2489957522764858e-07;1.4698576581752177e-07;1.4838830305160313e-07;1.29132631929791e-07;9.582790347845165e-08;6.787887566350868e-08;5.1898302934925635e-08;7.230177481663309e-08;1.4282097860801097e-07;3.854095887221371e-07;1.049170483224102e-06;2.9285317244592357e-06;7.338982445021498e-06;1.5345274734052287e-05;2.779212315337268e-05;4.5026381313258325e-05;6.693818005505839e-05;9.23636326316219e-05;0.0001193901395358;0.0001459583244478;0.0001702825771027;0.0001905170718927;0.0002050292058838;0.0002125825304119;0.0002129080732582;0.0002065129194393;0.0001944778653823;0.0001785794834686;0.0001611056848779;0.0001435376528518;0.0001270260809132;0.0001121213186823;9.91722085926515e-05;8.824192831659945e-05;7.92236330125188e-05;7.194468104591145e-05;6.647423335867528e-05;6.232420842161416e-05;5.968284230103917e-05;5.801638260186786e-05;5.67923696912522e-05;5.553146618789289e-05;5.390958225236824e-05;5.183158416797252e-05;4.94975301219903e-05;4.718564014317151e-05;4.516511367597808e-05;4.372859935759243e-05;4.255179704735022e-05;4.188099663925626e-05;4.14203529988855e-05;4.091832835009308e-05;4.014672965331038e-05;3.8979689670375246e-05;3.760597635560256e-05;3.616413558058358e-05;3.494799331131598e-05;3.4282274337704146e-05;3.396616463019551e-05;3.369436776061358e-05;3.316000240087029e-05;3.218330804782371e-05;3.119763201500517e-05;3.0506881730432285e-05;3.039078484528669e-05;3.08817493816236e-05;3.176428548657703e-05;3.2729284055799015e-05;3.3482333189304166e-05
298.44571339842514;8.899514844496481e-09;1.0714240423602435e-08;1.4832968595814284e-08;2.427228277130709e-08;3.5192146218383426e-08;4.1741887635407176e-08;4.278311212118263e-08;3.934280846442325e-08;3.13735773422023e-08;2.08582425472295e-08;1.581766675713457e-08;1.9549208485613308e-08;2.5559628265521333e-08;2.9267017755361323e-08;2.9991808364284876e-08;2.7000498603654792e-08;2.070296573326136e-08;1.3914017418289958e-08;1.2935174601111376e-08;2.9959437758790465e-08;6.229452170177254e-08;9.202537388146601e-08;1.115905736953796e-07;1.1611533985646437e-07;1.0495816054491673e-07;8.22120393671671e-08;5.6266102674329886e-08;3.943504194829709e-08;3.5127601220955463e-08;4.1414588357892555e-08;6.032094968611719e-08;8.799560447569756e-08;1.1287664625158541e-07;1.2545874142528166e-07;1.2184453596309954e-07;1.0421048781336796e-07;8.094952717525945e-08;7.165169657469937e-08;1.0040487659954636e-07;1.7662505570211426e-07;3.570612349268801e-07;8.103770122631233e-07;2.442843454390849e-06;6.744098184994695e-06;1.4713720800643432e-05;2.7102775468798946e-05;4.418749025392832e-05;6.568427692302581e-05;9.033995248366744e-05;0.0001162073376324;0.0001416450266951;0.000165279295584;0.0001856690742457;0.000200927472625;0.0002093065460838;0.0002102982310138;0.0002049231635742;0.0001940253038765;0.000178934298174;0.0001617584759749;0.0001447061084762;0.0001283867454384;0.0001133162400018;0.0001000038325772;8.845116876967122e-05;7.865429593946821e-05;7.045180293223744e-05;6.3791117062463e-05;5.885949849568244e-05;5.557129851774167e-05;5.359167620147821e-05;5.243477042778233e-05;5.164010193127343e-05;5.074503865204031e-05;4.941921737616213e-05;4.766960378305293e-05;4.56774181343131e-05;4.368585888224179e-05;4.193381704245506e-05;4.051887776258852e-05;3.940328440111484e-05;3.839903195439706e-05;3.75288131686802e-05;3.672806852594076e-05;3.599242915897076e-05;3.546328922343872e-05;3.538836289343647e-05;3.537788429365497e-05;3.557458322166972e-05;3.570711270466541e-05;3.546045998376856e-05;3.4479897821328506e-05;3.2901473049132305e-05;3.112342640101442e-05;2.9650478499268023e-05;2.8879644035243632e-05;2.893022743912202e-05;2.960659569466301e-05;3.058272797752924e-05;3.1408002104100925e-05
300.5345632353128;3.098415308962273e-08;1.8647018139458397e-08;1.3332202337247662e-08;1.7417050456939033e-08;2.606027824532172e-08;3.9412790360506516e-08;5.993020472484134e-08;7.679991755744194e-08;8.480266844697589e-08;8.090195861644686e-08;7.290937257465466e-08;6.14672250003631e-08;4.254851081395553e-08;3.3086943205586763e-08;2.8599895277288885e-08;2.6129609260093167e-08;2.470556096859163e-08;2.4713890039432183e-08;4.078039642036672e-08;8.299978273791327e-08;1.480094945399537e-07;2.100206532201727e-07;2.474908773309292e-07;2.506360028677141e-07;2.1739141924847661e-07;1.591859775207701e-07;9.688233788341617e-08;5.593912351796192e-08;4.3270382811846026e-08;4.671486419372652e-08;5.7422480510347135e-08;6.97620181750728e-08;7.970144612594883e-08;8.317164958075682e-08;7.832578669665863e-08;6.773477552523749e-08;5.1975326177312615e-08;5.171115336184247e-08;9.011555616303975e-08;1.8037875799172195e-07;3.583821570855224e-07;7.940555190740622e-07;2.377702837351902e-06;6.57012197851473e-06;1.454399686671301e-05;2.693160926804906e-05;4.372267719799862e-05;6.433998776141878e-05;8.754813613942708e-05;0.0001113467735507;0.0001343931661398;0.0001558364968378;0.0001752465404441;0.0001911291442883;0.0002011647565011;0.0002042584500421;0.0002002823063587;0.0001899911187037;0.0001747212998351;0.0001566932631779;0.0001390676480437;0.0001226180741588;0.00010777883509;9.471692675930208e-05;8.354703591435122e-05;7.450096589327649e-05;6.715930374328325e-05;6.117160938760388e-05;5.689527958649309e-05;5.392799134682561e-05;5.183399442672421e-05;5.01639340476424e-05;4.86806427999336e-05;4.725576252478761e-05;4.571003437208679e-05;4.399449292889571e-05;4.251449118565258e-05;4.128212622451752e-05;4.019284939322976e-05;3.9439013957418025e-05;3.8497305767331126e-05;3.735889957195077e-05;3.612310367208363e-05;3.504311271081537e-05;3.4339783218662666e-05;3.4147122604890857e-05;3.447604750348114e-05;3.518090817018983e-05;3.5921418147093e-05;3.639761885171989e-05;3.640652453674624e-05;3.57509246108548e-05;3.467730874972758e-05;3.339037556995486e-05;3.21914855811366e-05;3.138059363691434e-05;3.109325534945208e-05;3.123301030420651e-05;3.159917851144061e-05;3.1974034611952304e-05
302.6227488358054;6.19788148963867e-08;4.6967219666835184e-08;3.2519591958317176e-08;2.2474424010816197e-08;2.2861179899575297e-08;3.9597849259698e-08;6.924878330282184e-08;1.035584443603756e-07;1.312316920132885e-07;1.417543078817936e-07;1.3167922370721773e-07;1.052410070121525e-07;7.317860596665603e-08;4.991815062363357e-08;4.521426331428019e-08;5.7181875804511257e-08;7.175300090810129e-08;8.023883961743616e-08;9.478987929917254e-08;1.153939848125031e-07;1.438040930704143e-07;1.6369065169478188e-07;1.7267880355710334e-07;1.6332935132753377e-07;1.3366170324324817e-07;9.342493445165081e-08;5.692393435846504e-08;3.43435027905315e-08;2.625753098699716e-08;2.6274937013866513e-08;2.8841985407386177e-08;3.060178694870095e-08;3.084871280803573e-08;2.893089148476775e-08;2.4346634149612745e-08;1.8700516131197222e-08;1.5331227986252477e-08;2.0203051823344912e-08;5.0168865159192925e-08;1.3601112845846865e-07;4.128100305424065e-07;1.1318915452547842e-06;3.112754385913373e-06;7.581697983667889e-06;1.562233363571716e-05;2.785436184118723e-05;4.417711942851583e-05;6.393036257232898e-05;8.581763465426322e-05;0.0001082828069171;0.0001301454940506;0.0001504452505951;0.000168446979791;0.0001830263610855;0.0001925419170818;0.0001958796999642;0.0001925165395344;0.0001827556025606;0.0001684359102314;0.0001514945729574;0.0001346444550927;0.0001189905628961;0.0001049687345362;9.262394545539123e-05;8.194556791919152e-05;7.30370671339432e-05;6.594254289382138e-05;6.0599065527049634e-05;5.691051304145365e-05;5.4536558350272045e-05;5.292777789637739e-05;5.160389138484886e-05;5.02075581354243e-05;4.858799810129785e-05;4.679992988696096e-05;4.502163286817996e-05;4.3447853543950375e-05;4.217283284719658e-05;4.1159697627057234e-05;4.023045260960958e-05;3.921264729451918e-05;3.798348107503447e-05;3.671365967883323e-05;3.548041477571588e-05;3.45090636133026e-05;3.396989103364057e-05;3.394441542105938e-05;3.4538078460651896e-05;3.507204711846478e-05;3.545361009918273e-05;3.544721033806461e-05;3.514936861773517e-05;3.420638230519903e-05;3.3083565016754244e-05;3.204086937958018e-05;3.1381041118298805e-05;3.1207894379642715e-05;3.141622159857975e-05;3.170467337514668e-05;3.206872930097817e-05
304.710270159856;5.7665610541299214e-08;6.947540596403814e-08;7.48267789304118e-08;7.073882256268879e-08;6.371429157342278e-08;5.96449679902978e-08;6.161435123266543e-08;6.860463902160479e-08;7.792717810839351e-08;8.829823484072794e-08;9.83680861161596e-08;9.996999142388709e-08;1.0353458200531933e-07;1.0956696592605136e-07;1.241090528982344e-07;1.3911189119193524e-07;1.4192925005613444e-07;1.3629563954951996e-07;1.2452318153342154e-07;1.104955672411683e-07;9.061488381271381e-08;7.321495179699534e-08;6.210728385958249e-08;5.1131990304470375e-08;3.783660041481489e-08;2.5021347379138943e-08;1.711280413309629e-08;1.3957739628955656e-08;1.1791722814711367e-08;1.1592908453023342e-08;1.579898351247896e-08;2.2936833985955425e-08;2.8829474511480536e-08;3.1269539573394967e-08;2.968423678644988e-08;2.404180874650656e-08;1.608816639236828e-08;1.62489039937418e-08;3.562850666504244e-08;1.1029989450666137e-07;4.37025318715489e-07;1.38538176204466e-06;3.559354153285667e-06;7.8146556798085e-06;1.52091030557162e-05;2.667280703164229e-05;4.234698840558389e-05;6.161272738130678e-05;8.318414235431881e-05;0.0001058774626667;0.0001282969547978;0.0001488770220328;0.0001661791669437;0.0001791569966406;0.0001868526527049;0.0001887935443714;0.0001850580624722;0.000176605457305;0.0001646832497529;0.0001504152214574;0.0001352182401837;0.0001202327952136;0.0001062653932081;9.367879389734984e-05;8.261231272093384e-05;7.320216010256026e-05;6.565915693853747e-05;6.006374454072072e-05;5.633381222576973e-05;5.386308355940887e-05;5.240891882311292e-05;5.146456206129901e-05;5.059462398744031e-05;4.953056534476281e-05;4.827737027299145e-05;4.705405591465851e-05;4.576272905436686e-05;4.4356865319473526e-05;4.277630528845536e-05;4.1104341697312255e-05;3.940058434287877e-05;3.770766629151419e-05;3.622615695488391e-05;3.507803030686006e-05;3.427851973183221e-05;3.382461230463078e-05;3.392208949697147e-05;3.4357654052088154e-05;3.485730244535383e-05;3.5105083052815815e-05;3.490908144009893e-05;3.420642297159596e-05;3.3059834880732686e-05;3.154946420795314e-05;3.014869483349207e-05;2.9242464206009463e-05;2.8891244480777763e-05;2.8954612396969467e-05;2.9265541648294645e-05;2.964505471991885e-05
306.7971271676579;4.8754858273402565e-08;8.183579885643018e-08;1.0670349863126329e-07;1.1547712140409697e-07;1.0498769921567005e-07;7.863134754615653e-08;4.844403512176579e-08;2.718733712188189e-08;1.9327671611078156e-08;2.641059198346305e-08;5.492875425530759e-08;9.978445080280837e-08;1.462012696152082e-07;1.836242869650269e-07;2.0310463368990255e-07;1.939722848945101e-07;1.634591347557311e-07;1.301044718373155e-07;9.773256608076724e-08;7.407354579094438e-08;5.4197446801960546e-08;4.9931547748682666e-08;4.8844549931649974e-08;4.498834913099561e-08;3.664237054218756e-08;2.5285752761019312e-08;1.6006481213515273e-08;1.1546560663462018e-08;9.686200635864188e-09;1.0966573060210202e-08;1.9182692187362118e-08;3.1998644360135863e-08;4.218047145696978e-08;4.6043319409991055e-08;4.324814415156111e-08;3.3866967786393754e-08;2.1363345267583007e-08;1.4795582101094638e-08;2.2561452051366623e-08;6.729413970494253e-08;2.927747083551547e-07;1.074384009487695e-06;2.940154028186338e-06;6.545821245453797e-06;1.2870583676953275e-05;2.303723369586472e-05;3.7595666074434725e-05;5.6122264407291e-05;7.76269617109862e-05;0.0001007678104589;0.000123798370655;0.0001446274398188;0.0001612541778007;0.0001726937278892;0.0001786654682932;0.0001793842382043;0.0001753697104349;0.0001678505650946;0.0001579120573516;0.0001459679193492;0.0001324477874902;0.0001181281587892;0.0001040419513079;9.093419884708164e-05;7.957340666226612e-05;7.035160344935993e-05;6.338665152563644e-05;5.847773798667557e-05;5.500379921815351e-05;5.252994483906667e-05;5.1018899098031166e-05;4.9979568724572445e-05;4.91362181897932e-05;4.826497445471142e-05;4.713724478179072e-05;4.576252215031436e-05;4.4387370875545925e-05;4.306041183202712e-05;4.182722115398882e-05;4.05866026456433e-05;3.923175929011408e-05;3.821499013588432e-05;3.722215066231139e-05;3.636692579098359e-05;3.562972316458809e-05;3.502314388025128e-05;3.456588849749989e-05;3.415592517081817e-05;3.396723992236367e-05;3.379922268420816e-05;3.3527513142578985e-05;3.2975800530390067e-05;3.2394692662433644e-05;3.146677247663336e-05;3.080749576195199e-05;3.008591767601843e-05;2.9524529099589825e-05;2.9151398568575445e-05;2.8952870233872115e-05;2.8868579097383472e-05
308.8833198196444;3.1866996585523584e-08;5.2498077978551613e-08;6.596051171572675e-08;6.99668542081376e-08;6.254659741985916e-08;4.6748154118865985e-08;2.676089782699837e-08;1.4108689706534382e-08;9.460262308584624e-09;1.1906365316325638e-08;2.865267598211076e-08;6.919025004201239e-08;1.1924522817766554e-07;1.5770354133581576e-07;1.76240657961185e-07;1.6967088049030176e-07;1.4136096236634557e-07;1.012214654499247e-07;6.286558028959315e-08;3.7973470119467654e-08;3.2054387032692935e-08;3.637681145828612e-08;4.0814401314637174e-08;4.130343219243809e-08;3.661404365814822e-08;2.6893014866238145e-08;1.7031019398575276e-08;1.0974952936763161e-08;8.181415292484211e-09;8.500041520565455e-09;1.3524829661131017e-08;2.244005974193585e-08;3.061538273653292e-08;3.495975494197911e-08;3.5433943022000824e-08;3.2036385172571836e-08;2.504253498454948e-08;1.9183469982474317e-08;1.8953409513160266e-08;3.5995452732099375e-08;1.5010599448202486e-07;7.166744800296085e-07;2.3044452128071534e-06;5.596929791436152e-06;1.1399768230738996e-05;2.0658443679513347e-05;3.380031788525855e-05;5.074486611259722e-05;7.080499853565399e-05;9.294470244560264e-05;0.0001156760827805;0.0001368591819887;0.0001538729146051;0.00016530520611;0.0001710043207564;0.0001714388551689;0.0001671890323382;0.0001594410918322;0.0001495172222979;0.0001380194181196;0.0001249068689008;0.0001112019999079;9.78365551214328e-05;8.569882758191431e-05;7.539317851517149e-05;6.70495969127215e-05;6.081018489176495e-05;5.641018148301422e-05;5.340086622487266e-05;5.127111473660485e-05;4.97894302243351e-05;4.859891954913303e-05;4.743341205144316e-05;4.611927879408555e-05;4.484730816275925e-05;4.353958520719629e-05;4.218211366456296e-05;4.104729712794729e-05;4.029841044622052e-05;3.9844872859184616e-05;3.950672557499773e-05;3.9156431363604805e-05;3.875508254771484e-05;3.811710705978808e-05;3.731924672329748e-05;3.6361659033444095e-05;3.525669682715977e-05;3.411883052512315e-05;3.306572171433227e-05;3.229334881826019e-05;3.189837417490687e-05;3.185192383081194e-05;3.1888769473660845e-05;3.192173112588109e-05;3.1871269950753815e-05;3.170082189970846e-05;3.129927807613196e-05;3.089343912564249e-05;3.054921950415294e-05;3.028124523200628e-05
310.96884807647075;2.125890217284657e-08;2.4499759374989536e-08;2.6963588835005182e-08;2.7805696844096205e-08;2.5893605886364065e-08;2.3132358634248808e-08;2.2697269370711167e-08;1.8610662798275946e-08;1.0833823829674083e-08;7.811162864152012e-09;1.002909018567666e-08;2.0169270302346763e-08;3.9697719487299235e-08;6.306872897361483e-08;8.14240618009354e-08;8.851653163241504e-08;8.05107865164311e-08;6.013808511057766e-08;3.791385025350016e-08;2.261412087889676e-08;2.2881629937799605e-08;3.7890224404093044e-08;7.186144940498152e-08;1.0817106206138515e-07;1.334444637839993e-07;1.3997458459343785e-07;1.2654862715334968e-07;9.80937127506141e-08;6.364206458022723e-08;3.583026466118292e-08;2.3866400638827648e-08;2.328207081342946e-08;2.661379713467581e-08;3.06657668229336e-08;3.374326469758466e-08;3.54838166333985e-08;3.3983461764748863e-08;3.011407093193738e-08;3.0269577525629e-08;5.2970023978662146e-08;1.7797719544549825e-07;7.485773627813234e-07;2.375077213573841e-06;5.727274938321902e-06;1.1442991913686731e-05;2.0248004738872675e-05;3.253970593788226e-05;4.830675439664172e-05;6.705894026768828e-05;8.797141532924764e-05;0.0001097400487744;0.0001305208042168;0.0001479717532285;0.0001604588913351;0.0001671375533794;0.0001680683184379;0.0001637582251329;0.0001553294658166;0.0001442115408704;0.0001315903225864;0.0001183199343818;0.0001052006229554;9.301030638853452e-05;8.234007291782206e-05;7.334331404221993e-05;6.588597142198159e-05;5.976430550298076e-05;5.490980951564652e-05;5.140049720843023e-05;4.895439225902082e-05;4.71228414954516e-05;4.590820972956514e-05;4.4986747762108166e-05;4.4070876471337446e-05;4.318590248076625e-05;4.235488163926995e-05;4.1500853373724834e-05;4.065304420237519e-05;3.9809923609231845e-05;3.919159037571584e-05;3.890523643356532e-05;3.8441188503552896e-05;3.793163081729516e-05;3.7314411366317165e-05;3.659952931277503e-05;3.581120049175936e-05;3.498830528558773e-05;3.408537013453427e-05;3.339063247979445e-05;3.29058647018539e-05;3.2616054847403394e-05;3.2453333591968945e-05;3.2341876432933905e-05;3.227075634140172e-05;3.177789771191844e-05;3.1282904686115386e-05;3.069836362784945e-05;3.012532480065085e-05;2.9642460957756708e-05;2.928120237628293e-05
313.0537118990396;4.384607078895473e-07;4.0194723828817073e-07;3.3714553119344254e-07;2.548275279534474e-07;1.688269100960821e-07;1.0683317917351352e-07;8.603518640071984e-08;9.352690200600664e-08;1.1290109825082556e-07;1.3595042617618717e-07;1.5522656633293906e-07;1.614500538703826e-07;1.4931706683123844e-07;1.2254337654090029e-07;9.190964615576133e-08;6.677082843310537e-08;5.135458620179868e-08;4.5881035260491087e-08;4.5661512339581615e-08;5.224332861412e-08;7.500766251152376e-08;1.2530297323731018e-07;2.0892877661331426e-07;3.004660823839557e-07;3.60263522734858e-07;3.715388424715889e-07;3.318025870486118e-07;2.537016280072112e-07;1.644936916973729e-07;1.0238733653135106e-07;8.447145789167332e-08;8.932164717730509e-08;9.636581355148965e-08;9.668010565624349e-08;8.713279743195159e-08;6.997223895404799e-08;5.3703319735133794e-08;4.1591563614502e-08;4.01620582975242e-08;8.387057844803935e-08;2.83876659862486e-07;9.870965071112222e-07;2.7361559824215848e-06;6.078936014700203e-06;1.1649312888964344e-05;2.0083003967127544e-05;3.1976500558349145e-05;4.742737774604951e-05;6.581009740980499e-05;8.608635345647056e-05;0.0001069157515014;0.0001267238751999;0.000143467125385;0.0001556391918436;0.0001624276979302;0.0001637327602036;0.000159674817982;0.0001510419178714;0.0001391518337581;0.0001255069468095;0.0001117279316045;9.870891788274726e-05;8.7314532165178e-05;7.790431910155161e-05;7.021236063149027e-05;6.377168968946226e-05;5.8224394943032776e-05;5.3607035096088745e-05;4.999356689333983e-05;4.734255439676131e-05;4.5352424929354326e-05;4.423953624552626e-05;4.351900333093849e-05;4.2969931877731307e-05;4.235714432213602e-05;4.153310459020231e-05;4.05702013186755e-05;3.966812371509436e-05;3.893481272282703e-05;3.835659725894381e-05;3.798540869763587e-05;3.7960257680270746e-05;3.797007527034428e-05;3.789493036352559e-05;3.753473819847206e-05;3.693826464015824e-05;3.623625849929946e-05;3.55248762052376e-05;3.491715003482965e-05;3.43572165187392e-05;3.372197468879244e-05;3.296046347578398e-05;3.224683809037076e-05;3.1614668805601936e-05;3.107759013515274e-05;3.0497628362371192e-05;3.0002747738184618e-05;2.948282679063817e-05;2.895862189943041e-05;2.849206232097812e-05
315.13791124848285;9.22763165208556e-07;8.652486532308565e-07;7.358448045937087e-07;5.552482025879274e-07;3.571205881087647e-07;2.038288242683791e-07;1.39992195898644e-07;1.613650689095933e-07;2.364939209683269e-07;3.288031018373121e-07;4.0111616729194753e-07;4.272873119102325e-07;3.949231868863298e-07;3.1181089779005257e-07;2.0791638458652385e-07;1.222327889135355e-07;7.775357423419209e-08;6.901678571355833e-08;7.821440176595576e-08;9.963228208867153e-08;1.406517007712797e-07;2.1153777459506227e-07;3.072213198999021e-07;4.049337636235439e-07;4.578863980324964e-07;4.513312926602683e-07;3.886840162265901e-07;2.891415475569132e-07;1.8854668906620625e-07;1.305178244658612e-07;1.265326196613541e-07;1.4750125665273324e-07;1.6894489639650129e-07;1.731370675024152e-07;1.5503245832699239e-07;1.195836789988554e-07;8.265487479864095e-08;5.657615581535103e-08;4.6130703014475217e-08;8.860813428112726e-08;2.855101347281151e-07;9.506689946628912e-07;2.5913409964073857e-06;5.734809848912943e-06;1.105268763615202e-05;1.939087458150636e-05;3.118708430499476e-05;4.654786928926634e-05;6.464181950067589e-05;8.43863590570184e-05;0.0001043036778232;0.0001228236035184;0.0001383741082761;0.0001496780716556;0.0001560856690456;0.0001574663768632;0.0001536306508169;0.0001450204962064;0.0001330617428999;0.0001196991282042;0.0001061039103732;9.354330811806989e-05;8.291330329951227e-05;7.443466278879046e-05;6.775630025012165e-05;6.220462194704648e-05;5.7284656456574486e-05;5.322171246701483e-05;4.996729832753571e-05;4.748665394779225e-05;4.5733585226266784e-05;4.4323959857464686e-05;4.3122989164313215e-05;4.204411409501638e-05;4.108728396183546e-05;4.027204515509854e-05;3.950847917653628e-05;3.883841006511691e-05;3.829237129812054e-05;3.802565326588764e-05;3.809784473287555e-05;3.846021688769079e-05;3.8926855370277646e-05;3.921896461161711e-05;3.910845165141997e-05;3.846186809423253e-05;3.741896246282628e-05;3.620245634388003e-05;3.480960247317115e-05;3.3434697484970434e-05;3.22028060540726e-05;3.1359910490946664e-05;3.087801241694605e-05;3.0667152807576843e-05;3.087028310661098e-05;3.1304790127730764e-05;3.1637086726837255e-05;3.173130787133235e-05;3.149878919346615e-05;3.110348329552884e-05
317.22144608617964;5.872162046645692e-07;6.041796114745705e-07;5.763783854891981e-07;4.896590683689315e-07;3.514701857076321e-07;2.128233714982887e-07;1.284398885455184e-07;1.1535006813108595e-07;1.7900881703085933e-07;2.768494476197233e-07;3.555960184661734e-07;3.878439432259964e-07;3.6646122306094556e-07;2.949313792162367e-07;1.93956728585618e-07;1.0629032757453235e-07;6.352394673787995e-08;5.4631904803293885e-08;5.931360975290416e-08;7.09436650837486e-08;9.365843414356335e-08;1.3171879580208386e-07;1.81925892010434e-07;2.2978132844770645e-07;2.557492637559851e-07;2.509725938893771e-07;2.1598960355760693e-07;1.6123162999722576e-07;1.0735462945804205e-07;7.524123565977004e-08;7.221493732513886e-08;8.978212165643836e-08;1.1262110110394386e-07;1.2540273327823578e-07;1.214697406087886e-07;1.0397619134832889e-07;8.203666200842255e-08;6.517029991099053e-08;6.278823864501422e-08;1.0124114322521506e-07;2.620562774613559e-07;8.157234772027309e-07;2.315233389756069e-06;5.4325535781905445e-06;1.0818883856872178e-05;1.9295805450668148e-05;3.125567287904664e-05;4.657692895647485e-05;6.440557902040694e-05;8.352808476556768e-05;0.0001024655350683;0.0001197052504143;0.0001339487194579;0.000144327843136;0.000150153175129;0.0001513709043797;0.0001479118049882;0.0001402785737827;0.0001297767167894;0.0001176256486413;0.0001050393300409;9.322983335633308e-05;8.300637162104878e-05;7.448837984350327e-05;6.780930600881421e-05;6.254630324867847e-05;5.833791102412892e-05;5.4781722421480414e-05;5.177256752925246e-05;4.902196988942163e-05;4.6505805933781865e-05;4.4073263693255446e-05;4.215044351795096e-05;4.074369598221045e-05;3.976925098714095e-05;3.93245965336766e-05;3.913394836250111e-05;3.883618839420553e-05;3.843696861497062e-05;3.7952712836951466e-05;3.758878999975132e-05;3.739107559656256e-05;3.724633341454113e-05;3.706542466676852e-05;3.668807139395117e-05;3.601884617062365e-05;3.507636280335176e-05;3.3968027649272856e-05;3.289227612619611e-05;3.202422607647812e-05;3.133482375259705e-05;3.126556187612548e-05;3.13868813571277e-05;3.172264653474824e-05;3.209221618814341e-05;3.228426031753365e-05;3.233761197089746e-05;3.187767276680831e-05;3.144302954955091e-05;3.103530070807728e-05
319.3043163737202;1.2517520805883353e-07;2.0417379338650058e-07;2.66409060709986e-07;2.856519740530517e-07;2.550442436914566e-07;1.8768451359676093e-07;1.144381389120994e-07;6.536321748117969e-08;6.49666515742774e-08;9.039111151452493e-08;1.1520336034347384e-07;1.2698366865157028e-07;1.2284970416599228e-07;1.0227800254059828e-07;6.81617262431619e-08;3.692974850425094e-08;2.1890319439482418e-08;1.7907285141085716e-08;1.734636906415619e-08;1.7632458255406926e-08;1.9495166436293248e-08;2.4996800219721125e-08;3.206580974239031e-08;3.847339598163448e-08;4.438773916502722e-08;4.626132418657317e-08;4.259188489775497e-08;3.4154224248718726e-08;2.4290654724510202e-08;1.5812642555502814e-08;1.2056896464892481e-08;1.681610530067784e-08;2.4961886479073962e-08;3.1910115681870786e-08;3.512609305974949e-08;3.6428558552542825e-08;3.8264115940251284e-08;4.55228719090104e-08;6.657371738635296e-08;1.1978953056989177e-07;2.8986207463540175e-07;8.515316023878293e-07;2.4106936027704755e-06;5.747493268899071e-06;1.154517484983761e-05;2.037847806887812e-05;3.2439404842821246e-05;4.7620154037406014e-05;6.501474644916348e-05;8.341622299392897e-05;0.0001013093751322;0.0001171659403709;0.000130205252876;0.0001397735784381;0.0001452657657258;0.0001468013423541;0.0001444134978665;0.0001385863611949;0.0001299463623317;0.0001194030014677;0.0001079771966729;9.642726263784956e-05;8.558073251302982e-05;7.605666365783621e-05;6.836054465944477e-05;6.263075896189289e-05;5.871327864118842e-05;5.589245996599475e-05;5.3396569133158985e-05;5.065163725662385e-05;4.7254634919370455e-05;4.406694397841592e-05;4.161214730814506e-05;4.021214601747234e-05;3.987635448555046e-05;4.032669336833252e-05;4.073346459688231e-05;4.053379566319809e-05;3.9880828045311854e-05;3.878349765304475e-05;3.75509922502072e-05;3.6419251153838325e-05;3.547215969294492e-05;3.475808178668526e-05;3.417396208792497e-05;3.372974618232344e-05;3.329245103182484e-05;3.2979323529738465e-05;3.273887552498813e-05;3.250172374612624e-05;3.2326089327325906e-05;3.2104815052858365e-05;3.1837189559502034e-05;3.175742916373427e-05;3.159219505641159e-05;3.123112131693966e-05;3.078492462270218e-05;3.023998361203848e-05;2.9704399613719416e-05;2.9376217863588828e-05
321.3865220729604;1.2685072476935717e-07;1.5481676383701706e-07;1.7747328093317837e-07;1.7756814307670837e-07;1.6800181103020342e-07;1.460581714333599e-07;1.074634016636769e-07;7.215406725786399e-08;5.4386162293810815e-08;4.716673308891634e-08;4.03903116310784e-08;3.1633338846569254e-08;2.2668186425288243e-08;1.6903420374704143e-08;1.5216750533650586e-08;2.1038370973825896e-08;3.6338180349597723e-08;5.447026804673787e-08;6.81444208955108e-08;7.205627134043907e-08;6.366020386442101e-08;4.588324822497312e-08;2.78402414401874e-08;1.6112180712408803e-08;1.0051072954956184e-08;7.557885923424794e-09;6.482379373458687e-09;5.6337988364454725e-09;4.7602738728596074e-09;4.331723327899684e-09;4.868636428789393e-09;7.878975398819707e-09;1.3271754413042462e-08;1.7964554623775513e-08;2.003949422838028e-08;1.6913587186649513e-08;1.6418253347958163e-08;2.1657070969842185e-08;3.422597499331964e-08;7.103729765220328e-08;2.0234059711833738e-07;7.389950455410977e-07;2.322476718549188e-06;5.647225578917185e-06;1.1291746904650766e-05;1.979712532388176e-05;3.152383398455518e-05;4.634650749553486e-05;6.34031208673043e-05;8.151022287229996e-05;9.932416404440293e-05;0.0001154377583917;0.0001287940254774;0.0001384900217742;0.0001441100771768;0.0001458417088033;0.0001437466206074;0.0001382573947022;0.0001302862824277;0.0001208108200536;0.0001099911646372;9.855925065131744e-05;8.730539398653067e-05;7.738325920316386e-05;6.902279819501352e-05;6.254559107211191e-05;5.774455230883889e-05;5.440748634178234e-05;5.185288898662534e-05;4.949088175541845e-05;4.71969005347184e-05;4.495352047546632e-05;4.326051098554846e-05;4.222213021027456e-05;4.179671821289135e-05;4.175413146401242e-05;4.177504544036503e-05;4.151474155746688e-05;4.075696591751092e-05;3.954298609446919e-05;3.817735733000779e-05;3.672738828614895e-05;3.5509337406376515e-05;3.465707836762901e-05;3.4301824510086205e-05;3.43000265993987e-05;3.449862881757099e-05;3.4663806859118245e-05;3.4579906756443194e-05;3.407537858110597e-05;3.319527859697057e-05;3.174485037812406e-05;3.0369980987061785e-05;2.934046528049405e-05;2.889762542989258e-05;2.907202858005737e-05;2.9478161081755978e-05;3.0151993680820464e-05;3.066954032089744e-05;3.093201614500786e-05
323.46806314596324;1.8600789311074362e-07;1.4331738947601422e-07;1.079922449076102e-07;8.379005464355899e-08;7.332149048680159e-08;7.058921726387271e-08;6.737058385466679e-08;6.885973347296326e-08;7.207550698290085e-08;7.24402461215302e-08;6.319552531593491e-08;4.674260469301444e-08;2.9235221522479854e-08;1.8388441485296847e-08;1.9975314745835158e-08;3.976298126687179e-08;7.793728439075512e-08;1.1825292699509244e-07;1.468025778071102e-07;1.5688616122329106e-07;1.4788260085301361e-07;1.250170580073287e-07;1.0111613842664429e-07;8.363290763407123e-08;6.80858728143727e-08;5.1314720674281706e-08;3.419552058338595e-08;1.808793232215937e-08;1.2329068730914283e-08;1.0457454032686126e-08;1.0942003774336396e-08;1.6719964461718674e-08;2.7695875297120892e-08;3.7416386345404193e-08;4.114927122650342e-08;3.8359894584103796e-08;3.0756736004755895e-08;2.4856333216671496e-08;4.3124234194353395e-08;1.156133481853002e-07;3.253286780252927e-07;9.528539528105752e-07;2.523884488903473e-06;5.64704350280864e-06;1.080031271609982e-05;1.8526376739477124e-05;2.93842787699121e-05;4.33640548322386e-05;6.002616598299716e-05;7.833556460775881e-05;9.70580687887304e-05;0.0001147267839079;0.0001297622403222;0.0001407127382909;0.0001468173193064;0.0001481229290356;0.000144991565268;0.0001382913198868;0.0001294804125829;0.0001191821476181;0.0001081298022896;9.706505841218751e-05;8.665037053729284e-05;7.7366069004041e-05;6.93791845749983e-05;6.279997435533263e-05;5.73902992314565e-05;5.307771630848066e-05;5.00363106009664e-05;4.804644964641636e-05;4.730223959732637e-05;4.695040051135565e-05;4.648611780883195e-05;4.5554519947627086e-05;4.407758456895706e-05;4.220336507668164e-05;4.079249632596005e-05;3.966491583026948e-05;3.877671683690594e-05;3.79721810441692e-05;3.702117683525928e-05;3.608432645202236e-05;3.5319871387514817e-05;3.478063315476593e-05;3.4844988289118e-05;3.5249150780174256e-05;3.576920940115829e-05;3.6036457319432606e-05;3.5920829716429346e-05;3.538513719846028e-05;3.42688522999623e-05;3.2607394604743976e-05;3.082925924698076e-05;2.927903090849177e-05;2.8381289309743085e-05;2.8353109438237875e-05;2.905699340641783e-05;3.018389950654271e-05;3.127180073706725e-05;3.192655044946665e-05
325.54893955504303;1.080338297825816e-07;7.93502457911231e-08;4.786263655737422e-08;3.1308992299188346e-08;2.4032071569188504e-08;2.056306787375248e-08;2.248348801178274e-08;3.372046229195326e-08;4.103583294054896e-08;4.327957158211776e-08;3.930375168362421e-08;2.988409253763349e-08;1.87193234011084e-08;1.2140854244428204e-08;1.6277222954170825e-08;3.4387684423650896e-08;6.10589509428659e-08;8.500837811438609e-08;1.0133956535033655e-07;1.1273344503292177e-07;1.237745068957439e-07;1.3358188023538484e-07;1.402483742209564e-07;1.370410669533462e-07;1.185420360898157e-07;8.81305599439641e-08;5.540020474304445e-08;3.3066266746612604e-08;2.3197650321545593e-08;2.0373337318990068e-08;2.080142491506397e-08;2.3172256092230648e-08;2.795280702490852e-08;3.408651482153264e-08;4.1753401456445755e-08;5.5570611049022886e-08;7.118964456660446e-08;8.60052131121741e-08;1.2953230051639425e-07;2.5399142291238904e-07;6.010989226554172e-07;1.404424168552715e-06;3.049376181277312e-06;6.122977760709711e-06;1.1206118998911284e-05;1.870245089803027e-05;2.8952326313734294e-05;4.2256900692965655e-05;5.84020329116791e-05;7.66140889093987e-05;9.559240279994786e-05;0.0001137230602766;0.0001292154707645;0.0001403577613783;0.0001463974807515;0.0001473333024289;0.0001437784429716;0.0001367322687063;0.0001270608311962;0.0001160968185733;0.0001048009088361;9.39765485864832e-05;8.422907934085048e-05;7.565240069614478e-05;6.844754158102264e-05;6.247520804583261e-05;5.746633503332082e-05;5.343412487583652e-05;5.033591079238936e-05;4.841096912565571e-05;4.761190576963175e-05;4.763518607446482e-05;4.737375386863217e-05;4.639581065678308e-05;4.457424372390171e-05;4.232873506089802e-05;4.00321365923132e-05;3.832098909191594e-05;3.716437741491613e-05;3.656079293001888e-05;3.617664633646186e-05;3.5873541246773e-05;3.55609423497299e-05;3.531496240553104e-05;3.514712206146831e-05;3.526420654456201e-05;3.542974418197748e-05;3.557943496409093e-05;3.559558712728161e-05;3.541037239544601e-05;3.4929021589356934e-05;3.414445164575304e-05;3.303174623310927e-05;3.176178636267223e-05;3.0669510725378534e-05;3.002543284136349e-05;2.9911545459688737e-05;3.029540076739175e-05;3.068944505223122e-05;3.1097225051991966e-05
327.62915126273947;2.2140849354523444e-08;3.2776340371623626e-08;4.8143002911832235e-08;7.230181938088872e-08;7.700857321739864e-08;6.867761662310672e-08;4.5430293475667446e-08;2.3985144538469564e-08;1.7805459245583522e-08;1.7633148242699818e-08;1.7606925083678775e-08;1.5177520424413863e-08;1.0750036860409858e-08;7.561650358960699e-09;9.013437839009166e-09;1.3582400704778873e-08;1.8423206018197128e-08;2.3197018519834812e-08;3.157326302671779e-08;4.7290131449109165e-08;6.732126552072345e-08;8.295876881022374e-08;9.19666605937759e-08;8.752389371180287e-08;7.146065727530952e-08;5.286831711316449e-08;4.312838298728549e-08;4.671830098349273e-08;6.490656956078041e-08;7.454973878060778e-08;7.550202837652944e-08;6.516243561366355e-08;4.8540163438029945e-08;3.3067456604413264e-08;4.0882045153303976e-08;6.881870145510056e-08;1.0708014168753656e-07;1.4502897320028396e-07;1.8663533165142e-07;2.648732432167356e-07;5.264737297526313e-07;1.1999576306052662e-06;2.7038995229266543e-06;5.6295138324273724e-06;1.0660303136030893e-05;1.8167809713203263e-05;2.8584988427108265e-05;4.19880245083528e-05;5.803299357202765e-05;7.58746896950375e-05;9.41165525777595e-05;0.0001110407198244;0.000124844562376;0.0001343313706332;0.0001391556303865;0.00013964117099;0.0001364513436262;0.0001301732226506;0.0001211844886554;0.0001107577070396;9.986351536965188e-05;8.930998235562177e-05;7.974536763221921e-05;7.156688473865864e-05;6.490064818111225e-05;5.987668361902701e-05;5.586763076105123e-05;5.255705395260757e-05;4.989750334271954e-05;4.805593033671629e-05;4.666334222689564e-05;4.569927536139016e-05;4.492109705928041e-05;4.400128389289686e-05;4.270117514425232e-05;4.106900324769627e-05;3.928389628714893e-05;3.811670969664048e-05;3.744881258606248e-05;3.715248949934668e-05;3.686825873056292e-05;3.62928405273668e-05;3.543806563092874e-05;3.445186327225125e-05;3.354559325684146e-05;3.319737885718365e-05;3.33455174598107e-05;3.3635293964667765e-05;3.3706128567118064e-05;3.348533335322295e-05;3.2937331344796164e-05;3.2199851388998576e-05;3.1463146425903934e-05;3.0856994571670346e-05;3.043312115506146e-05;3.01643633705164e-05;2.9932761619163272e-05;2.9730439944448075e-05;2.9623076248482653e-05;2.955677135473176e-05
329.70869823182875;2.259414021916637e-08;4.4804026819671e-08;8.261571630710899e-08;1.175131003317146e-07;1.3431893775469133e-07;1.298467406654792e-07;1.0519091768714445e-07;7.124991233427224e-08;4.6653505891947034e-08;3.596933026770207e-08;3.0481332715763176e-08;2.543302149288041e-08;1.9302949636261293e-08;1.41843494538772e-08;1.5249524143206727e-08;2.5646474267042048e-08;4.0825482825740866e-08;5.8758383871877696e-08;7.572726036558899e-08;8.48264234083975e-08;8.09378571409306e-08;6.899406850785721e-08;5.2294536588558154e-08;3.386841106518511e-08;2.1336645462533118e-08;1.9047632458897584e-08;3.282992810781644e-08;6.409646286860121e-08;9.987330221652085e-08;1.2409093079384545e-07;1.2809202996782366e-07;1.1038161643931745e-07;7.894394220744122e-08;5.30924685210974e-08;5.28540244200312e-08;8.14123548877454e-08;1.1980194926090378e-07;1.579635402067354e-07;1.8629252923852053e-07;2.1040767960753278e-07;2.937714482155034e-07;6.00746152611498e-07;1.6055450897986795e-06;4.083241117460928e-06;8.762419126889708e-06;1.6174611843746117e-05;2.662123291320686e-05;4.021683778358954e-05;5.608807777198876e-05;7.324006885091634e-05;9.01081060170281e-05;0.0001050332242833;0.0001169258300597;0.0001250308105026;0.0001289370107984;0.0001289865711056;0.0001257368621887;0.0001196390104549;0.0001113549648976;0.0001017734332434;9.17539362932513e-05;8.214066903885808e-05;7.363580915738311e-05;6.660492107282978e-05;6.1016233502911695e-05;5.66561054205607e-05;5.315385063926458e-05;5.000216372105324e-05;4.737015896976084e-05;4.541098357725871e-05;4.386329052659188e-05;4.268573811118815e-05;4.2128419566307614e-05;4.159168596296639e-05;4.091558595643368e-05;4.021429293058636e-05;3.958015960343398e-05;3.888519767311247e-05;3.821088095452176e-05;3.7531870851156544e-05;3.648016525996134e-05;3.495620317365095e-05;3.335229535439988e-05;3.204541243613763e-05;3.126173579957105e-05;3.096449107490178e-05;3.110959293755659e-05;3.1284775721989465e-05;3.120230158096596e-05;3.076382765544295e-05;3.007993051839264e-05;2.9239456939955436e-05;2.8586249737868013e-05;2.8202036736068203e-05;2.8046374365178325e-05;2.8000131561839937e-05;2.7949432378309158e-05;2.78507829137442e-05;2.770818253074852e-05;2.747561004048413e-05
331.7875804253199;1.698654974366811e-07;1.406048803843626e-07;1.2446388097319608e-07;1.1216020220284693e-07;1.1388618541360673e-07;1.2009708840290397e-07;1.401317207395465e-07;1.6374685707943925e-07;1.8211610555788845e-07;1.902850430500016e-07;1.7741382270551946e-07;1.4422885658877834e-07;1.0099150776352302e-07;6.424150750102881e-08;4.893476584415269e-08;6.011081160642689e-08;8.712803417270319e-08;1.1422563721083541e-07;1.2838527839606445e-07;1.2384446275850216e-07;1.0335212724345533e-07;8.304755262969086e-08;7.346924524697478e-08;9.124576295829997e-08;1.0638811027412257e-07;1.1242994356332413e-07;1.0756577384686683e-07;1.0191369439516681e-07;9.10213627755339e-08;8.578574233647256e-08;8.639325205628928e-08;8.560507879566819e-08;8.502179951723612e-08;9.4868625573575e-08;1.1376134186082729e-07;1.4420912082308865e-07;1.6803199110807029e-07;1.7815249466037945e-07;1.8254281751836047e-07;2.0734461956200205e-07;3.019104639901279e-07;5.726093329007139e-07;1.4127479260056409e-06;3.637353290206747e-06;7.994020883521497e-06;1.5040900570024115e-05;2.4949507869582992e-05;3.771070287764325e-05;5.2565837016032096e-05;6.838096546783332e-05;8.381550233088756e-05;9.764851583862968e-05;0.0001089775114654;0.0001170625697576;0.0001212562471127;0.0001215278342253;0.0001181820105008;0.0001116340490646;0.0001027736027069;9.2934706716576e-05;8.35941925521202e-05;7.54289124660992e-05;6.872007374615237e-05;6.352174638174992e-05;5.91890093430494e-05;5.546826079649683e-05;5.203627133077474e-05;4.873386495328213e-05;4.5787737484458986e-05;4.340766927236201e-05;4.1688699904048006e-05;4.060621123803824e-05;4.012575618165068e-05;4.0098748202831e-05;4.0291563858897817e-05;4.042992496794556e-05;4.017944690597186e-05;3.927734782777281e-05;3.785738545991499e-05;3.600339348546718e-05;3.4122693075651445e-05;3.246906400336332e-05;3.125249614813637e-05;3.0678966841561774e-05;3.0452183017694328e-05;3.0304250314264345e-05;3.0192650391151968e-05;3.0127709462879868e-05;3.012486809960009e-05;3.0007636103009404e-05;2.9885466688588584e-05;2.960215306812037e-05;2.918271756974644e-05;2.8661553724864072e-05;2.8123712632495e-05;2.765039769416988e-05;2.728621957824277e-05;2.7021886167281538e-05;2.683118430160224e-05;2.66869385091515e-05
333.8657978064512;3.324462821082652e-07;2.6897572694242053e-07;1.983004974470119e-07;1.3609191662887118e-07;9.908819478838097e-08;1.011715206808603e-07;1.4099230872638785e-07;2.121868439486937e-07;2.867279453109274e-07;3.268860063732908e-07;3.148935232834333e-07;2.584575036190396e-07;1.814028821200097e-07;1.1294563317189569e-07;7.576300876870943e-08;7.11447458244025e-08;8.7416184585919e-08;1.1147815795051737e-07;1.2576396474817765e-07;1.230456512096277e-07;1.1065907586173617e-07;9.876797900835327e-08;1.146223538981234e-07;1.587395952789547e-07;1.966266299114368e-07;2.0703936712817354e-07;1.8305386819916653e-07;1.3020380653834622e-07;7.560678664937033e-08;4.55184547489367e-08;3.935221367055426e-08;5.3116218700937843e-08;8.310576099748003e-08;1.1790507758839376e-07;1.4945208016543306e-07;1.695828183872688e-07;1.7089963458850602e-07;1.658308051247205e-07;1.8765616579939834e-07;2.920275432892741e-07;5.360681705545129e-07;1.021791785627482e-06;2.050490896455832e-06;4.337764516364472e-06;8.602234361241627e-06;1.531824731918347e-05;2.456130359738024e-05;3.616294924774659e-05;4.942399967409629e-05;6.335995735924117e-05;7.708565161674752e-05;8.976565795484026e-05;0.000100768555227;0.0001095045495281;0.0001148134233283;0.0001160837094653;0.0001132527256038;0.0001069277635186;9.830450629638385e-05;8.898195800769227e-05;8.031131589359469e-05;7.293877828704638e-05;6.695812918666537e-05;6.216771152511212e-05;5.822738112425231e-05;5.485266763200031e-05;5.170147761634407e-05;4.864378030680775e-05;4.583710854918524e-05;4.338547007326843e-05;4.134276278934899e-05;3.974291126239869e-05;3.8491051549321e-05;3.795378298003715e-05;3.796520000316195e-05;3.797839252600617e-05;3.776147870361647e-05;3.69973814546112e-05;3.562984940096641e-05;3.382356054412272e-05;3.2196893727625165e-05;3.120142928065088e-05;3.07488095215074e-05;3.0728881066523255e-05;3.0837425806077595e-05;3.0894547588444375e-05;3.08970165467484e-05;3.094042036059357e-05;3.1112410020413295e-05;3.141091496979082e-05;3.169163856438499e-05;3.1786549282597464e-05;3.158699895287976e-05;3.108452367102428e-05;3.0366631073676528e-05;2.956135304612895e-05;2.8789763209654687e-05;2.8132374358280077e-05;2.762225980672985e-05;2.725824688570629e-05
335.9433503386936;2.383554968056203e-07;2.2187927301446802e-07;1.902327168159509e-07;1.508725072856788e-07;1.1950562894462026e-07;1.1046734726621247e-07;1.289393099025848e-07;1.6950765469127198e-07;2.0222839417058677e-07;2.073348162653232e-07;1.85372154576814e-07;1.4991201015730086e-07;1.137878045400439e-07;7.992884351879046e-08;5.7876017325842296e-08;5.2829075198266216e-08;6.560214217912205e-08;9.168336957775521e-08;1.2322293762227977e-07;1.484410306350339e-07;1.560473765273011e-07;1.463359552210764e-07;1.379868747666174e-07;1.357867835409395e-07;1.320455867727163e-07;1.224257908601159e-07;1.0458597215446217e-07;7.868482952718622e-08;5.4939911999492144e-08;5.600103431208311e-08;6.788945568497344e-08;8.41981061696623e-08;9.89643917925458e-08;1.073355847485002e-07;1.0229815499867569e-07;9.397889553764065e-08;8.793284243897905e-08;1.0090922617394088e-07;1.6954318529087769e-07;3.029718765469839e-07;5.152998862523355e-07;9.373084892584442e-07;1.936615413193617e-06;4.255918271611965e-06;8.582137639376859e-06;1.536110269275967e-05;2.428560750918639e-05;3.5031641685772345e-05;4.6749021632951767e-05;5.866033463945977e-05;7.040374668979921e-05;8.176056417711201e-05;9.194441059406184e-05;0.0001003027000315;0.0001058431097925;0.0001078632202611;0.0001065127907909;0.000102128993419;9.560379820825832e-05;8.796195815065958e-05;8.014376481991884e-05;7.287632962481301e-05;6.646721512484959e-05;6.095051797340988e-05;5.640730146931591e-05;5.265672640053404e-05;4.955904046450267e-05;4.6925012733436656e-05;4.461581000943976e-05;4.246188189151771e-05;4.053064211101532e-05;3.878025887609684e-05;3.726783000961034e-05;3.609139954474768e-05;3.537927028190721e-05;3.512585137359768e-05;3.5101529928216205e-05;3.5116859865914345e-05;3.47662350828171e-05;3.413576095000659e-05;3.340225741134938e-05;3.2811914269242245e-05;3.251763327619067e-05;3.247821159887125e-05;3.256233233790498e-05;3.2597976179959315e-05;3.253308303792271e-05;3.244515705729315e-05;3.244746790711756e-05;3.264907804866594e-05;3.284078256550152e-05;3.299442301339871e-05;3.28599955890668e-05;3.236799774991385e-05;3.156453030204901e-05;3.0575859195117205e-05;2.9580301960456603e-05;2.8705721656882232e-05;2.800076931528377e-05;2.748750625428949e-05
338.0202379857619;1.395719807532618e-07;1.440445563530929e-07;1.413142268176668e-07;1.4348281193983114e-07;1.584656145252285e-07;1.786084759115262e-07;1.944179500612699e-07;1.8919177738768645e-07;1.5818004144230837e-07;1.1035969190957932e-07;6.875972587091676e-08;5.415142897873427e-08;6.40377241734821e-08;7.805698643959743e-08;8.198484864115287e-08;7.808417868576266e-08;7.540122506418879e-08;8.013696871517174e-08;1.0477511756673358e-07;1.436119842146597e-07;1.695684067066941e-07;1.697481649647033e-07;1.448636252697544e-07;1.0527963507951147e-07;6.436024669556054e-08;3.612527714608785e-08;2.476953773458572e-08;2.609610097530423e-08;4.026394537531936e-08;6.747189575728234e-08;9.827746867117378e-08;1.1738844979863753e-07;1.1671733246683175e-07;9.783470637638545e-08;7.000597465568272e-08;4.737185216063889e-08;3.9069051361168414e-08;4.7242520131193374e-08;9.028736170510213e-08;1.4895115657882685e-07;2.549798739591923e-07;5.879416656535979e-07;1.5713995393996852e-06;3.849712738749918e-06;7.995826659995946e-06;1.4239292606483695e-05;2.254662665983444e-05;3.237326214289223e-05;4.336053969155591e-05;5.502439040734421e-05;6.688286571168695e-05;7.819813850998954e-05;8.80150700061698e-05;9.567191471724514e-05;0.000100597593991;0.0001025724579481;0.0001015966195681;9.81052722223297e-05;9.29608022498112e-05;8.670267210689938e-05;7.977311528810431e-05;7.266879779261222e-05;6.579470265666942e-05;5.944453881658787e-05;5.3941710337081125e-05;4.948287890683534e-05;4.608951289028916e-05;4.366215221493721e-05;4.192967651797739e-05;4.046044851998839e-05;3.918247533601455e-05;3.80208530661158e-05;3.700881903082562e-05;3.621858431472085e-05;3.582068691002263e-05;3.583329489896826e-05;3.6118181760167005e-05;3.645622775295661e-05;3.657463927689171e-05;3.632897634920436e-05;3.576086384866848e-05;3.5046265433226576e-05;3.438418984524344e-05;3.379602832103303e-05;3.330955743693018e-05;3.286821643320766e-05;3.24029725156597e-05;3.193465917112858e-05;3.152986402201235e-05;3.125258797730102e-05;3.107031732600897e-05;3.0882044506132e-05;3.05796050535634e-05;3.0111412450733723e-05;2.9488036844465904e-05;2.87670121974042e-05;2.803758612638704e-05;2.738482187547072e-05;2.685583508160777e-05;2.647063142345919e-05
340.0964607115929;1.587109543594588e-07;1.543039072298553e-07;1.4632293079738362e-07;1.4440718774511185e-07;1.6463089163508136e-07;1.994024337213286e-07;2.175876829907945e-07;2.0136877075235517e-07;1.6195487672871705e-07;1.1292484949449037e-07;7.554113778554142e-08;7.288952697251225e-08;1.0618641597063538e-07;1.5426558280194947e-07;1.7424808586029487e-07;1.6542461949258747e-07;1.3185477215384498e-07;9.077102595807567e-08;7.269356732274538e-08;8.556192600776642e-08;1.1795853440229235e-07;1.4776797407973416e-07;1.7054353060546453e-07;1.6181697401170677e-07;1.3766933524242616e-07;1.0312774583433384e-07;6.75922420140868e-08;4.3739021103930356e-08;3.90536331769341e-08;5.1363192274099296e-08;6.689004692420521e-08;8.139707549266596e-08;9.150803708562605e-08;9.055382823046484e-08;9.023924035171173e-08;8.849184419935931e-08;8.17299323659642e-08;7.11662228611827e-08;7.375878861130114e-08;1.2949463931062977e-07;3.187478606162509e-07;8.100829650358566e-07;1.951552832641607e-06;4.1353518105300365e-06;7.685046581634183e-06;1.2910211548543896e-05;2.0159748478923617e-05;2.951545520006815e-05;4.074044381937699e-05;5.326215022629436e-05;6.615596029576225e-05;7.835620844377553e-05;8.882945276346139e-05;9.656650112570648e-05;0.0001009971797589;0.0001021593142763;0.0001002938250129;9.607001962113044e-05;9.05786457694212e-05;8.461171979534971e-05;7.815872599659183e-05;7.145122873047051e-05;6.481144391901004e-05;5.8480120012766735e-05;5.305702441334231e-05;4.869535431089876e-05;4.545384474748785e-05;4.32170742786394e-05;4.167877367869938e-05;4.042620642363246e-05;3.922182599254275e-05;3.816089006872413e-05;3.7418112352862026e-05;3.71037803422961e-05;3.72261970692766e-05;3.753554834579481e-05;3.771556829977718e-05;3.759886505541475e-05;3.6998065448980254e-05;3.6073993808195614e-05;3.510188229858463e-05;3.4205605058197164e-05;3.342112528377247e-05;3.273669275338797e-05;3.209753148095178e-05;3.143681305204473e-05;3.0744838493615526e-05;3.0036957033186957e-05;2.935975409533665e-05;2.877964849704424e-05;2.833589667925888e-05;2.801756717988385e-05;2.7829390867619115e-05;2.7685507259978952e-05;2.7485898719782627e-05;2.7152567656409715e-05;2.6666671787262563e-05;2.6124849354987583e-05;2.564371921302583e-05;2.5290374975356843e-05
342.1720184803489;7.93650980831868e-08;7.71322941695115e-08;7.28538314302831e-08;7.004043438872615e-08;7.286559485091746e-08;8.132697300158814e-08;8.651923306855377e-08;8.164473355176733e-08;6.709534879370171e-08;4.903435165483527e-08;3.8486007479550096e-08;5.38427793954961e-08;9.787452224226109e-08;1.42682796145779e-07;1.6452791318451893e-07;1.5725424892700282e-07;1.2349552493309025e-07;7.578052436028651e-08;4.324505283063082e-08;4.2283325698684976e-08;7.232129945550164e-08;1.2903767957128896e-07;1.8463000437187777e-07;2.1432598907941627e-07;2.0752270984309853e-07;1.671194591720501e-07;1.0777632624592207e-07;5.85825763701368e-08;3.3865232016625715e-08;2.527537560086996e-08;2.4057702243942253e-08;3.094499291352563e-08;4.9272446405970956e-08;7.726374856444683e-08;1.095091097383657e-07;1.3274166523571536e-07;1.4584150831887228e-07;1.6155066104960561e-07;2.0402245014973474e-07;3.260623001655536e-07;5.950159527851386e-07;1.1410415219601264e-06;2.2548556822588496e-06;4.196934334250158e-06;7.320257788184551e-06;1.2088112427623963e-05;1.9049494264136503e-05;2.8352583480958345e-05;3.97251679348257e-05;5.252965991064542e-05;6.573482544611938e-05;7.81080611848164e-05;8.850315807879589e-05;9.601399634562638e-05;0.000100043636573;0.000100774064688;9.889483599185248e-05;9.490494447561706e-05;8.951718314858883e-05;8.345693867024843e-05;7.702743193351317e-05;7.053289073855195e-05;6.428827309062534e-05;5.859793011971191e-05;5.376847748526483e-05;4.998236067865726e-05;4.72099667633856e-05;4.520989391679057e-05;4.361744538357e-05;4.205640621454223e-05;4.035467813196976e-05;3.871519637011019e-05;3.754453285239723e-05;3.6974471431039065e-05;3.688248464973246e-05;3.707685531008775e-05;3.713230655568175e-05;3.666117001056278e-05;3.566727807477018e-05;3.44327271057851e-05;3.3298729770440873e-05;3.244279540766272e-05;3.199096161537236e-05;3.172560021818353e-05;3.148102270928758e-05;3.1210369620415886e-05;3.072320199467642e-05;2.999597456856847e-05;2.9093088245231425e-05;2.8163114985886502e-05;2.746440240889588e-05;2.7197071041274897e-05;2.739748029239032e-05;2.790266671911016e-05;2.837944777481893e-05;2.852026603343808e-05;2.8204648184495067e-05;2.758749768446296e-05;2.68066880819052e-05;2.611521398817445e-05
344.2469112564286;7.491701847852931e-10;1.265702577459381e-09;1.7847396046222196e-09;2.192346435296328e-09;2.262575656684205e-09;2.153800993891588e-09;3.289902059096569e-09;1.0624362745573236e-08;2.3299223238466705e-08;3.977129527214877e-08;5.5075319239593395e-08;7.024814043423722e-08;8.325987779340906e-08;8.410761126513005e-08;7.750020878869834e-08;6.102403239831984e-08;4.5270501988358e-08;2.9905875935204875e-08;2.1927374030191704e-08;2.67779640458032e-08;4.212487732143069e-08;7.574791441260693e-08;1.0280648082386533e-07;1.1510512196296883e-07;1.084033580777299e-07;8.640768999765164e-08;5.6890402358209245e-08;3.2632513296677385e-08;1.925103414035821e-08;1.1984140751712662e-08;9.671836378767933e-09;1.0727637317440046e-08;1.9510993450319057e-08;4.2628355879713166e-08;7.659385465998608e-08;1.1209858265010955e-07;1.5311090079153877e-07;2.0973697882292837e-07;2.8565534849304066e-07;3.920602822277698e-07;5.760261480754485e-07;9.48809671342616e-07;1.7592172907296798e-06;3.4505412291613206e-06;6.564674340400875e-06;1.1438714360164251e-05;1.8444815235764988e-05;2.762892318688212e-05;3.858441428850271e-05;5.079584697694229e-05;6.326761360285284e-05;7.46572391543176e-05;8.422983016819311e-05;9.135406169181646e-05;9.564505345815488e-05;9.722764357353788e-05;9.622644347632327e-05;9.333424366969794e-05;8.881197946067763e-05;8.302074696420651e-05;7.64409427174256e-05;6.968548910431504e-05;6.337659450536434e-05;5.7990227862128816e-05;5.375219777618677e-05;5.029547489008558e-05;4.7553158682312296e-05;4.517836043955278e-05;4.3204987572245405e-05;4.139764177010354e-05;3.968232484611734e-05;3.811566070778775e-05;3.688360384638568e-05;3.610597765087631e-05;3.583333105059188e-05;3.585063289025297e-05;3.58378797234442e-05;3.543546147346959e-05;3.4791542450000635e-05;3.393270269937204e-05;3.301353008448448e-05;3.2307906470106856e-05;3.1938956458230886e-05;3.1772055044017094e-05;3.179239869127624e-05;3.185366896741741e-05;3.174808065245048e-05;3.127939347624532e-05;3.038712728624108e-05;2.92272743316528e-05;2.810926565095176e-05;2.768636935872175e-05;2.8086721027170853e-05;2.913440527877042e-05;3.0348036882857576e-05;3.103894694507432e-05;3.096423105543381e-05;3.034937042400053e-05;2.95157149561335e-05;2.8778939250905077e-05
346.32113900447075;7.195571211400894e-08;4.7937441880374036e-08;2.8761890617222722e-08;1.911855625120873e-08;2.1401279437416847e-08;3.6884060384737393e-08;5.89336646246336e-08;9.065584603198149e-08;1.2817778704518626e-07;1.620492389267626e-07;1.7746072060111625e-07;1.6822972747591674e-07;1.390721610262772e-07;9.912568768443605e-08;5.8404530910727854e-08;2.8612081200237088e-08;1.6971061067946862e-08;1.7380406351552532e-08;2.44314322629912e-08;3.418750492830139e-08;4.0813114772402594e-08;4.155534107381554e-08;3.6121739352361455e-08;2.61297760765836e-08;1.61312375386882e-08;1.1137260955779037e-08;1.0679034818584082e-08;1.1153224016924904e-08;1.1814616861995794e-08;1.5119378463555452e-08;2.341029584838516e-08;3.725674994696882e-08;5.8131830750071424e-08;7.593910587628945e-08;9.697143678469967e-08;1.2180219330594624e-07;1.4584955767817246e-07;1.7935944110324005e-07;2.301039578799338e-07;3.113964698254639e-07;4.687954260785586e-07;8.477698066747612e-07;1.6647750974137429e-06;3.4176118238160725e-06;6.516470354860398e-06;1.125496958981684e-05;1.7968560965392283e-05;2.6659259118263267e-05;3.7042419752856255e-05;4.848294793724225e-05;6.0186024499766686e-05;7.14885440072242e-05;8.12067848217265e-05;8.87944533422741e-05;9.355222904251038e-05;9.534258790940244e-05;9.438678382002072e-05;9.11785071630507e-05;8.593712261407593e-05;7.985675049394484e-05;7.339720668727182e-05;6.711228466281253e-05;6.146622398688035e-05;5.683785741697847e-05;5.293009245691534e-05;4.966390728542855e-05;4.674851017377521e-05;4.377355486657407e-05;4.111766332671846e-05;3.890779041414803e-05;3.727690845235108e-05;3.624056881644153e-05;3.564882688463445e-05;3.5398148063867254e-05;3.538316621379381e-05;3.531215926381392e-05;3.503594387424395e-05;3.452274581913668e-05;3.39570470001449e-05;3.3392480639304244e-05;3.293552878783424e-05;3.2695578027968126e-05;3.246934495620759e-05;3.231569509953935e-05;3.224655045925459e-05;3.204049243828439e-05;3.171098906644754e-05;3.112748460311103e-05;3.0225142623772502e-05;2.911256850098102e-05;2.8167049897726772e-05;2.77510160207233e-05;2.8047183523953024e-05;2.906697117094742e-05;3.0262854938796843e-05;3.1169925618665454e-05;3.1505385069467825e-05;3.131191697238833e-05;3.095623506140471e-05;3.078099092933025e-05
348.3947016893326;2.6735050016234465e-07;2.234537864130477e-07;1.6796625326300545e-07;1.1370494382153822e-07;8.34211356281077e-08;9.015756980626938e-08;1.2197850692675184e-07;1.614750095830975e-07;1.9827610633561664e-07;2.1705660040849425e-07;2.0952518691964906e-07;1.8018210036177226e-07;1.3997522270498816e-07;9.725639404626485e-08;6.657943121756738e-08;4.946796367210474e-08;4.3104974776877456e-08;4.494421380189514e-08;5.0995151692557325e-08;6.100727590460894e-08;7.44209126990429e-08;8.652816381680578e-08;9.07881309238405e-08;8.411339984272205e-08;6.900102217775109e-08;5.02499349933119e-08;3.343003302827561e-08;2.224235669198818e-08;1.935385150643845e-08;3.0083044859100883e-08;5.542463746495323e-08;9.135394622746392e-08;1.3773253423633726e-07;1.9647271114675587e-07;2.487728103805495e-07;2.6773101348981655e-07;2.545302154638353e-07;2.251048490448903e-07;2.1001799551518646e-07;2.762606196021756e-07;5.027192447433854e-07;1.0123198509942069e-06;2.053790508797861e-06;3.928796915580221e-06;6.900194378018081e-06;1.1300859468332694e-05;1.7609957791363064e-05;2.5992830931550588e-05;3.6243477187435865e-05;4.7719858642075445e-05;5.979111444493189e-05;7.15161021001949e-05;8.192158694771397e-05;8.995229232383999e-05;9.473044585089564e-05;9.604324072028964e-05;9.413837249150413e-05;8.973951073190282e-05;8.394511320741646e-05;7.775818335150298e-05;7.167147184564745e-05;6.598746595670434e-05;6.08747818807916e-05;5.643195614960416e-05;5.254170516734919e-05;4.916420475638399e-05;4.611395884357104e-05;4.3289214181638976e-05;4.072582544680949e-05;3.861430455422896e-05;3.704572117031129e-05;3.604703495556816e-05;3.551550701288536e-05;3.526400343131882e-05;3.504342545625014e-05;3.478471823156913e-05;3.442234094735994e-05;3.398197196079811e-05;3.354377054067063e-05;3.3207682705700765e-05;3.3044029222905085e-05;3.2967474932402336e-05;3.275143633638364e-05;3.24514923857706e-05;3.164740938132491e-05;3.074403498481831e-05;2.981965978346509e-05;2.904157899037103e-05;2.848248294328004e-05;2.810348135823139e-05;2.7952899305931867e-05;2.7981981594967396e-05;2.81040220610617e-05;2.838394164604063e-05;2.882095504681378e-05;2.9451013224514182e-05;3.0103691132456668e-05;3.067303141262277e-05;3.10256466601259e-05;3.12461821166279e-05
350.46759927610765;3.841571789524953e-07;3.631921897219018e-07;3.051365692944152e-07;2.162609641324213e-07;1.3469741447081326e-07;9.64521700609635e-08;8.985146763516102e-08;9.89616368413724e-08;1.1257847381046984e-07;1.2435189107976637e-07;1.251066659576324e-07;1.1177446186132434e-07;8.993864173174077e-08;6.956322451831925e-08;6.315912222945488e-08;7.467171686845229e-08;9.670527958214805e-08;1.208876616033609e-07;1.3810714049482268e-07;1.4813050126578502e-07;1.5663109774295126e-07;1.637835807889859e-07;1.6408425046072534e-07;1.5223945774269766e-07;1.2729178165918314e-07;9.262562262038087e-08;5.9186203456615325e-08;3.829201694217219e-08;3.668273217003126e-08;5.839453619669614e-08;9.185293938050133e-08;1.2613521205565754e-07;1.671738380602875e-07;2.4766811508430104e-07;3.259628711613421e-07;3.5990094711302065e-07;3.484555534094827e-07;2.930172377079405e-07;2.165033262899207e-07;1.925253539996936e-07;3.401566478279117e-07;7.450319417126019e-07;1.6873750566715606e-06;3.523291626343097e-06;6.666508768512022e-06;1.140183716819268e-05;1.8163906295395538e-05;2.704666424548806e-05;3.758568449621207e-05;4.907144234955524e-05;6.060031142732412e-05;7.142447485701935e-05;8.082865640703896e-05;8.768341162500195e-05;9.191785039466038e-05;9.350662949180732e-05;9.23951059403774e-05;8.914793429687807e-05;8.459180401762477e-05;7.905094089494447e-05;7.308436998127669e-05;6.706160547625769e-05;6.131381513877892e-05;5.619995698430116e-05;5.199424793830702e-05;4.851707753469096e-05;4.5618460749121645e-05;4.339264782117216e-05;4.1720713292398034e-05;4.0372325003492325e-05;3.919497411234102e-05;3.805880365455792e-05;3.6899524685360494e-05;3.578144472514285e-05;3.4854629233423506e-05;3.424844692715836e-05;3.402730351954822e-05;3.4034112128436696e-05;3.409261817923833e-05;3.40041014382916e-05;3.360955406035891e-05;3.2996623794365494e-05;3.216548510785452e-05;3.115990038423967e-05;3.0084537084020736e-05;2.9182284120173297e-05;2.8445668933522414e-05;2.8281872080257095e-05;2.856383100938664e-05;2.901578554923517e-05;2.9317972177560247e-05;2.9264821913195767e-05;2.8838234609446847e-05;2.832473261747225e-05;2.7937337442894357e-05;2.7894041865074095e-05;2.8170112961786053e-05;2.8652945189258505e-05;2.9121644704200183e-05;2.9336949715373345e-05
352.53983173011875;3.472202811282446e-07;3.429623548997169e-07;2.9555112138011854e-07;2.1009959245851795e-07;1.256821397396031e-07;7.022806491362545e-08;4.320705193964288e-08;3.33891076670961e-08;3.4330275512883296e-08;4.87425534494854e-08;6.668953768145894e-08;7.607001435592458e-08;7.28531135942235e-08;6.003402822215328e-08;5.377838940020757e-08;7.31642361283843e-08;1.131457203662378e-07;1.5883346494947866e-07;1.9138745012990318e-07;2.000627563325309e-07;1.8667511518877176e-07;1.6127178243960734e-07;1.328741473678317e-07;1.0593223563285457e-07;8.135746232361529e-08;5.870839517597109e-08;4.042677032264117e-08;3.2226985266208353e-08;4.1981153785908796e-08;7.417398512519545e-08;1.0958559556830025e-07;1.3087428009560677e-07;1.4170209966215278e-07;1.5572742472102105e-07;1.712220530895241e-07;1.809651201687057e-07;1.8206296881726394e-07;1.657545392028463e-07;1.3677443431997444e-07;1.1743366056502809e-07;1.9141119215703586e-07;4.7037852407438156e-07;1.258824718965288e-06;3.068692767603678e-06;6.404264797674058e-06;1.1828987158900802e-05;1.9401964005893564e-05;2.8882046200302257e-05;3.957227701272422e-05;5.066080845465604e-05;6.12129369331525e-05;7.059507534839081e-05;7.847535038604347e-05;8.452129492821232e-05;8.854446265048879e-05;9.047411602406216e-05;9.028023471609588e-05;8.811907525738225e-05;8.427202076527978e-05;7.912716014734961e-05;7.324757443498837e-05;6.714171608872778e-05;6.115115504116204e-05;5.575229269931524e-05;5.12537529155175e-05;4.775362097787748e-05;4.514456543334771e-05;4.331635182814904e-05;4.192876477543659e-05;4.080174577201713e-05;3.974559361236889e-05;3.858657739984135e-05;3.729781222118383e-05;3.603621984177173e-05;3.5067105474825944e-05;3.466048349425385e-05;3.4678260627623984e-05;3.4803136547075776e-05;3.466066914231412e-05;3.393526145298152e-05;3.2820400766508224e-05;3.1594184524094304e-05;3.058662509531478e-05;2.984601054697191e-05;2.9616279700973048e-05;2.960663547753729e-05;2.9762721951621875e-05;3.0096389649237915e-05;3.046741194985736e-05;3.065835211099382e-05;3.0532667700045344e-05;2.9914728317075213e-05;2.9082444401103214e-05;2.8280156764451765e-05;2.764809436254878e-05;2.7227005617987543e-05;2.7019277592546355e-05;2.6867428284488853e-05;2.683092319651374e-05;2.680664220320654e-05
354.6113990169106;2.814722907883422e-07;2.4941002292794104e-07;1.950219855323773e-07;1.365000941549897e-07;8.71857617561367e-08;5.146203585424203e-08;3.721821746276125e-08;3.0900780968902224e-08;2.7669873829297373e-08;2.8436509425196485e-08;3.3127590802257e-08;3.7880346532908314e-08;3.890399015897161e-08;3.3752774513788486e-08;2.8755078272175257e-08;3.379537167191766e-08;5.167009436905479e-08;7.403780728336417e-08;9.072976887243894e-08;9.359208914379913e-08;8.140864869128519e-08;6.08591878522601e-08;4.0011100823309194e-08;2.419798922669965e-08;1.4975295248860766e-08;1.0841456675386132e-08;9.384534134259533e-09;1.0605460172269009e-08;1.8345197949580605e-08;3.599822132432609e-08;5.452572090138964e-08;6.308780915645782e-08;5.9331914496156336e-08;3.900338341360212e-08;2.0508892416178032e-08;1.2451688912695373e-08;1.5899915895985492e-08;3.0471231544210674e-08;6.6696080074764e-08;1.4496844854199586e-07;3.130465530229373e-07;6.688278724267846e-07;1.395831808447887e-06;3.1019854625089115e-06;6.265978563674088e-06;1.1431541142490094e-05;1.8536006827956627e-05;2.748837588372912e-05;3.772727633809205e-05;4.8584396654648384e-05;5.934817417433198e-05;6.904522683115152e-05;7.730183111853182e-05;8.374337084183833e-05;8.788738877212213e-05;8.965014806367148e-05;8.918943904970572e-05;8.68346864067721e-05;8.301424421285106e-05;7.801782779867265e-05;7.240793706049593e-05;6.648137753488159e-05;6.05741408025195e-05;5.488703727148177e-05;4.99543093208054e-05;4.6275732389887886e-05;4.376991564220942e-05;4.220655893740258e-05;4.094370167497789e-05;3.980586602721267e-05;3.85383973596931e-05;3.721595043444556e-05;3.6053746387355705e-05;3.5379312593521734e-05;3.524901507638758e-05;3.55738745041441e-05;3.587018601439102e-05;3.5732765651802257e-05;3.482366698519028e-05;3.329480453543301e-05;3.172282665427881e-05;3.0443653459531257e-05;2.981914891396826e-05;2.9737897776704232e-05;2.9942225513967996e-05;3.0030993081491107e-05;3.0145883332251024e-05;3.0107625165269e-05;3.0045353340374024e-05;2.99814324351211e-05;2.991085387688561e-05;2.983511550972092e-05;2.9820486279814927e-05;2.970731075478416e-05;2.958571579026281e-05;2.931106206445851e-05;2.8849128147181344e-05;2.8283012022627265e-05;2.774330271557662e-05;2.733696904005092e-05
356.68230110227523;1.643275480952896e-07;1.2202035712651358e-07;9.48773997995029e-08;8.586595504682777e-08;8.311408854040526e-08;8.08478524553769e-08;7.356263739240965e-08;5.833265378969702e-08;3.882003660164679e-08;2.3044110623254992e-08;1.6724126124825057e-08;1.4009834038011725e-08;1.2766734565069777e-08;1.1617806110554176e-08;1.0326351107879414e-08;8.879850270367022e-09;7.073271140768437e-09;5.764828166868843e-09;4.845907669851482e-09;4.180714006307776e-09;3.6090255468885e-09;3.183497683003556e-09;2.8365861246498743e-09;2.4608332319767972e-09;2.1109321159210113e-09;1.808748941926649e-09;1.5209297437249923e-09;1.2762312466802e-09;1.2908056397461207e-09;1.7657829332088343e-09;2.5061729508592342e-09;2.9171784963123076e-09;2.8623722121310493e-09;2.392493696036891e-09;1.6612266826492372e-09;1.3903339123894675e-09;3.742457214043859e-09;1.4134406597202032e-08;4.948257566224406e-08;1.60472203398403e-07;4.089225059529293e-07;9.02924752018124e-07;1.7425105221004502e-06;3.3861918543720924e-06;6.286525120906277e-06;1.0673258539691725e-05;1.6795136399640176e-05;2.4501489431893293e-05;3.372348384695873e-05;4.407244139320974e-05;5.479268167381255e-05;6.490999190116877e-05;7.351441022010684e-05;8.020888956110411e-05;8.466112535154068e-05;8.68927914398369e-05;8.697970128607684e-05;8.518885625753711e-05;8.178101137054508e-05;7.727335337083725e-05;7.209288297494444e-05;6.639808772506236e-05;6.049170595609869e-05;5.475037124415124e-05;4.960523936565026e-05;4.549883113200246e-05;4.2644164074666485e-05;4.077455715046844e-05;3.951976294891113e-05;3.832953695284278e-05;3.691931645042639e-05;3.54456915363598e-05;3.4326035272261846e-05;3.395050485468524e-05;3.430168719425423e-05;3.4907249346970734e-05;3.538451543699856e-05;3.537369253993174e-05;3.480548632955644e-05;3.383544162830296e-05;3.299837169514073e-05;3.216981886283692e-05;3.145587816073345e-05;3.07923978793865e-05;3.012133839682296e-05;2.9427879984263173e-05;2.882414570250314e-05;2.844305213648529e-05;2.838211276755882e-05;2.8651006467353184e-05;2.9198406839480467e-05;2.990993448416461e-05;3.060369168568444e-05;3.1145349942708614e-05;3.136405583404883e-05;3.122802244562266e-05;3.066770884878045e-05;2.992866964531277e-05;2.923925445453592e-05;2.8733341908054448e-05
358.7525379522121;4.838128437930664e-08;3.529129963206869e-08;4.301633884782098e-08;6.975593398531944e-08;9.771716981236508e-08;1.1392087562448218e-07;1.1113499092315225e-07;8.747760590653867e-08;5.4617953811234e-08;2.9782989583500985e-08;1.786300375076078e-08;1.3068391226127064e-08;1.1256879738450817e-08;1.0562494954962692e-08;9.726481777269317e-09;9.29516932804495e-09;8.728621460055865e-09;9.067914362493204e-09;9.76450044922582e-09;9.143024750420658e-09;6.686670324300347e-09;4.670984630233739e-09;3.59789901012653e-09;4.451101313344463e-09;8.292912738476886e-09;1.1927906604633106e-08;1.2293653077288457e-08;1.0478333225547152e-08;6.878706139927698e-09;3.2017484887836703e-09;2.6007408077168462e-09;2.961808024726009e-09;3.227382807884665e-09;3.430968980434286e-09;3.2916727115126275e-09;2.9928156614394917e-09;4.037053261624999e-09;9.689425376006288e-09;3.1642750775478404e-08;1.1573239820885157e-07;3.853939789382196e-07;9.50934533308929e-07;2.0220988485085058e-06;3.900896897525307e-06;6.939813764222148e-06;1.1377233565062805e-05;1.7230548073639037e-05;2.4521200393203944e-05;3.303782419590738e-05;4.24534481881061e-05;5.228376017153857e-05;6.160517058867794e-05;6.982106157374256e-05;7.649553201899455e-05;8.110776891952393e-05;8.350839828308551e-05;8.397460031192786e-05;8.273226270559414e-05;7.99093564175927e-05;7.583171604267863e-05;7.086862356783924e-05;6.54084288318941e-05;5.998431344384112e-05;5.502254600552575e-05;5.075885412411801e-05;4.725578071465808e-05;4.4356153164041326e-05;4.181692966325344e-05;3.947341859271602e-05;3.73039205769174e-05;3.5232252534927124e-05;3.3687383281088065e-05;3.280048216415448e-05;3.254301788394456e-05;3.27574638758802e-05;3.31084561568608e-05;3.358970576601436e-05;3.407848254899438e-05;3.444954971360163e-05;3.464032522606674e-05;3.467958301305084e-05;3.4253534455071344e-05;3.3246723226460965e-05;3.186701436878448e-05;3.050248937315621e-05;2.957792677361464e-05;2.9265040452846783e-05;2.9490688689806176e-05;3.0007926227915e-05;3.052377189061562e-05;3.084269536746162e-05;3.089411726385978e-05;3.074531080935123e-05;3.055362642881884e-05;3.026940382421924e-05;2.996695356690956e-05;2.958497760844106e-05;2.9148925832692784e-05;2.873535059839053e-05;2.8399035566543505e-05
360.8221095329609;6.41968089364734e-09;6.388603184229309e-09;1.2369085215346676e-08;3.11705475026624e-08;5.1411627199338756e-08;6.894015416365056e-08;7.893322073272054e-08;7.455645954039465e-08;5.8861340914912734e-08;3.9219798756826815e-08;2.1813833906666663e-08;1.1477894949310982e-08;7.911811570126813e-09;7.099341948882957e-09;6.690419452884959e-09;8.596122920639246e-09;1.3104815181486424e-08;1.8516118180227852e-08;2.294271073904716e-08;2.5191168484880567e-08;2.0410300248943382e-08;1.246968512692502e-08;6.928254413296125e-09;1.0040471065007169e-08;1.823783555071809e-08;2.3996129229535556e-08;2.4923321273972857e-08;2.200968918688272e-08;1.856233616581992e-08;2.3313886124060703e-08;4.4911447919534816e-08;7.922343586880435e-08;1.0928033336979649e-07;1.279006874452808e-07;1.2680247125976617e-07;1.0691096409189108e-07;8.157567287056286e-08;7.824654864147495e-08;1.1661829359691008e-07;2.1462454717958242e-07;4.491240817252185e-07;9.196953526357344e-07;1.8797013912900176e-06;3.596427202596049e-06;6.658170152494663e-06;1.1305552193800575e-05;1.7524469745276528e-05;2.542153743382211e-05;3.426708884469861e-05;4.370345213217268e-05;5.327847372350175e-05;6.233710722856263e-05;7.010292980439112e-05;7.605170467236082e-05;7.98977190447821e-05;8.137372474612778e-05;8.104609698735956e-05;7.938826826433271e-05;7.641862059082311e-05;7.236595700544034e-05;6.76256404990807e-05;6.266004902891834e-05;5.803097717093912e-05;5.407320418034987e-05;5.0860712768821786e-05;4.8264330819275495e-05;4.588102223999078e-05;4.34516150143063e-05;4.0998060008172784e-05;3.854751870372781e-05;3.636751822965484e-05;3.4722741985246435e-05;3.369685339940173e-05;3.3244262424013315e-05;3.325168846988785e-05;3.3592097353750915e-05;3.414407400604315e-05;3.470783564165772e-05;3.5072770747967774e-05;3.515902781293588e-05;3.4618588901185784e-05;3.362146220969548e-05;3.2512042669797827e-05;3.1598262211645366e-05;3.092102005900179e-05;3.0964966072855255e-05;3.160347387551705e-05;3.249143829423891e-05;3.314906480696869e-05;3.320432154009964e-05;3.2568005637339774e-05;3.148395536662928e-05;3.017674878067852e-05;2.9003323414013703e-05;2.8134774710208777e-05;2.750932383300792e-05;2.7235616928272668e-05;2.704032677699654e-05;2.683582085991612e-05;2.6659227130526216e-05
362.89101581099385;5.337809586004984e-08;3.482534224907995e-08;2.171389254749383e-08;2.3018635642241608e-08;4.1202392119993976e-08;7.330016881209394e-08;1.0589075340486185e-07;1.2458009144301584e-07;1.2372533981892412e-07;1.0764113552851749e-07;8.203302204905029e-08;5.742035092711466e-08;4.057408441740661e-08;2.774682175550598e-08;1.7916448509588044e-08;1.4956306739553707e-08;2.1714205803642746e-08;3.158592089580584e-08;3.641565791218821e-08;3.6682219664061156e-08;3.2546388594658604e-08;2.4084083213322365e-08;1.8273819637153523e-08;2.0784989461686426e-08;2.398418259845068e-08;2.22260139734564e-08;2.024468121922083e-08;2.0459254040733364e-08;2.7467244549129427e-08;4.979991264314129e-08;9.471552990263143e-08;1.5524074215310965e-07;2.1424524151592078e-07;2.504565063022875e-07;2.482955973235061e-07;2.104961908847805e-07;1.6095703907071173e-07;1.518412442656452e-07;2.14477881222393e-07;3.453659547837388e-07;5.243949868637017e-07;8.365543033615732e-07;1.5091983646374898e-06;2.950699229101829e-06;5.755044559405321e-06;1.0400563457153975e-05;1.6957763631032513e-05;2.519170168937452e-05;3.4603935406104896e-05;4.457309416514601e-05;5.4563646719034966e-05;6.373122562280511e-05;7.107579698953922e-05;7.602522283628417e-05;7.851576569519395e-05;7.848239849381259e-05;7.659700991161385e-05;7.40152590613187e-05;7.119059223149909e-05;6.793900213151907e-05;6.424335752903696e-05;6.024494997259415e-05;5.609479121421598e-05;5.207195044557035e-05;4.869380076733072e-05;4.582180199316192e-05;4.364640072012075e-05;4.206278683868061e-05;4.083243000849271e-05;3.953580442051289e-05;3.829030974879683e-05;3.703279395094065e-05;3.589401906684251e-05;3.512427643570232e-05;3.487154175410898e-05;3.508296986871356e-05;3.548099837761312e-05;3.5665752640424314e-05;3.539453431453052e-05;3.4602925034057754e-05;3.330515948393442e-05;3.1974214857335024e-05;3.09641420011766e-05;3.0495306428559876e-05;3.057498955015904e-05;3.102682421260232e-05;3.158754415276278e-05;3.2126624309739306e-05;3.244308566870395e-05;3.221988121187789e-05;3.1418649255548585e-05;3.01993991971528e-05;2.8833653455248496e-05;2.7548754329628032e-05;2.6599380921434427e-05;2.5953411103750733e-05;2.560672317421317e-05;2.547233187748744e-05;2.5459085085146354e-05;2.550090314459432e-05
364.9592567530017;1.584986449730878e-07;1.2074872166262608e-07;8.675980810407815e-08;7.500648503088199e-08;9.05713952666361e-08;1.3201546346662282e-07;1.8377774015154081e-07;2.1851508983377082e-07;2.2271294313956466e-07;2.0535086852731009e-07;1.693618489938131e-07;1.24930399495069e-07;9.15234328610298e-08;7.775366451892103e-08;7.665462765211054e-08;7.370264203385574e-08;7.285651724166408e-08;6.53288899014346e-08;5.0378893006712e-08;3.7601448367408135e-08;3.7264160872695835e-08;3.884654722872326e-08;3.939798520606185e-08;3.6540448722764895e-08;2.9203472868192722e-08;1.962618802089429e-08;1.5422986410491258e-08;2.0901818978702795e-08;3.7631958507368966e-08;6.785863963825784e-08;1.1043316193244685e-07;1.5633182262075965e-07;2.0196741706972677e-07;2.2115766619759853e-07;2.074242987084433e-07;1.679574473965064e-07;1.2353360488160737e-07;1.0928746282342529e-07;1.4451180291856346e-07;2.2123934205485405e-07;3.4332203236591854e-07;6.057835628173814e-07;1.2947095198720689e-06;2.906030526038769e-06;5.953265756710018e-06;1.0646305295090992e-05;1.689252535328602e-05;2.4491611119477407e-05;3.3100308754981764e-05;4.226377718486845e-05;5.183488721925375e-05;6.123735468780296e-05;6.922852386278488e-05;7.450871671307042e-05;7.637775295843974e-05;7.5598004306979e-05;7.323951187458488e-05;7.032213477699596e-05;6.748351556156988e-05;6.48055179812917e-05;6.201161775597631e-05;5.871336884802628e-05;5.479738846228278e-05;5.053064043777531e-05;4.644989462768834e-05;4.308030832342506e-05;4.083816968729315e-05;3.9740482025484607e-05;3.913240440027831e-05;3.867728285703555e-05;3.801877998275323e-05;3.709474444117638e-05;3.603144342636828e-05;3.5089260356195305e-05;3.4426556412644785e-05;3.407361115109068e-05;3.3926361332049635e-05;3.3788102561111367e-05;3.347352746278441e-05;3.286166542830771e-05;3.193569579673438e-05;3.10489284214227e-05;3.008742019836252e-05;2.9146306911408768e-05;2.86654489518077e-05;2.837082677211245e-05;2.8452234806172984e-05;2.879556435470249e-05;2.9151232810543663e-05;2.929166614714633e-05;2.9057650531531156e-05;2.831590537560648e-05;2.7404752959381623e-05;2.6532508400166268e-05;2.5883188157970744e-05;2.566719268058803e-05;2.5759296686427164e-05;2.6162887784768437e-05;2.666660526419753e-05;2.7091427711630435e-05
367.02683232590425;1.570055591784586e-07;1.3753627386364594e-07;1.094386384202559e-07;8.388115449917774e-08;7.261315092300717e-08;9.234052464438169e-08;1.3811977061884397e-07;1.775256726832618e-07;1.8982061373945414e-07;1.765259125000542e-07;1.425371952879825e-07;1.0206558255426681e-07;8.351503024388554e-08;9.494883111923924e-08;1.1351456900758501e-07;1.2688953306213372e-07;1.341291232232099e-07;1.3427011557242038e-07;1.3487943736605677e-07;1.3786223227787674e-07;1.3533360727863256e-07;1.1818341277982625e-07;8.832734311703909e-08;5.6484768650973326e-08;3.4871438467405515e-08;2.4758627155478625e-08;2.771165264410678e-08;4.75036514452688e-08;7.905791895874799e-08;1.1611912219186458e-07;1.5229140329313315e-07;1.783075269799608e-07;1.84773872418834e-07;1.689372466928206e-07;1.3813284964608573e-07;9.965438741462972e-08;6.494097373017482e-08;4.8519640419801193e-08;6.231432228785728e-08;1.1079517583785907e-07;2.396730597695957e-07;5.504516633375833e-07;1.2527595097489218e-06;2.805633742283426e-06;5.713193885032728e-06;1.0182716433952037e-05;1.5971817088654393e-05;2.269806959418884e-05;2.989090803528717e-05;3.7357242633063314e-05;4.511391362590304e-05;5.320782543766797e-05;6.110690836309886e-05;6.780956112920143e-05;7.214807211343866e-05;7.370483054181734e-05;7.26040099552945e-05;6.966377513373658e-05;6.589446867346868e-05;6.222000866494858e-05;5.930306149194417e-05;5.65393438469303e-05;5.349439158242438e-05;4.979509426962108e-05;4.5949867491729726e-05;4.250671233141158e-05;4.01644685189666e-05;3.890777401327832e-05;3.825724689232723e-05;3.79530964376654e-05;3.7422556638918574e-05;3.644658178514694e-05;3.526944294855524e-05;3.410026437263013e-05;3.303384409056e-05;3.208119241007551e-05;3.1420225478811885e-05;3.109191728931814e-05;3.099280570201013e-05;3.085965789661925e-05;3.0433007090656568e-05;2.9559342080734656e-05;2.8363140351435e-05;2.712041078324417e-05;2.621094733494984e-05;2.597516830880374e-05;2.65120894986456e-05;2.7356678617338485e-05;2.8125192428901365e-05;2.854216363646727e-05;2.841389842744789e-05;2.786546573729381e-05;2.7124795144745308e-05;2.6478138141019297e-05;2.6172320106092776e-05;2.6357635472437216e-05;2.7029212136936715e-05;2.7959997856222498e-05;2.886059511187726e-05;2.952341127905122e-05
369.0937424968615;5.1897911354796334e-08;5.168753577669437e-08;4.45879281149404e-08;3.1824491624350614e-08;2.0320615181012552e-08;2.3797943121742756e-08;4.2826180332185636e-08;6.144651277109979e-08;6.957481336509208e-08;6.75835954577815e-08;6.357735450807585e-08;6.141300299830393e-08;7.585124551604737e-08;9.624702421669507e-08;1.0495815909266777e-07;1.1510305104064341e-07;1.2426137215127736e-07;1.493658158005793e-07;1.9321573648760166e-07;2.298704535468188e-07;2.2769601260739562e-07;1.863732766795653e-07;1.235328836390331e-07;6.635507209440437e-08;3.5628443876964e-08;2.6899426243775872e-08;3.554842725522487e-08;6.32742943759227e-08;9.775585309549775e-08;1.2376067368537284e-07;1.355398718724226e-07;1.293462520867003e-07;1.0567178850127495e-07;8.31215083489353e-08;6.560748467247434e-08;4.920532134771163e-08;3.520282467047663e-08;2.8918959557685046e-08;5.201650742497223e-08;1.381862514080946e-07;3.321795263862333e-07;6.92318375999858e-07;1.348923862247079e-06;2.6678059001567035e-06;5.094807396146024e-06;9.110267655067636e-06;1.451561303746818e-05;2.08573963220887e-05;2.7646917499097577e-05;3.442250696464432e-05;4.104100401332865e-05;4.7577131328798987e-05;5.408235976833946e-05;6.0295311664484935e-05;6.542726733542777e-05;6.83385040556621e-05;6.828900687252525e-05;6.566194717932237e-05;6.191588045806578e-05;5.823576449054553e-05;5.530468616436143e-05;5.302259147961668e-05;5.085650524503745e-05;4.83350975728688e-05;4.55002489456292e-05;4.2749990521024896e-05;4.046205105038879e-05;3.8890580009203496e-05;3.80319322282453e-05;3.749761650165926e-05;3.693288176671397e-05;3.607608745225935e-05;3.491767655106234e-05;3.3572172803141286e-05;3.2186329507238924e-05;3.093729675134151e-05;2.9972081861218115e-05;2.9378690974004504e-05;2.910198555642058e-05;2.8982041649422543e-05;2.8789132056570992e-05;2.826312664125425e-05;2.7355959138911785e-05;2.665213268752628e-05;2.6461957163629748e-05;2.6684612072458727e-05;2.74293981047626e-05;2.840648858129583e-05;2.9227171523906227e-05;2.958686141499438e-05;2.9403239746821702e-05;2.8745449270904157e-05;2.790814223765725e-05;2.716649484425792e-05;2.6771255864185733e-05;2.677679062124616e-05;2.7117064737813625e-05;2.7679991274651773e-05;2.8252350942418046e-05;2.8665524640815926e-05
371.1599872332408;1.6222417023946055e-09;1.482417367670089e-09;1.6663030971227563e-09;2.192897434057136e-09;3.885643658501211e-09;9.570618366881873e-09;2.2316798241369972e-08;4.0363218359450394e-08;5.6268053277740514e-08;6.592106502197628e-08;7.624305532980451e-08;9.176700059114554e-08;1.0708030850759201e-07;1.1547853520966716e-07;1.0962775277051541e-07;9.026776420033429e-08;7.454678010056463e-08;7.549715165364653e-08;9.688377646341525e-08;1.1814211238777765e-07;1.1886045580901917e-07;9.792516471787152e-08;6.589108564484255e-08;3.643486118895223e-08;2.024294448358316e-08;1.578723062340316e-08;2.0696110306107345e-08;3.340306382328821e-08;4.67622944945029e-08;5.17641815407958e-08;4.6141273772577163e-08;3.2074598708779335e-08;2.0387634568217732e-08;1.9657714707673013e-08;2.5592000902442896e-08;3.1240764358405666e-08;3.007918069819027e-08;3.2119874531131935e-08;7.319746075825463e-08;1.903176616786285e-07;4.0074392615567357e-07;7.457292575652049e-07;1.3990634902801724e-06;2.623448619103264e-06;4.958489177764321e-06;8.76361856542823e-06;1.402001851326732e-05;2.043558150562027e-05;2.7453667530206827e-05;3.452867671306866e-05;4.132356084032981e-05;4.752131505678095e-05;5.2878619585291375e-05;5.70772492935971e-05;5.9945550825886974e-05;6.15825804347507e-05;6.197630197402501e-05;6.098644912672915e-05;5.870020132837443e-05;5.603417424078436e-05;5.344843714421222e-05;5.106525781452881e-05;4.884768155879638e-05;4.689871378950924e-05;4.4895086191469214e-05;4.310545146583344e-05;4.141698293385422e-05;3.981648699378991e-05;3.8404907559046544e-05;3.7021557745145584e-05;3.579843537026696e-05;3.466147018700248e-05;3.3558855747875135e-05;3.2470507634977015e-05;3.143190806577595e-05;3.060603889040925e-05;2.986047523381972e-05;2.935472747028075e-05;2.909718564577761e-05;2.9042627941900928e-05;2.907718743539966e-05;2.89918196072598e-05;2.8816189995150543e-05;2.858954546987701e-05;2.845893243475648e-05;2.8580716610721603e-05;2.8996019546342675e-05;2.960606203504904e-05;2.9982570538323154e-05;2.994391274859229e-05;2.9495204865943387e-05;2.8693707352641363e-05;2.782095044076466e-05;2.713073088953356e-05;2.664653372394231e-05;2.639289900396601e-05;2.633498288430906e-05;2.639846686000104e-05;2.650478239103643e-05;2.658483841760299e-05
373.2255665026496;8.974526334675738e-08;8.1541582242758e-08;7.713576785427821e-08;7.551448235677967e-08;7.317951330573845e-08;7.092501296790007e-08;7.494956357221408e-08;8.719037721903027e-08;1.0578022986471833e-07;1.141269066871219e-07;1.075406248788269e-07;9.679541807348737e-08;8.572223985642883e-08;8.11003944556629e-08;7.487754585182699e-08;5.465339714780367e-08;3.4349302642927695e-08;2.0096409316879256e-08;1.3215215366640996e-08;1.0635728540911911e-08;9.421277321499681e-09;8.426100152707146e-09;7.333985532974873e-09;6.1648933114469406e-09;5.119602408223745e-09;5.1838269848849995e-09;7.063789616810603e-09;9.410666305113627e-09;1.0469851935341252e-08;9.674047397426012e-09;7.182568824019214e-09;4.760047379200822e-09;9.00328053263263e-09;2.0263140596867976e-08;3.1252101105631226e-08;3.706567441799322e-08;3.869205537455572e-08;5.0615713613144955e-08;1.1839829209890855e-07;2.6907322103097096e-07;4.833049289666671e-07;7.797413362832499e-07;1.307091171281856e-06;2.4519351857419088e-06;4.772624618255778e-06;8.616881014810127e-06;1.4055411301410758e-05;2.0741563764706705e-05;2.802735748472441e-05;3.530486390282244e-05;4.211598269879612e-05;4.790526789931869e-05;5.231284469891064e-05;5.543373587317549e-05;5.7408289933038695e-05;5.8559923126383175e-05;5.922054382599721e-05;5.9534183037009055e-05;5.888028982545722e-05;5.744234727835856e-05;5.531784684619892e-05;5.2679032229070895e-05;4.995316610984239e-05;4.762384655137604e-05;4.586642471044922e-05;4.453704864559539e-05;4.327088407679114e-05;4.167773214907255e-05;3.9607972621339535e-05;3.734856275957138e-05;3.5252873788977704e-05;3.352968010055496e-05;3.2380339832315525e-05;3.162600116652133e-05;3.107476641154605e-05;3.065110532590852e-05;3.042498064538251e-05;3.0503545392298668e-05;3.100142597715432e-05;3.140025074629065e-05;3.164224611895356e-05;3.153934643981366e-05;3.121621899534174e-05;3.051852684468734e-05;2.9742952746812455e-05;2.9378821249392946e-05;2.940871391650347e-05;2.9614483323485663e-05;2.969344558240206e-05;2.9447522962700964e-05;2.881780253652721e-05;2.8073070362493915e-05;2.7497218433558084e-05;2.717776742504892e-05;2.7051229128696853e-05;2.7069165304184343e-05;2.7157470085295327e-05;2.720229686553425e-05;2.720079054353661e-05;2.717727564309956e-05
375.2904802729172;1.7482712573702805e-07;1.5959675269475085e-07;1.514478453685497e-07;1.4767948432161753e-07;1.3931647323456634e-07;1.2291072442667158e-07;1.0410286524876581e-07;8.979563418674477e-08;8.099480310933556e-08;7.333037273798126e-08;6.10502487966589e-08;4.47169215335831e-08;3.129459062466464e-08;2.5093486278977545e-08;2.2825960657713185e-08;1.9888148269527945e-08;1.2878694684913605e-08;8.894542786769801e-09;6.862876753320019e-09;5.9574371050593745e-09;5.502857726811331e-09;5.096761216549162e-09;4.55729182479987e-09;3.86643469215334e-09;3.158711807408928e-09;3.102851841352161e-09;4.809597269277891e-09;9.948083871122633e-09;1.9254667662198198e-08;3.2894526338092055e-08;4.501972946871325e-08;4.9698606363395015e-08;4.775299227680741e-08;3.7946301816071366e-08;3.3735984833673524e-08;3.2399403678689845e-08;4.3414086681740246e-08;9.050577679734545e-08;1.9267608171825474e-07;3.5871909450674865e-07;5.552851450319617e-07;7.865677275997076e-07;1.1851196785990976e-06;2.181989093462518e-06;4.373434047998986e-06;8.194520685351182e-06;1.3665337876645852e-05;2.039923403277375e-05;2.772833123720129e-05;3.5110948868446226e-05;4.185361666326971e-05;4.750138888142618e-05;5.178727783257568e-05;5.476001101659386e-05;5.665155300063903e-05;5.783164424175492e-05;5.853401656663552e-05;5.8679550063029154e-05;5.841846758054795e-05;5.753165999312007e-05;5.5838944552882425e-05;5.3568462029324114e-05;5.102951071719495e-05;4.8564562157559765e-05;4.641900810571252e-05;4.457418940520036e-05;4.301456413236465e-05;4.156720368900401e-05;4.008327005524307e-05;3.834073906622332e-05;3.670903470267985e-05;3.5125804103902875e-05;3.3564517670269545e-05;3.216498203889399e-05;3.115732545644783e-05;3.0571277869665905e-05;3.0544118077472514e-05;3.103860229638319e-05;3.188286839652543e-05;3.2733646016343094e-05;3.3238290715239665e-05;3.330100335562994e-05;3.284531865990391e-05;3.2074064632711826e-05;3.125843053215248e-05;3.0573750412055215e-05;3.0064872075943294e-05;2.964678411643809e-05;2.9224110180941265e-05;2.875922437090028e-05;2.8274401270091344e-05;2.790490120866889e-05;2.77155557123843e-05;2.765549822846392e-05;2.7819806649089724e-05;2.8069364637327228e-05;2.825143718437656e-05;2.8313806629376064e-05;2.828851670427289e-05;2.8205039662353776e-05
377.3547285120985;8.664765207947996e-08;7.929153134303589e-08;7.57562534386487e-08;7.768757794592946e-08;8.51190321106134e-08;9.244890508905213e-08;9.355187922080529e-08;8.751082987477302e-08;6.75857924225324e-08;4.394802996759719e-08;2.7366150339075246e-08;2.7554802289928155e-08;3.92127714273006e-08;5.225097108757921e-08;5.8093408011145684e-08;5.290457927031135e-08;3.5944334353453576e-08;2.159831590345452e-08;2.819360370094457e-08;5.1699228662367647e-08;8.558279228221459e-08;1.153392218775957e-07;1.0706139102689041e-07;7.912513715413868e-08;4.9982943792079716e-08;3.801129469294344e-08;4.5823099014668395e-08;6.399680089805095e-08;8.581673529259047e-08;1.0755834285459176e-07;1.2231864534135148e-07;1.288777800819634e-07;1.2851864293562837e-07;1.1897250801801377e-07;1.0383266815799677e-07;9.281586525500836e-08;1.0143665344983433e-07;1.540002443314497e-07;2.6161959014262016e-07;4.079676266641058e-07;5.604052360877038e-07;7.415585162300375e-07;1.1093033641979502e-06;1.9957918045000674e-06;3.910091123106462e-06;7.329694829271928e-06;1.2347427473332132e-05;1.8681276011832977e-05;2.584629735639556e-05;3.325557245761986e-05;4.041541867906121e-05;4.688690801341499e-05;5.201709719337673e-05;5.5733715996298576e-05;5.78819773658552e-05;5.870496669652477e-05;5.864918677526487e-05;5.793533125304832e-05;5.684015996613695e-05;5.5383529734743424e-05;5.369075810593046e-05;5.185158595067197e-05;4.972442555780635e-05;4.7367189750885234e-05;4.494089727840342e-05;4.26604163956018e-05;4.078200683548681e-05;3.9484857148011006e-05;3.8757023631556274e-05;3.837350819428344e-05;3.792722243438057e-05;3.70725723540264e-05;3.577627788638055e-05;3.423389118143456e-05;3.280747712502262e-05;3.183938690706322e-05;3.143972829150795e-05;3.147187994809984e-05;3.1618217803897654e-05;3.2215412873333946e-05;3.256255205542262e-05;3.259051686758184e-05;3.242355566772979e-05;3.2314233578174275e-05;3.2080330869550004e-05;3.165440189187604e-05;3.098600652222729e-05;3.0200271395061503e-05;2.925535080517547e-05;2.838189969307823e-05;2.764097988560797e-05;2.715728171519776e-05;2.692355051392035e-05;2.6981117474894807e-05;2.728198131308362e-05;2.766010774164692e-05;2.7888463458492732e-05;2.7885129494918716e-05;2.771549452134585e-05;2.7491484705018877e-05
379.4183111884813;2.59745455419098e-11;7.174881733925675e-11;8.021373628460584e-10;8.466525724843948e-09;3.2838010629479664e-08;6.782160399581676e-08;9.559571223752256e-08;1.0460562453556096e-07;9.026350259614373e-08;6.021656373059144e-08;3.760517565372867e-08;4.074198499831171e-08;6.53601498674318e-08;9.260547876558084e-08;1.0583832364834496e-07;9.81573906160988e-08;7.993288231172844e-08;7.909296814334138e-08;1.1893469057798315e-07;1.8648499706032966e-07;2.45346530203584e-07;2.652351636718986e-07;2.3234737976726185e-07;1.6522275514011294e-07;1.0185825120322689e-07;7.597023905790115e-08;8.871569120665673e-08;1.1502244328524817e-07;1.3188264753007688e-07;1.3372643334020686e-07;1.2838888037171608e-07;1.3613385539153838e-07;1.622297653527013e-07;1.945516882222699e-07;2.0864210454056386e-07;1.967347204331201e-07;1.7336283410809246e-07;1.6416892460558457e-07;1.7786083497776313e-07;2.2764409481359722e-07;3.093067701382796e-07;5.252265773757451e-07;1.1238468556087115e-06;2.362547795140541e-06;4.584399884402834e-06;7.956666738185056e-06;1.2538095542738723e-05;1.8201834944553896e-05;2.47215078866829e-05;3.170261681547657e-05;3.884102554065541e-05;4.589028645846354e-05;5.212642992028544e-05;5.693333658837371e-05;5.981133774102559e-05;6.112216616302976e-05;6.084168421084092e-05;5.980109103016143e-05;5.81950785545037e-05;5.607696663448338e-05;5.334967407118715e-05;5.063842052007e-05;4.7825261497209286e-05;4.52917262508816e-05;4.322493432818101e-05;4.155355198178393e-05;4.021549958517876e-05;3.914997315702408e-05;3.848275782923186e-05;3.833838252716864e-05;3.814827671062109e-05;3.7718119903458046e-05;3.698985270226924e-05;3.605131931330419e-05;3.4996225764142666e-05;3.413973842714896e-05;3.352130318651109e-05;3.3028786332573365e-05;3.256405741392701e-05;3.208689694709798e-05;3.160340223961612e-05;3.110685812480405e-05;3.066271311006485e-05;3.031373913442413e-05;3.0099340401952995e-05;2.99918727863906e-05;2.99189110822438e-05;2.9781108379189895e-05;2.949317353545817e-05;2.904209696897143e-05;2.849502162021331e-05;2.79632041627447e-05;2.7632757823798623e-05;2.7621045295971765e-05;2.7799133471344172e-05;2.798203429590433e-05;2.7926708407315105e-05;2.7506383646186123e-05;2.7053320601786824e-05;2.661654243152964e-05
381.4812282705716;5.7096195714531765e-08;8.256018564912889e-08;9.77179684815577e-08;9.921271087216883e-08;9.119082412650136e-08;7.928382635944432e-08;7.692966363021048e-08;6.996994267385485e-08;5.8022079333816343e-08;4.1046781938430936e-08;2.8529213851952328e-08;2.9792266309154934e-08;4.229795142913115e-08;5.5778074911904324e-08;6.386466976581637e-08;7.66994893047845e-08;1.0155090467863629e-07;1.7057580466956388e-07;2.625873277786402e-07;3.36934620164114e-07;3.501213045010043e-07;2.985538544494108e-07;2.1661234640680906e-07;1.2886301989551518e-07;7.65360951863006e-08;5.7778882702475174e-08;6.153198396989207e-08;6.911108678521579e-08;7.062846308906304e-08;6.420144918705679e-08;5.815338259969143e-08;7.121121069152934e-08;1.0786679078976713e-07;1.5260913884902904e-07;1.817816787909101e-07;1.7838413763771357e-07;1.448059145750557e-07;9.995161816301936e-08;6.199010767490887e-08;4.8440675613529e-08;1.0732806492544345e-07;4.513077930946297e-07;1.430342350969459e-06;3.297052043518645e-06;6.083804029308007e-06;9.744652935571852e-06;1.4208747576396024e-05;1.9430640074088623e-05;2.539890946753805e-05;3.190331938194786e-05;3.878632735470629e-05;4.565866658318966e-05;5.215421993079343e-05;5.747285627783191e-05;6.129578908182319e-05;6.341078465076297e-05;6.377238973157083e-05;6.285089459761586e-05;6.097237089284864e-05;5.816336507429737e-05;5.464978727258881e-05;5.052639724201292e-05;4.659131551944399e-05;4.348254208878868e-05;4.143632535600798e-05;4.025870827641708e-05;3.9560183925447146e-05;3.90586047336149e-05;3.865889686443174e-05;3.827597136981445e-05;3.787939831003408e-05;3.742675805482626e-05;3.667796030352161e-05;3.5820481848982385e-05;3.497183188910027e-05;3.419616883772204e-05;3.3458215797933495e-05;3.2695744903315176e-05;3.189850182930431e-05;3.099495556219947e-05;3.043051695942224e-05;3.020943304629769e-05;3.009196294806293e-05;2.974407029791128e-05;2.9328723147860547e-05;2.901831474473714e-05;2.8896599327479635e-05;2.89883383296284e-05;2.920713526639812e-05;2.944660419569011e-05;2.9681952533853303e-05;2.975664576731523e-05;2.9893173999595148e-05;3.008293084802627e-05;3.0152230673735977e-05;2.994509103757081e-05;2.9391932476257796e-05;2.8606801808194614e-05;2.7804990118163605e-05;2.71800737783016e-05
383.5434797271009;1.1427673640195857e-07;1.6498211944998058e-07;1.944455299677267e-07;1.8966691628794841e-07;1.4931275042728725e-07;9.077385294350293e-08;4.6846118262189976e-08;2.6488051723171963e-08;1.9211721543422237e-08;1.653845092863699e-08;1.5551257616663538e-08;1.6449883002147878e-08;1.8962215707565747e-08;2.2249618510911922e-08;2.94271468612592e-08;5.2760376550967944e-08;1.077143609446728e-07;2.020041749141776e-07;2.99350410202501e-07;3.487895196593896e-07;3.259324956989576e-07;2.456461469029235e-07;1.4665254414458296e-07;7.527132728467284e-08;4.733750777940262e-08;3.9722058689486846e-08;3.5373320107295005e-08;2.9383608573268733e-08;2.354668242737306e-08;1.9652175962387273e-08;1.85226129982549e-08;2.5023754079640053e-08;4.012554169156746e-08;5.917543103146e-08;6.769082491308065e-08;6.580084141056158e-08;5.596741564598966e-08;3.8508448067870725e-08;4.66512972298692e-08;8.56192464137003e-08;2.795835307980399e-07;8.598749700329852e-07;2.0554967582105283e-06;3.895822889856164e-06;6.412600319477284e-06;9.686138221507196e-06;1.382820225319764e-05;1.902501699878295e-05;2.532132678389773e-05;3.2474653316599334e-05;3.9903312666650086e-05;4.708343987287333e-05;5.3548721327504864e-05;5.878658032718671e-05;6.255769176457773e-05;6.444052946164044e-05;6.461565387020783e-05;6.3530143118952e-05;6.152019119321684e-05;5.876954540635184e-05;5.538668991600333e-05;5.1356117183800926e-05;4.7323936064799614e-05;4.383251173279341e-05;4.117143057432508e-05;3.939212462842877e-05;3.819420339312153e-05;3.739976434809473e-05;3.6707995936551775e-05;3.618784085600848e-05;3.5721590866713114e-05;3.524848025508261e-05;3.468669277824543e-05;3.399576367015876e-05;3.31727324046108e-05;3.2215853095172347e-05;3.1164667175827824e-05;3.01182182646026e-05;2.9284757484789943e-05;2.8987238211075227e-05;2.9386751798518245e-05;3.039510982381558e-05;3.1556283856846795e-05;3.23048588834021e-05;3.2266691129752216e-05;3.148861905357558e-05;3.0322979613855954e-05;2.9234749916494223e-05;2.857748399754993e-05;2.825912638336841e-05;2.8381129243421268e-05;2.877011898596118e-05;2.932956734434037e-05;2.992694808943139e-05;3.0385450369143483e-05;3.0520497059644474e-05;3.0248608548075544e-05;2.973002996082696e-05;2.905481041234666e-05;2.854062230364892e-05
385.60506552702645;6.149153994165758e-08;8.521637769833756e-08;9.86306639616766e-08;9.561705761732155e-08;7.535120101096718e-08;4.6467933391039025e-08;1.9528581052354952e-08;1.1328477044456344e-08;9.063398209754825e-09;8.62249923861639e-09;1.0859884413227613e-08;1.4866288088006288e-08;2.0851213575375182e-08;2.9279789014689044e-08;3.7216272088744444e-08;4.552513965419833e-08;7.0839058533297e-08;1.0877226493451077e-07;1.5572113941407057e-07;1.926500306048853e-07;1.98861480538886e-07;1.6443495201867137e-07;1.1172805713026976e-07;7.44437327192299e-08;5.6495880031593945e-08;5.0848746751532126e-08;4.719769543149317e-08;4.3059783534457583e-08;4.12426812958545e-08;5.020701011522425e-08;7.36570666392805e-08;1.0070380490661867e-07;1.1422016380881901e-07;1.0628120372686693e-07;8.213063860186108e-08;5.253932896991366e-08;3.0284123394520615e-08;2.5019217573066417e-08;5.138541754602144e-08;1.9111775656483933e-07;5.672594888007856e-07;1.3154242556396028e-06;2.4862428922449896e-06;4.019783282734993e-06;6.037512466081679e-06;8.61711203413224e-06;1.239042017649276e-05;1.7715045661711875e-05;2.4627417722052596e-05;3.2713830718422135e-05;4.116834314055144e-05;4.9137325544115374e-05;5.5861397993366913e-05;6.0820920022327816e-05;6.3772292589679e-05;6.494125815729044e-05;6.469893933212082e-05;6.356177875037032e-05;6.192225310535636e-05;5.990044190861446e-05;5.740559831863137e-05;5.440250522982726e-05;5.0739992124613146e-05;4.665087147175435e-05;4.297432688292933e-05;4.026333152698623e-05;3.8641636947709865e-05;3.799769282748422e-05;3.75865267228792e-05;3.681075565186461e-05;3.571155767148653e-05;3.4563552872301205e-05;3.36706732801969e-05;3.321208773966863e-05;3.307470750311957e-05;3.290403655281582e-05;3.2419017542629366e-05;3.1572137525528694e-05;3.0652532952532025e-05;3.004982914531369e-05;3.0134414905860665e-05;3.094398427818658e-05;3.2015802986586374e-05;3.278618593083048e-05;3.286499378928055e-05;3.2157940360207566e-05;3.0876267996721786e-05;2.9389936617548415e-05;2.8223239628667065e-05;2.744683591604397e-05;2.721337202956489e-05;2.750262430117988e-05;2.8064036307906694e-05;2.873830066027791e-05;2.933865454181199e-05;2.9621514519075857e-05;2.942250551924917e-05;2.886168850046197e-05;2.820941690506055e-05;2.767560943332768e-05
387.6659856395309;8.418859900011886e-09;5.6026958828836384e-09;4.40319411706913e-09;1.0961549339241064e-08;3.5746147065469207e-08;8.806304800253684e-08;1.0848360115899503e-07;1.0790345542698125e-07;8.57670644525951e-08;4.8919158025737943e-08;2.7646567618898976e-08;2.606407906630135e-08;2.9118191978306253e-08;3.373581214934575e-08;3.4444568049681496e-08;3.369532908544515e-08;3.879189046423328e-08;5.4980241282188173e-08;8.442431753551817e-08;1.2077764754171096e-07;1.4623716027411374e-07;1.4644625141337476e-07;1.2829784635312888e-07;1.0916120775799827e-07;1.0447689782948069e-07;1.1464970820129484e-07;1.272309197503612e-07;1.2909783684303325e-07;1.2496649982460478e-07;1.317809601575827e-07;1.618010269851109e-07;1.9393740396088704e-07;2.125767433010779e-07;1.9520792501460706e-07;1.491416631083228e-07;9.498975661506377e-08;5.7353714053883194e-08;5.988011420515738e-08;1.379653712966336e-07;3.736704091187706e-07;7.986295464877965e-07;1.4985635872115953e-06;2.5646187514269647e-06;4.082735362400052e-06;6.099444785964636e-06;8.868672495079477e-06;1.2974095967774924e-05;1.869532367076952e-05;2.6186003707773248e-05;3.50555157272645e-05;4.444843175914187e-05;5.294980734196459e-05;5.9717705144459375e-05;6.442866714607913e-05;6.689180805000948e-05;6.745132281546693e-05;6.687790302134007e-05;6.554749121442333e-05;6.396145063157454e-05;6.230365808544992e-05;6.05190992070503e-05;5.786665848671598e-05;5.4144316879101154e-05;4.945289659267284e-05;4.476722013274072e-05;4.144661414236629e-05;3.976893545003371e-05;3.953691636521445e-05;3.98414905863315e-05;3.9347002198343925e-05;3.80470129241297e-05;3.6428882655736855e-05;3.513317098507646e-05;3.476833882424056e-05;3.527321161418902e-05;3.5968328829692545e-05;3.611681046801967e-05;3.5350235863272576e-05;3.392413764728774e-05;3.240074869324706e-05;3.129339997403753e-05;3.082335466435084e-05;3.07819428131488e-05;3.084582588740367e-05;3.069124960110683e-05;3.018886133182889e-05;2.942479828328432e-05;2.8638522392256987e-05;2.803541736324429e-05;2.784343709917826e-05;2.8053510801930427e-05;2.862635528934493e-05;2.915851318223849e-05;2.954037216557629e-05;2.9591231256949647e-05;2.919159379113673e-05;2.8432085203457928e-05;2.740660039726472e-05;2.641564839886058e-05;2.5696411388938177e-05
389.726240034026;9.390681365922512e-09;6.954590641049043e-09;9.468639728022718e-09;3.617075860865627e-08;1.02511098095112e-07;1.7447635516097424e-07;2.1382240753611573e-07;2.1126333741388683e-07;1.665504286314279e-07;1.0272751344092326e-07;6.09922978153548e-08;4.495943920481354e-08;3.5300264139810984e-08;2.7679874140682405e-08;2.3078151964171613e-08;2.39992820336955e-08;4.1543535925553416e-08;7.295499498981824e-08;1.0903660885105207e-07;1.3614657096157953e-07;1.4073800885904112e-07;1.2390961251441772e-07;1.0576910514073932e-07;1.0245292588063553e-07;1.2331689419562822e-07;1.610918495194182e-07;1.935622942361939e-07;1.997099155285841e-07;1.7822558447232635e-07;1.4852492511114825e-07;1.3160684659489082e-07;1.2724647627347404e-07;1.2351665761592197e-07;1.0961659459210677e-07;8.479586134173192e-08;6.241046016364408e-08;6.446347212909255e-08;1.2139891332110896e-07;2.555221657278238e-07;4.762432112130242e-07;7.871210628002371e-07;1.2334889849740423e-06;1.9884151643823272e-06;3.455785617637693e-06;5.934309119418933e-06;9.849522056625594e-06;1.5355384189880407e-05;2.2647936333598823e-05;3.1390188654238535e-05;4.115893698846982e-05;5.0722022494074034e-05;5.889510329224483e-05;6.517264266354082e-05;6.956786209781389e-05;7.204105896318081e-05;7.283256770484086e-05;7.222762504896179e-05;7.063760394832217e-05;6.854881077634977e-05;6.623134342544652e-05;6.346118806368463e-05;5.995379330904491e-05;5.572376142560923e-05;5.095963853611453e-05;4.640260626934395e-05;4.2936554383428246e-05;4.090860476265502e-05;3.978385846497165e-05;3.924718340143154e-05;3.857944357718144e-05;3.745084554040376e-05;3.615212543251781e-05;3.5252872405253894e-05;3.516005832176474e-05;3.5812894379331665e-05;3.680975829119133e-05;3.711273599303067e-05;3.638573099199294e-05;3.4813943952468634e-05;3.3088588395634576e-05;3.1684037744259666e-05;3.0857636088559286e-05;3.068443648816205e-05;3.068748411723366e-05;3.046988181014527e-05;2.987302103984347e-05;2.907992904900782e-05;2.8458849588241017e-05;2.83431554584272e-05;2.882778560979608e-05;2.9596707720739027e-05;3.029632236387598e-05;3.065591445317484e-05;3.054954655470892e-05;3.005103968864496e-05;2.9306442621058336e-05;2.8448049572759864e-05;2.763110173294575e-05;2.6991091059226053e-05;2.6573540933866403e-05
391.7858286801384;2.402741625020646e-07;2.572387295094203e-07;2.498557207437247e-07;2.2655417646459078e-07;2.085643741346501e-07;1.742319356470901e-07;1.586221114337715e-07;1.509663525200869e-07;1.3743291388427014e-07;1.212637516614149e-07;1.0722335786863543e-07;8.882173858236796e-08;6.47470971857651e-08;4.1827312139797145e-08;2.651796695022147e-08;2.1565842055656188e-08;2.9805199612465895e-08;4.3297249127066473e-08;5.744557137795958e-08;6.512405787202209e-08;6.066995253239222e-08;4.7106997866211714e-08;3.5711098371250616e-08;3.694041359581781e-08;5.4312273414423536e-08;7.872834503240835e-08;9.687258066141557e-08;9.865312968220053e-08;8.406271789031549e-08;6.624517120184044e-08;6.009602773231696e-08;7.309403620281193e-08;9.849252100897344e-08;1.2731729940828804e-07;1.5320714780461317e-07;1.7896093045506365e-07;2.1128752843962867e-07;2.6519107891884805e-07;3.349683178247638e-07;4.197805294215599e-07;5.012918071302574e-07;6.115811882922787e-07;1.009192824561004e-06;2.308119187702964e-06;5.112357592412768e-06;9.921095142519489e-06;1.6918655090070402e-05;2.5848698654943056e-05;3.586817185516141e-05;4.6027886011501686e-05;5.5291625276619445e-05;6.300866908357494e-05;6.903685156738634e-05;7.349515525955584e-05;7.644248657623237e-05;7.803672705447017e-05;7.825872380503309e-05;7.704099384986401e-05;7.448850397226798e-05;7.088722079570949e-05;6.647751185527687e-05;6.157819404063036e-05;5.655268316390117e-05;5.1821764686709696e-05;4.782456726286891e-05;4.466132218891838e-05;4.250754161340765e-05;4.098473887840452e-05;3.957695228323823e-05;3.808922290430284e-05;3.639523993509735e-05;3.501620096346248e-05;3.431481275270868e-05;3.4352444571657495e-05;3.49621338969584e-05;3.567533733735115e-05;3.59574124465884e-05;3.5481002881648704e-05;3.43176539047959e-05;3.293181795918412e-05;3.1878448259368665e-05;3.1369881849544455e-05;3.146261526609346e-05;3.1715949678634815e-05;3.1680268411728616e-05;3.118856707411374e-05;3.0460473493163016e-05;2.9871344886531293e-05;2.9708764582589824e-05;3.009208605157053e-05;3.0576311522197287e-05;3.0822527960068524e-05;3.0656786549371423e-05;3.008453355154497e-05;2.933229564281863e-05;2.8666021115910865e-05;2.8115211752568548e-05;2.784897543832718e-05;2.770571672395206e-05;2.764148828590904e-05
393.844751547731;5.381807618238615e-07;5.745164862092792e-07;5.482581718135052e-07;4.5855803636958077e-07;3.338918929472525e-07;2.1448264698436e-07;1.3467170453668234e-07;1.0969564636847077e-07;1.196954428707809e-07;1.3618501587145664e-07;1.425648073428764e-07;1.2817193741309453e-07;9.722549791032477e-08;6.520194561321947e-08;4.10506805818325e-08;2.748015319433769e-08;2.1686271230454024e-08;1.8363313648743313e-08;1.5654685602418662e-08;1.345078083164191e-08;1.1586079699809892e-08;9.991822432112712e-09;8.624509236124078e-09;7.417952832588267e-09;6.445617376458526e-09;6.089453244129749e-09;8.155658035670331e-09;1.548450324742044e-08;3.135253978069266e-08;5.478194979030709e-08;8.97302309467058e-08;1.42128141195387e-07;2.0196807756242243e-07;2.5452785115221264e-07;2.9920975389526644e-07;3.391014825520712e-07;3.719343938924914e-07;3.972361645395613e-07;4.082180922571931e-07;3.756350476110341e-07;3.180302737102438e-07;3.0613785589082245e-07;5.869807474924695e-07;1.774256475414516e-06;4.608665254172742e-06;9.677975843210978e-06;1.7332244581819346e-05;2.7120652202110967e-05;3.775656694117323e-05;4.806569581540385e-05;5.721919495595386e-05;6.49295960336126e-05;7.130772482747441e-05;7.658219533353082e-05;8.061188197104868e-05;8.317554969135567e-05;8.38916492630284e-05;8.255595742095537e-05;7.931799630810069e-05;7.470201811421848e-05;6.9302241578754e-05;6.362233759472666e-05;5.801808618305867e-05;5.299650443611528e-05;4.889226637787862e-05;4.58362995677589e-05;4.367920256904703e-05;4.204636425488544e-05;4.043259132902184e-05;3.8719603086354056e-05;3.701519031452209e-05;3.572040825003743e-05;3.498219794272041e-05;3.4683217507317136e-05;3.4712875022985034e-05;3.429048416335225e-05;3.382827235956349e-05;3.3284064024243686e-05;3.2736360825117255e-05;3.226258462652754e-05;3.200402883222224e-05;3.198062136959285e-05;3.1945263088486055e-05;3.183604315418156e-05;3.165022942846287e-05;3.138105452271722e-05;3.111091096681979e-05;3.087481799623908e-05;3.065270966224193e-05;3.039130572731069e-05;3.0029145912299363e-05;2.9626946650633083e-05;2.9186511171576463e-05;2.869023953933996e-05;2.8203143376136373e-05;2.778762129792648e-05;2.7434568516677564e-05;2.7145014189106302e-05;2.687836651437529e-05;2.6668784974699892e-05
395.90300860687057;4.087869344072618e-07;4.16223427931255e-07;3.985549035477139e-07;3.499719235779169e-07;2.8236506246959865e-07;2.218386903902124e-07;1.7196129497187125e-07;1.4789976174725498e-07;1.34921801058255e-07;1.3003761413884958e-07;1.121224026496357e-07;8.638658454101145e-08;6.513371862130028e-08;5.2942431537258235e-08;4.74259869706353e-08;5.7637228998003456e-08;7.295891214533567e-08;8.435405246516293e-08;8.174227893154401e-08;6.267698810472777e-08;3.8454756620338883e-08;2.1808849193835405e-08;1.4496501393553716e-08;1.2920805130179365e-08;1.4459382224652249e-08;1.6432117995726516e-08;1.9816920021688423e-08;3.28006952556671e-08;5.885488500768698e-08;8.892385100400302e-08;1.1693614848085105e-07;1.4571689745839216e-07;1.6031874755346737e-07;1.6537744345104995e-07;1.7131829975386358e-07;1.8541191688023289e-07;2.1018103213070645e-07;2.449066080423727e-07;2.8064172030501735e-07;2.769664586391597e-07;2.914144345058323e-07;3.8032956826836803e-07;7.526967978446059e-07;2.1477244671766776e-06;5.399335506723181e-06;1.1073648955599316e-05;1.925998064740008e-05;2.9521010724218653e-05;4.0400215453580425e-05;5.07789404164975e-05;6.017002228217111e-05;6.849894653598968e-05;7.579920170925421e-05;8.209731669736058e-05;8.696126473126986e-05;8.976141621018497e-05;8.997858606073287e-05;8.772180405498909e-05;8.349871313365225e-05;7.806633919147566e-05;7.235182965921642e-05;6.66643237768294e-05;6.108206763118411e-05;5.5776483883971726e-05;5.120386168644273e-05;4.7479564277831327e-05;4.449802936634714e-05;4.214800794832192e-05;4.032861800374816e-05;3.892631043286747e-05;3.788707898238339e-05;3.7109120571234535e-05;3.655862491662248e-05;3.5932342953173456e-05;3.5000794748920195e-05;3.3825385046384014e-05;3.271901501343483e-05;3.202628355679639e-05;3.190618041297596e-05;3.22682821839923e-05;3.282636876649598e-05;3.321148088548729e-05;3.295366227223152e-05;3.221918650342766e-05;3.147939160764949e-05;3.103767103186498e-05;3.0911659643794803e-05;3.0866139104019155e-05;3.06392790616949e-05;3.0174322399985905e-05;2.954451582078805e-05;2.884588562427966e-05;2.840925386191948e-05;2.817254553108276e-05;2.790386475435987e-05;2.7647091029843387e-05;2.729207851645052e-05;2.679848981377557e-05;2.636005545115384e-05;2.6004372896218648e-05
397.9605998278603;1.8555997517112105e-07;1.899265745865784e-07;2.008075453697783e-07;2.010220111590313e-07;1.9034037221186432e-07;1.7800555285389805e-07;1.7495784785936575e-07;1.6261690723073316e-07;1.3588260114372665e-07;1.0693433233726903e-07;9.403644309817829e-08;1.00482102699e-07;1.1612201047009365e-07;1.2755656857776192e-07;1.328389446674567e-07;1.3710575898461842e-07;1.5049742667349e-07;1.608628636205787e-07;1.5355971329314645e-07;1.231750317715461e-07;8.13307254318193e-08;4.475903246493631e-08;2.6962414912368823e-08;2.464952150320972e-08;2.6378041224208e-08;2.6891130495183042e-08;2.6425756151357465e-08;2.888926864881433e-08;3.735777354052052e-08;4.95065444338485e-08;5.9490641374979376e-08;6.068806971163946e-08;5.215201365694057e-08;3.796260323782194e-08;2.4593470063704423e-08;1.7788312258067798e-08;2.2860518576747864e-08;4.199170362984322e-08;7.255061668462262e-08;1.145522986272862e-07;2.2872862960652166e-07;4.976505259227222e-07;1.208822240543244e-06;3.049721107835152e-06;6.776262916989633e-06;1.2954783366127429e-05;2.1464679680091854e-05;3.163663649855152e-05;4.247389880819192e-05;5.306957449003126e-05;6.301744973066251e-05;7.225678910501197e-05;8.058945793141587e-05;8.767772830006951e-05;9.29988752457833e-05;9.583821635054348e-05;9.561006448648344e-05;9.232015529105411e-05;8.676251029980604e-05;8.033319234431798e-05;7.41459012806882e-05;6.847751146568467e-05;6.327525881027182e-05;5.842424690027903e-05;5.376190731804782e-05;4.936417100232526e-05;4.5568962640517736e-05;4.270313196660837e-05;4.076421056578679e-05;3.968990152333266e-05;3.915459125016007e-05;3.872932899241661e-05;3.82712955992236e-05;3.767153334370014e-05;3.6745679689899817e-05;3.589214684022458e-05;3.507703826276717e-05;3.445007678884321e-05;3.409222963542763e-05;3.3964224476203e-05;3.395170201480592e-05;3.392347489682499e-05;3.3694340535192404e-05;3.3405558761288306e-05;3.304329101883151e-05;3.272150775045164e-05;3.245000761451816e-05;3.212166802782655e-05;3.1593405241759204e-05;3.0839594780758805e-05;2.992858415740263e-05;2.9086464249082325e-05;2.835888874747445e-05;2.79357689132313e-05;2.7712952647227507e-05;2.754551904379527e-05;2.736915179349762e-05;2.715290662994478e-05;2.6950406494565348e-05;2.677551168539476e-05
400.0175251812361;1.949100866222015e-07;2.613624770989415e-07;2.939713903106483e-07;2.791077145070962e-07;2.235589611912297e-07;1.6129395651080924e-07;1.287996819123328e-07;1.0454528468701705e-07;8.676102069809529e-08;7.356583032348886e-08;1.0345579647308076e-07;1.5879593277664346e-07;2.0163948741847042e-07;2.141727987801109e-07;2.023343419383283e-07;1.7372436966810819e-07;1.597985752544869e-07;1.647545941674963e-07;1.629888346572194e-07;1.4838549866031493e-07;1.228169639410433e-07;8.910778365535725e-08;6.272541849306678e-08;4.5596549829505976e-08;3.3064721014944585e-08;2.5301804089631912e-08;2.1361568311752912e-08;1.7202723902431105e-08;1.31405736292669e-08;1.2146935675213618e-08;1.504530188976251e-08;1.8797216722100877e-08;2.034806353104072e-08;1.952460954712308e-08;1.6324335436221593e-08;1.1615354153780424e-08;9.516020816023745e-09;1.312052160054423e-08;2.2860080905923667e-08;5.1858300635616683e-08;1.8040587332871225e-07;5.652618230667722e-07;1.5086988467765165e-06;3.4967152940278256e-06;7.323357649240955e-06;1.3498741968325137e-05;2.195941720062132e-05;3.215229384320731e-05;4.318878046278097e-05;5.422077738316868e-05;6.482291696347905e-05;7.471535204770005e-05;8.357759299751275e-05;9.111239027548456e-05;9.66982192276564e-05;9.93430829413754e-05;9.852000008057324e-05;9.44385926808469e-05;8.797101429671315e-05;8.062682174907806e-05;7.388711305477506e-05;6.834899795350377e-05;6.370015738441724e-05;5.944454687893309e-05;5.502373055080891e-05;5.062885623837445e-05;4.685464143345677e-05;4.412339235191424e-05;4.239208077385773e-05;4.150461576505024e-05;4.0937611003619246e-05;4.0178205490868185e-05;3.943657699116071e-05;3.888519743222024e-05;3.864236865732197e-05;3.8721594099770434e-05;3.887457105197398e-05;3.844331852398245e-05;3.745845408888668e-05;3.606511897949076e-05;3.468579809709167e-05;3.376386016106235e-05;3.36123034793858e-05;3.4027104964540984e-05;3.445235101415797e-05;3.449251356854481e-05;3.403429486296547e-05;3.319880216814283e-05;3.213423325283273e-05;3.09224269385458e-05;2.966672942262758e-05;2.855994548034399e-05;2.778427439992204e-05;2.747190220444894e-05;2.7637505153743176e-05;2.804347720141802e-05;2.840383502461948e-05;2.87141844517828e-05;2.889555180026027e-05;2.8997464718292172e-05
402.0737846377342;2.614114337211067e-07;3.508609604025812e-07;3.7283395889331525e-07;3.247793507506922e-07;2.139605881198343e-07;1.14885769859819e-07;6.139068988511197e-08;3.850471621841867e-08;3.2676003630809495e-08;3.9050883868635585e-08;6.334953731490404e-08;9.450141245420665e-08;1.13865234361747e-07;1.1467685508466078e-07;1.0433189542464857e-07;9.931311992231041e-08;1.156423736037407e-07;1.457522545354439e-07;1.7460372774124518e-07;1.9510581674463526e-07;1.794755464723243e-07;1.451737101571041e-07;1.0699482083745657e-07;6.903517654245779e-08;3.80490957435658e-08;2.3132520824212376e-08;1.86878016023726e-08;1.841847574272015e-08;1.8688653745829293e-08;1.9143397084460933e-08;2.0284951308540582e-08;2.042146808154757e-08;1.7535603204741338e-08;1.4461937307231223e-08;1.2813463633758876e-08;1.1058320686498252e-08;1.1790748157291102e-08;2.1504856766072225e-08;7.994826753925795e-08;2.1281500801869735e-07;4.447232974797341e-07;8.659822641135597e-07;1.7341030826453188e-06;3.4595114578960453e-06;7.130726662109504e-06;1.329756676189584e-05;2.194256801966151e-05;3.250672973193841e-05;4.400499766415407e-05;5.576257025806783e-05;6.724158119457972e-05;7.781003221426872e-05;8.68791139871644e-05;9.417408083333164e-05;9.921179889805948e-05;0.0001012125677466;9.973059193383388e-05;9.508509881573863e-05;8.833819095185752e-05;8.107746039669926e-05;7.459938465991619e-05;6.934372592299636e-05;6.485380366151507e-05;6.046733879717984e-05;5.5908994857967485e-05;5.152146397940451e-05;4.783831040363381e-05;4.521523858829056e-05;4.3639421313362365e-05;4.269170120455367e-05;4.185454820767149e-05;4.087780550679305e-05;3.986149735864341e-05;3.909826971975293e-05;3.879739449133104e-05;3.888210145859855e-05;3.89684127301451e-05;3.861322750919237e-05;3.7660740670674704e-05;3.634839584851935e-05;3.511993896878586e-05;3.427635773156497e-05;3.3986052480442385e-05;3.412233438159861e-05;3.4027100395227604e-05;3.359767104018228e-05;3.2811727885046204e-05;3.187028305617181e-05;3.100638848952859e-05;3.0108915199107813e-05;2.9294124936587627e-05;2.852297084123013e-05;2.802508223272643e-05;2.7868513750662405e-05;2.8102220247548592e-05;2.864469465013969e-05;2.923193988313394e-05;2.9801895203904283e-05;3.0283362129368844e-05;3.0631145157423494e-05
404.12937816832346;2.2778678251645918e-07;2.8049418805120133e-07;2.7823838613659386e-07;2.1799601466235442e-07;1.294275653112644e-07;5.9226348346869695e-08;3.128838590420877e-08;2.219255816564953e-08;2.088738596738928e-08;2.3020928722389973e-08;2.4926389071745414e-08;2.5089154395141704e-08;2.1488081888736465e-08;1.5165900621177117e-08;1.4870381518091903e-08;3.118482226268848e-08;6.573630994721259e-08;1.09603308250152e-07;1.5785634464517868e-07;1.9408439632899465e-07;1.947912522422177e-07;1.6530454849538392e-07;1.2442940890365554e-07;8.150594859404433e-08;4.451282608419784e-08;2.531925710530185e-08;2.2188959531469477e-08;2.71273953004727e-08;3.320184333659249e-08;3.4974278001582485e-08;3.2301460946577226e-08;2.5198467556736934e-08;1.6873411384969924e-08;1.1980621708208585e-08;1.0391706946327801e-08;1.1455937635967391e-08;1.7803772610570192e-08;4.28593063423547e-08;1.3994277912990996e-07;3.7659588903274993e-07;7.224737239339488e-07;1.190012694941791e-06;2.107280462465994e-06;3.935100530085458e-06;7.567193407071172e-06;1.3757414498726338e-05;2.2511233984454908e-05;3.315147747856181e-05;4.517257133019391e-05;5.748567469375312e-05;6.934925805237686e-05;8.010808937829827e-05;8.924943801462876e-05;9.643464707870548e-05;0.000101114475862;0.0001028770635877;0.0001016279011456;9.7594393317833e-05;9.159953050451906e-05;8.481934794036309e-05;7.802376998901796e-05;7.188401514131902e-05;6.646130265621251e-05;6.147944577109392e-05;5.671801101698375e-05;5.236602254458492e-05;4.861962578332709e-05;4.56434794452181e-05;4.3713696361820176e-05;4.257620130263735e-05;4.187866244489961e-05;4.1425208002624575e-05;4.0775493112122073e-05;4.001238505046255e-05;3.924006141476575e-05;3.838992965879034e-05;3.743909228061627e-05;3.662657404594442e-05;3.585128048937128e-05;3.514043430866086e-05;3.445953133650153e-05;3.375323791672334e-05;3.3024606838765125e-05;3.234251332532667e-05;3.178442450213935e-05;3.14235366503778e-05;3.127929334783105e-05;3.098817794681623e-05;3.073396104611225e-05;3.0427315377136416e-05;3.0104421711014777e-05;2.9778330389167737e-05;2.943554524531782e-05;2.9061751373447217e-05;2.8766073243637357e-05;2.858934274945524e-05;2.857416906006811e-05;2.8809541429105226e-05;2.912212919056332e-05;2.938361284148724e-05
406.184305744202;8.147124121373918e-08;9.600992979608986e-08;9.313568099850809e-08;7.200663431520126e-08;6.905413546541104e-08;8.343172767139368e-08;1.0107726690197293e-07;1.0880593536283297e-07;9.743994431120609e-08;6.93846712424313e-08;3.8242465723317564e-08;2.5619253462381393e-08;2.78857732096866e-08;5.181978361024537e-08;9.217656841334917e-08;1.345287211452921e-07;1.646331888239448e-07;1.6784096253399167e-07;1.5340691538856925e-07;1.4291044813650877e-07;1.4726357074141354e-07;1.3876592462251617e-07;1.1749387015535619e-07;8.396418349092473e-08;5.107174736850925e-08;3.640512213958535e-08;4.767956857062735e-08;6.555792911582894e-08;7.843419536995808e-08;7.856258649740344e-08;5.7202411973170665e-08;3.809144136206247e-08;2.9987777279027094e-08;4.4933352528247355e-08;7.361426168062854e-08;8.988782679570842e-08;9.223404724755753e-08;9.346499859339253e-08;1.2429604271385402e-07;2.1738567744905177e-07;3.997401104615054e-07;8.947014692970665e-07;2.2457264656196763e-06;5.002022258634728e-06;9.651522932833974e-06;1.6625263485193026e-05;2.565995920301428e-05;3.626073323312037e-05;4.771433477827288e-05;5.9210334576571686e-05;7.032946216671841e-05;8.075951496911462e-05;9.016247549037946e-05;9.8127386435231e-05;0.0001041019336276;0.0001077355719801;0.0001085356200393;0.0001059261489147;9.98372082878428e-05;9.138710666596442e-05;8.236965960689281e-05;7.436455706159384e-05;6.781409046362696e-05;6.246280526233206e-05;5.7873234466361846e-05;5.3617725808819966e-05;4.9669649144736975e-05;4.6379242691635246e-05;4.401547711542744e-05;4.263472716127374e-05;4.207347959028067e-05;4.195765702488845e-05;4.184014745067357e-05;4.148313183644154e-05;4.07773031178527e-05;3.973432034245258e-05;3.838343322144317e-05;3.7019239935375285e-05;3.58187970496034e-05;3.478258447015513e-05;3.382182385521926e-05;3.283322590531372e-05;3.2033717481340375e-05;3.13324971709787e-05;3.113588033077807e-05;3.112031926110178e-05;3.122144918339798e-05;3.124393743326354e-05;3.093204752874932e-05;3.081054747025333e-05;3.092172381358774e-05;3.131227360192307e-05;3.150309541715351e-05;3.121069011902872e-05;3.0272359685405603e-05;2.909331453794409e-05;2.8319401299345968e-05;2.7963113137627237e-05;2.784867293861744e-05;2.7877092670353895e-05
408.2385673367753;4.795608117926572e-10;2.078368145592026e-09;9.30360822527505e-09;3.5504023103173876e-08;9.446216926929727e-08;1.7408808463092e-07;2.4374883061013137e-07;2.666463573510889e-07;2.3118739155909803e-07;1.5473240204088968e-07;8.654500749604884e-08;4.791928191273346e-08;5.8349016288471305e-08;1.282024634917326e-07;2.1741064015586373e-07;2.815075551225205e-07;2.963332577231194e-07;2.5140469381761143e-07;1.7092885478985826e-07;1.0980813390518457e-07;8.320899545722254e-08;7.516360774154525e-08;6.852917807397708e-08;5.799605500927536e-08;5.7786439472066215e-08;8.085005331725445e-08;1.2001919277546845e-07;1.5215802485269794e-07;1.583745248825762e-07;1.2978840402752413e-07;9.568841043427397e-08;6.271115046249968e-08;5.921775392606246e-08;1.0230586437181223e-07;1.6332005341919898e-07;2.0310246391495925e-07;2.073511182783603e-07;1.785719882153806e-07;1.307774509676195e-07;9.250059806966875e-08;1.1335777702726357e-07;5.675019525061225e-07;2.057203821435137e-06;5.264678647993951e-06;1.0674658580847265e-05;1.8432823635956213e-05;2.8176736629573222e-05;3.953504752999882e-05;5.159064795729258e-05;6.389971405124372e-05;7.587344741175688e-05;8.703118749991936e-05;9.702367648683692e-05;0.0001056247481635;0.0001124786162631;0.0001168835880598;0.0001171610629783;0.0001132057246041;0.0001056264148545;9.59068780142116e-05;8.591786279657772e-05;7.729438804890004e-05;7.035424251135676e-05;6.44653311612144e-05;5.9310568969585625e-05;5.4479622999210656e-05;5.029981321280179e-05;4.690962809773233e-05;4.44665116819099e-05;4.2974350451504986e-05;4.231609435408309e-05;4.210341377558564e-05;4.1974440920555765e-05;4.173904226824659e-05;4.123355603182633e-05;4.041446452733822e-05;3.938761085249215e-05;3.829503643487363e-05;3.7329068739906014e-05;3.6530242818207765e-05;3.579564342253425e-05;3.505143832485609e-05;3.42896366989585e-05;3.356891596393396e-05;3.2787201714724415e-05;3.215438062929629e-05;3.131120064279578e-05;3.046058261046818e-05;2.975098997158804e-05;2.9571915235030767e-05;3.005476758994045e-05;3.0916922047171985e-05;3.15470381165991e-05;3.155002514006879e-05;3.0908182220806155e-05;2.9858003367088205e-05;2.9033075502225787e-05;2.8695425512264715e-05;2.869786959957148e-05;2.8889218154501063e-05
410.2921629176817;5.332983727609106e-08;6.42728809199182e-08;8.972234295215619e-08;1.3388874337185957e-07;1.872085475641375e-07;2.550809201654056e-07;2.925546746416948e-07;2.947307757364197e-07;2.599638227981648e-07;2.037940722455931e-07;1.5095348708556373e-07;1.368460014238059e-07;1.6271435479284849e-07;2.405626965858955e-07;3.1575374724430584e-07;3.422917553816036e-07;3.116910620831115e-07;2.402258818968768e-07;1.4996795736522614e-07;7.977727876040043e-08;4.55147011657549e-08;3.451405941616644e-08;3.0122343524884774e-08;3.831699088210536e-08;6.929417051824838e-08;1.206641908999376e-07;1.6924569983970918e-07;1.888040885240441e-07;1.7787171443960898e-07;1.5818840274106305e-07;1.5122563228311636e-07;1.3862730325843018e-07;1.383236870063241e-07;1.6433332531355376e-07;2.1573003309591274e-07;2.772890219993502e-07;3.172249194876519e-07;3.162105558721654e-07;2.6575085342239413e-07;1.9945075885677563e-07;2.1387182482808815e-07;5.882250564416328e-07;1.7402616221043312e-06;4.539518139943582e-06;9.794678793653249e-06;1.7667092454527458e-05;2.791644638774937e-05;4.008010058007794e-05;5.3757007408931806e-05;6.816940188121469e-05;8.246571673741084e-05;9.5678334376195e-05;0.0001069181566431;0.0001156913132419;0.0001214340014458;0.0001235064490728;0.0001212535185624;0.0001153585993423;0.0001073319666773;9.837387280256532e-05;8.93432584048364e-05;8.092682681754443e-05;7.330784526168421e-05;6.640006444819061e-05;6.004588991507029e-05;5.434276104742048e-05;4.97282322725579e-05;4.638599825294821e-05;4.420006184859753e-05;4.28540413840367e-05;4.207428617021817e-05;4.1638524159466926e-05;4.1316136680889536e-05;4.094370126923125e-05;4.046054213241149e-05;3.99187191627714e-05;3.951100040427904e-05;3.925311127529547e-05;3.8980625120486905e-05;3.862687643085688e-05;3.807155539934833e-05;3.728865783091229e-05;3.618268831543692e-05;3.492185767877617e-05;3.377185305421885e-05;3.27289885415429e-05;3.167147664521741e-05;3.047360495171231e-05;2.9585760819750017e-05;2.909969875107464e-05;2.917718913844693e-05;2.953269013533899e-05;2.9967292062570732e-05;3.0358573632892573e-05;3.058174433856386e-05;3.0745624751301004e-05;3.078505413926422e-05;3.088411512783463e-05;3.1102839105159096e-05;3.131441725294412e-05
412.3450924587705;2.781418291892289e-07;3.0183440658986685e-07;3.306017666559264e-07;3.523358648525379e-07;3.52923627945044e-07;3.265870568034695e-07;2.816642993247762e-07;2.520011435102775e-07;2.3630972354594546e-07;2.405957542567997e-07;2.458552372746345e-07;2.576291692133406e-07;2.828179864163048e-07;3.367880899535524e-07;3.816573089473312e-07;3.794684309331991e-07;3.403640796724339e-07;2.793677742378982e-07;2.1359042861796013e-07;1.633353704359406e-07;1.3328780631872598e-07;1.0232801675725352e-07;6.630266222879895e-08;6.143442162605491e-08;8.549678325518852e-08;1.1380532383002517e-07;1.3562282481550285e-07;1.4425554684518592e-07;1.543954771246245e-07;2.1071484180395857e-07;2.82175009641447e-07;3.283930892868758e-07;3.291557613223427e-07;3.0378593326799504e-07;3.035440719359741e-07;3.430948739696889e-07;3.8740774106589573e-07;4.008274218579616e-07;3.632946650099611e-07;3.108566211646816e-07;4.039408006444652e-07;8.634849217841575e-07;2.0298004469556566e-06;4.742124628866739e-06;9.780856473899606e-06;1.748403942812118e-05;2.7656301900572407e-05;3.9903109018591606e-05;5.358445189233922e-05;6.806092992470589e-05;8.280703410656984e-05;9.70190719067018e-05;0.0001091437337454;0.000118179533903;0.0001234575200221;0.0001249045905861;0.0001226950373868;0.0001175503143273;0.0001104298949619;0.0001023098182931;9.334593041462032e-05;8.392531594394041e-05;7.47987031508927e-05;6.676551122637226e-05;5.985160549918295e-05;5.420428422192082e-05;4.97046682055222e-05;4.67281620705324e-05;4.4955874029989937e-05;4.389898680734381e-05;4.30758238776765e-05;4.2226548082705765e-05;4.149294490480623e-05;4.081819595521672e-05;4.024806475152656e-05;3.982444517116518e-05;3.9543723061296544e-05;3.930826086134431e-05;3.891327018685154e-05;3.8288427377147015e-05;3.738763620016709e-05;3.634936054460915e-05;3.537951819017051e-05;3.463895668798912e-05;3.41654003951761e-05;3.364243821126331e-05;3.299245876705073e-05;3.214243015784507e-05;3.1110257228122624e-05;3.0128198794151767e-05;2.939602963999075e-05;2.9104755067147388e-05;2.9458581170520103e-05;3.0179816818890856e-05;3.104694440224385e-05;3.183446429839492e-05;3.229994313386418e-05;3.238173453580269e-05;3.226236561740779e-05;3.2066868261697147e-05
414.39735593212754;4.438808262341903e-07;4.5637190594780406e-07;4.65354357410148e-07;4.704633286873919e-07;4.774667686617438e-07;4.951230574560961e-07;5.153861542569513e-07;5.109856844308443e-07;4.791407444374097e-07;4.198555417146357e-07;3.472345711427988e-07;2.835380861661832e-07;2.608090268314501e-07;2.73676516832258e-07;3.0788629547978974e-07;3.398638878574168e-07;3.608154526933882e-07;4.024037063062788e-07;4.113578298924542e-07;3.774197246645717e-07;3.189358324715798e-07;2.541924000683156e-07;2.1563436207069946e-07;2.238920916520081e-07;2.4635117806519064e-07;2.439767957372241e-07;2.131442408590799e-07;1.860390053464219e-07;1.9027224984155037e-07;2.577649048184527e-07;3.655495767577835e-07;4.327748857466071e-07;4.2520607637007355e-07;3.585258701329089e-07;2.8157039397459494e-07;2.4979376391733224e-07;2.706726146212691e-07;3.0588693391474215e-07;3.2850159000634624e-07;4.168102166513066e-07;6.872117784048181e-07;1.3563856847426611e-06;2.700140727621175e-06;5.328047743505156e-06;9.927790701424065e-06;1.7057807163576818e-05;2.69056225651167e-05;3.917360402091855e-05;5.3004677605803833e-05;6.772538538485393e-05;8.293788657163487e-05;9.753843723992469e-05;0.0001098878677199;0.0001186558922525;0.000123434234608;0.0001248938658987;0.0001234390978281;0.0001194978017718;0.0001133513805583;0.0001052623822348;9.56590722259886e-05;8.547947158082087e-05;7.580834225265275e-05;6.745315158865277e-05;6.071013287992247e-05;5.576259219991407e-05;5.210771238149779e-05;4.947460189974384e-05;4.768600413213244e-05;4.636263112092703e-05;4.51713899783016e-05;4.392446738208889e-05;4.262792696387756e-05;4.1437909905307245e-05;4.055298925345304e-05;3.991701080545464e-05;3.938755559960529e-05;3.884153636432946e-05;3.820961639263347e-05;3.757936202592977e-05;3.701885927548514e-05;3.634960790084003e-05;3.5792247060596006e-05;3.548205384657864e-05;3.52286046514673e-05;3.500760731177865e-05;3.4539958976565206e-05;3.377623807395915e-05;3.26962120709633e-05;3.136766237000879e-05;3.011573938603996e-05;2.9374904349095847e-05;2.9442606556292603e-05;3.017181655756501e-05;3.1227088281525256e-05;3.2000062035874124e-05;3.2288906487195054e-05;3.21497538519648e-05;3.178700332312244e-05;3.141656416271439e-05
416.448953310035;2.6005148784720865e-07;2.5274578251126145e-07;2.6183974552231937e-07;2.956881777074651e-07;3.872831393383968e-07;5.430552399947503e-07;6.787437071673257e-07;7.273106590225155e-07;6.784183345832252e-07;5.38942771500278e-07;3.626802749141629e-07;2.3784845690813778e-07;1.873487009567069e-07;1.82680455575117e-07;1.943563871484254e-07;2.4990164983895456e-07;3.424654312790133e-07;4.3017629258884084e-07;4.583007651935694e-07;4.1802720209880164e-07;3.532420782219025e-07;3.183022690132379e-07;3.4346159620482697e-07;4.0818207470790053e-07;4.520318822021262e-07;4.370406379198815e-07;3.665147032316312e-07;2.861621932139301e-07;2.440058079793751e-07;2.660406494363375e-07;3.272088159064988e-07;3.54933571550329e-07;3.259141534510074e-07;2.497537716369243e-07;1.58945179737658e-07;1.0741163956962481e-07;1.2549951388079156e-07;2.073388282686119e-07;3.421953025265552e-07;5.229362476418627e-07;8.27192774770852e-07;1.4051158314900169e-06;2.598092427994715e-06;4.948444720795523e-06;9.205535583174772e-06;1.6034608836940122e-05;2.569078159779776e-05;3.803950656232043e-05;5.258077640914356e-05;6.877391289673653e-05;8.53658522309184e-05;0.0001007467483544;0.000113717311173;0.0001230661443915;0.0001279704591787;0.0001286863497798;0.0001264308152045;0.0001216623910588;0.0001146614466577;0.0001058920871565;9.609519993122122e-05;8.638558108472046e-05;7.746529453349292e-05;7.007317572279887e-05;6.445438294535802e-05;5.993931442435516e-05;5.612556092139591e-05;5.285814940603747e-05;5.0102077859573744e-05;4.764641572090998e-05;4.573427481139022e-05;4.407223095513132e-05;4.264235852998402e-05;4.1543764257457685e-05;4.077307157902573e-05;4.022280257437408e-05;3.9653147417817314e-05;3.9085142244207904e-05;3.848763501331712e-05;3.808833839599092e-05;3.7878787682919045e-05;3.772470515833135e-05;3.751031655246928e-05;3.712111685479225e-05;3.669649083509322e-05;3.616641538421527e-05;3.55461812318215e-05;3.493030334509082e-05;3.4141341815470904e-05;3.304749773543739e-05;3.18454411806716e-05;3.090411661041496e-05;3.0405277125708548e-05;3.052815301081583e-05;3.103375046639463e-05;3.152985653412568e-05;3.1840578436525234e-05;3.18758880950151e-05;3.1746903270625964e-05;3.156284106598511e-05
418.4998845650189;5.5542380480436635e-08;5.687190474721423e-08;7.957562636594309e-08;1.142861472238336e-07;1.7874852364318078e-07;2.612286074317399e-07;3.295443135890418e-07;3.523750138075505e-07;3.315807262325494e-07;2.75885303070378e-07;2.1306444401634554e-07;1.710632708365594e-07;1.639988962970303e-07;1.5345315388551896e-07;1.374328286780257e-07;1.3856130991749984e-07;1.8439495343287846e-07;2.1726663304965665e-07;2.2472659491007105e-07;2.0595100217880145e-07;1.902652810139154e-07;1.9932318534995005e-07;2.385319730511472e-07;2.934157654115874e-07;3.3176958776936685e-07;3.331380978852413e-07;3.048284024212472e-07;2.805871377651035e-07;2.600449960736389e-07;2.707397691050851e-07;2.790862294946573e-07;2.6673341284807426e-07;2.2324953505540074e-07;1.6013506668257628e-07;1.02411928314069e-07;7.020412989622477e-08;8.30775648283674e-08;1.6439963800131878e-07;3.3709027010638504e-07;5.515498005531715e-07;7.792517013914905e-07;1.1412802869844965e-06;2.0535552478930278e-06;4.26609514785791e-06;8.654586920239088e-06;1.592200057384816e-05;2.6291780172426333e-05;3.955308259888769e-05;5.499473675905609e-05;7.156507447062339e-05;8.795005167503945e-05;0.0001035145652478;0.0001173617562656;0.0001280480147612;0.0001343409933728;0.0001358720043982;0.0001333075861529;0.0001275288105148;0.0001190899953755;0.0001089532535819;9.83990000862857e-05;8.869036223213694e-05;8.044362671046394e-05;7.361295347138079e-05;6.780808887661523e-05;6.265033990581704e-05;5.798907624266013e-05;5.389119641079522e-05;5.043939716090408e-05;4.762590577326884e-05;4.530842220888279e-05;4.346977579534916e-05;4.219463288282053e-05;4.148090388589429e-05;4.121762715020592e-05;4.124415788264286e-05;4.100558286859237e-05;4.038040636032425e-05;3.9540701472625135e-05;3.864381686419174e-05;3.790494416048926e-05;3.744331623588989e-05;3.70804944513114e-05;3.6697910152446646e-05;3.621190872616933e-05;3.5704842726974706e-05;3.5254066354430066e-05;3.4895926115771376e-05;3.4336092624035555e-05;3.354555470372324e-05;3.260469435609411e-05;3.1696482479428144e-05;3.104340705622683e-05;3.069726876596118e-05;3.0746782822495364e-05;3.096509590576093e-05;3.1164381720337815e-05;3.1246485073133684e-05;3.1198436662496426e-05;3.108679382128251e-05
420.5501496698125;4.125616044213853e-08;5.8203749288458115e-08;7.830354051525764e-08;8.92278628643213e-08;7.211946209561086e-08;4.844034381986269e-08;5.441997388187885e-08;1.0518227235770086e-07;1.9052545295402869e-07;2.600275493606767e-07;2.8348832335991765e-07;2.5024266660001445e-07;1.884907398976345e-07;1.303263334985226e-07;1.262757219749482e-07;1.568038545633995e-07;2.0124547995785955e-07;2.3280529674121414e-07;2.239458077313625e-07;1.792904265204781e-07;1.3035514021795985e-07;9.826517463031117e-08;8.965451202382442e-08;9.409839504929716e-08;1.0757683627332775e-07;1.26954091100395e-07;1.499538048888609e-07;1.7435613242551249e-07;1.9739015904530426e-07;2.0873271206937018e-07;1.9695996563533857e-07;1.731508819836236e-07;1.3730570523235642e-07;9.703814641292459e-08;6.315599762468475e-08;4.249283482032531e-08;4.618702885611685e-08;1.1012532049246483e-07;2.714078821781017e-07;5.340289675294525e-07;7.91766487671685e-07;1.1436772322495882e-06;1.9366923190350098e-06;3.986184484979691e-06;8.613911589582263e-06;1.6924974563717967e-05;2.926606118559213e-05;4.49010901442003e-05;6.209326206840493e-05;7.894077513778989e-05;9.473523678897968e-05;0.0001092529149171;0.0001219539973744;0.0001323081317965;0.0001395601054863;0.0001431774321892;0.0001423517346859;0.0001369077905686;0.0001278838661735;0.0001166080913333;0.0001050945629578;9.449482456209714e-05;8.522975554931209e-05;7.694473275111341e-05;6.910528820682146e-05;6.234419162939013e-05;5.6824949801625706e-05;5.263943017808226e-05;4.977188975382071e-05;4.778038914876743e-05;4.602219845644717e-05;4.439772330454479e-05;4.277227069309415e-05;4.171624667085512e-05;4.119797251964354e-05;4.125033736336494e-05;4.145110702804782e-05;4.1292010786453176e-05;4.044490409305682e-05;3.905628884625639e-05;3.757496491556847e-05;3.632449584847167e-05;3.5517375658949605e-05;3.509243288249829e-05;3.491120517452999e-05;3.478231464738032e-05;3.460168387251862e-05;3.424599980480678e-05;3.365530311683502e-05;3.290461191804801e-05;3.2105715998974335e-05;3.145098278864437e-05;3.101885909191598e-05;3.0789374988177594e-05;3.064979429410034e-05;3.0516054929091946e-05;3.0339829323725184e-05;3.015235436584244e-05;2.995880229783151e-05;2.9805043627400503e-05
422.5997485973676;6.767389081002196e-08;1.0303498236224074e-07;1.272815816958085e-07;1.309224295183329e-07;1.0866795389047696e-07;6.877175549138173e-08;7.818117411673817e-08;1.9123146266417585e-07;3.553064906366384e-07;4.710365088471781e-07;4.820530017333223e-07;3.810677204796511e-07;2.322033779477663e-07;1.402465447113439e-07;1.5214449236974621e-07;2.4722092495276217e-07;3.574859005054818e-07;4.122009468196673e-07;3.819754869477942e-07;2.870604349887104e-07;1.860080800732917e-07;1.4610108688343494e-07;1.365359389086297e-07;1.3590586249588133e-07;1.300842023982559e-07;1.155394991409552e-07;9.893055709086829e-08;8.122221853629856e-08;8.868093222008796e-08;8.957971685311872e-08;8.432846799165511e-08;7.063758016059252e-08;5.4299720239602665e-08;3.9818113053827534e-08;3.1074387902598294e-08;2.990073610990184e-08;3.4106938572508135e-08;8.060630114346862e-08;2.203731526697811e-07;4.429617308437905e-07;6.78784425822658e-07;1.103171178838437e-06;2.193849049594516e-06;4.632982238457098e-06;9.802818875378962e-06;1.9110943593416305e-05;3.2524451493888855e-05;4.918842903778688e-05;6.740805603903279e-05;8.538419367059346e-05;0.0001021280738003;0.00011700941942;0.0001294349817919;0.0001394060539399;0.0001463922959127;0.0001495492396464;0.0001481895887734;0.0001425382981999;0.0001333872533177;0.0001221614308131;0.0001102098329079;9.880812043742748e-05;8.833013093076326e-05;7.89598350596232e-05;7.066640501137718e-05;6.35433032882719e-05;5.806633848446155e-05;5.424322243719928e-05;5.1728382716792885e-05;5.003268470726288e-05;4.851922423154162e-05;4.666847625553926e-05;4.4455183417552367e-05;4.243362052388304e-05;4.105526046687511e-05;4.04860553627015e-05;4.046030153934418e-05;4.039688158133173e-05;3.976056329054845e-05;3.8591321732183264e-05;3.705233116420568e-05;3.579835502453291e-05;3.5155880000839307e-05;3.503572355230459e-05;3.5155092522544827e-05;3.505042506921436e-05;3.4702092881968014e-05;3.385786104028802e-05;3.291851483586243e-05;3.209500499880734e-05;3.154347289310893e-05;3.127601328835381e-05;3.111014234526363e-05;3.084507410175917e-05;3.039069874475728e-05;2.983271816562817e-05;2.9346959877045205e-05;2.904089277654933e-05;2.89265061508627e-05;2.893569108498329e-05
424.6486813208612;1.1596990772605473e-07;1.9334290942014105e-07;2.396321619861135e-07;2.3196369466082602e-07;1.835182547180277e-07;1.224105879495646e-07;9.341918378279206e-08;1.2243334923018016e-07;1.9398768264812924e-07;2.513838359545389e-07;2.618456388255854e-07;2.2015329633983442e-07;1.5960634991556099e-07;1.2917746107401265e-07;1.50281606156325e-07;2.113068246629156e-07;2.620742815594892e-07;2.68593644811764e-07;2.3217710677053202e-07;1.8834593119624213e-07;1.848255833836025e-07;2.154751839723281e-07;2.568881227046409e-07;2.667989757784916e-07;2.339104668905396e-07;1.7091499508820138e-07;1.0376996850840789e-07;5.9291591337110535e-08;4.0743122498352273e-08;3.701758851515669e-08;4.366855978020454e-08;5.4092693483532105e-08;5.83562362359868e-08;5.4336664435369255e-08;4.078463431882791e-08;3.724027036518907e-08;4.179436566377303e-08;5.96988196659831e-08;1.234624525905882e-07;2.0746956250289282e-07;3.5249580106047845e-07;9.319692688525072e-07;2.459247585770863e-06;5.683856072763667e-06;1.1613253927439602e-05;2.120064911183716e-05;3.435726005968717e-05;5.055986090389687e-05;6.866228961526813e-05;8.735348141794222e-05;0.0001056514034768;0.0001227078204617;0.0001370769929407;0.0001474439519269;0.0001530339177075;0.0001536262992527;0.0001499078108972;0.0001425793142896;0.0001328735679194;0.0001216136521634;0.0001099407173719;9.870819438907284e-05;8.83865035728181e-05;7.937026544255476e-05;7.190305378047268e-05;6.571480798339181e-05;6.088154154484154e-05;5.697051391142579e-05;5.376370409145001e-05;5.12170625274826e-05;4.911172307749918e-05;4.7469598599975146e-05;4.600918954046835e-05;4.476653516731243e-05;4.368881514668509e-05;4.263380617114556e-05;4.15609821347586e-05;4.043855077785766e-05;3.928769914580285e-05;3.8061929541716847e-05;3.700294861705906e-05;3.6428380038385416e-05;3.630051942007169e-05;3.647658457400267e-05;3.63874243276294e-05;3.59027645569268e-05;3.502145368886812e-05;3.377635383964719e-05;3.248862480157782e-05;3.147674662122546e-05;3.086266231390191e-05;3.060667517205056e-05;3.0446636590801655e-05;3.0169338445771475e-05;2.969099783528591e-05;2.914575883363329e-05;2.8759017750825397e-05;2.8610220552803877e-05;2.87597863895161e-05;2.8978684680564712e-05
426.69694781368526;3.08363038689478e-07;3.660407316239411e-07;3.718557776357713e-07;3.087308311393958e-07;2.1320518080391585e-07;1.462950357231875e-07;1.0728574978544905e-07;8.96278225558256e-08;7.861328323260774e-08;6.816763718711377e-08;5.681487831890823e-08;4.9457021487210136e-08;5.973163710060713e-08;8.917978518362247e-08;1.2862368409048156e-07;1.625897152580874e-07;1.781807470130533e-07;1.794620517765866e-07;1.7082975940168904e-07;1.726342352110604e-07;2.0744990978044097e-07;2.3652549654801722e-07;2.493384416367274e-07;2.3370694424760086e-07;1.905029730323189e-07;1.388400706369499e-07;9.908099840563082e-08;8.112025254069652e-08;8.182642820442441e-08;8.812851685296567e-08;1.0191195340805461e-07;1.1625993842194721e-07;1.1659178320092256e-07;1.0125760735894757e-07;7.635558360427646e-08;5.0217461880958215e-08;3.9490989632505e-08;4.570690801097896e-08;6.209009780644689e-08;8.946496040160185e-08;2.2974471354347359e-07;8.510594591298882e-07;2.531975352509328e-06;6.016741886976239e-06;1.214872742021158e-05;2.167855272963155e-05;3.470377259322752e-05;5.084690278775403e-05;6.906254321355473e-05;8.819379413720665e-05;0.0001072261790448;0.000125113746987;0.0001402227690382;0.0001510375520232;0.0001564244062261;0.000156303357907;0.0001513280160808;0.0001429031278877;0.0001322243456428;0.0001203975966624;0.0001089117854106;9.785696246746416e-05;8.774770561724622e-05;7.90272592709137e-05;7.182999370922266e-05;6.60543261660919e-05;6.127791011319743e-05;5.700453009166758e-05;5.309981708661875e-05;4.983325602630674e-05;4.760137877315054e-05;4.659701538540788e-05;4.665150390242848e-05;4.6906617916424274e-05;4.658372263147493e-05;4.535042021950175e-05;4.35709812313593e-05;4.154710168314807e-05;3.972519591863848e-05;3.825657802537875e-05;3.7384154190071e-05;3.709348184437946e-05;3.711274613961035e-05;3.717635960523635e-05;3.7069605618663393e-05;3.661082401532013e-05;3.570358607869146e-05;3.468659160848067e-05;3.372073980972498e-05;3.2920390200934155e-05;3.2306365500171414e-05;3.188104630465777e-05;3.151985243441472e-05;3.11254118552525e-05;3.070318696949308e-05;3.036300661209425e-05;3.0232157425466022e-05;3.0317689587649964e-05;3.05440080966125e-05;3.0779454709457605e-05
428.74454804945344;4.052453032459589e-07;3.8657171302570885e-07;3.272489615887717e-07;2.3428299765166787e-07;1.503138556681871e-07;1.1896430884075816e-07;1.2123755806707548e-07;1.3236562015032506e-07;1.2866110877782597e-07;1.084670415621089e-07;7.617603850322235e-08;4.567171008278436e-08;3.4090122459454926e-08;4.4832236030507576e-08;7.222466141836168e-08;1.0345582300405128e-07;1.5000563942743417e-07;2.0772065303770318e-07;2.450894942559544e-07;2.4697809031440525e-07;2.2108951308576842e-07;1.853650889363913e-07;1.347556386411011e-07;9.797212923747355e-08;7.905315129524788e-08;7.22441574296759e-08;8.029917518215231e-08;1.0111438431992608e-07;1.2212495451005694e-07;1.318788913867658e-07;1.3189922854120748e-07;1.2114526978838366e-07;1.0430217456901521e-07;9.783121734845e-08;1.1378207721617174e-07;1.288245537441835e-07;1.4220228629330006e-07;1.5114043424456308e-07;1.6198869184324705e-07;1.8461301088043558e-07;2.959443180840353e-07;7.458716891730186e-07;2.08508671461486e-06;5.083782076281481e-06;1.0669737525418185e-05;1.978719260541729e-05;3.2818474381203586e-05;4.9616362166325135e-05;6.834491004872405e-05;8.763059503490424e-05;0.0001062744592204;0.0001232087963049;0.0001373778975002;0.0001480676863688;0.0001543884717676;0.0001558210048478;0.0001520262265702;0.0001446292236913;0.0001342324340635;0.0001221956424733;0.0001099485264234;9.829312190494008e-05;8.766749362015393e-05;7.842130780716445e-05;7.073397123610154e-05;6.429770161244734e-05;5.925008138904618e-05;5.507304322665847e-05;5.144412177652545e-05;4.857866769714884e-05;4.6513228830081565e-05;4.527678825019247e-05;4.489836561297944e-05;4.452503586389564e-05;4.399832290044207e-05;4.317857511750331e-05;4.212725509512994e-05;4.124477233766998e-05;3.9929791723666434e-05;3.902570628428194e-05;3.829927845055889e-05;3.777324709951714e-05;3.737168490887475e-05;3.692898781645657e-05;3.662942885748519e-05;3.593041578009833e-05;3.522839970626805e-05;3.461579254130406e-05;3.4260984106861045e-05;3.4189850297478147e-05;3.425153262708242e-05;3.420560411546509e-05;3.412935954863178e-05;3.3665080511502234e-05;3.306732608535098e-05;3.2544057458858776e-05;3.2272546644149345e-05;3.2236740204228146e-05;3.230066104451368e-05;3.242286455003202e-05
430.79148200199415;1.8188025334523017e-07;1.7019456676279992e-07;1.511950506124215e-07;1.2510400277489836e-07;1.0554793966247278e-07;1.181797652794382e-07;1.3690061935326084e-07;1.3422124284025684e-07;1.2307618456781406e-07;9.616802736469793e-08;6.170665510357706e-08;3.404225688286386e-08;1.983777348250505e-08;1.6017269874999123e-08;1.9907119762257644e-08;3.3729983365239094e-08;6.504751409676119e-08;1.0917980746673333e-07;1.4698610540230905e-07;1.6827001027931424e-07;1.5994960692731322e-07;1.2303910288757816e-07;8.060100671922203e-08;5.6369969646488224e-08;4.629183389998663e-08;4.776285091686608e-08;6.427152421447045e-08;9.190492675830746e-08;1.1077293201573201e-07;1.1561690587383105e-07;1.054667603912592e-07;8.364705569799178e-08;6.522870068881814e-08;8.027523356181756e-08;1.3373866239069717e-07;2.030656512671697e-07;2.560028364162182e-07;2.692666213601809e-07;2.5892970906599097e-07;2.4825994082592946e-07;2.971737577064246e-07;5.604977383560102e-07;1.4418916963456352e-06;3.872588551916482e-06;8.900451086562512e-06;1.7665377267492536e-05;3.070463459385104e-05;4.7669175464323566e-05;6.691447040140712e-05;8.640083242297987e-05;0.0001041562377682;0.0001193340685779;0.0001319055549822;0.0001419061830613;0.0001486773632048;0.0001515750025022;0.0001500247559706;0.0001441122939448;0.0001346093440467;0.0001229729603651;0.0001105416259651;9.859654682891978e-05;8.751081226217498e-05;7.760214479103267e-05;6.915491498280957e-05;6.235419901669102e-05;5.708988465894043e-05;5.307772334734596e-05;4.992432881793718e-05;4.73513585554351e-05;4.51924440511865e-05;4.331295991488999e-05;4.162141226725018e-05;4.022996358160764e-05;3.925452616785946e-05;3.8792977801002754e-05;3.886157384509536e-05;3.923965618746878e-05;3.967713147540227e-05;3.976893235438021e-05;3.95605383201338e-05;3.900237539991645e-05;3.815029313283527e-05;3.708249806845217e-05;3.5899378528173924e-05;3.4705919792009105e-05;3.381042908677263e-05;3.343608960674788e-05;3.353826599136541e-05;3.405106197576202e-05;3.4784642065893655e-05;3.5279719356985084e-05;3.52988643126777e-05;3.483934090529744e-05;3.410117578120395e-05;3.339664643020888e-05;3.293477109223704e-05;3.2769147584198346e-05;3.274670350846333e-05;3.2771040535273504e-05
432.83774964535405;1.397639159029116e-08;3.528174159575632e-08;7.042269767093082e-08;1.0768800782631365e-07;1.4003566525629308e-07;1.573003020532966e-07;1.5194664076259138e-07;1.2899093588645417e-07;9.77406866128896e-08;6.3817926497388e-08;3.5740300044067184e-08;2.1280862875783915e-08;2.120346369543388e-08;2.9972280464469486e-08;4.3067490308755965e-08;5.658915939685029e-08;6.68719768120421e-08;7.255175968035257e-08;8.025107072269994e-08;9.416075997364009e-08;1.0448138708225337e-07;1.0357810592758029e-07;9.274553282317305e-08;7.337202976491656e-08;4.911296031424517e-08;3.5627440816342204e-08;4.6242996817220886e-08;7.030783142974916e-08;8.996879396835998e-08;1.0250127158207709e-07;1.065988075077528e-07;1.0240172018019307e-07;9.765987112379378e-08;1.0603387122091317e-07;1.29369996039142e-07;1.6293750111224853e-07;1.7832937112266597e-07;1.7799752991273606e-07;1.7480474168094304e-07;1.778807558414432e-07;2.3591568535676641e-07;4.794050603156224e-07;1.3524047331649445e-06;3.809825576660233e-06;8.860361761054696e-06;1.7469197744830972e-05;2.9944301158566573e-05;4.596604216324714e-05;6.416810458446972e-05;8.252167525333424e-05;9.931756643785872e-05;0.0001138524747217;0.0001259628355202;0.000135538517447;0.0001417800504768;0.0001442135989476;0.0001426283200557;0.0001368701694595;0.0001276127836582;0.0001166314124382;0.00010521152183;9.417340824542268e-05;8.39900180753e-05;7.499857531704341e-05;6.724244913500118e-05;6.118396547364218e-05;5.635211780473247e-05;5.237460285911637e-05;4.906495550115092e-05;4.635365391015693e-05;4.423292370958798e-05;4.264849818079801e-05;4.1490282228645806e-05;4.051102919382301e-05;3.94981377493435e-05;3.843583151616459e-05;3.750074587860136e-05;3.666974689025576e-05;3.682175692245217e-05;3.703106045608268e-05;3.731280358477713e-05;3.737193417922925e-05;3.7223030071726257e-05;3.656547343314611e-05;3.5400971633031065e-05;3.434082715384542e-05;3.360671802503365e-05;3.342646866157915e-05;3.38872073171714e-05;3.4754409641580625e-05;3.562472985589516e-05;3.5990618467443273e-05;3.537983941664756e-05;3.433576117173519e-05;3.277898495740412e-05;3.166227551626959e-05;3.120437846022781e-05;3.1290894615571734e-05;3.16192403184765e-05;3.1864714822642706e-05
434.8833509538017;5.953138851396654e-09;2.1751065176144933e-08;4.5834781398978326e-08;7.350591735928243e-08;9.794456320147479e-08;9.89217604276106e-08;8.4322622161965e-08;6.482647889055153e-08;4.194464708845304e-08;2.4901803081322148e-08;1.4510764941526547e-08;1.2940449304403696e-08;2.29871888844839e-08;4.3900808730309255e-08;7.1947418558733e-08;1.0007312939760084e-07;1.164523166665177e-07;1.1390376334245549e-07;1.0024473281178017e-07;8.064412344817781e-08;6.563806742720615e-08;5.8518441634009217e-08;5.3767613231631616e-08;4.1333131852782086e-08;2.6931562119017442e-08;1.758337974797895e-08;2.3476451789048343e-08;4.3459012492115736e-08;6.865201228121331e-08;9.869655975379757e-08;1.2400058899419625e-07;1.4362636690210197e-07;1.5427415169864504e-07;1.5187279456704898e-07;1.3391389554376797e-07;1.0788229253972365e-07;8.2690284964402e-08;6.757373068325188e-08;6.285086107973228e-08;7.22804670281616e-08;1.5631799277180248e-07;5.071423853773232e-07;1.5350326347992168e-06;4.116947261828358e-06;9.134219671180391e-06;1.725240456127801e-05;2.8446008251359724e-05;4.216204436903379e-05;5.722832109772117e-05;7.247682031348419e-05;8.732706721904013e-05;0.0001010870576557;0.0001129600541008;0.0001224971167836;0.0001288417261637;0.0001312839711885;0.0001295582600558;0.0001240002946835;0.0001154469722717;0.0001053102398534;9.478368179865278e-05;8.464379135840572e-05;7.581309427541434e-05;6.856154959087919e-05;6.279550454694895e-05;5.82222561214817e-05;5.438585515828216e-05;5.098043265440991e-05;4.806754231072745e-05;4.552978373121029e-05;4.378151308856959e-05;4.2868509581745016e-05;4.256370684383431e-05;4.227772323151065e-05;4.140334429888223e-05;3.973425672449409e-05;3.758117472357513e-05;3.557562430790103e-05;3.4242639116997025e-05;3.3797493744308014e-05;3.3955786472909024e-05;3.436545496354988e-05;3.475844860823046e-05;3.497995495438475e-05;3.4926113088573754e-05;3.458081031821325e-05;3.408667481306244e-05;3.369287981346797e-05;3.368135445161397e-05;3.3998001931734675e-05;3.452600621133077e-05;3.4758826607900504e-05;3.42661455746131e-05;3.299531825411235e-05;3.137397224399733e-05;3.0098952023088376e-05;2.9464265299557904e-05;2.95396020462014e-05;2.9963502603157512e-05;3.028098581750121e-05
436.928285901813;1.4633527205485344e-08;1.9278523636033536e-08;2.203155454063017e-08;2.359860071474645e-08;2.2466049322265063e-08;1.7617172863781465e-08;1.0638067091705141e-08;5.828657366192986e-09;4.2611531742898726e-09;4.4732104524239575e-09;4.881808571398836e-09;6.545002201265901e-09;1.2066966200118335e-08;2.2363930689498393e-08;3.644754229124719e-08;5.2212407178059036e-08;6.483227002124346e-08;6.750851820680161e-08;5.9500973758735565e-08;4.5268045346722776e-08;2.9741003451980287e-08;1.671468017227959e-08;9.224521261874337e-09;6.138748004928872e-09;4.233260299872717e-09;4.2883824795752e-09;1.078003270113955e-08;2.9148997602717733e-08;5.7582578608335964e-08;9.057709758301983e-08;1.1906660934511029e-07;1.3267190933386674e-07;1.2989015534465528e-07;1.1524327073509674e-07;9.505694896049576e-08;7.234385445598403e-08;6.376916559348698e-08;5.605625333412412e-08;4.189546464766244e-08;3.5544918626160635e-08;1.074410089627364e-07;4.510835160349702e-07;1.457285085970184e-06;3.847300320321592e-06;8.357832483511164e-06;1.54528596814208e-05;2.493925823802663e-05;3.6034787187132536e-05;4.835628046708377e-05;6.12665959045498e-05;7.466365683744166e-05;8.752339450279885e-05;9.886093882984543e-05;0.0001081168330594;0.000114724147291;0.0001178355670916;0.0001169570815504;0.0001122573266999;0.000104416496696;9.47790987904419e-05;8.486052003839976e-05;7.566131201542826e-05;6.77687973882155e-05;6.168973692529357e-05;5.737478794317465e-05;5.429460334527192e-05;5.1579837766717485e-05;4.8959194763195104e-05;4.614126083472826e-05;4.364706140515083e-05;4.182463623762877e-05;4.0800070757667584e-05;4.053140825758698e-05;4.062878517317099e-05;4.065220179860695e-05;3.97117440584288e-05;3.852144157999165e-05;3.717426694047838e-05;3.5931022035251653e-05;3.49164460216901e-05;3.416296786606493e-05;3.3704584302283506e-05;3.341966860418094e-05;3.3450795477540385e-05;3.36630425843626e-05;3.3653143114162215e-05;3.308350211206832e-05;3.223142867497791e-05;3.1444392060890174e-05;3.100821289990614e-05;3.108001555291134e-05;3.147667265426065e-05;3.174763856182784e-05;3.157655165882475e-05;3.1328640577990793e-05;3.0671893418198856e-05;3.01683473186956e-05;2.9958992911475208e-05;2.9971878319301795e-05;2.995104524810142e-05
438.9725544640969;2.071871367047759e-07;1.5590678444873458e-07;1.2053560233107225e-07;1.053855129911793e-07;1.0092898202502637e-07;9.51324022323501e-08;7.911673369178069e-08;5.57020761386197e-08;3.625021184630317e-08;2.4768490670845572e-08;2.0855419132562183e-08;3.5199664692522845e-08;8.247724752079805e-08;1.424313755748155e-07;1.885799392606354e-07;2.0561745167171402e-07;1.8630664207217989e-07;1.3619890561309617e-07;8.493581781864294e-08;5.3025422931162816e-08;3.5354712202909795e-08;3.4696643363912524e-08;5.722104434444905e-08;8.824753977342158e-08;1.1015682555333257e-07;1.1419539103945078e-07;1.001418296940107e-07;7.78715272806627e-08;6.480685721575183e-08;6.870739625562401e-08;7.517178084415784e-08;7.311330117522714e-08;6.26984549046503e-08;4.9892827086438524e-08;4.377941753418455e-08;4.59580107222221e-08;4.960844616616194e-08;5.29435936102801e-08;6.643424410540206e-08;9.702049575887729e-08;1.989278626206287e-07;5.107045293515908e-07;1.3796965679436578e-06;3.4004963801593844e-06;7.139260772592675e-06;1.3168610976833305e-05;2.151050286438494e-05;3.1868309651234545e-05;4.364846455913181e-05;5.618265947816604e-05;6.881900804642929e-05;8.072852594780147e-05;9.102481119836894e-05;9.925460564889378e-05;0.0001051969270152;0.0001081781780511;0.0001076256845219;0.0001035420514898;9.652382735281236e-05;8.790227508022761e-05;7.932133238256533e-05;7.170633760345796e-05;6.530609513533577e-05;6.0302907756699215e-05;5.644427857921382e-05;5.333291344049517e-05;5.052166179739839e-05;4.760179583214087e-05;4.444698804197891e-05;4.128927506285846e-05;3.9070180689425e-05;3.795854901201877e-05;3.792398671611864e-05;3.869952221089367e-05;3.934391485797523e-05;3.959542916691333e-05;3.936483736977947e-05;3.869032826075655e-05;3.766639920455869e-05;3.651770957983288e-05;3.5388701461111026e-05;3.442453124758323e-05;3.368395487832841e-05;3.31106560501557e-05;3.260134291878393e-05;3.2061942347873227e-05;3.125448658004566e-05;3.027822815229926e-05;2.9487290944917752e-05;2.929908694701274e-05;2.967821114206543e-05;3.044790032123031e-05;3.122203417845657e-05;3.166402628019471e-05;3.1681969911479816e-05;3.127882618680588e-05;3.090175634657537e-05;3.047961898633651e-05;3.019455648212323e-05;3.0042455440386296e-05
441.0161566155657;5.379247692290482e-07;3.9157651361580525e-07;2.8399193074211574e-07;2.3279783349153086e-07;2.169871174145037e-07;1.9958950187587814e-07;1.6245370702332194e-07;1.1339106930580156e-07;7.361309422530787e-08;4.96052317242269e-08;4.098397015550952e-08;6.918236008910932e-08;1.6349970872657708e-07;2.8394802265016864e-07;3.8120725373118123e-07;4.442517459968297e-07;4.694248861760197e-07;4.165203319037275e-07;3.3249635836979104e-07;2.463805864421296e-07;1.6026229810824205e-07;1.0998576728031059e-07;1.2745180011765e-07;1.8260966204090082e-07;2.253614407139272e-07;2.339750162784124e-07;2.1336800755640677e-07;1.9674436550988385e-07;1.7657549705350096e-07;1.610342427152757e-07;1.3788999262162924e-07;1.0198460561714237e-07;6.559204819191392e-08;4.588712964322706e-08;4.523036646823903e-08;5.031133791416863e-08;6.069751471853919e-08;8.576252482436e-08;1.3915114624660485e-07;2.245588865926862e-07;3.971243074555721e-07;7.883376312859185e-07;1.643952540539275e-06;3.3599504504091496e-06;6.582512344845818e-06;1.2059276089140402e-05;2.0056050924653667e-05;3.037648946045564e-05;4.2185273890385e-05;5.43569866947624e-05;6.588902689097484e-05;7.610920516743436e-05;8.47685849256798e-05;9.17698007739834e-05;9.693647277323048e-05;9.96279465789061e-05;9.928431676782752e-05;9.586602639368896e-05;9.000655101681005e-05;8.30318656245207e-05;7.63489675936493e-05;7.054509691653676e-05;6.559774631359868e-05;6.135063451545786e-05;5.739694479734751e-05;5.3414612035423136e-05;4.979863152763179e-05;4.66504975554899e-05;4.404771677370164e-05;4.188567661316642e-05;4.0339323811726e-05;3.9247609869744806e-05;3.849140697752e-05;3.804645784207839e-05;3.762696885876369e-05;3.778422537091344e-05;3.7718934091796174e-05;3.745656163274657e-05;3.69459113751253e-05;3.624424943112373e-05;3.5502315764990964e-05;3.480816533642661e-05;3.415091117271896e-05;3.350924488439601e-05;3.263472510493261e-05;3.1529243552259214e-05;3.03367016161846e-05;2.933159629203802e-05;2.8699098571988893e-05;2.8886833409658408e-05;2.976579918128162e-05;3.101603301360738e-05;3.212162081487197e-05;3.250852240451012e-05;3.22779138790336e-05;3.175717630597836e-05;3.1011682289421215e-05;3.0341700177923968e-05;2.9900837041384788e-05;2.9723161785548635e-05
443.0590923313503;5.244957995111555e-07;3.649974151981687e-07;2.3711415804542202e-07;1.6802335437144373e-07;1.4532169302408245e-07;1.321163700583741e-07;1.0953368769722517e-07;8.073185669591277e-08;5.6962899264242446e-08;4.201322062778157e-08;3.5369757004808074e-08;4.735927806406248e-08;9.25352258264881e-08;1.520952206313685e-07;2.1365868988453653e-07;2.9936372668092965e-07;3.9934182236421307e-07;4.546245734597923e-07;4.413796811550865e-07;3.6433524781245845e-07;2.391586043334584e-07;1.3137521996264484e-07;9.967190711336256e-08;1.1657008158931718e-07;1.3478302984941165e-07;1.4199104768641128e-07;1.607867201341978e-07;2.0414546074165258e-07;2.469943857154047e-07;2.544516497248889e-07;2.2499740808975186e-07;1.5668509074668055e-07;8.453091493202612e-08;4.83936830438984e-08;4.3209350514722016e-08;5.224184527663035e-08;7.314947429741852e-08;1.0843319115937657e-07;1.5929203269728925e-07;2.3380335822690265e-07;4.13386038960644e-07;8.601320800155102e-07;1.7826274369544902e-06;3.4158124431693637e-06;6.41589685057975e-06;1.1458944264642653e-05;1.884400665583228e-05;2.845245074382906e-05;3.9514227340849936e-05;5.088512268638724e-05;6.165812182081452e-05;7.128364731702652e-05;7.946932961871745e-05;8.614061099664638e-05;9.09483920882252e-05;9.332026281384208e-05;9.294199593012536e-05;8.994052245404403e-05;8.490778541474038e-05;7.890198303172442e-05;7.298484821974977e-05;6.786310889676239e-05;6.330670611071057e-05;5.8979401082319896e-05;5.474876396666514e-05;5.063616512122755e-05;4.713455419933593e-05;4.473625492004452e-05;4.3479210918633966e-05;4.336444753472106e-05;4.2937205683926473e-05;4.182563875709915e-05;3.980493444072375e-05;3.72291279652972e-05;3.5231832851976724e-05;3.417080392972533e-05;3.3955276374499284e-05;3.423411840524445e-05;3.4526573798749205e-05;3.469319543257137e-05;3.456621407763793e-05;3.4202325926124315e-05;3.376677831822956e-05;3.317686818903961e-05;3.215177923734685e-05;3.0853707244943244e-05;2.9405830319467225e-05;2.813312750292189e-05;2.741705680458595e-05;2.744008530209975e-05;2.8006059995250026e-05;2.894965691213356e-05;2.9941718876224245e-05;3.06058794400868e-05;3.0778655411615e-05;3.0572057713205056e-05;3.0108557577305365e-05;2.9778388313865897e-05;2.960179639435985e-05;2.952113145573101e-05
445.1013615868033;1.8075893666010497e-07;1.1867518443655059e-07;6.638780929660573e-08;3.953743424140035e-08;3.9459774223095016e-08;5.41544399462928e-08;6.830076484607793e-08;7.545359889129826e-08;7.579593872649776e-08;7.536477689759108e-08;8.408967534235708e-08;1.055303062436304e-07;1.2807301883301958e-07;1.348639362285458e-07;1.30509479194901e-07;1.382663285114014e-07;1.695582400266066e-07;1.981866544805196e-07;2.0472067568218097e-07;1.7790150112856077e-07;1.2465848609458988e-07;7.688411363975452e-08;6.28142753443906e-08;8.070767455891259e-08;9.859575305165598e-08;1.0795992416040449e-07;1.23322143782267e-07;1.401923187901434e-07;1.7914348690413246e-07;1.9447909135302148e-07;1.7934524779340689e-07;1.323245030253757e-07;7.521113285621408e-08;4.411223813699721e-08;3.273102863211378e-08;3.4905156868046945e-08;4.292692123899016e-08;5.617444076207051e-08;7.6209252651986e-08;1.1571732750147026e-07;2.449266407536238e-07;6.006913862895799e-07;1.3783854867214672e-06;2.8755229527611244e-06;5.667648282228514e-06;1.0326002785981212e-05;1.7062180436650363e-05;2.579303988294914e-05;3.601154420766758e-05;4.69628547358191e-05;5.7664793532689925e-05;6.770674494713911e-05;7.633937937533215e-05;8.311369920669225e-05;8.772353213827771e-05;8.986688250096908e-05;8.949062106657459e-05;8.684161128983184e-05;8.233620471039975e-05;7.669072143166185e-05;7.071200402611635e-05;6.509571705892736e-05;6.017170205661933e-05;5.5833942551531134e-05;5.207765034903664e-05;4.868373008700976e-05;4.569957626973344e-05;4.328042993067842e-05;4.170272601633251e-05;4.080074984528055e-05;4.025783011297396e-05;3.952120762323775e-05;3.826599563137727e-05;3.662446168564502e-05;3.5050891259678586e-05;3.402422088151048e-05;3.360375320998523e-05;3.3736874747539245e-05;3.413094798040946e-05;3.4510365021622296e-05;3.465956026271356e-05;3.434894696785855e-05;3.3387283841633896e-05;3.2054016447171074e-05;3.0401409388776293e-05;2.883339062436817e-05;2.76428571247724e-05;2.694920059377354e-05;2.678008598519354e-05;2.7068400419914364e-05;2.7669152509235447e-05;2.827071115134131e-05;2.868519260978348e-05;2.896347575192674e-05;2.905532284112781e-05;2.897887833864573e-05;2.900585820313124e-05;2.918337596261744e-05;2.94052062886228e-05;2.961152913727771e-05
447.142964357492;2.5849496278555614e-08;1.6949591150807792e-08;1.2540790054074496e-08;2.476168500415312e-08;5.402557224270979e-08;9.251119163812349e-08;1.250444346977403e-07;1.410661550729013e-07;1.388170225780169e-07;1.3418897710304577e-07;1.498474112893043e-07;1.932573653605013e-07;2.406401966056734e-07;2.5483394671725626e-07;2.243151352917861e-07;1.6226955954484314e-07;9.432716533037245e-08;4.922794029123706e-08;3.1080757764758755e-08;2.6310685493994368e-08;3.0320750245663414e-08;4.5102739157242114e-08;7.716096117810461e-08;1.2493127984370946e-07;1.64612159996592e-07;1.7782625448755734e-07;1.6406889034397493e-07;1.3734221058201368e-07;1.2031144456748332e-07;1.1913313970288953e-07;1.156281750938227e-07;9.900628861901133e-08;7.18580183581344e-08;4.503863245183026e-08;2.88165361776702e-08;2.129450802478528e-08;1.7208062826721912e-08;1.6595492525570225e-08;2.5956460337604223e-08;6.873674089656395e-08;2.407283835089309e-07;6.7601631969962e-07;1.5272517879555562e-06;3.1415723608532267e-06;5.954622036061271e-06;1.043479288212776e-05;1.6820773669513415e-05;2.509286824671905e-05;3.488311168763991e-05;4.560972124923642e-05;5.657934580750784e-05;6.686325090136221e-05;7.557536251985106e-05;8.20973245444314e-05;8.623102033758061e-05;8.791612430702747e-05;8.730931809736137e-05;8.475636983826268e-05;8.06363340076723e-05;7.553552464347423e-05;7.011961003250147e-05;6.485604464202086e-05;6.016473442674728e-05;5.643601200010719e-05;5.354511525587315e-05;5.100845756135173e-05;4.829029025434991e-05;4.5190523124738913e-05;4.1961634934916615e-05;3.911596087300076e-05;3.76428759114407e-05;3.714400953698551e-05;3.7219824406471336e-05;3.746538116706699e-05;3.740419248508125e-05;3.694554550471844e-05;3.631884876273201e-05;3.580872863908881e-05;3.558001003402153e-05;3.531662338243755e-05;3.4881618212039625e-05;3.413199351634759e-05;3.2824283851320354e-05;3.1161761199118896e-05;2.9501175914005792e-05;2.8299622993574068e-05;2.79311960289598e-05;2.8207319146108717e-05;2.8754379451084997e-05;2.9264140836319728e-05;2.9631596593618123e-05;2.9857996761228625e-05;2.971508125924591e-05;2.9274850089585684e-05;2.8861412156143545e-05;2.863266559333756e-05;2.8678280935077616e-05;2.890190638420051e-05;2.919831184563965e-05;2.948439291876576e-05
449.1839006191876;6.983228714444656e-08;7.048378339875384e-08;8.105532722255146e-08;1.0511378021463078e-07;1.3333019333647844e-07;1.5599796218635938e-07;1.6284455641509702e-07;1.506288032199646e-07;1.2372443990085102e-07;9.938745781895668e-08;9.465269029073844e-08;1.1059322102117118e-07;1.3113224269342812e-07;1.3579088828426557e-07;1.1903624328270859e-07;8.687318957451555e-08;3.8846223609118774e-08;1.9125974975818262e-08;1.3777430224816254e-08;1.4324842457302552e-08;1.8015683974865984e-08;2.64365612856788e-08;5.092104835307457e-08;7.682068316894633e-08;9.65106128233469e-08;1.013695560093524e-07;9.234160859854593e-08;7.453221852485857e-08;5.131783242979645e-08;4.684692687432829e-08;4.573909938813429e-08;4.2208608306927284e-08;3.6070610817483e-08;2.397269874620637e-08;1.662447587027596e-08;1.4433275865480909e-08;1.685153395622142e-08;2.940020947830777e-08;6.799635445013666e-08;1.674424865667343e-07;4.392721049478378e-07;1.0189850406616374e-06;2.092063344071344e-06;3.95236525824878e-06;7.071629947223702e-06;1.1803555393655511e-05;1.822793280096572e-05;2.6351897019999498e-05;3.593221643872719e-05;4.648736137367432e-05;5.7394594625984776e-05;6.784772463446507e-05;7.659522504902506e-05;8.31095043886772e-05;8.713057772774099e-05;8.863798203141021e-05;8.786498594159494e-05;8.528399786634461e-05;8.129157897128281e-05;7.639566417475468e-05;7.119839332877113e-05;6.620911735376927e-05;6.170479706051835e-05;5.7982236729677136e-05;5.5019944577671664e-05;5.260861313522202e-05;5.017564085541197e-05;4.75323758861364e-05;4.4724485215029655e-05;4.220508881322959e-05;4.0453264678185375e-05;3.959283814868099e-05;3.9380492339735054e-05;3.933858234287666e-05;3.904293599214261e-05;3.8310029060553325e-05;3.722379219756438e-05;3.603886354581433e-05;3.501789202939267e-05;3.4264787625731165e-05;3.369891047930772e-05;3.311751970233079e-05;3.2458886268806045e-05;3.175497706783642e-05;3.126161555993085e-05;3.1013542928702114e-05;3.1010636768270494e-05;3.112365505181482e-05;3.129921793735719e-05;3.125397663027116e-05;3.0959858861930536e-05;3.0543635630322155e-05;2.9999850651385616e-05;2.9320207414610447e-05;2.859926454233619e-05;2.803804667254201e-05;2.7761297487418733e-05;2.7729881427512743e-05;2.785962206260563e-05;2.802963351855076e-05
451.2241703478976;6.657711304893345e-08;1.0927965867235441e-07;1.7444319944964493e-07;2.420559961188792e-07;2.858055392008209e-07;2.8374824087760216e-07;2.437762422125909e-07;1.782840473875831e-07;1.0043514719223484e-07;5.2884894811937175e-08;3.1094176506806795e-08;2.345679152753777e-08;2.0010430396496682e-08;1.7185983250430542e-08;1.415208462998667e-08;1.1387298162650784e-08;9.5922147731165e-09;8.798137224069908e-09;9.340319427554758e-09;1.1187557075407886e-08;1.2780183290106964e-08;1.4965548532665127e-08;2.5575758604492556e-08;5.0040940394965433e-08;8.565102842262522e-08;1.233894380535665e-07;1.5092811499790476e-07;1.5407807668160317e-07;1.308673853859184e-07;9.390709720264837e-08;5.778164338240333e-08;3.1408668700957225e-08;1.7646324377403628e-08;1.3569882193794644e-08;1.2726118638518993e-08;1.28833113980043e-08;1.9659158475663228e-08;5.699994464983757e-08;1.6328479059260993e-07;3.200232119477666e-07;5.670471124793671e-07;1.059918096541012e-06;2.089635873125923e-06;4.059175636449999e-06;7.522261148829197e-06;1.2927295593181385e-05;2.0139725396981145e-05;2.8929669341737503e-05;3.88459221642753e-05;4.932526380937172e-05;5.986717792247359e-05;6.996300135473796e-05;7.883272441070377e-05;8.578180466455601e-05;9.031075309239934e-05;9.223744305477787e-05;9.160248545643468e-05;8.882865299326452e-05;8.434388090514743e-05;7.887932120819726e-05;7.301303503067102e-05;6.72395587412819e-05;6.185769423222787e-05;5.718241905257949e-05;5.347837541045151e-05;5.080454927256577e-05;4.8950554319125774e-05;4.749190103106247e-05;4.5961316391558775e-05;4.475636263225783e-05;4.346362085619184e-05;4.232734005650196e-05;4.1397866510112e-05;4.055713159536133e-05;3.967767166626569e-05;3.8642386544746976e-05;3.744835838139509e-05;3.620806150761735e-05;3.5068828818712714e-05;3.42827052048835e-05;3.392734928067392e-05;3.380055112292883e-05;3.3749507165108296e-05;3.366028660029225e-05;3.3601814752758464e-05;3.3383495001732334e-05;3.298702191372344e-05;3.2546151030207e-05;3.220631311397012e-05;3.204875238081783e-05;3.197530858608323e-05;3.180635564664417e-05;3.140196640172947e-05;3.072241717639797e-05;2.9771104740289823e-05;2.879214837000384e-05;2.791409829206924e-05;2.739427789180494e-05;2.721383215876271e-05;2.7219692898253844e-05
453.2637735198223;2.4531013915159523e-08;7.749510250313338e-08;1.6684100171756233e-07;2.714725207674405e-07;3.501383686372641e-07;3.6350534830664484e-07;3.156347559223198e-07;2.2710265727397245e-07;1.3199965949892813e-07;6.381915208630942e-08;3.4287262075210165e-08;2.6912264064671258e-08;2.4503974970257673e-08;2.3444353623710012e-08;2.1790836576429238e-08;1.9992075091229305e-08;1.7882231539993395e-08;1.708718191505241e-08;2.0114820847536443e-08;3.758055937932902e-08;8.57371266424603e-08;1.371612083505825e-07;1.799914240477458e-07;2.1787447802845517e-07;2.530685067397456e-07;2.835115625256796e-07;3.0868816996387735e-07;3.062357199911987e-07;2.6637783236643106e-07;1.97261382525655e-07;1.264691143393127e-07;7.249720136358126e-08;4.185571454835446e-08;2.9099162486552007e-08;2.3170204517672342e-08;2.0315569961612063e-08;2.7794702260952196e-08;8.075895446069785e-08;2.010624038788853e-07;3.528240641147228e-07;5.604778754708642e-07;9.93955030364221e-07;2.088534382286147e-06;4.397449158274821e-06;8.475611996125402e-06;1.467768185160111e-05;2.2843607064405128e-05;3.244462183482136e-05;4.264804017077265e-05;5.2713800661736206e-05;6.229271569186705e-05;7.122212999989878e-05;7.947827900567952e-05;8.63660418480299e-05;9.122857779382478e-05;9.373045250407552e-05;9.344999438901252e-05;9.059003220521232e-05;8.57702927230868e-05;7.977196337273271e-05;7.332856530452853e-05;6.703784453439103e-05;6.127855418450823e-05;5.64237974281197e-05;5.247060607476698e-05;4.962983778022536e-05;4.770377382292429e-05;4.656483815130152e-05;4.570370956591674e-05;4.484283819240081e-05;4.385476211718232e-05;4.275811990116353e-05;4.155592629682632e-05;4.041527430160727e-05;3.933678613899385e-05;3.820732443623684e-05;3.7202696408734784e-05;3.6314183033164754e-05;3.553905252905322e-05;3.490614237189132e-05;3.445315678149984e-05;3.422826099750453e-05;3.424020175940539e-05;3.423366616898576e-05;3.406296121359838e-05;3.370133266577079e-05;3.3205096859668863e-05;3.2681996347935194e-05;3.229380325176062e-05;3.213368591542106e-05;3.216270702157111e-05;3.227002048507455e-05;3.2226274641711784e-05;3.1834191717603145e-05;3.103476712772798e-05;3.007520942995444e-05;2.92575051513802e-05;2.866993787587725e-05;2.833686974510289e-05;2.817833068762388e-05
455.3027101113949;2.431606365905066e-09;2.4480898362228763e-08;6.989253233968313e-08;1.348718250043888e-07;2.0067606655172777e-07;2.446342011325351e-07;2.567125909869326e-07;2.291180592760241e-07;1.868644617818996e-07;1.2871488859404826e-07;8.33057668439877e-08;5.2828417015993285e-08;3.4982329356983965e-08;3.105160846317187e-08;3.3987443700916095e-08;3.8484878355473646e-08;4.1069939998963824e-08;4.2396084308714014e-08;4.930857136572892e-08;8.340712362469635e-08;1.604934664401072e-07;2.5723703124284776e-07;3.163603466301581e-07;3.247422949448125e-07;2.897122139353048e-07;2.372165655132103e-07;2.0656048193646538e-07;2.046113483327134e-07;1.8902932956829227e-07;1.5599856035824968e-07;1.1433434529225005e-07;7.502596767388116e-08;4.6860585850565374e-08;3.339773418235651e-08;3.18601125593989e-08;3.965893664076479e-08;5.6508019251202994e-08;1.019645196632939e-07;1.7377858037512717e-07;2.690658527109868e-07;4.576048094071348e-07;9.58830646740982e-07;2.164377043759624e-06;4.611183732247364e-06;8.852498207059028e-06;1.5057728502531412e-05;2.303421620196305e-05;3.255575002837955e-05;4.2707839132805846e-05;5.2701332537044256e-05;6.211410648344719e-05;7.076560145314174e-05;7.846038357091616e-05;8.492300249832804e-05;8.969460778401211e-05;9.234014639623427e-05;9.250827863404278e-05;9.00051574221477e-05;8.542785084376978e-05;7.938534935843523e-05;7.284419462384964e-05;6.66163421213973e-05;6.114252535195636e-05;5.6455476014756326e-05;5.264641932173452e-05;4.955357835141904e-05;4.705768074246797e-05;4.513792968971711e-05;4.3805533077807934e-05;4.2547919238667645e-05;4.134480960767775e-05;4.006042593918183e-05;3.870807700709294e-05;3.743881820999058e-05;3.6435940177096135e-05;3.579388018264231e-05;3.5420110772822226e-05;3.514035367947509e-05;3.481493854099089e-05;3.442953781642095e-05;3.397726861923912e-05;3.3633627036558684e-05;3.345918620523662e-05;3.3417587214604384e-05;3.331956806396334e-05;3.301780849775939e-05;3.2482742542653374e-05;3.184669451620874e-05;3.1316399399972665e-05;3.1049325360137304e-05;3.1060734751613966e-05;3.1289298781525947e-05;3.144668562133557e-05;3.142657821405931e-05;3.101156649034079e-05;3.0208324483925267e-05;2.9445336952660594e-05;2.861921567406527e-05;2.783077566959623e-05;2.7315869427614537e-05
457.3409800992522;3.5216118218925483e-09;1.39707696644093e-08;3.5795508308438346e-08;7.339889411378656e-08;1.2787109530698578e-07;1.927697711239599e-07;2.5575767112854204e-07;2.858946566457556e-07;2.768118550215144e-07;2.3780732041076707e-07;1.838077087323402e-07;1.3204992507481597e-07;9.852094200087833e-08;8.741590942636673e-08;9.036733977177076e-08;1.0230507922823974e-07;1.1639308947299025e-07;1.221109779563678e-07;1.1949202165117224e-07;1.2010064499115749e-07;1.290720360266049e-07;1.5535293913110513e-07;1.6894101364501927e-07;1.572270338835336e-07;1.2342132106880888e-07;8.884535911690077e-08;8.006253828520388e-08;1.1802503344057069e-07;1.5549763803918008e-07;1.6712340674114146e-07;1.4813552715781894e-07;1.0596236302022635e-07;6.180296602609001e-08;4.329873763521041e-08;5.918709461525774e-08;9.170143857721192e-08;1.260803309958689e-07;1.5724009539374882e-07;1.7616850509809375e-07;1.878802080286568e-07;2.7856603611387744e-07;6.761765860178141e-07;1.6357550170603414e-06;3.713276897790514e-06;7.402340419279223e-06;1.2969564271712511e-05;2.0366135471145537e-05;2.9399120414817123e-05;3.951976496295927e-05;5.0288187414133966e-05;6.069727043978521e-05;7.010753535096519e-05;7.819574990945011e-05;8.478125146344371e-05;8.93148383547768e-05;9.16190708657267e-05;9.15966641783722e-05;8.924548503169382e-05;8.475789494713515e-05;7.88174372295672e-05;7.222739173284892e-05;6.575592735966998e-05;5.998709884068912e-05;5.506126251353662e-05;5.1070996369998494e-05;4.782790771583822e-05;4.5249043161645576e-05;4.2927489400586535e-05;4.101769060005958e-05;3.950434973944734e-05;3.8274844811616055e-05;3.7271894139780726e-05;3.619472184084225e-05;3.531205992645013e-05;3.4707391647103425e-05;3.448801258334257e-05;3.456602195021975e-05;3.4748842580119106e-05;3.4808368114483024e-05;3.461270278224638e-05;3.419668761459176e-05;3.370516427716562e-05;3.3274520292604804e-05;3.278451620180517e-05;3.2371772635213044e-05;3.186267419493733e-05;3.118296655562902e-05;3.0455610525354135e-05;2.9875998086103448e-05;2.962194811839179e-05;2.97176829754975e-05;3.002601951945216e-05;3.0299286409693165e-05;3.032573097156317e-05;2.999249645999778e-05;2.926443005640806e-05;2.814036307986319e-05;2.699308453412652e-05;2.603167896538591e-05;2.5372428204878464e-05
459.37858346024586;1.4002764917416524e-08;3.9830292208141936e-08;9.061186200329389e-08;1.681079469274408e-07;2.417770904545879e-07;2.92331929508747e-07;3.122284535823119e-07;3.1163557167015905e-07;2.764497144035332e-07;2.3286972758416745e-07;1.937180987471696e-07;1.635518669771476e-07;1.459726239534981e-07;1.381663944602796e-07;1.3955406835436477e-07;1.5246413313593538e-07;1.683721324581345e-07;1.7150063575519334e-07;1.5700151256885766e-07;1.298027725980599e-07;1.0056491639899586e-07;8.069610029103786e-08;7.323898849509983e-08;6.904242259136669e-08;6.435606537037502e-08;6.374193404886692e-08;8.503923823549259e-08;1.429632301007738e-07;2.1130386300790118e-07;2.4704358301620823e-07;2.365960421730656e-07;1.839975782939538e-07;1.1635327579817836e-07;7.725686884244716e-08;8.666819125748791e-08;1.1976986874221624e-07;1.456011052592928e-07;1.548638605709523e-07;1.3773505761345332e-07;1.0448927722999429e-07;1.1213201389257933e-07;2.849006610002285e-07;9.077424411977036e-07;2.6718411572956942e-06;6.12780550810161e-06;1.1552768966496007e-05;1.8948549373032616e-05;2.808675436100145e-05;3.84036448183455e-05;4.935217635166826e-05;6.024483340223304e-05;7.028684761836875e-05;7.887920368157875e-05;8.558886298883314e-05;8.984873413335594e-05;9.149644066565018e-05;9.066285813126296e-05;8.774624926810146e-05;8.284762913161669e-05;7.679890612636556e-05;7.03362400146695e-05;6.400941595310318e-05;5.823459784828212e-05;5.34280022142704e-05;4.959006949124219e-05;4.650341857161088e-05;4.3994046131145296e-05;4.194635641368142e-05;4.0411759868900776e-05;3.946027850276547e-05;3.890548854760556e-05;3.856324612871408e-05;3.8180346718637406e-05;3.762785816525132e-05;3.698726244178505e-05;3.634083976600354e-05;3.584580170708066e-05;3.552014382125295e-05;3.5242654338924115e-05;3.4896371649511336e-05;3.437698454498084e-05;3.3759693505911104e-05;3.3183799078066984e-05;3.277275582563998e-05;3.245779267616316e-05;3.210721461904451e-05;3.1609441047541345e-05;3.0995317239407714e-05;3.0378365323576816e-05;2.988013960208625e-05;2.9509841378408065e-05;2.9215729784830003e-05;2.8882627406690016e-05;2.8421034260289997e-05;2.7819437563654668e-05;2.711270908824869e-05;2.626701376985195e-05;2.5619393687368285e-05;2.526358257016672e-05;2.496583563620316e-05
461.4155201714457;5.350605030468776e-08;1.060461699425724e-07;1.9576737664533457e-07;2.9356447851434824e-07;3.578071213441391e-07;3.6532325751204963e-07;3.153246218984816e-07;2.444248121837707e-07;1.722683262535307e-07;1.3344485796944334e-07;1.261919143999526e-07;1.289907709241227e-07;1.313138899566103e-07;1.284299077328741e-07;1.1861728735526665e-07;1.072955031175875e-07;1.0732524108564897e-07;1.1801357908975732e-07;1.2451636440122317e-07;1.1875489617346795e-07;1.1869959143659292e-07;1.2258326819599826e-07;1.2187599496590264e-07;1.146866652152972e-07;1.015973934588857e-07;7.904614310744497e-08;6.866121478233554e-08;8.703750151216394e-08;1.304248315141165e-07;1.678354794064831e-07;1.794586423983192e-07;1.5993500113480554e-07;1.1946128464924542e-07;8.135914987129188e-08;6.378478577471248e-08;6.258138917984053e-08;6.55028317012488e-08;6.528384513077381e-08;6.318890303971003e-08;7.306370115398368e-08;1.5035927961675233e-07;3.9868805777324724e-07;1.095747933867582e-06;2.866856547645246e-06;6.379370944293849e-06;1.1971286662238436e-05;1.95892290076175e-05;2.883399717307143e-05;3.897936657675428e-05;4.945329657379036e-05;5.981426946199396e-05;6.949408450782811e-05;7.788222645309773e-05;8.45042179483985e-05;8.88617084991004e-05;9.03978016858346e-05;8.913201630380528e-05;8.544781573796605e-05;8.001711554292658e-05;7.3809766853985e-05;6.762431721186328e-05;6.191985956584187e-05;5.698685471448639e-05;5.286824724426374e-05;4.945656613609042e-05;4.670433720017329e-05;4.456204407094291e-05;4.301373209400784e-05;4.202152224908771e-05;4.1358285249762754e-05;4.071502664153305e-05;3.988485988121399e-05;3.8792882667628506e-05;3.754518740651049e-05;3.651597433411434e-05;3.57957421337348e-05;3.531269883965627e-05;3.4892730298321685e-05;3.437996665229716e-05;3.377565604659379e-05;3.324191856176935e-05;3.296039063108904e-05;3.2988549172332314e-05;3.3166504787543275e-05;3.3287459757711816e-05;3.321457927687132e-05;3.2827199612251346e-05;3.218421809365468e-05;3.143050460699703e-05;3.07177680117742e-05;3.0087354047638654e-05;2.9445125897529923e-05;2.87532109135726e-05;2.7990872784204184e-05;2.725961655414941e-05;2.6662448764317963e-05;2.627668217918062e-05;2.6104387808940044e-05;2.608519460826344e-05;2.611505743389871e-05
463.4517902101361;2.039358143465958e-07;2.544691419358215e-07;3.12221740676287e-07;3.557104891786383e-07;3.588142012785121e-07;3.13900966299677e-07;2.3714534163514974e-07;1.4555615159716053e-07;8.518983442371083e-08;6.994277986849345e-08;8.740034408699587e-08;1.0975876381202333e-07;1.1732458476094289e-07;1.0533909779579285e-07;7.6324016242054e-08;4.6312302571655914e-08;3.848748194591559e-08;5.8012180867168517e-08;8.74963260896209e-08;1.0771646151055857e-07;1.1612054818743261e-07;1.079641933553625e-07;8.814967954985791e-08;7.082212901185358e-08;5.829792434000074e-08;4.397552826325026e-08;2.907309209845567e-08;2.0623745716346598e-08;2.8783194309135394e-08;4.1491281703446514e-08;5.181158139197312e-08;5.5057654332465135e-08;4.9597696506207656e-08;3.682698859475944e-08;2.2339081632978654e-08;1.0566228104397413e-08;1.0778455901643264e-08;2.1524041184061065e-08;5.21660960780456e-08;1.4177324083692774e-07;3.380455851639186e-07;7.193746995662039e-07;1.523774928190354e-06;3.2042608690648245e-06;6.422151125571263e-06;1.1600891937834084e-05;1.8842077584242677e-05;2.731535478068708e-05;3.633681433320268e-05;4.529348823781106e-05;5.391370952833058e-05;6.203326583238504e-05;6.953015879039969e-05;7.620211471169315e-05;8.140246391504664e-05;8.429235918394277e-05;8.427345807859753e-05;8.149427235617653e-05;7.672470460096443e-05;7.092270351895008e-05;6.490173346527264e-05;5.916498885534984e-05;5.4405746422263365e-05;5.07403416246601e-05;4.803727733421928e-05;4.612151089249784e-05;4.475399052047773e-05;4.377977939209161e-05;4.311934218791305e-05;4.229552019581056e-05;4.111206228778091e-05;3.940338938099061e-05;3.7432299189654026e-05;3.562666838450595e-05;3.4298198859578424e-05;3.364320550439314e-05;3.31934808285286e-05;3.276489066489728e-05;3.234616999775654e-05;3.183874011099128e-05;3.1537359800153e-05;3.1507237179411346e-05;3.17514622227038e-05;3.2032414049890966e-05;3.206576388767673e-05;3.178920914162334e-05;3.133636242540312e-05;3.0750922721075507e-05;3.0214425700222224e-05;2.986407608496352e-05;2.9700629506211783e-05;2.957502191847974e-05;2.9464697862483294e-05;2.913502971045501e-05;2.865814925271788e-05;2.814375173031725e-05;2.7717928500839226e-05;2.744911837997922e-05;2.733076434168956e-05;2.7354438424320614e-05
465.4873935538053;2.920278108737595e-07;2.9718749511445485e-07;2.8833043148139706e-07;2.5927160646047466e-07;2.1040782526127887e-07;1.528905148227155e-07;1.0208814077555669e-07;5.800766163042093e-08;3.635107372274045e-08;3.344652087978652e-08;4.3629462447154193e-08;5.708916775025771e-08;6.091355134824796e-08;5.0549778993127113e-08;3.1760355403994725e-08;1.7913560482524395e-08;1.4992877429590204e-08;2.25888874049168e-08;3.7554390952706586e-08;5.3096984044001393e-08;5.528575238721357e-08;5.047015085093276e-08;4.5674884126617754e-08;4.8850486066343644e-08;5.496932914330222e-08;5.812537402208898e-08;5.349682914830368e-08;4.2666302398280963e-08;2.993358924667979e-08;2.0138356520036334e-08;1.5323847964394725e-08;1.3447241702589671e-08;1.3178159931964397e-08;1.2278042412735103e-08;1.4846944276290331e-08;3.1922110584910444e-08;5.3332295564053006e-08;8.194513341300224e-08;1.3107316265618166e-07;2.133918056824105e-07;3.321668493564932e-07;5.605402503897465e-07;1.07260491661321e-06;2.291358601614026e-06;4.837248849000832e-06;9.07897533706593e-06;1.4974708903074866e-05;2.2020412783119005e-05;2.9477226769465188e-05;3.66374701394982e-05;4.37723586924936e-05;5.100993733028018e-05;5.825267850775275e-05;6.515477999654592e-05;7.10423462711892e-05;7.50867558655776e-05;7.662372911954537e-05;7.551933494934714e-05;7.211817160864674e-05;6.713807312136978e-05;6.147977608068497e-05;5.594078202248259e-05;5.1238028179773374e-05;4.77941482598014e-05;4.5640631211864735e-05;4.447184992913654e-05;4.367808826807095e-05;4.293855436113606e-05;4.20614669522573e-05;4.101724185601254e-05;3.984513620937729e-05;3.8492736129259054e-05;3.729030015049058e-05;3.593287125028041e-05;3.46177715141874e-05;3.340655574241963e-05;3.238579875373308e-05;3.164111424938078e-05;3.119170681894916e-05;3.1155077260462726e-05;3.140951854578193e-05;3.177326268334328e-05;3.2025903231998254e-05;3.2089885693076074e-05;3.181350963024711e-05;3.118496531133751e-05;3.0375812042366468e-05;2.961626452867433e-05;2.9123129771981463e-05;2.896864444677435e-05;2.906390413362228e-05;2.9322085369688652e-05;2.943577437389835e-05;2.922562458643071e-05;2.8649727715645196e-05;2.802565442257533e-05;2.750684959181792e-05;2.71600341278233e-05;2.6986748532162606e-05;2.69298381326836e-05
467.5223301801634;1.5295949776961796e-07;1.8138913274822133e-07;2.260442346381354e-07;2.4813699560435865e-07;2.401345049492279e-07;2.0762432251904518e-07;1.5581501517772196e-07;1.0229598229580505e-07;7.035349297868784e-08;6.327712365449259e-08;7.285761793612737e-08;7.594578819581372e-08;6.969429792791434e-08;5.5618974258228795e-08;3.8192865837509633e-08;2.3044317104196672e-08;1.4725360253045764e-08;1.1763509275054411e-08;1.1023954507456294e-08;1.7290615671291652e-08;4.0830709460173955e-08;8.884371029875338e-08;1.5662965742626882e-07;2.1781852349233985e-07;2.4709527934339e-07;2.361208193598997e-07;1.9019591754597558e-07;1.2835001196439264e-07;7.470901836891016e-08;4.5212067397774745e-08;2.9848808265351325e-08;2.4328362383421323e-08;3.0265918370064415e-08;5.129913085311109e-08;9.804145838013129e-08;1.6957297992785705e-07;2.3420611273244774e-07;2.676462089397471e-07;2.730988132997351e-07;2.4851056880090024e-07;2.3282643001929562e-07;3.466310040491423e-07;7.626518573344921e-07;1.7767823154549814e-06;3.890266955284084e-06;7.408229620228343e-06;1.2154965591167236e-05;1.789065588894009e-05;2.414260146218657e-05;3.054409091643181e-05;3.716870755862582e-05;4.402938064884199e-05;5.093123540422201e-05;5.742123096657738e-05;6.316076376759526e-05;6.747127786898375e-05;6.964093044209389e-05;6.95274329684871e-05;6.734017056164322e-05;6.350211420018126e-05;5.8783296084068704e-05;5.4088168033548746e-05;4.995755893020636e-05;4.66333232302013e-05;4.414256268833077e-05;4.251006069856338e-05;4.167801224375469e-05;4.099600796448202e-05;4.016652866958811e-05;3.930556483365374e-05;3.8449988623818536e-05;3.765241354044124e-05;3.67844002654869e-05;3.5678478728908044e-05;3.443700835124883e-05;3.32250808058741e-05;3.2403800878621025e-05;3.20753111107654e-05;3.213476407642041e-05;3.244178375475388e-05;3.282406954914564e-05;3.319088486658623e-05;3.3389529640294894e-05;3.324231075218739e-05;3.291274008044147e-05;3.225370390747304e-05;3.1393007753489144e-05;3.058640133526263e-05;3.0007005942642987e-05;2.96717611640493e-05;2.9486015592528688e-05;2.9259173683444497e-05;2.8870328060265524e-05;2.8266776933987797e-05;2.754420858618496e-05;2.685126745675498e-05;2.632499075946522e-05;2.601253425463855e-05;2.587144915165696e-05;2.5827224381967205e-05
469.5566000671315;4.462564551354225e-08;1.2201639687078926e-07;2.3444144041793795e-07;3.347157225674333e-07;3.844108273901356e-07;3.730243981176569e-07;3.110507715378267e-07;2.3427683446417282e-07;1.869937505849766e-07;1.778521848784015e-07;1.818508823594823e-07;1.735912470355536e-07;1.485154573523193e-07;1.131029215660832e-07;7.631469615430571e-08;4.626967583754226e-08;2.969903770110364e-08;2.3289737247552867e-08;2.0058192416822553e-08;3.1875946546936575e-08;7.420042626867931e-08;1.561198786954749e-07;2.649362713355261e-07;3.511861088186926e-07;3.738093160182961e-07;3.292946943141447e-07;2.414595467758304e-07;1.455373448042805e-07;7.637977076812775e-08;4.5617768361835525e-08;3.5062260342908785e-08;3.6111515834849166e-08;5.9540980237094267e-08;1.0832284934158405e-07;1.854706698561691e-07;2.75520887176384e-07;3.3742306182957374e-07;3.4299134093247e-07;2.978780670106759e-07;2.305595572797392e-07;2.2045631463446466e-07;4.105313927908403e-07;1.033737582266874e-06;2.2594406459040885e-06;4.30713530985777e-06;7.420858797940687e-06;1.1654488170852252e-05;1.688823969337604e-05;2.281237813113411e-05;2.9071645729980283e-05;3.536069329051553e-05;4.147312821192163e-05;4.720755108188367e-05;5.244150035629396e-05;5.7087028163241817e-05;6.087933221905166e-05;6.325945690729111e-05;6.394325672754282e-05;6.295327263276484e-05;6.051976143523028e-05;5.715351783641188e-05;5.346387708649585e-05;4.980770296008078e-05;4.6453317795392e-05;4.366871825147384e-05;4.157203777360747e-05;4.013727810976064e-05;3.926366482499194e-05;3.876771639523392e-05;3.8430801076041394e-05;3.802769333633566e-05;3.731743955095599e-05;3.621119813675503e-05;3.4939251293533087e-05;3.3729769896226404e-05;3.297702605532171e-05;3.2805753997855425e-05;3.305791007204055e-05;3.34312949333912e-05;3.349336021214772e-05;3.3250124143922174e-05;3.27245012874614e-05;3.221129863707774e-05;3.18606695652957e-05;3.164761672957799e-05;3.136875478171588e-05;3.1102476771012455e-05;3.0648121743655164e-05;3.0066173384531328e-05;2.944723317410859e-05;2.888274185133138e-05;2.8358260852788468e-05;2.7881324861083847e-05;2.7449170098948623e-05;2.714898881671818e-05;2.686342765517234e-05;2.664342738965744e-05;2.648988086425257e-05;2.6386846863338493e-05;2.629331542179597e-05
471.5902031928381;9.839142251804765e-08;1.50839131383679e-07;2.1767662011931562e-07;2.666262836010655e-07;2.768591680073605e-07;2.687280610506363e-07;2.655924661926101e-07;2.6507062509466146e-07;2.5670084034034704e-07;2.517057054538724e-07;2.2930986991708218e-07;1.8949576208752707e-07;1.382109263233002e-07;9.356261763963988e-08;6.231616687161787e-08;4.1735850952469546e-08;3.0118184630447176e-08;2.4191622354569e-08;2.0467303816027096e-08;2.5888893611093343e-08;5.216932470314483e-08;1.0339366251583416e-07;1.6892110625223182e-07;2.297122024859705e-07;2.502066969297463e-07;2.2472426383317625e-07;1.6818172380900299e-07;1.0372327142745477e-07;5.6585247573841816e-08;3.2408552256738464e-08;2.700680331371353e-08;3.8118902471279914e-08;6.824201330677456e-08;1.1901930866468783e-07;1.87286061944302e-07;2.54066559497301e-07;2.913399072573938e-07;2.859751075214624e-07;2.451025665530626e-07;1.9912171164428858e-07;2.2165263724200625e-07;4.965491099028954e-07;1.1920648097546688e-06;2.452057942925679e-06;4.425773959010175e-06;7.356956148723892e-06;1.1321248587751889e-05;1.639960479684684e-05;2.2421524140550936e-05;2.895377567275288e-05;3.536598612754377e-05;4.132560060582763e-05;4.655257333092519e-05;5.092187548545302e-05;5.4217111552332665e-05;5.628695262460101e-05;5.745498459598059e-05;5.765396879280977e-05;5.692773570134649e-05;5.544182281453139e-05;5.349451086116702e-05;5.1327824198127775e-05;4.894610813560229e-05;4.63481057115138e-05;4.380102012394779e-05;4.13583847137536e-05;3.906879886221347e-05;3.7455075972911406e-05;3.6612817659191576e-05;3.632718204282791e-05;3.620578535225972e-05;3.58110184794228e-05;3.497155555717729e-05;3.387232659062915e-05;3.28541900990517e-05;3.222311336712564e-05;3.215184963785898e-05;3.24027038505065e-05;3.256119366977545e-05;3.244697600465087e-05;3.1973922687727025e-05;3.129023067267644e-05;3.063656399127386e-05;3.0198609061248407e-05;3.0003695492201557e-05;3.004844069318912e-05;3.002186991238841e-05;2.9745232023646573e-05;2.919662502806821e-05;2.849584903043235e-05;2.7843632090111895e-05;2.738064078780821e-05;2.71004247112546e-05;2.7051578490780217e-05;2.7193403339150875e-05;2.7445163724271403e-05;2.7681765536478774e-05;2.781290374880441e-05;2.7830085757353566e-05;2.7777989832424625e-05
473.6231395356263;1.6115575122419314e-07;1.84978021407173e-07;1.8278602804578563e-07;1.5656316021193314e-07;1.2223384328124982e-07;1.1425722065732645e-07;1.526696273762722e-07;2.11077760853675e-07;2.516603967397389e-07;2.526976195718032e-07;2.1348386995950294e-07;1.4970529040062474e-07;8.784378136509096e-08;4.8992367755449244e-08;3.1767189073908495e-08;2.5400628586234104e-08;2.2042493866383893e-08;1.9824885173039104e-08;2.2534651088153744e-08;2.7016310156606054e-08;3.591352083854821e-08;5.0752305329584045e-08;7.141975228480751e-08;9.318085360323472e-08;1.1528066421002505e-07;1.2698762393005634e-07;1.2328436988494005e-07;1.1343368277203361e-07;9.889043637312214e-08;7.645453382470774e-08;5.514527066149308e-08;5.098829950058885e-08;6.00375090657099e-08;8.946157106919768e-08;1.4886171221384558e-07;2.114808256097973e-07;2.619102936342912e-07;2.8819655876726257e-07;2.871975569864457e-07;2.802955778500478e-07;3.421794915993597e-07;6.367215801249104e-07;1.2808757900365583e-06;2.4420810279929363e-06;4.319963288628955e-06;7.112175736636988e-06;1.0840553885325268e-05;1.55707429578408e-05;2.1258739671590544e-05;2.7657619299722577e-05;3.431482572763649e-05;4.070564748673352e-05;4.6383065819471583e-05;5.0825376858159495e-05;5.353772010313698e-05;5.453491145452472e-05;5.426686796730702e-05;5.337374129659433e-05;5.229681501688517e-05;5.126700798757064e-05;5.027114806691417e-05;4.9113645652941e-05;4.7508135193177216e-05;4.527410500144769e-05;4.2431828472198045e-05;3.930256445208244e-05;3.642880629489459e-05;3.429364415738514e-05;3.3200515211124523e-05;3.302673145256099e-05;3.336423656375384e-05;3.365833200726796e-05;3.364938520933694e-05;3.300512686669083e-05;3.213846075348159e-05;3.137608594429572e-05;3.084509263808181e-05;3.063633113349143e-05;3.074289938521485e-05;3.0866790201214506e-05;3.070269027258375e-05;3.0357071480987597e-05;2.986830791292796e-05;2.944991831778244e-05;2.9323750528337423e-05;2.9579204795838222e-05;2.9783092647065674e-05;2.981775052471345e-05;2.9480573410227983e-05;2.87325035710214e-05;2.7919528474892924e-05;2.7295558589139203e-05;2.6892412964277865e-05;2.6878632407633408e-05;2.7155592335661863e-05;2.756134533752304e-05;2.7936269853206748e-05;2.8233918227848038e-05;2.8335810769343032e-05;2.8366461318620896e-05
475.6554090740574;9.431535061953336e-08;1.0050802870178675e-07;8.529807540052668e-08;6.300128689764633e-08;5.629208739248813e-08;7.355873439448302e-08;1.1249107707893737e-07;1.6178013747550132e-07;2.0052342358409619e-07;1.9417124774277002e-07;1.528456048525091e-07;9.602975700861665e-08;4.91848054651986e-08;2.5200679861604798e-08;1.7209495464113503e-08;1.841953434195332e-08;2.8472471506203542e-08;4.795799219323689e-08;7.063635673594152e-08;8.690406762305422e-08;8.878736652998403e-08;7.754158902862946e-08;6.376676545799307e-08;4.7927135691513936e-08;4.7687436202068414e-08;5.586888493998101e-08;7.117267348805394e-08;9.591463569000933e-08;1.1538129906312537e-07;1.1695660238930713e-07;1.0351526138556544e-07;7.87592133213643e-08;5.178018731701272e-08;4.618762625528356e-08;6.715178090621395e-08;1.0042304236162153e-07;1.4308073728212177e-07;2.027125594960896e-07;2.807832594009078e-07;3.649301580654001e-07;5.185708296765631e-07;7.891196945227473e-07;1.3211288560484691e-06;2.378255326570445e-06;4.185098945560485e-06;6.885988125195439e-06;1.0514350993423524e-05;1.5012041036250367e-05;2.024511380898694e-05;2.6155932134655683e-05;3.253382537694697e-05;3.895180500364125e-05;4.497962492391088e-05;4.997639916913089e-05;5.3190404938771714e-05;5.481856215990214e-05;5.500274796944114e-05;5.430457277805149e-05;5.32719202132164e-05;5.218317320235354e-05;5.08972945118272e-05;4.916796581807713e-05;4.684398802931781e-05;4.4067400038775126e-05;4.08219765078039e-05;3.772982709450855e-05;3.517937544593778e-05;3.3283574823755645e-05;3.237336002804031e-05;3.236458566187516e-05;3.304303642297171e-05;3.3957670080084946e-05;3.4503102444605125e-05;3.4533122627656174e-05;3.4067231567263606e-05;3.3363948521372705e-05;3.270749245636721e-05;3.224344848211593e-05;3.19117803201666e-05;3.156269196632428e-05;3.106994598905266e-05;3.0406080700339786e-05;2.973633996692339e-05;2.924092384258077e-05;2.9141116314992425e-05;2.9409207780355573e-05;2.958786898986127e-05;2.944171694827334e-05;2.882634249591255e-05;2.791196620097821e-05;2.699031051344904e-05;2.6381722689718545e-05;2.6187475949013205e-05;2.6317520688266123e-05;2.6626064790211965e-05;2.701968492802702e-05;2.744811646188443e-05;2.784061563368704e-05;2.8134507646700845e-05;2.8310304841598533e-05
477.6870117868966;9.274452764518296e-09;5.663735431746792e-09;4.271862500774179e-09;1.0178021854039156e-08;2.57703585750976e-08;4.4837937743211666e-08;6.426926764738022e-08;8.130841276178513e-08;8.580216563658149e-08;7.37493539485789e-08;5.357127928107797e-08;3.2416154564098486e-08;1.5943624033602855e-08;8.511569124817333e-09;6.923597605517259e-09;1.1612234567940412e-08;3.393755576015221e-08;7.084474344225867e-08;1.0472084750468927e-07;1.2341712043144106e-07;1.1815615199418741e-07;9.005430277607786e-08;5.367460925688764e-08;2.917980565678723e-08;1.6726044747365447e-08;1.3944728428500625e-08;2.3593385364384983e-08;4.584740900185735e-08;7.871939937253014e-08;1.1867912419764e-07;1.4792452136100796e-07;1.420947704081201e-07;1.0676853581383425e-07;6.906819698651042e-08;3.727703021780979e-08;2.360238285964648e-08;3.511815678175769e-08;8.141033668467604e-08;1.7213900124948702e-07;3.021217964954593e-07;4.81898466010896e-07;7.720377485465475e-07;1.2682581469685949e-06;2.2620302170223315e-06;4.093553322445003e-06;6.937590004657469e-06;1.0768133051266337e-05;1.548278759593508e-05;2.0832763353025965e-05;2.657555966368699e-05;3.252976541467729e-05;3.849386707972085e-05;4.420452488581199e-05;4.929784618906768e-05;5.3410197523214126e-05;5.627324994092644e-05;5.779874373889638e-05;5.806492882469544e-05;5.72264072037951e-05;5.549243794032976e-05;5.302945595039419e-05;4.999859823031693e-05;4.689423909967276e-05;4.397305061706579e-05;4.153533978107908e-05;3.977688114943737e-05;3.836364331683607e-05;3.724273652130141e-05;3.636851731580445e-05;3.574979927732139e-05;3.541154091876638e-05;3.52980176315165e-05;3.530388618326706e-05;3.531039538594303e-05;3.516151873175173e-05;3.495790847276224e-05;3.4828007023123774e-05;3.46323283298934e-05;3.4258853156550835e-05;3.371618292889599e-05;3.305662015634631e-05;3.231775154701647e-05;3.1553646084960096e-05;3.07683054170716e-05;2.9962976710420745e-05;2.9212105047313083e-05;2.8390057943676994e-05;2.765092878022932e-05;2.7083727380222634e-05;2.6880663141381604e-05;2.6937415444205604e-05;2.712443694058012e-05;2.737610961512917e-05;2.74569084293484e-05;2.737732132136565e-05;2.726674348268712e-05;2.721985946694249e-05;2.731433621794133e-05;2.7477590859036328e-05;2.7610350850198125e-05
479.7179476531164;4.188506477590221e-08;5.19397264640115e-08;5.0451798836681625e-08;4.3677539428341416e-08;3.3065129087373464e-08;2.7369149912189213e-08;2.2839559359524855e-08;1.8224222780445884e-08;1.3261310355888461e-08;9.211863808689151e-09;5.572271759698584e-09;4.082220940499727e-09;3.5557690649070322e-09;3.234942449898562e-09;3.3921418099787566e-09;5.91818632508249e-09;1.7795024662397363e-08;3.493191603689941e-08;4.9466642398952386e-08;5.66628223666737e-08;5.408132486150965e-08;4.228478310936525e-08;2.986411000407699e-08;2.8859943635107564e-08;3.704216362985864e-08;4.704765207681003e-08;5.749380820788751e-08;7.235256402848166e-08;9.975520102120385e-08;1.439572339957607e-07;1.8489335768878158e-07;1.9508039523880726e-07;1.687690560062935e-07;1.1649081375160577e-07;6.17929023187845e-08;3.1402060851699257e-08;2.5937852626620568e-08;3.908857065913081e-08;7.385626240055253e-08;1.4198753605464381e-07;2.5113122521258584e-07;5.020143737347328e-07;1.021326512000642e-06;2.073702558572549e-06;4.009510023542495e-06;7.015089273465107e-06;1.1080033472458048e-05;1.6069235921809037e-05;2.166985689186096e-05;2.758013331409e-05;3.35607599497209e-05;3.9349647536728345e-05;4.463306979116786e-05;4.928037901032487e-05;5.3277751425172646e-05;5.648049374403001e-05;5.8543975218456e-05;5.93284891946397e-05;5.861602065966027e-05;5.6465276283871367e-05;5.331154739741066e-05;4.9607714869847225e-05;4.6112778217499965e-05;4.343291705625471e-05;4.187293267511912e-05;4.11609141218074e-05;4.079582046977976e-05;4.044371684776975e-05;3.976324799505591e-05;3.854881436030028e-05;3.695471779385036e-05;3.537020873472983e-05;3.396162987108142e-05;3.2946423991541406e-05;3.25237745179288e-05;3.271426945038344e-05;3.329804656722283e-05;3.402047913705564e-05;3.441869186014103e-05;3.443447259695192e-05;3.419581470971238e-05;3.376413071761086e-05;3.3126254809177496e-05;3.227256789670073e-05;3.119635728216305e-05;3.0068676490424036e-05;2.9208984067810924e-05;2.871245471561264e-05;2.8621431560287217e-05;2.8841183215514118e-05;2.9029500851445003e-05;2.929162878051273e-05;2.941717235370412e-05;2.922462759617861e-05;2.8751472724060142e-05;2.8183501576542803e-05;2.7692461710000377e-05;2.7353513669339127e-05;2.716533390084588e-05;2.7080259753085223e-05
481.7482166519149;1.3501182262283744e-07;1.4699719456042036e-07;1.346067204462397e-07;1.003051734546403e-07;5.8787448122151024e-08;2.9470086644409682e-08;1.7161535819241018e-08;1.3199004512693905e-08;1.1744908691920562e-08;1.0762482286346948e-08;9.633032667326781e-09;8.216720251402143e-09;6.6163223523700806e-09;5.3037736841215854e-09;4.930021386723864e-09;5.571339636513946e-09;6.499852665490916e-09;7.063888896339121e-09;6.498808910432299e-09;5.115574911339939e-09;4.982095054369151e-09;5.430033843911494e-09;1.0837581057754882e-08;2.797067816094309e-08;5.918986130403219e-08;9.406238223374162e-08;1.3919179871910413e-07;1.658239599332617e-07;1.708009866831689e-07;1.6219381149273059e-07;1.518974970900034e-07;1.2434675273536234e-07;9.814094518178632e-08;6.909852620245673e-08;4.059049107830862e-08;2.559743369722752e-08;2.6239490976814583e-08;3.91417882033146e-08;5.428721998272128e-08;6.915785375996603e-08;1.1832792813953347e-07;2.7380607294672765e-07;7.247641599323878e-07;1.808971678899001e-06;3.820807445517395e-06;6.937436663335656e-06;1.1146066689883458e-05;1.6321525379010677e-05;2.2105272222540255e-05;2.821026329808381e-05;3.4338957097966035e-05;3.998389816184058e-05;4.501798800134681e-05;4.932802436665409e-05;5.285223798092127e-05;5.551027390678548e-05;5.725959410102262e-05;5.794210296198706e-05;5.730584931561488e-05;5.5339526409447845e-05;5.231397359687993e-05;4.877917747056381e-05;4.542722885975895e-05;4.295734984444806e-05;4.14888542265683e-05;4.075047109348895e-05;4.0407613950165766e-05;3.997876436442054e-05;3.919475905758677e-05;3.7956402421482856e-05;3.630292818910674e-05;3.4422793739439223e-05;3.248457947280472e-05;3.115863749680006e-05;3.064140827868585e-05;3.091499787045259e-05;3.168412424051596e-05;3.25806404269637e-05;3.3101160731403014e-05;3.314470057374589e-05;3.2819054340423625e-05;3.229549731176915e-05;3.1735954124061057e-05;3.1260131940948424e-05;3.0992537139957286e-05;3.094242281909996e-05;3.1045558204530875e-05;3.120883273261323e-05;3.118184411415916e-05;3.0700862952163206e-05;2.995706041697347e-05;2.9235575929735066e-05;2.8745291969532624e-05;2.8546080147620373e-05;2.8509244923846857e-05;2.8503149480767995e-05;2.83628253071265e-05;2.8109132581452423e-05;2.787310590381909e-05;2.768767176946615e-05
483.7778187626827;2.028909333952295e-07;1.9306414517094606e-07;1.6292472360083918e-07;1.1705938420530165e-07;8.468791515739076e-08;6.515665090861986e-08;6.825439545503441e-08;7.759552223587312e-08;8.291263484560836e-08;8.028048792128275e-08;6.629247613405219e-08;4.644847046548156e-08;3.0172551283888135e-08;2.1985417050647126e-08;2.6800986785871473e-08;4.2127454991528585e-08;5.689067862264256e-08;6.286496371027429e-08;5.803988490739237e-08;4.3414820156139656e-08;2.57160719939627e-08;1.4407501769407664e-08;1.2231703234630981e-08;1.9676172824016665e-08;3.9735433442728875e-08;7.848775682793914e-08;1.341781297564307e-07;1.754058614494527e-07;1.7707738639688524e-07;1.4024052171554498e-07;8.379555038482529e-08;3.746942672082603e-08;1.990965302807309e-08;1.582815423049983e-08;1.5711047907669282e-08;2.332406908928669e-08;4.76943125503994e-08;8.550322047554494e-08;1.1662292741680589e-07;1.3512005569903093e-07;1.722661306242788e-07;3.717231765134975e-07;9.522989692067184e-07;2.2642035599764703e-06;4.572936999606591e-06;7.945220917385845e-06;1.22512540765604e-05;1.7340600838371617e-05;2.2884509937588723e-05;2.8990118083300488e-05;3.538252431017757e-05;4.167646362949011e-05;4.748939638655731e-05;5.2410116779769165e-05;5.605109342708795e-05;5.826287617788673e-05;5.901732915541096e-05;5.854484546416752e-05;5.710248382375876e-05;5.495339465179624e-05;5.2063281949305137e-05;4.91305350313449e-05;4.641465688095693e-05;4.439952360195872e-05;4.2972679215305806e-05;4.165563750873289e-05;4.052769952017044e-05;3.942119647643496e-05;3.820288470449792e-05;3.701109767578181e-05;3.574855096705239e-05;3.4271885080179785e-05;3.277526427737995e-05;3.1623765188874494e-05;3.102883460058069e-05;3.106455680881061e-05;3.1527251063429945e-05;3.1880039994925665e-05;3.2109051652899616e-05;3.204081470658171e-05;3.160483317862892e-05;3.089998638558296e-05;3.008114901962502e-05;2.9386654044613885e-05;2.904349492889844e-05;2.9189183346352045e-05;2.975761462018232e-05;3.04182296783232e-05;3.0748729985148105e-05;3.053623382891207e-05;3.0025867713246492e-05;2.926097625879717e-05;2.866781167878816e-05;2.8537857122278356e-05;2.8783830379783565e-05;2.9096174887512587e-05;2.922895857129335e-05;2.914988883960551e-05;2.89413103479136e-05;2.8728908180699145e-05
485.8067539650292;2.275448345404059e-07;1.943902382352647e-07;1.558170163066109e-07;1.263026049139104e-07;1.1699083696946613e-07;1.288973557886199e-07;1.5284438295662098e-07;1.7400113567153745e-07;1.802626882772353e-07;1.6844129707494655e-07;1.457577934303787e-07;1.2072990344119086e-07;9.787347825651643e-08;8.107282536214666e-08;8.076806365153392e-08;9.692947444539277e-08;1.1313363260888467e-07;1.1799899089375957e-07;1.08043635556453e-07;8.553315507370307e-08;6.204935661563606e-08;5.4691100736558684e-08;6.127595177920229e-08;6.722629548687616e-08;6.81547740291749e-08;7.311184812393802e-08;7.72767975628312e-08;8.523465838048999e-08;8.353269536618436e-08;6.789424026445018e-08;3.574780141056744e-08;1.8966455798593845e-08;1.2848930941039141e-08;1.082739356559615e-08;1.3377940592736304e-08;2.5111712841392854e-08;5.5239254030759417e-08;9.574896877488249e-08;1.2755135117280936e-07;1.443744015670226e-07;1.9901292764459087e-07;5.129550891524579e-07;1.3645630838133626e-06;3.028574575885268e-06;5.620522157005349e-06;9.108278871430165e-06;1.333275554877627e-05;1.806853158776992e-05;2.340836476429116e-05;2.952468023732963e-05;3.638487406372385e-05;4.367036208168777e-05;5.062876305511864e-05;5.649203386527296e-05;6.061415965633808e-05;6.289574582757194e-05;6.324424909757782e-05;6.2029886593119e-05;5.978903621358254e-05;5.7048764222121255e-05;5.396528868543608e-05;5.125835937919275e-05;4.878882500046658e-05;4.658861031385604e-05;4.467776641629602e-05;4.288560407404994e-05;4.133760252910595e-05;3.99677975723873e-05;3.878049430421221e-05;3.774524136227969e-05;3.677633002175671e-05;3.577677994133937e-05;3.4735381099636114e-05;3.377784863634336e-05;3.2981445780540534e-05;3.2486887444296774e-05;3.240612197073666e-05;3.2591365024297843e-05;3.282526528790983e-05;3.288274590574288e-05;3.263503638129659e-05;3.199048137035965e-05;3.102664510075131e-05;3.004563038468136e-05;2.9268374506282046e-05;2.8804694926932063e-05;2.896616883752625e-05;2.939091368907916e-05;2.9857357892164203e-05;3.0310412830911647e-05;3.047416718728804e-05;3.048852113737329e-05;3.040183976198202e-05;3.023926487786069e-05;2.9983164666992966e-05;2.9607180498696843e-05;2.927212303669929e-05;2.885391045766793e-05;2.854871206334531e-05;2.8390720519809287e-05
487.8350222387853;1.800944882329021e-07;1.607426294343306e-07;1.4275638699863838e-07;1.4244771584005104e-07;1.5448720617016032e-07;2.0227325903338293e-07;2.3581836921296665e-07;2.478365597866894e-07;2.3130325331685105e-07;1.942793138900339e-07;1.6662998313492014e-07;1.499677633634594e-07;1.362657563476164e-07;1.2007705592310194e-07;1.0542966882652505e-07;9.847305284679055e-08;9.48217464592114e-08;9.012286166672204e-08;7.973996669134573e-08;6.680568804516564e-08;6.408530652209547e-08;7.838871636707515e-08;1.0420466011588905e-07;1.2057097154641397e-07;1.1668899388247772e-07;9.4168710212284e-08;6.3269581939988e-08;3.591195641467897e-08;2.051255118074593e-08;1.4770767368977373e-08;1.2430024393567356e-08;1.1043303243713765e-08;9.689168088158731e-09;8.502605586146771e-09;9.566246862686004e-09;1.4253336592306205e-08;2.4617294145584237e-08;3.841939178934164e-08;4.939463105977791e-08;6.135387306712692e-08;1.2893912389553925e-07;4.43159308188644e-07;1.2689487744024316e-06;2.8517436866940084e-06;5.306209424950854e-06;8.672371144521862e-06;1.286349391029742e-05;1.7805352677689275e-05;2.3518913079531262e-05;3.0118535537405788e-05;3.742590175967586e-05;4.49841549417088e-05;5.220796863863306e-05;5.841745306179196e-05;6.295239931165635e-05;6.557782341793564e-05;6.632153576583341e-05;6.5577798574509e-05;6.37632049397926e-05;6.119637919831247e-05;5.8103903452362e-05;5.486977182957113e-05;5.1615301114939474e-05;4.832493434026911e-05;4.52913528792082e-05;4.289934980039924e-05;4.111571670007789e-05;3.987481997799545e-05;3.901423220049058e-05;3.8384873826546e-05;3.784938467695972e-05;3.727812286472239e-05;3.66251466336794e-05;3.58614359753938e-05;3.507416585962512e-05;3.438768195066019e-05;3.390921355893097e-05;3.3773418200678816e-05;3.377479633609524e-05;3.3741433358363654e-05;3.361378141693058e-05;3.3425703417253074e-05;3.3182372244592594e-05;3.281512190796669e-05;3.234536710575733e-05;3.176728034931356e-05;3.113630908819305e-05;3.060181395047745e-05;3.028075500758525e-05;3.027922635166233e-05;3.051651798272034e-05;3.083982435875335e-05;3.09778111986796e-05;3.065286750664267e-05;2.982558971951328e-05;2.873044578985732e-05;2.779918187096564e-05;2.728681570697901e-05;2.7205147116638907e-05;2.736586249204901e-05
489.8626235639677;8.74592480879169e-08;1.1043549060705913e-07;1.2274602400485396e-07;1.4545630470471529e-07;1.8918565232913722e-07;2.406005262333681e-07;2.783252109179862e-07;2.82667837776873e-07;2.460081413000607e-07;1.832713423024704e-07;1.2589751248367925e-07;9.296566395127988e-08;8.095335489705318e-08;7.5255677873733e-08;6.963685926348353e-08;6.268662112091096e-08;5.5163345871400116e-08;4.772765007285416e-08;4.127328454336328e-08;3.6297926017757174e-08;3.5110805115504606e-08;4.2968041629774927e-08;6.31383331793613e-08;8.55810100757311e-08;9.88622661454719e-08;9.443566768183134e-08;8.498831682372726e-08;6.653413209421576e-08;4.66458426819986e-08;3.015672799255682e-08;1.841336541788029e-08;1.2229605118101972e-08;9.65398341621125e-09;8.179431790720122e-09;6.784087194919699e-09;5.550917485450252e-09;4.5782332168619324e-09;4.25757287882526e-09;8.20853999097089e-09;3.4245318777598634e-08;1.5597468468193305e-07;4.978153668394863e-07;1.2610583602648115e-06;2.7014120385591632e-06;5.040594456469073e-06;8.41318352717092e-06;1.2740246165512094e-05;1.810163398882187e-05;2.4374102902881776e-05;3.137619017322713e-05;3.8874463629457736e-05;4.664647391330744e-05;5.401226410537024e-05;6.047927927860661e-05;6.55889243752596e-05;6.87384469696775e-05;6.970247113676528e-05;6.881936370717955e-05;6.630645564665788e-05;6.315627539100621e-05;5.981891369457028e-05;5.638978732605737e-05;5.297202749721303e-05;4.969175590818934e-05;4.640068978732167e-05;4.354565814592195e-05;4.14190601737597e-05;4.010497674081446e-05;3.9484856013071695e-05;3.926370983689349e-05;3.908534523621658e-05;3.869042783824352e-05;3.790972361365353e-05;3.685286695203488e-05;3.5824813363507705e-05;3.4786273492324025e-05;3.387119183028342e-05;3.322731683553659e-05;3.292880148238658e-05;3.298498720890534e-05;3.3401530480885606e-05;3.381908438751948e-05;3.429302756955575e-05;3.444932761765942e-05;3.419464309584209e-05;3.3501560939853056e-05;3.237600655771606e-05;3.1191471497854235e-05;3.024759665468814e-05;2.983529465832526e-05;3.0075113964060512e-05;3.0444346320748143e-05;3.049931511263404e-05;2.993771665538158e-05;2.8740399696180368e-05;2.742778860191224e-05;2.6555630534208287e-05;2.6380364811327687e-05;2.66785471327223e-05;2.7124638445896875e-05
491.889557920822;1.356674001768788e-07;2.019689093808856e-07;2.476578521851772e-07;2.6359560879602844e-07;2.593451752592764e-07;2.267330066679645e-07;2.0300458363253885e-07;1.7294858944024129e-07;1.424137635365931e-07;1.0303430015961777e-07;6.148826212022264e-08;3.728812441890559e-08;3.1308315696635375e-08;3.3632674290447415e-08;3.585163071806378e-08;3.577409006247516e-08;3.202319774120636e-08;2.766646292034501e-08;3.0373046108710404e-08;3.877741279844602e-08;5.185035915236252e-08;6.474102684723663e-08;7.667217718578273e-08;8.872719857188757e-08;1.0094176889648997e-07;1.116886153028444e-07;1.1782497017606649e-07;1.165904633698643e-07;1.083221246467698e-07;9.685198659252873e-08;8.638884061624182e-08;7.824183553839356e-08;7.30048160986135e-08;7.322938403712249e-08;7.815056620170542e-08;8.315197495083895e-08;8.233808632608652e-08;7.257909798456763e-08;6.696472495077878e-08;9.408606637553347e-08;2.44275905848432e-07;6.842355886508259e-07;1.6052209351129876e-06;3.236312701555831e-06;5.823872390916792e-06;9.465058214486003e-06;1.4086434911189753e-05;1.9603432547420667e-05;2.5851636337135207e-05;3.27720952618832e-05;4.040560032926929e-05;4.85226049599288e-05;5.657799398629797e-05;6.41528998856016e-05;7.050246918373547e-05;7.407993329107109e-05;7.455374038942895e-05;7.216178556440674e-05;6.76408907525658e-05;6.286669214735271e-05;5.867300275519482e-05;5.529588035436408e-05;5.24816596497936e-05;4.981729224842492e-05;4.703755271224993e-05;4.444374930660585e-05;4.228429637625763e-05;4.092405033785147e-05;4.0396175848773725e-05;4.036065727921902e-05;4.033389998513185e-05;3.989935957781928e-05;3.911013821936061e-05;3.790519322381939e-05;3.6524364105889805e-05;3.512433924287267e-05;3.3848601009661884e-05;3.2850400997735355e-05;3.226194382771766e-05;3.2378319207829515e-05;3.303819545214228e-05;3.3834966379097176e-05;3.4478915260480135e-05;3.482337668827625e-05;3.459930888193106e-05;3.381749880775003e-05;3.263150464470361e-05;3.133279892707536e-05;3.0299934407124595e-05;2.9794888172928063e-05;2.9878147870966524e-05;3.0224235435655743e-05;3.0335371605274865e-05;2.993539031514549e-05;2.9113877625535488e-05;2.8246932365605105e-05;2.7739267450163222e-05;2.7684125139310936e-05;2.7931771733703672e-05;2.825297937742636e-05
493.9158252897905;2.2065846716714198e-07;2.955085275341151e-07;3.44014689844799e-07;3.395507112237196e-07;2.823911772205298e-07;1.944107448658697e-07;1.1834529923715554e-07;8.525241036838587e-08;8.199654243234974e-08;7.868251758894317e-08;6.678798411473679e-08;5.128079411302144e-08;3.8053740321848414e-08;3.0004210971075214e-08;2.3856962413987536e-08;2.0426046065595196e-08;1.7097886772740606e-08;1.6109075081668233e-08;2.4804755574940435e-08;4.862519778084953e-08;8.463850333819612e-08;1.1550324076231756e-07;1.2576225633429845e-07;1.1682286613033306e-07;9.834131642892581e-08;8.615093107867082e-08;7.912974088896562e-08;8.983889836281731e-08;1.089736151008e-07;1.2650384936358078e-07;1.3709672255390748e-07;1.370264044845493e-07;1.322654176888507e-07;1.3584100108157312e-07;1.4988056143623217e-07;1.69343414265075e-07;1.8604396855488333e-07;1.8184321690909572e-07;1.6122618347947517e-07;1.484919434921347e-07;2.3656719285633306e-07;6.255092093236328e-07;1.5311492317841749e-06;3.238305171367622e-06;6.0247965819220645e-06;1.0042693417904788e-05;1.520796985257988e-05;2.1312036952774837e-05;2.793504351051166e-05;3.500106325740057e-05;4.273676457274037e-05;5.115189833280861e-05;5.981540912117032e-05;6.78904995582105e-05;7.400329702891733e-05;7.70575562641061e-05;7.672603709407033e-05;7.358400080442873e-05;6.872320037780902e-05;6.333095558194988e-05;5.8717632213494806e-05;5.495466579033747e-05;5.194413607214948e-05;4.906018658787128e-05;4.632185054389697e-05;4.38788543574253e-05;4.1939150788061256e-05;4.0649575836438885e-05;4.00227474896508e-05;3.98640855187112e-05;3.988839259272406e-05;3.9873582741285134e-05;3.973653314156872e-05;3.931511840957286e-05;3.855085204566908e-05;3.7623735241873e-05;3.647354254032877e-05;3.521931374807947e-05;3.4010571538095085e-05;3.2980463986213125e-05;3.255602113771053e-05;3.267748219552946e-05;3.3113981863854286e-05;3.3694305084668174e-05;3.405220119024316e-05;3.408032220441007e-05;3.355158738589782e-05;3.2597607665944784e-05;3.149940238442656e-05;3.054296322192264e-05;2.9870119165206508e-05;2.959271148163733e-05;2.957323594818202e-05;2.9650246660999757e-05;2.9857595397097377e-05;3.000755186089855e-05;3.0265980691357504e-05;3.0489806908302307e-05;3.064365595917608e-05;3.072941390850706e-05
495.9414256515338;1.3379919968589978e-07;1.5084814198825577e-07;1.60738037583677e-07;1.548525534105687e-07;1.3430743339551065e-07;1.0158115422218957e-07;7.977816624999858e-08;9.26453589822722e-08;1.1071727305510485e-07;1.125392550730359e-07;9.544870974247366e-08;6.871051724339978e-08;4.2185393559764535e-08;2.3825810185699123e-08;1.5195103529436873e-08;1.1581912569994812e-08;9.749642791585455e-09;9.491727575956089e-09;1.3905110465741086e-08;2.759243098456388e-08;4.515151974190864e-08;5.992542520343006e-08;6.394840678679816e-08;5.619478132996171e-08;4.0376624117486663e-08;2.3735275782955496e-08;1.6326207918247245e-08;2.3750524678497686e-08;4.0870819111926094e-08;5.96639028946635e-08;7.310454327549817e-08;7.67326907425956e-08;7.43278441347205e-08;7.495880325909278e-08;8.332836439553633e-08;1.0346690823463705e-07;1.3533424767548618e-07;1.567211365127978e-07;1.565874553654965e-07;1.6224567682829922e-07;2.288911675230763e-07;5.11620430724892e-07;1.2127673838464373e-06;2.626915465970876e-06;5.080589527529143e-06;8.927384475295738e-06;1.440760753964422e-05;2.1495021164700597e-05;2.9731988498917175e-05;3.837072773789524e-05;4.7357857038020265e-05;5.622298369602546e-05;6.420437594363039e-05;7.05377539793709e-05;7.456564843581951e-05;7.626474836831103e-05;7.576811164792459e-05;7.356095409504737e-05;7.028869810292543e-05;6.64123061947038e-05;6.245454151878108e-05;5.84815073453006e-05;5.456025318548199e-05;5.08202901167161e-05;4.747394812246116e-05;4.470439762606951e-05;4.249291330690341e-05;4.0977140386979024e-05;4.000793897004972e-05;3.9371492698060166e-05;3.891353608843497e-05;3.8642751587876313e-05;3.845488789721185e-05;3.837830234437751e-05;3.838502281590649e-05;3.833361450553738e-05;3.799789458245058e-05;3.710679538038923e-05;3.5878563669401395e-05;3.427470882104302e-05;3.26702028707782e-05;3.14542374311194e-05;3.086683135562155e-05;3.0897910353007495e-05;3.140562634637501e-05;3.2014391400219386e-05;3.2332646302148235e-05;3.210022022905046e-05;3.133119880340905e-05;3.02387760740433e-05;2.9167198137577973e-05;2.838163991222227e-05;2.8053367019041173e-05;2.821115166388706e-05;2.8805576920676463e-05;2.950435945050497e-05;3.0051931754433223e-05;3.0328471062416266e-05;3.035757482963711e-05;3.0259470889834503e-05
497.96635898691966;2.530954033653672e-08;1.2321229325730848e-08;9.828542554981633e-09;1.669874805729781e-08;2.9065064560217655e-08;4.2370354510757984e-08;5.4617234171480815e-08;6.218021311803397e-08;6.341104563758767e-08;5.783237910464345e-08;4.745868564780648e-08;3.3861977467431524e-08;2.103231504774728e-08;1.7839747111843076e-08;2.7677200065201173e-08;4.3723647542192366e-08;5.746790638373529e-08;6.19483582337795e-08;5.4077636964253016e-08;3.829910959372805e-08;2.3832864160415373e-08;1.572633251756322e-08;1.4927711284226068e-08;1.4589371997141577e-08;1.3951275718458681e-08;1.1644066527076966e-08;8.175054390186775e-09;5.7431254232118725e-09;7.653228686598477e-09;1.3717405118985628e-08;1.9407982038110208e-08;2.2114911816111948e-08;2.2898546237783565e-08;2.3112631708234626e-08;2.4154898715969e-08;2.9983290078426315e-08;4.6030013165627046e-08;5.5899013271143615e-08;6.601634007872327e-08;1.1810951028168292e-07;2.379012114906985e-07;4.913075672102969e-07;1.0775219836104362e-06;2.279624926257177e-06;4.426729810909847e-06;7.916631867886048e-06;1.3397786648074971e-05;2.1086478359310152e-05;3.0746615278706856e-05;4.171921987708e-05;5.277129328243326e-05;6.240966909867206e-05;6.97023226428926e-05;7.455894288573245e-05;7.696994417920386e-05;7.744408266342416e-05;7.665516488990451e-05;7.481398120204346e-05;7.24300102369508e-05;6.952283404743098e-05;6.618127989731426e-05;6.251196984424854e-05;5.848785013434509e-05;5.44040612860657e-05;5.069349877954066e-05;4.753666289622247e-05;4.504053320020579e-05;4.313856829112563e-05;4.1617677153046734e-05;4.0232398128183365e-05;3.8857738573565016e-05;3.753388930835816e-05;3.652218395260357e-05;3.594405916595302e-05;3.582222012926349e-05;3.605210035892977e-05;3.638349380653284e-05;3.647859944086188e-05;3.6166933568424313e-05;3.550263482000132e-05;3.4235458894646485e-05;3.2908503154745994e-05;3.160931202656471e-05;3.0540770454187634e-05;2.975377961121544e-05;2.946830815735268e-05;2.9457167542634164e-05;2.9534785839539707e-05;2.957639173328519e-05;2.94328303192377e-05;2.910609322168773e-05;2.8604121690226857e-05;2.8123979862580423e-05;2.791739826100888e-05;2.8000692820758157e-05;2.8346743057244216e-05;2.846991357936048e-05;2.8543260326481788e-05;2.853181630233692e-05;2.846732450445104e-05
499.9906252770088;1.6834370242541511e-09;1.5244069901974802e-09;6.291025478272235e-09;2.2098500193069316e-08;4.3811019336992016e-08;5.7498535874123514e-08;5.8558333468758566e-08;4.6743097506500726e-08;2.7445835461583124e-08;1.3242502093174349e-08;1.2829295383259936e-08;3.139949937074147e-08;5.3252761988385065e-08;8.215866132848266e-08;1.1521852061369117e-07;1.4132556450600505e-07;1.5135732868305414e-07;1.4201003868932718e-07;1.1467200295687017e-07;8.534893397499854e-08;7.564640661669642e-08;1.0469898854789573e-07;1.674028494788862e-07;2.2140052306158922e-07;2.3573158135013253e-07;2.0790533201567677e-07;1.4771971818543066e-07;8.088532970462348e-08;3.1433728297172994e-08;2.3357851358288622e-08;2.4031752812331662e-08;2.472686737981408e-08;2.9581146361714315e-08;6.64992886926147e-08;1.4281086732024613e-07;2.324912328298228e-07;2.931873271619992e-07;3.013821460574269e-07;2.57779761670268e-07;2.1034297417965739e-07;2.5080636224088065e-07;5.121682064036709e-07;1.2079745429631475e-06;2.6734418995987237e-06;5.314297166434389e-06;9.4902212393729e-06;1.568535512120408e-05;2.409164493876511e-05;3.457102497985136e-05;4.625590832095567e-05;5.749612862640443e-05;6.70643766401162e-05;7.430642077882558e-05;7.862990097588406e-05;8.055244960554139e-05;8.08477953763728e-05;7.969692554402223e-05;7.740590260691531e-05;7.440289653704821e-05;7.063741286391105e-05;6.656032295563095e-05;6.237923551673867e-05;5.832090244456032e-05;5.461146925499448e-05;5.142944542442187e-05;4.885189839268129e-05;4.6814363263768976e-05;4.497316193641208e-05;4.2962801616099264e-05;4.0863079552901015e-05;3.876360234149578e-05;3.688203825007306e-05;3.564783926921697e-05;3.50209926625255e-05;3.483375715378114e-05;3.492143682597512e-05;3.5170692925481646e-05;3.5545356579861984e-05;3.5700670241901015e-05;3.562146189984006e-05;3.5281823046179844e-05;3.479654997424601e-05;3.414247816947025e-05;3.3264814867958766e-05;3.2195037850719194e-05;3.1060770770796794e-05;3.016042903247171e-05;2.97428536694089e-05;2.9822388065312303e-05;3.01135682021194e-05;3.0273293565501064e-05;3.004922515982889e-05;2.949207822734345e-05;2.8835687235730696e-05;2.826058360292352e-05;2.7960353671319875e-05;2.79140304013594e-05;2.801378052031357e-05;2.8132906193419942e-05;2.821615799507039e-05
502.0142245030911;1.929490200248207e-08;1.1866299323715437e-08;9.725760919920311e-09;1.6371413411894438e-08;2.7964620156372705e-08;4.3068761093601277e-08;6.20514271164668e-08;7.24825493603022e-08;7.55997816770828e-08;7.213513396546813e-08;7.367573302393089e-08;8.433674931683914e-08;1.1290229577792673e-07;1.4922956196419162e-07;1.7169398558855642e-07;1.716291506809337e-07;1.4986074676101395e-07;1.17874792618521e-07;8.533716568982924e-08;7.159800165897998e-08;9.257864000201793e-08;1.7454094860461725e-07;3.093303612376154e-07;4.231764996926496e-07;4.5771994966492745e-07;4.086002026865753e-07;2.937902858409351e-07;1.614816714896785e-07;7.557115566493407e-08;4.46866633361634e-08;3.514189255086439e-08;2.9783591907746865e-08;3.579060369823737e-08;9.610031812156605e-08;2.423900445195204e-07;4.208095245117173e-07;5.449473534163529e-07;5.79452483317542e-07;5.032884922877823e-07;3.756421119385157e-07;3.578780482699617e-07;6.74563656275275e-07;1.530721003428268e-06;3.278931604662396e-06;6.5256387513198095e-06;1.17659752863334e-05;1.908481112208484e-05;2.836379231823539e-05;3.899341331009976e-05;4.98842913244882e-05;5.997301429081923e-05;6.871623807144203e-05;7.563462219085049e-05;8.047167782219146e-05;8.319438769669777e-05;8.390031028311022e-05;8.282010119397545e-05;8.02832060743655e-05;7.65494034850402e-05;7.191483040357875e-05;6.672036582023138e-05;6.133926504870498e-05;5.639753748229472e-05;5.230709266644847e-05;4.919561997722072e-05;4.7036851097207937e-05;4.545287981797576e-05;4.395166753899492e-05;4.220171548644783e-05;4.016893334645069e-05;3.81807463099691e-05;3.64452135968936e-05;3.529132174039152e-05;3.476324783899464e-05;3.4766829891522255e-05;3.4943948808723924e-05;3.507897253485709e-05;3.513464487521194e-05;3.5070547600359725e-05;3.4833690551688216e-05;3.458304051123859e-05;3.448063397605573e-05;3.455285074616688e-05;3.464870760614301e-05;3.4488353426010245e-05;3.3742636151319776e-05;3.2766027840067204e-05;3.181778070674187e-05;3.121221616156968e-05;3.0985428846205714e-05;3.086471896503937e-05;3.0684608849220884e-05;3.0258295381537427e-05;2.951528478054593e-05;2.8614393692354058e-05;2.772415354109928e-05;2.711647372783689e-05;2.670911961125901e-05;2.6453606111352493e-05;2.6301850900051727e-05
504.0371566466529;6.978817568745387e-08;4.5693138358773916e-08;2.5639533228571765e-08;1.5445487506600572e-08;1.7491487614278948e-08;3.820492879782789e-08;8.144591421266962e-08;1.302356229007585e-07;1.6250618724392477e-07;1.6771166786251154e-07;1.490717395789846e-07;1.1721596704861957e-07;9.744113531925912e-08;9.263547057211533e-08;8.941637825235293e-08;8.029135784351822e-08;6.41899468728967e-08;4.61958109076603e-08;3.331363600195969e-08;3.1244011387477854e-08;4.512276962535765e-08;9.03627142108157e-08;1.6860211755501865e-07;2.44231344912026e-07;2.8690577452214974e-07;2.8651966292956624e-07;2.434615967106728e-07;1.6863467881814888e-07;1.3143040019315906e-07;1.080001508258966e-07;9.334040955715069e-08;7.759305460740825e-08;6.66477930824324e-08;8.196217884208155e-08;1.426657863894057e-07;2.18598039442272e-07;2.8040914436583986e-07;3.221618117145402e-07;3.597427159547394e-07;3.847955634244395e-07;5.068707108697357e-07;8.202076948451456e-07;1.5237221546727833e-06;3.007816237677261e-06;6.126559091296472e-06;1.1437768368728472e-05;1.9102965027778077e-05;2.852408682922352e-05;3.878548717526381e-05;4.89438816511844e-05;5.8547137127629896e-05;6.736120962868935e-05;7.50675554003737e-05;8.169661444512732e-05;8.638442275897256e-05;8.856052880109595e-05;8.81350132737229e-05;8.536686229321827e-05;8.069484667686102e-05;7.493426680018398e-05;6.89924302009538e-05;6.289806845056624e-05;5.736203392757796e-05;5.261350894855243e-05;4.874791690694613e-05;4.588714782608672e-05;4.3943624480247525e-05;4.218367584097688e-05;4.06135481362136e-05;3.9081864673261534e-05;3.765473613212841e-05;3.6415336455262085e-05;3.550374826644311e-05;3.499932788632281e-05;3.481758854685049e-05;3.476886024775549e-05;3.4642492064967993e-05;3.44566473572662e-05;3.421814179099846e-05;3.39940496370311e-05;3.3894198996892435e-05;3.382724753920356e-05;3.393175042296219e-05;3.395803524033736e-05;3.3786615304809936e-05;3.320971234096909e-05;3.2224027405018896e-05;3.1124985292169267e-05;3.0275486893734207e-05;2.989921154606003e-05;2.9986030109187117e-05;3.0260277006219796e-05;3.03848772814002e-05;3.0182832197089028e-05;2.9601519234453827e-05;2.873631171928492e-05;2.7749859218445143e-05;2.681733285088628e-05;2.605503297031797e-05;2.552476927055597e-05
506.0594216893951;1.2692527799304166e-07;9.87225738635756e-08;6.734353923203106e-08;4.193590612590201e-08;3.368024957641918e-08;5.036660553650254e-08;9.273881778554821e-08;1.434757853996009e-07;1.792967713086793e-07;1.915091985272472e-07;1.6875379679105916e-07;1.3207425422601713e-07;9.333096585418264e-08;6.102510879043635e-08;3.970738837076845e-08;2.8200405073218906e-08;2.4147750786053952e-08;2.3194307813888523e-08;2.407182148669564e-08;2.3859499021201025e-08;2.15673258593889e-08;2.063540621394533e-08;2.6356905503240537e-08;4.2559761004882435e-08;6.834199839109954e-08;1.0233758865122336e-07;1.3335364416955426e-07;1.5365075808435257e-07;1.6213858431652099e-07;1.612783228008922e-07;1.5049974816694788e-07;1.2960500154953206e-07;1.029779786935304e-07;7.806806956394185e-08;6.23805307652975e-08;5.748814792525519e-08;6.15374077742893e-08;8.936129805720398e-08;1.814734691402191e-07;3.366109591828063e-07;5.519450073103951e-07;8.367908752019253e-07;1.3761860230697064e-06;2.712721553730513e-06;5.542352660943104e-06;1.038809981431834e-05;1.732879468013995e-05;2.607552355263823e-05;3.6001110593490335e-05;4.63860578226308e-05;5.6784390201299945e-05;6.664490278855011e-05;7.605719444037311e-05;8.436696952948974e-05;9.042030269825443e-05;9.363802198446964e-05;9.340423765617706e-05;8.994771719287597e-05;8.419700560440127e-05;7.753444523938829e-05;7.091404870086094e-05;6.50651796715787e-05;5.997766392720239e-05;5.578236920859459e-05;5.231378660844741e-05;4.905570949542519e-05;4.60764897715952e-05;4.329789354197952e-05;4.078669600150934e-05;3.87229754440216e-05;3.715009032046833e-05;3.623586121943953e-05;3.582256615599424e-05;3.563239207100412e-05;3.5545349426909844e-05;3.5552599235009406e-05;3.528724005457349e-05;3.487913364556651e-05;3.442787362915079e-05;3.4189051140660806e-05;3.408386018430049e-05;3.403777157140951e-05;3.3992337596086776e-05;3.372974298567684e-05;3.32647233813496e-05;3.251824387719219e-05;3.159368672627716e-05;3.064598232880265e-05;2.9836693530999855e-05;2.9297712030125603e-05;2.9165919388492637e-05;2.931038002533006e-05;2.957990774449355e-05;2.9883542634729863e-05;3.009607113554128e-05;2.994826293452041e-05;2.955680367446868e-05;2.9079471591497472e-05;2.857802122520037e-05;2.81407308593422e-05
508.08101961321154;1.3816459645716198e-07;1.216148678380223e-07;9.489401379625557e-08;6.343603311108256e-08;4.0337820584629237e-08;3.6430634782708206e-08;4.9280528691677613e-08;7.120706573603462e-08;1.015568103462743e-07;1.3101730524238976e-07;1.433447042361133e-07;1.351726230211209e-07;1.1618845886261429e-07;8.716424083068928e-08;5.766172230432334e-08;3.7657514100014384e-08;2.9179796307256303e-08;2.7948121822350095e-08;3.076168324312022e-08;3.2757114221836794e-08;3.0854325023023825e-08;2.7458773505987408e-08;2.2524769352175584e-08;1.812436013936193e-08;2.0960495854904867e-08;3.4846532893984464e-08;5.624363303650634e-08;8.718415820943984e-08;9.87478535258655e-08;1.0154838246796013e-07;9.559360729981781e-08;8.258249277716672e-08;6.823653016498152e-08;5.7091741292240686e-08;6.219823269833726e-08;8.258487407347635e-08;9.75885008776066e-08;1.0386058916897408e-07;1.1669679644965257e-07;1.8740952483875185e-07;3.411774217797323e-07;6.672126630306819e-07;1.3434976766544526e-06;2.8966220539694807e-06;5.712907039953191e-06;1.0171716503430153e-05;1.6283837430164445e-05;2.4342959125397975e-05;3.4099583691422134e-05;4.510551708873427e-05;5.660303989425412e-05;6.750453056990596e-05;7.717941735090964e-05;8.505072591776844e-05;9.009514575324278e-05;9.216912975072022e-05;9.141731175084226e-05;8.80083806747727e-05;8.280874136263179e-05;7.695417187259776e-05;7.128103656232394e-05;6.633681630719221e-05;6.256334322768455e-05;5.93504412656012e-05;5.653271268306985e-05;5.3672153808197214e-05;5.037705986352211e-05;4.683551583270611e-05;4.325565024985137e-05;3.993460619364131e-05;3.7518065309901566e-05;3.6303022475331486e-05;3.599910504360123e-05;3.625430329191272e-05;3.669255342817259e-05;3.704096980289134e-05;3.70457440614082e-05;3.6573387842956377e-05;3.570383344574795e-05;3.485075117289638e-05;3.4269346939105306e-05;3.405193425995757e-05;3.403731349867447e-05;3.409722610135381e-05;3.389299479705426e-05;3.344059123010833e-05;3.265842314631073e-05;3.1753071850679085e-05;3.0878844324324925e-05;3.014307420451166e-05;2.959826629724541e-05;2.925349455152016e-05;2.909406844736687e-05;2.910454248767737e-05;2.9246160726163028e-05;2.943840531981648e-05;2.9600839372144863e-05;2.969647911681047e-05;2.972035913444629e-05;2.9691305065695728e-05
510.1019504002143;6.34683826087248e-08;6.03503069288974e-08;5.0872917684370327e-08;3.6280161573945865e-08;2.2351584263418277e-08;1.3674130587691777e-08;9.335962778009612e-09;1.6363210211405265e-08;3.433097750046468e-08;5.6940557961895394e-08;7.757479842385912e-08;8.23680384288035e-08;7.05725171593392e-08;5.067769766843469e-08;3.609207787136521e-08;3.268283151196128e-08;3.4470039247658616e-08;3.540687295988556e-08;3.5326908636520014e-08;3.036597584848201e-08;2.2917635295505423e-08;1.714157975783031e-08;1.2510843009158989e-08;9.330942479912935e-09;1.3007365721229275e-08;2.318439943367669e-08;3.61513846930338e-08;4.334069314776472e-08;4.3748721832042784e-08;3.8055804369617217e-08;2.8377406397944672e-08;1.9628199453032163e-08;1.6294594696252822e-08;2.104742133338078e-08;3.461229529208985e-08;5.005157015471253e-08;5.915116299914173e-08;6.234061410551507e-08;6.677339616058517e-08;9.002802015747893e-08;1.7702627828797594e-07;4.542839111437824e-07;1.1257237825071571e-06;2.539885195901245e-06;5.226749108355866e-06;9.56425364986089e-06;1.5975337414556516e-05;2.444211696289527e-05;3.468338411674134e-05;4.6059027672979685e-05;5.7611510594958046e-05;6.836480434211707e-05;7.702141162455587e-05;8.330029788380049e-05;8.69652302444189e-05;8.779477315245924e-05;8.661427754615901e-05;8.389209756088313e-05;8.025627623764461e-05;7.594622696307414e-05;7.200516437875219e-05;6.820351380558788e-05;6.474417803195535e-05;6.148618083434695e-05;5.817136626561645e-05;5.502205968323697e-05;5.141943872014681e-05;4.773032184618106e-05;4.418643498473607e-05;4.121690813342044e-05;3.91357025680859e-05;3.7942426272215805e-05;3.747051754669673e-05;3.754003548499107e-05;3.7665241058372536e-05;3.755838118026379e-05;3.743027883165343e-05;3.684307760431664e-05;3.594693016039234e-05;3.496749321365587e-05;3.420990315507707e-05;3.394834759500758e-05;3.392574008762457e-05;3.4042824641799484e-05;3.3866832361386295e-05;3.32612928197386e-05;3.236653941261272e-05;3.144105046938539e-05;3.0754016424843565e-05;3.042037182644633e-05;3.041556230627344e-05;3.05501979090696e-05;3.056740745188551e-05;3.033209006757848e-05;2.9926008665796472e-05;2.9649088444991087e-05;2.9487035179077225e-05;2.941589300480163e-05;2.945139894393975e-05;2.9546329609722896e-05
512.1222140327227;1.3248408705277254e-08;2.623153560780596e-08;4.1228776904452695e-08;5.437397416723784e-08;5.543190674774641e-08;4.1842612025203546e-08;2.6393567364991492e-08;1.6377726779813347e-08;1.6023986363069553e-08;2.113771822042673e-08;3.3593213815698525e-08;4.4137337808067326e-08;5.350739725857292e-08;6.129786936301504e-08;6.901676121962395e-08;7.313808216534616e-08;6.891765391041092e-08;5.767259027781736e-08;4.2473295518192043e-08;2.697995617801533e-08;1.560705002873079e-08;9.558734755715696e-09;7.450303951194466e-09;1.0574003811294477e-08;2.3952624954512225e-08;4.699912432263851e-08;7.27610290539373e-08;9.173451257461161e-08;9.497186985369916e-08;8.133766056260968e-08;5.8213930720369273e-08;2.916770707174887e-08;1.4647445556405792e-08;1.2089430750893376e-08;1.5459998148269213e-08;1.9756330869033077e-08;2.2839327576452357e-08;3.027828164591121e-08;5.6346227299410434e-08;1.1516261147731329e-07;2.0198752671975907e-07;3.736038459009302e-07;8.950144298146492e-07;2.147868811373644e-06;4.7835074042056285e-06;9.393051604530456e-06;1.633915470475139e-05;2.546347165606374e-05;3.612015514713943e-05;4.743425117635598e-05;5.852676386590732e-05;6.859741301164033e-05;7.668349760852215e-05;8.245136287306345e-05;8.574286189845607e-05;8.676530147414452e-05;8.59431388795973e-05;8.388020962724502e-05;8.108981848032592e-05;7.781947767669899e-05;7.412019175177996e-05;7.015805231445159e-05;6.550406732076024e-05;6.109690754214147e-05;5.660437280619216e-05;5.232046565299911e-05;4.854678195499764e-05;4.545678882983916e-05;4.3099036965961706e-05;4.161190132355993e-05;4.07865919608189e-05;4.0139384307203183e-05;3.9531584287326514e-05;3.893859234261971e-05;3.8275429058404686e-05;3.7517938762263766e-05;3.670971480801198e-05;3.5964039426854315e-05;3.5399463732996655e-05;3.511146946400889e-05;3.4894652751246774e-05;3.4815053325064875e-05;3.4624398815777785e-05;3.4195372905920255e-05;3.343029564966707e-05;3.231890987843756e-05;3.119900370618423e-05;3.025045101222245e-05;2.972491392546997e-05;2.9754739303277174e-05;3.0281626217620548e-05;3.107378049533059e-05;3.17755254208855e-05;3.199139992065318e-05;3.183429314276171e-05;3.141991094877602e-05;3.078833371894774e-05;3.025384116025684e-05;2.9909356422973686e-05;2.9718563452471904e-05
514.1418104932527;3.989857238447619e-08;7.11564346855219e-08;9.979912375014409e-08;1.1157467587362669e-07;1.0265140627487839e-07;7.823402045042908e-08;4.8244001148825795e-08;2.4257809350736977e-08;1.3505816863362086e-08;1.5780199656169303e-08;3.0460077695814886e-08;5.431004683170789e-08;8.267469746077604e-08;1.089269249169806e-07;1.245043222841164e-07;1.2160405776115977e-07;1.0319175725721477e-07;7.88279586830366e-08;5.952503184067082e-08;5.319173405618301e-08;5.707059785884167e-08;6.142783073766419e-08;5.9026033256384686e-08;5.1296469253042926e-08;5.0896541380015586e-08;6.659682226533729e-08;9.726623647414616e-08;1.271662790876745e-07;1.392493239291937e-07;1.2693874527197338e-07;9.782610694678872e-08;6.376742973890052e-08;3.586201068918728e-08;2.0806763674983317e-08;1.6698419262035396e-08;1.9161174683608966e-08;2.7160641159951557e-08;4.3236312084702035e-08;7.071295669213139e-08;1.131751226010497e-07;1.61269502650161e-07;2.78862861396588e-07;8.532869368018086e-07;2.3470119881634367e-06;5.240214017098174e-06;9.929280582996506e-06;1.6627819159200915e-05;2.5226138245449694e-05;3.494077762595533e-05;4.525557432760731e-05;5.55685364413499e-05;6.531174169391229e-05;7.389559118358598e-05;8.05176681005657e-05;8.475529415733477e-05;8.687331388310177e-05;8.687771274418739e-05;8.500692226160838e-05;8.197091637694769e-05;7.813350592080382e-05;7.320649313001529e-05;6.78235507251209e-05;6.240920267703874e-05;5.732674587379928e-05;5.285537087703021e-05;4.905467016298395e-05;4.631665471282613e-05;4.426862959343354e-05;4.2845474758004666e-05;4.18550292681542e-05;4.087338515597499e-05;3.990325945903344e-05;3.896862557886163e-05;3.809774486643772e-05;3.728239289759002e-05;3.650393850864786e-05;3.5645026710971795e-05;3.496063440646911e-05;3.454394860552563e-05;3.443775741810794e-05;3.460133974135258e-05;3.4716671659573544e-05;3.459230531237073e-05;3.393779043589815e-05;3.302241753788491e-05;3.187110919278602e-05;3.066231389782017e-05;2.9636990191191125e-05;2.902309033325892e-05;2.9001698242895973e-05;2.9551601765002177e-05;3.051380322653671e-05;3.152030525770782e-05;3.213541715272008e-05;3.210584164028667e-05;3.1375414919442456e-05;3.024717927877024e-05;2.9243126734523383e-05;2.8505483694335967e-05;2.8060963389821632e-05
516.1607397645348;2.0848700040379506e-07;2.0004597138375046e-07;1.737394697708454e-07;1.2822928952823533e-07;9.261952279122133e-08;6.477108653233474e-08;4.356160910401067e-08;2.855744922359592e-08;1.8914169184641285e-08;1.7531864620310733e-08;2.3751524692951292e-08;3.6242657176445614e-08;5.0994345711143366e-08;6.568080734337492e-08;7.45883627442585e-08;7.285667892360213e-08;6.259878996274517e-08;5.0601882837598033e-08;4.8144593881688425e-08;6.537789624241769e-08;9.11282147954904e-08;1.0730065420511613e-07;1.0509899727494375e-07;8.518463170335934e-08;5.980451502632247e-08;4.8233293903273424e-08;5.4690524922288996e-08;6.718140948503163e-08;7.398468478245153e-08;7.207890447998374e-08;7.766655980790085e-08;1.016007793818512e-07;1.2532299411601857e-07;1.3458213087300462e-07;1.271956187152355e-07;1.0290382599395656e-07;7.55398508800554e-08;6.678899500069836e-08;8.532321857472387e-08;1.033627569525058e-07;1.082367146559726e-07;2.1094856034648265e-07;8.609605989099219e-07;2.50603903426324e-06;5.4990696482740325e-06;9.962531938283078e-06;1.5875316493485675e-05;2.295673568568104e-05;3.09492993352553e-05;3.97354535532751e-05;4.897952596030762e-05;5.84290143135688e-05;6.759074899115525e-05;7.551378905738897e-05;8.142581061831134e-05;8.491052924857015e-05;8.549290986791276e-05;8.347289344325902e-05;7.949482231214856e-05;7.41636489626475e-05;6.816977644831903e-05;6.228828213454789e-05;5.693674100511409e-05;5.219916602056438e-05;4.871421223929344e-05;4.637414782981847e-05;4.48097205977004e-05;4.384761098456866e-05;4.289192452585269e-05;4.16971184397982e-05;4.022187809298135e-05;3.883755399996881e-05;3.778090660449686e-05;3.699738190472335e-05;3.64295126211813e-05;3.59358914760916e-05;3.5450256849118954e-05;3.485773776209707e-05;3.4208146830825454e-05;3.348066932257503e-05;3.2805353968704914e-05;3.24090689979294e-05;3.226924011482964e-05;3.226493778760652e-05;3.227685158028501e-05;3.19190563436068e-05;3.127182469486859e-05;3.040771556959385e-05;2.9621536417751157e-05;2.9254462333229177e-05;2.961032421896854e-05;3.0505173452062683e-05;3.150422303271427e-05;3.20776472140927e-05;3.159934899328333e-05;3.01723879866936e-05;2.84238537237007e-05;2.6846925308629797e-05;2.5795574853544824e-05;2.5279746188435443e-05
518.1790018295069;4.305894252298297e-07;3.452880373924953e-07;2.42937515084844e-07;1.560164535363319e-07;9.821903230781877e-08;7.742114894512034e-08;7.686507070277508e-08;8.330778991432702e-08;7.09534657736231e-08;5.125497290129632e-08;3.491880976583452e-08;2.3548967557915566e-08;2.159882300223605e-08;2.3979510576347462e-08;2.6242730318031995e-08;2.598134701225971e-08;2.3643138950592032e-08;2.1253110940685063e-08;2.1885194506721936e-08;3.254916655284852e-08;4.7182698723794e-08;5.589868483738346e-08;5.4788187251530494e-08;4.438008913151226e-08;2.9222268813293208e-08;1.7628599371263692e-08;1.1047195048838784e-08;8.942490101321812e-09;8.188915825039211e-09;1.2611993277762517e-08;4.4127868971841334e-08;1.1933208605672042e-07;1.981024476521593e-07;2.403152654731472e-07;2.3502360332264162e-07;1.8408411983536454e-07;1.1260714630212307e-07;6.797571265162324e-08;6.145787665169478e-08;6.208032139092283e-08;6.391685045834782e-08;1.8452133167886932e-07;7.920299770264492e-07;2.2670437369340494e-06;4.889031711111535e-06;8.780242257590679e-06;1.3780440314766803e-05;1.967072887697824e-05;2.648022401210079e-05;3.416876848128851e-05;4.2837032247575416e-05;5.1896140707426666e-05;6.066359396250898e-05;6.83431280162339e-05;7.427310323801609e-05;7.812112247022302e-05;7.92360508510595e-05;7.79022433460679e-05;7.439754913612074e-05;6.953713263942686e-05;6.403721509100841e-05;5.860451975014299e-05;5.37086150190776e-05;4.9659953459055774e-05;4.670360573923525e-05;4.4830617324179184e-05;4.384276867249453e-05;4.344910485413038e-05;4.300060421002138e-05;4.207533669419798e-05;4.090095972368472e-05;3.959732552169044e-05;3.8392299623127423e-05;3.743756459724652e-05;3.677441826167182e-05;3.6326790976214096e-05;3.59292326428805e-05;3.5378762833206486e-05;3.450868407803368e-05;3.33089413549661e-05;3.192330414157119e-05;3.084356663287377e-05;3.053213085919814e-05;3.109987617160597e-05;3.210624535984538e-05;3.3050473031707124e-05;3.3276316683105166e-05;3.265893093601995e-05;3.1536446396061186e-05;3.054240243925103e-05;3.0212414196492383e-05;3.06377940742784e-05;3.134292613007969e-05;3.166563089932669e-05;3.114517466102978e-05;2.9790372607334653e-05;2.809458024262444e-05;2.657788831844099e-05;2.5611341520257945e-05;2.5186343880478816e-05
520.196596671296;3.678327119815304e-07;3.4311120030667973e-07;2.87583684414141e-07;2.4591149615695704e-07;2.0966931582675045e-07;1.8687675533139534e-07;1.622377281226421e-07;1.4069539942473138e-07;1.191624316947436e-07;1.080307004908024e-07;1.239916168663539e-07;1.571626031029735e-07;1.8272216374249889e-07;1.8609833109813042e-07;1.599080580997257e-07;1.124312498078997e-07;6.850702257813991e-08;4.1771077088836834e-08;2.4468456666430056e-08;1.7857782486889785e-08;1.870572188071733e-08;3.1804351944270524e-08;6.607971645106034e-08;9.546604514630917e-08;1.1170837395424177e-07;1.101702039115954e-07;9.080321199306707e-08;6.023835499480674e-08;3.3066587990537254e-08;1.6955882604576832e-08;2.8806981183011092e-08;6.737713223963982e-08;1.0555819290746641e-07;1.2572527404649516e-07;1.2245704599523182e-07;9.804201588746485e-08;7.003315693853213e-08;6.291930878955742e-08;7.661551412703375e-08;8.91805459674273e-08;1.0491453413571261e-07;2.003672295514157e-07;6.381013883654993e-07;1.7339398114176892e-06;3.779610440832912e-06;6.995789376306784e-06;1.145046839213759e-05;1.7096808374768586e-05;2.37707116518846e-05;3.123807663101185e-05;3.9137452500957983e-05;4.704646718809882e-05;5.441372287101566e-05;6.0753340157786486e-05;6.567018588593372e-05;6.90014428121671e-05;7.051449443764356e-05;7.020512556872992e-05;6.819423351596911e-05;6.475652806924445e-05;6.0485581540462136e-05;5.609638282622223e-05;5.210074613019721e-05;4.882645082543687e-05;4.643527520229307e-05;4.47967474763828e-05;4.387234260813995e-05;4.322877876386544e-05;4.2620302403401455e-05;4.186205746690745e-05;4.0920936310512265e-05;3.986307782177717e-05;3.874427224727203e-05;3.768114193388551e-05;3.675316051941976e-05;3.584649906639518e-05;3.485910331615694e-05;3.416869606485695e-05;3.36403581731589e-05;3.3129701507507344e-05;3.2618790713824595e-05;3.2065707191794e-05;3.172913271229831e-05;3.181912519460482e-05;3.2379433074615594e-05;3.321650079481204e-05;3.3714504798751915e-05;3.354767534561153e-05;3.265368224009598e-05;3.146334722271959e-05;3.048289188470824e-05;3.0097408891356222e-05;3.0251139721088376e-05;3.064969677140468e-05;3.07369595012677e-05;3.0506233837859692e-05;2.9909285147178548e-05;2.915398362716508e-05;2.8497551175945344e-05;2.8076014898851616e-05
522.2135242732584;2.0300673863562082e-07;2.824350503788695e-07;3.78906026967688e-07;4.354523110410369e-07;4.361074053975769e-07;3.681059009049158e-07;2.549010734673072e-07;1.4770580988775054e-07;1.0026528739734717e-07;1.1808404747543593e-07;1.957407402930999e-07;2.9534383634743205e-07;3.803898085886568e-07;4.2135119078628774e-07;3.8882380241641493e-07;2.9571786544568305e-07;1.926058232511427e-07;1.1219163927818685e-07;6.26882525120057e-08;4.49134340379351e-08;5.0157199595266066e-08;8.27333647802086e-08;1.5045045742814973e-07;2.277388245962228e-07;2.795526901038284e-07;2.8581256088768345e-07;2.429884735357633e-07;1.6719416626792457e-07;9.355841217319133e-08;4.9573514233072837e-08;3.1619163596758464e-08;2.478190354239508e-08;2.0793036553468263e-08;1.7429724799999305e-08;1.481946688336594e-08;1.6899593381515715e-08;3.74171744710107e-08;8.292208966772966e-08;1.3349860095247534e-07;1.726992195429383e-07;2.140144967254742e-07;3.192182597181266e-07;6.69507234732e-07;1.5886515089605337e-06;3.461669327731361e-06;6.575525968360911e-06;1.103013506063844e-05;1.6744684782340632e-05;2.332039903592886e-05;3.0265143473529043e-05;3.7054477941330895e-05;4.331134665990405e-05;4.909907107040736e-05;5.445724737743695e-05;5.914508674804992e-05;6.276103972794163e-05;6.483960278595271e-05;6.517403427201834e-05;6.379824500337032e-05;6.101971549556387e-05;5.739773484760155e-05;5.357568442628846e-05;5.005723468256304e-05;4.721260076163272e-05;4.518634105722365e-05;4.387921600256325e-05;4.298531645842761e-05;4.195523555013535e-05;4.0693953372657456e-05;3.926696522834395e-05;3.797148576677561e-05;3.709097910718212e-05;3.667812116546448e-05;3.6420148793073166e-05;3.590121008169257e-05;3.4909251817137266e-05;3.363476495482565e-05;3.268296487856123e-05;3.238394618675011e-05;3.278327919133539e-05;3.3387003015106215e-05;3.364142700905317e-05;3.344599226594915e-05;3.2910956461428405e-05;3.2294953238563e-05;3.20737397016061e-05;3.210722199210804e-05;3.19757916590945e-05;3.155930886922139e-05;3.075881038807572e-05;2.979398358054648e-05;2.9134294045157664e-05;2.908851137306755e-05;2.9692525673442363e-05;3.0540304700698465e-05;3.116658795689764e-05;3.1283568264577496e-05;3.081520953326928e-05;3.0205379006703588e-05;2.9648435787362527e-05
524.2297846189322;1.5341161602586156e-07;2.419705176587256e-07;3.849567242242266e-07;4.807467442344335e-07;4.882102357083257e-07;4.0799450953580206e-07;2.726882805910392e-07;1.3997120190383772e-07;6.989728349605365e-08;7.153559723177718e-08;1.1549554376984221e-07;1.7965518276744184e-07;2.621489563820984e-07;3.3415372472933975e-07;3.495654033976045e-07;3.0536048632350294e-07;2.2883615558064098e-07;1.5235683310440686e-07;1.0187136255473462e-07;9.263688880745618e-08;1.0333041307510549e-07;1.2425480517911566e-07;1.613726953920154e-07;2.049111511749211e-07;2.4825898274726135e-07;2.599260070937305e-07;2.309238251355894e-07;1.7412122358670792e-07;1.1954817388433064e-07;9.56474416469372e-08;8.481622335281676e-08;8.055213090182624e-08;5.888080847587349e-08;3.8675014447647435e-08;2.787260579432301e-08;3.008832386590405e-08;5.5231858116859136e-08;1.0764975854609116e-07;1.5034270938489126e-07;1.7998362906345877e-07;2.1959880969405697e-07;3.482498199247756e-07;7.435318265520488e-07;1.7190774782639215e-06;3.641848877871617e-06;6.8096633263765285e-06;1.1246192984131585e-05;1.6746403236915726e-05;2.2876446395778156e-05;2.914932474494925e-05;3.522975660120191e-05;4.094806877875495e-05;4.628617663255396e-05;5.1235599042425216e-05;5.566480152194383e-05;5.931327446319162e-05;6.162554983667849e-05;6.220804124901181e-05;6.099393425953605e-05;5.849197718743245e-05;5.5187465377391854e-05;5.169479717387759e-05;4.8432053158394665e-05;4.577408070389593e-05;4.383537055770875e-05;4.261468694112789e-05;4.1736056328664126e-05;4.061034367813872e-05;3.9070234166784965e-05;3.717597406293107e-05;3.537564707928628e-05;3.419186356883631e-05;3.388881217748649e-05;3.416494290354793e-05;3.438967210593372e-05;3.4203965834707755e-05;3.367960189733465e-05;3.307743898502112e-05;3.279468391641395e-05;3.30047790539257e-05;3.3467702736995124e-05;3.389231230469545e-05;3.370619599876261e-05;3.3000336476419266e-05;3.206283916235675e-05;3.13461974030156e-05;3.0923520797504184e-05;3.059859000591663e-05;3.0224075927587043e-05;2.963059380341502e-05;2.88768025665924e-05;2.830270100425587e-05;2.8182050749767834e-05;2.853621217136673e-05;2.918254734300021e-05;2.9375951884747862e-05;2.913242112571757e-05;2.866306955776083e-05;2.8079150062467884e-05;2.7590779684591943e-05
526.2453776920775;1.1506605825606967e-07;1.849501611716348e-07;2.6113895045504386e-07;3.132442053530776e-07;3.137891029098484e-07;2.695343254099291e-07;1.9814517450422257e-07;1.2122555940500056e-07;6.513348305592953e-08;4.2704129707945036e-08;3.4834921014995956e-08;3.844453737671047e-08;6.15709559230958e-08;9.339315723540535e-08;1.1252481198186769e-07;1.1375172974353442e-07;1.0001141901383049e-07;8.521105476818407e-08;8.90961113500305e-08;1.0957953640098608e-07;1.2514020987976813e-07;1.244313134382122e-07;1.0968867843071659e-07;9.475294855440561e-08;9.07282585893946e-08;8.901359817542268e-08;8.268460011746193e-08;7.53348241198398e-08;7.990482390152933e-08;1.0112956495124783e-07;1.218673854878897e-07;1.2506998113179028e-07;1.0677015108433473e-07;7.495690991566882e-08;5.08066250723475e-08;5.562487691206226e-08;8.642542108678555e-08;1.2127406444821778e-07;1.4027759105718256e-07;1.472701638827287e-07;1.6331956879052789e-07;2.568443862811527e-07;5.961564863594246e-07;1.4120924274115125e-06;3.085695074393464e-06;5.920516752949254e-06;9.97537062245128e-06;1.5095202947542588e-05;2.1111175195919704e-05;2.753158319431048e-05;3.383605707445472e-05;4.002268566168582e-05;4.55905780006607e-05;5.012621061151243e-05;5.366958709023808e-05;5.618086406375964e-05;5.7680550603318056e-05;5.811560226503588e-05;5.742979358545192e-05;5.5734636988164464e-05;5.3467507950590736e-05;5.066804908782409e-05;4.776450691155546e-05;4.523215051219513e-05;4.328814430795983e-05;4.19956591762002e-05;4.11313079069148e-05;4.033689865421818e-05;3.909740599488537e-05;3.745832644802676e-05;3.572304015590629e-05;3.4281308992890884e-05;3.342390007581376e-05;3.317779430110705e-05;3.336216401154176e-05;3.3686960196436144e-05;3.3986716471638985e-05;3.420673295673044e-05;3.4380047754521345e-05;3.450876379078537e-05;3.451306687519819e-05;3.425462233744342e-05;3.3484656377579005e-05;3.24213438868564e-05;3.1419522523384626e-05;3.052249645807775e-05;3.0214933247615165e-05;3.0262687710884024e-05;3.012159295546984e-05;2.961358078542379e-05;2.869249606809616e-05;2.7655419029581208e-05;2.6911189300072552e-05;2.6682050387763555e-05;2.6808252852275916e-05;2.7030965289147087e-05;2.7106656361989087e-05;2.698149155105941e-05;2.6625176344009097e-05;2.636524064921311e-05
528.2603034766471;1.149203697184055e-07;1.5883950332103765e-07;2.244260334577695e-07;2.909069472302647e-07;3.323134351093571e-07;3.298504929430412e-07;2.810127599784251e-07;2.056441768798626e-07;1.3317657340336962e-07;7.592517614470068e-08;4.4645417421359456e-08;3.2106341535626845e-08;2.5849371085067848e-08;2.1439780937339605e-08;1.7719118967167752e-08;1.5585279871834403e-08;1.612943933099325e-08;2.098264782763553e-08;3.8847636721990074e-08;5.406410766449895e-08;6.188405420161492e-08;6.13632674687372e-08;5.0520214087701607e-08;5.6394281859920516e-08;7.655530155441396e-08;9.827861910881513e-08;1.0586441151962641e-07;9.772283226430757e-08;8.015239121622933e-08;7.46218623382844e-08;7.627576572454933e-08;1.0303138376401385e-07;1.4521847413771596e-07;1.8695579091424385e-07;2.0721036601913386e-07;2.086809796485438e-07;1.8758852653635495e-07;1.4687321547209922e-07;1.1619569055073545e-07;1.0228925061304117e-07;1.2104500194028938e-07;1.930938230085275e-07;4.0829690197594745e-07;1.056852762716552e-06;2.583158700700923e-06;5.307364310055791e-06;9.298466862336244e-06;1.4403803911420967e-05;2.0261703871329875e-05;2.665174603015387e-05;3.3321581556843225e-05;3.984152788810477e-05;4.552235868058118e-05;4.992588869346716e-05;5.286938322210795e-05;5.445631782744908e-05;5.51171181690386e-05;5.545263340588281e-05;5.5524684278791344e-05;5.496226039014748e-05;5.3453756473425816e-05;5.099163555314181e-05;4.7925902610811776e-05;4.4968951942386856e-05;4.275087774330094e-05;4.1456972075717e-05;4.080666980024522e-05;4.028732378746428e-05;3.936875192067117e-05;3.793446093312242e-05;3.62164246311281e-05;3.461373143287364e-05;3.345851479431881e-05;3.2886369575466486e-05;3.278286891282284e-05;3.2946688488582124e-05;3.327955103176635e-05;3.3513801691775725e-05;3.3748710377938984e-05;3.3951284636311985e-05;3.397792255126451e-05;3.3501715387106775e-05;3.272172987725739e-05;3.16976954464625e-05;3.0748460855082934e-05;3.0105205821706298e-05;3.005559724239806e-05;3.0378682048175773e-05;3.049473635317421e-05;2.9992867739208653e-05;2.8768677004106397e-05;2.713728312425647e-05;2.577876442782657e-05;2.517177743662915e-05;2.5402602881991524e-05;2.622892331678553e-05;2.707637786787177e-05;2.7613805883646167e-05;2.787908119364309e-05;2.796985582854766e-05
530.2745619567977;2.4918639848321184e-07;2.679207417884796e-07;3.302665465968969e-07;4.139585977918304e-07;4.809343941820742e-07;4.936877522257071e-07;4.34800014510737e-07;3.308628550508412e-07;2.34174096011111e-07;1.6038317437822825e-07;1.178266247265877e-07;1.03103946410808e-07;9.802895424341615e-08;9.344646586827401e-08;8.508078028179976e-08;6.91857379566333e-08;5.29346244615814e-08;3.738493846619743e-08;2.4820102475992957e-08;1.7815911937048237e-08;1.4134101574807381e-08;1.6268151373350486e-08;3.125085639634194e-08;6.928539742312435e-08;1.3508425655924836e-07;2.0338167511611318e-07;2.445245925140612e-07;2.3392319567675846e-07;1.8201065953252253e-07;1.1318294608039881e-07;7.068591966132714e-08;9.22971041695915e-08;1.7647396087101167e-07;2.838910167768723e-07;3.5396004903264306e-07;3.517019360464487e-07;2.785417751259331e-07;1.7392780910418285e-07;9.137441544334279e-08;5.7392226574124544e-08;7.018929677702866e-08;1.2487233005174078e-07;3.164840505378199e-07;1.006435307903784e-06;2.674056083069237e-06;5.639889657771621e-06;9.81606829616344e-06;1.4922591652992733e-05;2.049440988844921e-05;2.648177713595566e-05;3.2823915808086695e-05;3.933557011175033e-05;4.53855669315668e-05;5.026350409149811e-05;5.360695927579153e-05;5.555532931329929e-05;5.632328430305287e-05;5.6456359702205646e-05;5.6270285168627686e-05;5.558899174191645e-05;5.384701764051515e-05;5.147050422832434e-05;4.862499022685116e-05;4.579297653568984e-05;4.3623484064083846e-05;4.219436638330578e-05;4.119313497126508e-05;4.018579180831239e-05;3.886955642318473e-05;3.722444354867166e-05;3.546480586133545e-05;3.395008626426084e-05;3.296002717691536e-05;3.2544101204837946e-05;3.247665329352249e-05;3.24409769069264e-05;3.226543762990766e-05;3.1931680705050096e-05;3.159618756646293e-05;3.140403554518796e-05;3.133932013142381e-05;3.13078271010215e-05;3.118618051743946e-05;3.083768703730855e-05;3.0494033448471785e-05;3.038763486231245e-05;3.050714852147804e-05;3.070149993046805e-05;3.064947670164644e-05;2.9962100966460756e-05;2.8604144958725788e-05;2.6890490891946275e-05;2.5464971243279756e-05;2.4943717222804813e-05;2.5631450814116817e-05;2.698071332492704e-05;2.8398002212453255e-05;2.941393285499023e-05;2.994086174651749e-05;3.0036923011456425e-05
532.2881531168969;3.051178112568587e-07;3.118240806729981e-07;3.333225353677984e-07;3.644138233858765e-07;4.002179251412972e-07;4.1756969678341067e-07;3.961052865494332e-07;3.396520792673364e-07;2.706531587729214e-07;2.1926325404476174e-07;1.8262359904060185e-07;1.640721453473104e-07;1.58229095529861e-07;1.5426507898599532e-07;1.4278859717073446e-07;1.202237615690882e-07;9.300312400253063e-08;6.858761260305719e-08;5.0495634348927e-08;4.0199515704955555e-08;3.4746290041916225e-08;3.482620382099717e-08;4.537961107739134e-08;8.56925623152592e-08;1.545264815041487e-07;2.3365997625999854e-07;2.8825259922245664e-07;2.953578616633972e-07;2.574162170925042e-07;1.8048237947410624e-07;1.143442197846988e-07;8.657139287047594e-08;1.1110943691933969e-07;1.5756816487466473e-07;1.9054415533170014e-07;1.8950693709664597e-07;1.5316451314859606e-07;9.984053463421437e-08;4.9462857200047e-08;2.9551319169957065e-08;4.1443121422516086e-08;1.1399244273830358e-07;3.666580641045971e-07;1.1235915833731222e-06;2.829143536746e-06;5.714206970345246e-06;9.79643612085196e-06;1.4847777399075085e-05;2.0483373835494177e-05;2.6408258367693077e-05;3.2499400280224604e-05;3.8656516011659146e-05;4.452424979766176e-05;4.975119659614367e-05;5.401800361386683e-05;5.702614329353431e-05;5.85508044827544e-05;5.857819843744517e-05;5.740912122705141e-05;5.537310780930221e-05;5.301018859985969e-05;5.057584445070822e-05;4.83483815261246e-05;4.645421651524271e-05;4.501405291683639e-05;4.39026018878912e-05;4.282710420442462e-05;4.160462126070777e-05;4.016668695182652e-05;3.854163864580044e-05;3.675454736433725e-05;3.531976502381519e-05;3.443571463345425e-05;3.409114247869002e-05;3.40369886043578e-05;3.39695531623053e-05;3.3536735124302006e-05;3.292688173019208e-05;3.231033994540447e-05;3.186546843109868e-05;3.1649934283237866e-05;3.157124479050654e-05;3.147285113812314e-05;3.133111860609676e-05;3.114847927979243e-05;3.1027756400697346e-05;3.087839160663091e-05;3.06582484709671e-05;3.0248744948988813e-05;2.95024610991512e-05;2.8366877031758923e-05;2.704006560422972e-05;2.5957568802082704e-05;2.568011259370492e-05;2.6391099776273552e-05;2.779975904389633e-05;2.9177263448451116e-05;3.006373493440032e-05;3.038211064011211e-05;3.0329106518682964e-05
534.3010769415196;1.241500207797921e-07;1.3114359493455309e-07;1.402190273028573e-07;1.5449230143527862e-07;1.7562642802941068e-07;2.017966482837157e-07;2.1827952328044595e-07;2.154809168980302e-07;1.9101841795764603e-07;1.5361112973677517e-07;1.2223926997240254e-07;1.1236303911993913e-07;1.2765488906677238e-07;1.4089144545509417e-07;1.384532801777617e-07;1.2392697020094016e-07;9.747645674287332e-08;7.537401322630345e-08;6.036748258506805e-08;5.294869718597301e-08;5.0582661884300304e-08;5.58008880640699e-08;8.352830193909717e-08;1.3632803427355137e-07;1.9699194625909013e-07;2.487437519651032e-07;2.72721801454079e-07;2.634201719069254e-07;2.157266051500839e-07;1.569633185646412e-07;9.905787601976729e-08;5.595050493272074e-08;3.3330362249902656e-08;2.5063833101652723e-08;2.1683231728258825e-08;1.9545341428501716e-08;1.7658490571672468e-08;1.643129685293061e-08;1.77243277560972e-08;2.561285256461865e-08;6.523256108917055e-08;2.1516935873237345e-07;5.995746406989727e-07;1.4214579717430512e-06;2.9598921338984576e-06;5.612974700327053e-06;9.598392712724802e-06;1.4811643117294547e-05;2.0824742808263215e-05;2.7144033553726495e-05;3.331526151802401e-05;3.917186487768304e-05;4.466271383989964e-05;4.966441611720051e-05;5.4078340976498406e-05;5.756754157408766e-05;5.959139503467108e-05;5.977860902674065e-05;5.818238367993855e-05;5.5224482221073685e-05;5.201074031214072e-05;4.923506347114369e-05;4.721630349107354e-05;4.587869927151185e-05;4.50565027013396e-05;4.444340208725869e-05;4.381010241373182e-05;4.302774637235171e-05;4.2037458268246055e-05;4.082581710160371e-05;3.964527680007923e-05;3.855921284997061e-05;3.770405517312314e-05;3.711383990467468e-05;3.65990655643393e-05;3.599971624071278e-05;3.52851125572873e-05;3.452484315480998e-05;3.385935609520641e-05;3.3395700159733795e-05;3.3134467975916785e-05;3.2915446386104423e-05;3.2581858037468054e-05;3.216509190894779e-05;3.1696854083609225e-05;3.1241355157120145e-05;3.079931351459992e-05;3.0461073023156195e-05;3.0177262945725963e-05;2.977697505071277e-05;2.913453849295945e-05;2.825818400987572e-05;2.739525383582514e-05;2.676915015383535e-05;2.6804382123150955e-05;2.7390451654379987e-05;2.823746785574286e-05;2.8985811033353447e-05;2.9432177501982055e-05;2.960453399117863e-05
536.3133334154227;7.38808272683352e-08;5.992334728866822e-08;4.700526975200887e-08;5.114023372869522e-08;5.838289756610479e-08;6.257181754320433e-08;6.618661664533425e-08;6.698555085066849e-08;6.504099275546813e-08;5.3885298985439386e-08;5.039872430374783e-08;6.497698921669514e-08;9.527426059992117e-08;1.263595646566216e-07;1.3928742703789674e-07;1.258688696474256e-07;9.394323111415593e-08;6.378484324372015e-08;4.3938510105745145e-08;3.69781650014013e-08;4.359669657653936e-08;7.067417850501504e-08;1.25649338799879e-07;1.8547731643408522e-07;2.2739166144329802e-07;2.399502549634122e-07;2.131648189828062e-07;1.601113191341463e-07;1.082327531933392e-07;7.180798652209851e-08;4.689774499800627e-08;3.09808588490415e-08;3.5396242207330305e-08;4.9431312298709896e-08;6.535924207444484e-08;6.254482270094033e-08;5.2882315085557284e-08;4.0979836000469535e-08;3.201101450197405e-08;3.936421139564519e-08;9.024732975846328e-08;2.9985978887729586e-07;8.360287495599756e-07;1.8391710392281256e-06;3.4854343987996264e-06;6.26895796782097e-06;1.0368897940726894e-05;1.5759614089472174e-05;2.2174228984049964e-05;2.8991217035201227e-05;3.5536061803424595e-05;4.156032753101563e-05;4.698634686446154e-05;5.1409795043571866e-05;5.50943058590323e-05;5.793691935234936e-05;5.919454168332598e-05;5.869950802245383e-05;5.667203287110536e-05;5.341278955223239e-05;4.989707309647363e-05;4.715662210785989e-05;4.546959861408898e-05;4.4659115457613793e-05;4.43445272907269e-05;4.393087600002956e-05;4.334874344833673e-05;4.267878025278292e-05;4.198509047468816e-05;4.130398411642913e-05;4.1037282246064825e-05;4.065149752987038e-05;4.000250654762233e-05;3.9046874507421805e-05;3.7810787124635536e-05;3.645649230056055e-05;3.5415518738082056e-05;3.451225581022868e-05;3.384704580137221e-05;3.342369731168644e-05;3.31465024688447e-05;3.288455206167355e-05;3.261321823034135e-05;3.220417921775223e-05;3.169290481738274e-05;3.119805478740059e-05;3.0823472212459835e-05;3.062822891924771e-05;3.061381441860107e-05;3.0555515661532085e-05;3.024858836192541e-05;2.970882474384329e-05;2.893604442903915e-05;2.812219946472022e-05;2.758702495488787e-05;2.751376758939138e-05;2.7984127499605026e-05;2.863027123702532e-05;2.9171417485581017e-05;2.950990235478698e-05
538.324922523585;1.468081334499236e-07;1.1515369967452636e-07;8.205384485809627e-08;5.79681628240759e-08;5.256913048182362e-08;6.454107711431166e-08;8.695006047639032e-08;1.0454175218184726e-07;1.1132561500799817e-07;1.078076804459122e-07;9.708057270141297e-08;8.698825025943133e-08;8.534364166742539e-08;8.91531394773942e-08;8.83878954081368e-08;7.410787066391482e-08;5.859384240452871e-08;5.1362150807049076e-08;5.726082497704944e-08;7.146714401141371e-08;8.95170170384601e-08;1.1664137767262335e-07;1.4918567268956158e-07;1.7756442496085034e-07;1.805806489724366e-07;1.644337018787155e-07;1.218468070634887e-07;7.496917582644307e-08;4.8966384545477895e-08;3.236148161712772e-08;2.7191179275347094e-08;2.960057685622403e-08;4.386061274338947e-08;7.535112419996945e-08;1.0990314387162901e-07;1.3097261217912908e-07;1.2947160308925993e-07;1.0628298110620776e-07;7.43420649793995e-08;5.939808639754965e-08;8.557802325481376e-08;2.742104293124827e-07;8.032413791244601e-07;1.8934149422108309e-06;3.785054715890857e-06;6.8726409521137256e-06;1.1291249041289992e-05;1.7079957748148307e-05;2.377427771202136e-05;3.078341360733033e-05;3.745327291392571e-05;4.3448625438859626e-05;4.851838064258117e-05;5.274035383468757e-05;5.59120015680389e-05;5.792472536136801e-05;5.844172371023541e-05;5.745881154025791e-05;5.513083991568074e-05;5.192724575170609e-05;4.867508450906124e-05;4.615790394786104e-05;4.463725508838543e-05;4.3963925023699605e-05;4.364654925097846e-05;4.328851053094316e-05;4.276471164569887e-05;4.220497546297814e-05;4.1806825074621125e-05;4.159259308841752e-05;4.136623276411454e-05;4.1074682110808144e-05;4.040232259589238e-05;3.926084916835371e-05;3.778889943921344e-05;3.6249791538704696e-05;3.488781331709827e-05;3.385577833488998e-05;3.320844357486597e-05;3.29018183960144e-05;3.2825016114309646e-05;3.2852652952997135e-05;3.282931883995767e-05;3.2667931147441e-05;3.238559395560146e-05;3.209304246861758e-05;3.1672699095241106e-05;3.119552296789857e-05;3.0740509900338404e-05;3.045229984890794e-05;3.0137768258065752e-05;2.979967473663348e-05;2.94575422243253e-05;2.9332841954246e-05;2.9179607199231047e-05;2.9308175201818895e-05;2.9557412510532428e-05;2.982723210438652e-05;3.002402498493968e-05;3.012766082986769e-05
540.3358442511781;1.2878968540292526e-07;1.2184952340127914e-07;1.16909613843841e-07;9.71551796879667e-08;8.598655124573716e-08;1.074322670336356e-07;1.5173803157316998e-07;1.9121218518933978e-07;2.074419984285073e-07;2.057092774545444e-07;2.0002241932384465e-07;2.0822360259033766e-07;2.3376620144872499e-07;2.5371840936205335e-07;2.496555299664985e-07;2.379289230016704e-07;2.452636233926175e-07;2.6228279425239016e-07;2.778279487111604e-07;2.792361519159432e-07;2.493776096803758e-07;1.9911853205563635e-07;1.562334386306868e-07;1.262626064656022e-07;1.0114899982132305e-07;7.900556847083068e-08;6.735670400076357e-08;5.974525550838382e-08;5.4227463526591435e-08;4.9761995942890886e-08;4.351636281738856e-08;3.671182329403505e-08;3.984880753683073e-08;6.31641044021816e-08;1.05947417322183e-07;1.798518859740534e-07;2.499268009447236e-07;2.803042445047418e-07;2.658336525126375e-07;2.209202706892652e-07;1.742670328304463e-07;2.444755453162083e-07;6.281140622452369e-07;1.5923247050073357e-06;3.469082995183757e-06;6.646867519393475e-06;1.1232501878650663e-05;1.7077383771254392e-05;2.374503378132192e-05;3.066064997622198e-05;3.731147133142903e-05;4.335697234400716e-05;4.854750528446396e-05;5.333692666540453e-05;5.702212814999297e-05;5.9236927491677766e-05;5.984401021944448e-05;5.8737804348907226e-05;5.6176385866759794e-05;5.290400498763199e-05;4.95986736217427e-05;4.716064931202893e-05;4.551424007205765e-05;4.436816488645454e-05;4.329608812956025e-05;4.207498666308424e-05;4.104290032305771e-05;4.033485289402251e-05;4.003433177845806e-05;3.9992601458215006e-05;3.964433102552689e-05;3.888820286734752e-05;3.767643550212996e-05;3.618463143850728e-05;3.471604372742567e-05;3.351495136021438e-05;3.2561072750853954e-05;3.198604038877588e-05;3.165962745179028e-05;3.149392241654277e-05;3.150338189529537e-05;3.1690087762460686e-05;3.195760986403374e-05;3.223773869593403e-05;3.237345801305592e-05;3.222624487471152e-05;3.171789109859682e-05;3.092109261510674e-05;3.0047753046177084e-05;2.935093847200658e-05;2.898864996789985e-05;2.898682335487163e-05;2.9273659003878227e-05;2.972974449972922e-05;3.0236621964656837e-05;3.070147286795348e-05;3.0971089181577364e-05;3.10095066463418e-05;3.0889481056870305e-05;3.071610312079093e-05
542.3460985835845;9.931259317727448e-08;1.2818969336437754e-07;1.397050576949866e-07;1.3059200382503613e-07;1.1405097980573253e-07;1.0808584314186753e-07;1.156153462765177e-07;1.2435635292765472e-07;1.2714447733250085e-07;1.4466909251552998e-07;2.076273875507003e-07;3.163019744363525e-07;4.50712276849785e-07;5.501913294550209e-07;5.693876808235747e-07;5.365092391859517e-07;5.04361435894206e-07;4.771321464674075e-07;4.448319630810961e-07;3.9032322062430177e-07;2.983281977197776e-07;1.90659653381509e-07;1.150929946058883e-07;7.658904455724757e-08;7.396524944635725e-08;8.3245116999453e-08;9.919010620300603e-08;1.0932287830554634e-07;1.0404718979031449e-07;8.730399375136703e-08;6.31587236884175e-08;4.0904966181924185e-08;3.2000960868530746e-08;4.7053694574838063e-08;1.0484150925713613e-07;2.190827840476905e-07;3.588390338790184e-07;4.654646887703273e-07;5.027175525986618e-07;4.633419845857184e-07;3.752514926800606e-07;3.5170046867269785e-07;5.912845555157769e-07;1.415549842655904e-06;3.285014582286324e-06;6.4269202008900265e-06;1.0822054953217594e-05;1.6228179625393357e-05;2.2406541368564867e-05;2.895454688242429e-05;3.571338747440065e-05;4.245811686886481e-05;4.884968700635347e-05;5.456132941608113e-05;5.896841926492228e-05;6.137870121679201e-05;6.135963702436477e-05;5.9310718017459874e-05;5.560399711900313e-05;5.1645582274474064e-05;4.856910942070584e-05;4.674775188933885e-05;4.5549949626079886e-05;4.425869029946563e-05;4.250959926088131e-05;4.055715887107618e-05;3.888656551778087e-05;3.7780508468500696e-05;3.7312038072758174e-05;3.723560961642594e-05;3.670478721776783e-05;3.5660144131704165e-05;3.416191945267331e-05;3.2564060035647544e-05;3.128872688590782e-05;3.056142939258734e-05;3.0302200488880582e-05;3.029607820377654e-05;3.030604921748427e-05;3.0276995742159407e-05;3.039350962397468e-05;3.070836849203299e-05;3.134396107347661e-05;3.1998126615548166e-05;3.223324709216737e-05;3.170517069600682e-05;3.05977351839749e-05;2.921944036069716e-05;2.811232664174441e-05;2.7501845422201812e-05;2.7622918090806125e-05;2.8167124394424435e-05;2.8766106573776363e-05;2.913436542918428e-05;2.9302165800631056e-05;2.9420451844108983e-05;2.9543037998710323e-05;2.9653570687936424e-05;2.9717196111804544e-05;2.9717809666489216e-05
544.3556855063798;5.1289915229636046e-08;7.037797891793655e-08;7.30998222989089e-08;6.959889336869942e-08;6.341877800292706e-08;5.575524878582261e-08;4.6747779642374324e-08;3.6573835414942215e-08;2.7894023487868785e-08;3.8167530446720495e-08;9.286040738654984e-08;2.046351937541037e-07;3.418751446063644e-07;4.373833754041653e-07;4.522424641849036e-07;4.003381300427567e-07;3.261511593465339e-07;2.659112649720292e-07;2.2983679514351967e-07;2.067174143875679e-07;1.7743620382712833e-07;1.3084661213349464e-07;9.84186296902298e-08;8.356444965981052e-08;8.983742364464018e-08;1.1388053325421989e-07;1.357154505469473e-07;1.4862403495132138e-07;1.3506017320790433e-07;1.0001123500069766e-07;6.431899794883745e-08;3.8398059748984436e-08;2.6059974897637413e-08;3.116770667690365e-08;6.514749764739363e-08;1.341005968213795e-07;2.2467793101473558e-07;3.134371756336889e-07;3.739288776250974e-07;3.919066765231166e-07;3.7423404436038884e-07;3.830380160848839e-07;5.58411191555224e-07;1.2777498922129523e-06;3.0117587600721338e-06;5.971117620410269e-06;1.0093312221291484e-05;1.517305435398339e-05;2.0912128582703183e-05;2.711494042246945e-05;3.362569397679784e-05;4.034103539523195e-05;4.7030092940957565e-05;5.274623320252351e-05;5.695596725893074e-05;5.909348327853804e-05;5.866964730607359e-05;5.607830110075073e-05;5.254199090467468e-05;4.952537039242253e-05;4.786856989255811e-05;4.705898800840181e-05;4.645090668480436e-05;4.526376681605235e-05;4.335327973360792e-05;4.121950348058296e-05;3.933361264647995e-05;3.806814723359333e-05;3.745099389002784e-05;3.705768747793354e-05;3.664988493622045e-05;3.598174960072376e-05;3.498591881413657e-05;3.379841185643939e-05;3.263495278621644e-05;3.169783420152546e-05;3.1020439821861505e-05;3.070841526326643e-05;3.064731030552708e-05;3.077457230342356e-05;3.115935508994996e-05;3.177546785951327e-05;3.2561172857827304e-05;3.314801408281776e-05;3.307687229557695e-05;3.21583308755032e-05;3.059194086125336e-05;2.898427093344965e-05;2.7995390587366634e-05;2.7885947968767996e-05;2.8445659608692e-05;2.9087861076030148e-05;2.944622724143932e-05;2.938967387059396e-05;2.9049726208002495e-05;2.870359855196608e-05;2.8588267985355757e-05;2.8709128487811545e-05;2.894166365014951e-05;2.913414109715096e-05
546.3646050053467;7.364432085220627e-09;4.6919070073372195e-09;2.867523953021379e-09;4.519921233148856e-09;8.313134438394182e-09;1.0596388802914196e-08;1.0615233626042247e-08;8.681996781077387e-09;5.441015039731905e-09;3.891627860634315e-09;1.0212774932641931e-08;4.5168493067146816e-08;8.58732317223928e-08;1.1378900858098725e-07;1.157357587319696e-07;9.129210627002704e-08;5.4440528160157664e-08;3.1869443967606874e-08;4.1293824896046624e-08;8.33467060938499e-08;1.3535558286204568e-07;1.676485546670623e-07;1.675745532004341e-07;1.402184538510042e-07;1.0495099149701729e-07;8.300614696681996e-08;7.87621900731999e-08;7.809621608896967e-08;6.900488957594726e-08;5.251900949240162e-08;3.6293480507782514e-08;2.4313020882084422e-08;1.7266912206247682e-08;1.4440617573909505e-08;1.5570340529331074e-08;2.2847113548620903e-08;3.8879596376822384e-08;6.454060706583901e-08;9.485504475741301e-08;1.2351498918681856e-07;1.555442751903297e-07;2.3168067666006362e-07;4.868622319707388e-07;1.176217401305318e-06;2.61196565120405e-06;5.144100021339855e-06;8.875786849426768e-06;1.369781326630217e-05;1.936241473497135e-05;2.56443176741161e-05;3.2189928064201253e-05;3.86709175889526e-05;4.474523391547371e-05;4.985131747073837e-05;5.339615065635512e-05;5.489884003344916e-05;5.429510002096469e-05;5.220380179308024e-05;5.028444066883318e-05;4.9084289365062015e-05;4.871023425229551e-05;4.871948587147809e-05;4.867600315675286e-05;4.808404446922221e-05;4.6789365821879634e-05;4.483651392625103e-05;4.25483782257986e-05;4.033600027536344e-05;3.863485077661196e-05;3.7705446443858016e-05;3.777352350586736e-05;3.80838945601738e-05;3.8110983775002406e-05;3.748342533294633e-05;3.620397741717872e-05;3.462096082931932e-05;3.319093522330379e-05;3.2119812318840755e-05;3.158191239717693e-05;3.161106069667856e-05;3.197154808942186e-05;3.243797992624559e-05;3.2933327166610594e-05;3.3254308062181705e-05;3.3069613290222864e-05;3.2377095690084686e-05;3.1308879918153374e-05;3.043468050588771e-05;2.991399861234191e-05;2.9849433520809188e-05;3.0135803758374644e-05;3.0546318606686825e-05;3.086863697461952e-05;3.100500463958079e-05;3.096454799673081e-05;3.084993907894043e-05;3.074353943017773e-05;3.067323257397782e-05;3.064157018015054e-05;3.0619347741850424e-05
548.3728570664643;1.2617736338721706e-07;1.2520801442465816e-07;1.0738446772067522e-07;7.616323775444096e-08;4.243252853840116e-08;2.099740843516237e-08;1.342485381264314e-08;1.1268396387331196e-08;1.0791525081587409e-08;1.1531421512322064e-08;1.2507829901312882e-08;1.2762209105107171e-08;1.1614338183957318e-08;9.265690851133274e-09;7.704164379047515e-09;9.9302333336007e-09;1.6251691365680604e-08;2.7007450853604708e-08;5.0363822089662464e-08;9.45609381476616e-08;1.477226455110896e-07;1.981868832988428e-07;2.096628055799876e-07;1.848238046919871e-07;1.3559256359048326e-07;8.330547889692769e-08;4.817218054855989e-08;3.1243327317377355e-08;3.499433177569238e-08;5.013133738025284e-08;6.432460180646561e-08;7.007093136997456e-08;6.400577127586308e-08;4.780903108162112e-08;3.0229263167131995e-08;1.9529586919886348e-08;1.5762493577864188e-08;1.6288745975636463e-08;2.3700299625848157e-08;5.0850851857689785e-08;1.1106805954635183e-07;2.454848149454327e-07;5.571895206131805e-07;1.1916443861038825e-06;2.3174975442431444e-06;4.286009746821484e-06;7.405071442570692e-06;1.1823065701014087e-05;1.7494048435739054e-05;2.4218350647226445e-05;3.1441829763623004e-05;3.849906975855176e-05;4.480521883155351e-05;4.959104554412765e-05;5.22861552434075e-05;5.295465924837892e-05;5.215760472348939e-05;5.086836212370479e-05;4.970204730719341e-05;4.894468882777545e-05;4.871664848728896e-05;4.890508476336894e-05;4.917095937678333e-05;4.922635659344796e-05;4.8713767385243857e-05;4.7307653500642976e-05;4.4818025236571706e-05;4.160528484264716e-05;3.86423865495369e-05;3.702539925643487e-05;3.67259136953233e-05;3.747948737645126e-05;3.825925241625592e-05;3.831285879346989e-05;3.745027146555442e-05;3.594614781443503e-05;3.4333822802845935e-05;3.3000718609182274e-05;3.216747811419749e-05;3.186899274016355e-05;3.198044761138882e-05;3.2297027831738656e-05;3.2554915658505704e-05;3.262401302645583e-05;3.2481265609527045e-05;3.218211329264672e-05;3.178894794119848e-05;3.130771339175743e-05;3.082341942700081e-05;3.0520998497383285e-05;3.042844917195921e-05;3.063418422672088e-05;3.098207930705944e-05;3.132425418847676e-05;3.141190465748327e-05;3.1496324223084725e-05;3.142190252315136e-05;3.1244315023751904e-05;3.105466688736707e-05;3.090621987730815e-05
550.3804416759231;2.519716564163828e-07;2.503539920750669e-07;2.162070693626453e-07;1.5975301508800732e-07;1.1130271009363189e-07;1.025258400989538e-07;1.2314936944327037e-07;1.3935211126190054e-07;1.143934700778414e-07;7.695155242133457e-08;4.577161417878965e-08;3.12975283416254e-08;2.4419294771557444e-08;1.904275065425165e-08;1.7047353163352885e-08;2.2809077175830763e-08;3.3930874516210486e-08;4.4661143754265265e-08;5.3240036667982786e-08;6.457141900196607e-08;8.7179593362315e-08;1.2640802888060173e-07;1.6987854468850932e-07;1.936224185822557e-07;1.9127227318376438e-07;1.6076702146037664e-07;1.1140899667862426e-07;7.22003955468943e-08;6.54277097882756e-08;8.74715112181106e-08;1.1437947499802646e-07;1.2724440077625106e-07;1.184854766877005e-07;9.00838348573234e-08;5.706764221991513e-08;3.3751321739048815e-08;2.169666589068705e-08;2.062307512517348e-08;4.04386929377382e-08;1.0419637363393272e-07;2.469999413055851e-07;4.802055016560266e-07;7.971106200084181e-07;1.2515136143609689e-06;1.998331249308008e-06;3.4087737042827788e-06;5.980484939044672e-06;9.998981686905902e-06;1.550901513649574e-05;2.2222868033764264e-05;2.957461817336856e-05;3.6732841872821794e-05;4.2812577932864e-05;4.7206332261875845e-05;4.9747597377047904e-05;5.096058754236643e-05;5.132872481350313e-05;5.1078714186577744e-05;5.047584498543554e-05;4.939424459324772e-05;4.836884185047378e-05;4.728819674339527e-05;4.6501268370455423e-05;4.600125202797871e-05;4.55204649227226e-05;4.458461440882269e-05;4.2956967471146205e-05;4.07775951599033e-05;3.8541962587196186e-05;3.6827876973291646e-05;3.612112583506574e-05;3.619532508895784e-05;3.654939810997105e-05;3.663426235906362e-05;3.617880425867793e-05;3.524427650433459e-05;3.4177782927155326e-05;3.3347676820366345e-05;3.293623128501518e-05;3.279323644194736e-05;3.27749277807159e-05;3.2772861314785625e-05;3.253713733000517e-05;3.213898874372123e-05;3.182955353841398e-05;3.1636681576226725e-05;3.153325951404155e-05;3.1246667790616206e-05;3.088043655236339e-05;3.05329101003208e-05;3.030611083090817e-05;3.024013135530664e-05;3.0322646660690397e-05;3.0436855153582025e-05;3.045712844801291e-05;3.036373155627565e-05;3.017361973138238e-05;2.9930534836587487e-05;2.970061183385117e-05;2.9603028398594824e-05
552.387358820095;1.850147653318549e-07;1.9949345327374893e-07;1.864095049406864e-07;1.6163861950079788e-07;1.6603220446178178e-07;2.1075877113944998e-07;2.5183443219784734e-07;2.512305506252709e-07;2.017769799816387e-07;1.2533793503378892e-07;6.904738271827321e-08;4.3677501000507563e-08;3.1871353640602235e-08;2.6139234852827743e-08;2.479278793281944e-08;2.7517207352953753e-08;3.1432880845934977e-08;3.2402334325922054e-08;2.942248617418461e-08;2.2955936865905844e-08;2.385660928139217e-08;4.3709255309712425e-08;8.71078855518587e-08;1.3576169028765737e-07;1.6481058591869973e-07;1.625083497558629e-07;1.3244617458023177e-07;9.405341527792192e-08;7.299073115001595e-08;7.30853271257279e-08;7.804605294735374e-08;7.843338033244206e-08;7.239097945894208e-08;5.997360456974293e-08;4.395397230964323e-08;3.04732835642116e-08;2.468885093719244e-08;2.991844975538092e-08;5.58751866562391e-08;1.2145208192034592e-07;2.963836901671235e-07;5.967690033539767e-07;9.641953234290786e-07;1.4313416198278558e-06;2.164468155005096e-06;3.5269176588944816e-06;5.952817559703526e-06;9.705646162381166e-06;1.4834627647272016e-05;2.091347340114196e-05;2.723295414406476e-05;3.340196452000187e-05;3.881348312598965e-05;4.322297484883864e-05;4.662605081614449e-05;4.899227007168804e-05;5.048334479269011e-05;5.087605958686286e-05;5.012576640452644e-05;4.845555207298529e-05;4.64511136087443e-05;4.475174483634011e-05;4.3591485383261866e-05;4.280694093885873e-05;4.214501102869568e-05;4.125941244365774e-05;3.994991523841598e-05;3.875211986345626e-05;3.776606248278687e-05;3.707230020070272e-05;3.681474880879858e-05;3.65900099187777e-05;3.636341576270068e-05;3.602342054110117e-05;3.55469925942526e-05;3.502746326140728e-05;3.466841689098782e-05;3.446444778874642e-05;3.4343288391793945e-05;3.409282166579028e-05;3.34799942420197e-05;3.246694410246974e-05;3.123224129277565e-05;3.03319340077397e-05;3.004643522105018e-05;3.029026442395128e-05;3.071970480139211e-05;3.10393491799201e-05;3.125805739285401e-05;3.095407202687152e-05;3.029458739422137e-05;2.960203359060676e-05;2.923288977294797e-05;2.94028776377847e-05;3.008648927745964e-05;3.069731312278484e-05;3.0885559664379124e-05;3.061873948948962e-05;3.010504536252852e-05;2.958109189260396e-05
554.3936084855741;4.450413406500192e-07;4.26732741178699e-07;4.015733057064121e-07;3.7860252162048853e-07;3.670632009637722e-07;3.563634444640263e-07;3.16709948284744e-07;2.428037651669088e-07;1.741240073790046e-07;1.092668236352224e-07;6.991840429593563e-08;6.710457786483765e-08;9.604917012404465e-08;1.1914688197328643e-07;1.270734088992967e-07;1.144080382019834e-07;8.35313409584664e-08;4.9186115790462345e-08;2.5346380938959963e-08;1.8653269308769262e-08;1.7240393660619518e-08;2.1484252683528328e-08;3.7144056181164885e-08;6.445654490594048e-08;8.57662727305667e-08;9.305061886825645e-08;8.697674547415897e-08;7.285367804457097e-08;6.646608019963998e-08;8.002113101166765e-08;1.0180217568223133e-07;1.1257760318049177e-07;1.0824908987360037e-07;8.985941806600305e-08;6.167030521448095e-08;3.695422769076269e-08;2.9061428321416064e-08;4.012249087814641e-08;6.26995030672964e-08;9.606435744009777e-08;1.885397054056077e-07;4.032314468302449e-07;7.95535693178271e-07;1.5232221690669545e-06;2.7071918119783185e-06;4.623351419292941e-06;7.412507910199374e-06;1.1160102754999344e-05;1.574582747981576e-05;2.0919386599651757e-05;2.6292907609351768e-05;3.16267979260947e-05;3.6660639878848175e-05;4.11723956686934e-05;4.5005437946070895e-05;4.785942290316792e-05;4.955770793323333e-05;4.990331936446307e-05;4.8785126627935135e-05;4.729560592590743e-05;4.562357402578206e-05;4.463565027114808e-05;4.410254564729861e-05;4.356503968562949e-05;4.249291287918548e-05;4.08512046000325e-05;3.916038486435894e-05;3.783563854581417e-05;3.71689187809058e-05;3.708266393400233e-05;3.7122058106954166e-05;3.700339267476949e-05;3.658633361281004e-05;3.6074894894301546e-05;3.5668823408125346e-05;3.541895978361604e-05;3.527644385452936e-05;3.513302840844762e-05;3.466655482640926e-05;3.384734617845957e-05;3.269708963793091e-05;3.1469155097162686e-05;3.0381001422938132e-05;3.008763036945747e-05;3.0234868833486048e-05;3.0840342114623194e-05;3.164646313612936e-05;3.234528314797259e-05;3.2571106925383204e-05;3.204411834138651e-05;3.0724681357393553e-05;2.933672045213755e-05;2.846406866326654e-05;2.850160119739678e-05;2.9513352723291777e-05;3.083939284463069e-05;3.16394103971359e-05;3.169691707706884e-05;3.113633753001542e-05;3.0378351392145626e-05
556.3991906591364;7.609039100042579e-07;6.796507645268428e-07;6.14393454434101e-07;5.702589280966839e-07;5.215907907879732e-07;4.480491448359349e-07;3.481082036052594e-07;2.392854095164152e-07;1.518366457157578e-07;9.861946606133793e-08;7.772523364925875e-08;9.958720748485017e-08;1.5684008708307487e-07;2.0864794479476586e-07;2.256221673466929e-07;2.008992635661917e-07;1.419532648653448e-07;7.983329307394055e-08;4.5321629977664484e-08;3.276561615824892e-08;2.6402211064401647e-08;2.4576458720102104e-08;3.2861525936363746e-08;5.04324764469888e-08;6.467731649265453e-08;6.80130626936042e-08;6.119477524203122e-08;5.190285191666417e-08;5.7312000177707364e-08;1.0189406648511329e-07;1.7290073948856344e-07;2.2676463008509318e-07;2.373927616518279e-07;2.003860489845044e-07;1.3240562645012545e-07;6.997602187522882e-08;4.1090496924252195e-08;4.195484240707338e-08;4.9842507444469855e-08;5.5818907984626e-08;7.418415296872263e-08;1.803865294532581e-07;5.123339677476805e-07;1.3008507494585217e-06;2.7845306105366e-06;5.111039800031547e-06;8.288554648646138e-06;1.2306011595656098e-05;1.678589727829507e-05;2.1503346672129477e-05;2.6433146597217017e-05;3.140365372079181e-05;3.601402351593155e-05;4.030270288146501e-05;4.399865915139652e-05;4.682644833708455e-05;4.8423138228805606e-05;4.884261387566073e-05;4.838364011548239e-05;4.73200074410717e-05;4.602392769709319e-05;4.480166369858336e-05;4.379782073608944e-05;4.2893421452367455e-05;4.180234389479844e-05;4.053342973685912e-05;3.947572141371062e-05;3.856606031196759e-05;3.795243766763952e-05;3.753693923776149e-05;3.71624897059763e-05;3.660997816756079e-05;3.580414935373468e-05;3.500901845548719e-05;3.4443707227801464e-05;3.406315419960594e-05;3.37645116441437e-05;3.338157590550729e-05;3.281569502866882e-05;3.210638173289391e-05;3.139395267371937e-05;3.0914818231170253e-05;3.0890307388792524e-05;3.1072456686513594e-05;3.127638981553546e-05;3.1407126006897265e-05;3.150280441128604e-05;3.15998029718748e-05;3.138817429086702e-05;3.0985839115615875e-05;3.035892081544766e-05;2.9620411468186357e-05;2.9001304439635667e-05;2.9011424303974623e-05;2.9441133746098525e-05;3.0161420799959447e-05;3.07442992739249e-05;3.087459080081462e-05;3.066311640348588e-05;3.0289871815509708e-05
558.4041053277688;3.909677076794986e-07;3.370693994830137e-07;2.960403773557932e-07;2.754988607163354e-07;2.7112180751285706e-07;2.863002128630581e-07;2.971286427863948e-07;2.766732293881804e-07;2.572445904705568e-07;2.151036777909723e-07;1.653297046989667e-07;1.2802383567447213e-07;1.2172813009842836e-07;1.291298461557775e-07;1.306570999925325e-07;1.199406757215115e-07;9.855692116210693e-08;7.314765992176933e-08;5.4808849536433185e-08;4.2383485637726085e-08;3.4536084881013705e-08;4.2544136809359685e-08;6.004188616863634e-08;8.193666423098759e-08;9.21760061740714e-08;7.967249915369608e-08;6.114999336889565e-08;4.542049530588155e-08;5.0904722916745396e-08;1.0211248802227075e-07;1.931534425795987e-07;2.862928083536882e-07;3.3561655173885e-07;3.196555270246356e-07;2.4582768718466414e-07;1.5305943183966137e-07;8.721572885934151e-08;5.7476147724416e-08;5.0524080210399777e-08;6.048891161780766e-08;8.314316285396252e-08;1.6562041997182862e-07;3.989483273973337e-07;9.314000335055022e-07;2.1364990686535014e-06;4.272092999779407e-06;7.490286475277804e-06;1.1674256093906696e-05;1.6521020795877173e-05;2.1679961029994693e-05;2.6808289516346984e-05;3.16594582944306e-05;3.6106288225392185e-05;4.005331186106185e-05;4.321934108387383e-05;4.531309301533476e-05;4.6515442494146126e-05;4.697032844355542e-05;4.680917049567649e-05;4.594812857456938e-05;4.465425988617018e-05;4.3169485288761805e-05;4.182891309365655e-05;4.092709489925081e-05;4.061190532217539e-05;4.067218047303499e-05;4.063560985772829e-05;4.030754561677432e-05;3.960874588464451e-05;3.8587516507859325e-05;3.728629059384177e-05;3.607231035979162e-05;3.5044400245760456e-05;3.41152808855223e-05;3.326936741033748e-05;3.2594228512682e-05;3.211050162393985e-05;3.185379611510992e-05;3.1758879104437e-05;3.176476600851755e-05;3.17734136214334e-05;3.162264357301226e-05;3.135471161164592e-05;3.0649688134681985e-05;2.9958046903132108e-05;2.931698464494941e-05;2.8915327193750216e-05;2.8808194569199517e-05;2.896141624807017e-05;2.9270253684982752e-05;2.9953781284646983e-05;3.041923708985377e-05;3.0631035508499134e-05;3.0680383989887234e-05;3.053247594882448e-05;3.0249506189981845e-05;2.9883751928194187e-05;2.953221212434432e-05;2.933795024814873e-05;2.913203207677476e-05
560.4083524786511;1.6044056581660174e-08;9.965534370480923e-09;5.996703014145926e-09;8.998032299357214e-09;3.702003498446988e-08;1.0378809299407088e-07;2.0646395058697477e-07;3.106077768355528e-07;3.59802758609834e-07;3.30224404966698e-07;2.4399313676215664e-07;1.42995756326473e-07;6.887274006997308e-08;3.707592947787691e-08;3.0215523558531945e-08;3.8530746205357336e-08;5.484925513247766e-08;6.630403300175174e-08;6.642005962820737e-08;5.55235848189944e-08;4.6068228105108304e-08;5.79909418753834e-08;8.802531854419045e-08;1.1404473330901657e-07;1.2001864671901336e-07;1.0075710906159125e-07;6.757118186194901e-08;4.5407483657757416e-08;5.36885132944338e-08;1.0507340784498425e-07;2.038301800183467e-07;3.161400338814452e-07;3.893402087026858e-07;3.9217344485308404e-07;3.236723754238552e-07;2.168914301477775e-07;1.2509401632763184e-07;7.451271819863359e-08;6.476964077953266e-08;8.731678620601533e-08;1.4504960387855126e-07;2.4440511836333883e-07;4.005174482131919e-07;6.807455934588835e-07;1.4177022804983296e-06;3.0526892226760908e-06;5.936446204285116e-06;1.0068426279291314e-05;1.5291772165822432e-05;2.1225521961538296e-05;2.72086441639164e-05;3.268825267587616e-05;3.718923211061622e-05;4.0586557066892026e-05;4.295214975209381e-05;4.427551468036601e-05;4.519251263118912e-05;4.586376163527171e-05;4.615649222609031e-05;4.5988519661568165e-05;4.527620935467446e-05;4.410518497415527e-05;4.288105789272999e-05;4.204048638673909e-05;4.177895304013335e-05;4.190949760743668e-05;4.195009093354996e-05;4.143465654837111e-05;4.033389931349965e-05;3.865516366949052e-05;3.69324785959914e-05;3.562328778922198e-05;3.488240254091585e-05;3.443569881340222e-05;3.398751576970455e-05;3.3487457202941935e-05;3.300347803882699e-05;3.2672303903253394e-05;3.2593135221795286e-05;3.286011570540711e-05;3.3176353007117544e-05;3.314372703600087e-05;3.254119159000174e-05;3.1434713693818214e-05;3.016802843923385e-05;2.9122820646895016e-05;2.850135280469217e-05;2.8504017462071956e-05;2.904195820133051e-05;2.9874492080644955e-05;3.078599741278589e-05;3.150977119294849e-05;3.185588344012203e-05;3.148014419348546e-05;3.075776730937942e-05;2.9648224929221903e-05;2.8518955992031465e-05;2.766005444025829e-05;2.71029916153224e-05;2.681210406963037e-05
562.4119320991704;2.4552759648583313e-08;4.678484601108522e-08;6.028417911964274e-08;6.023425276527323e-08;5.78743496070273e-08;6.587118818219066e-08;1.0333049154958165e-07;1.7708006814889325e-07;2.0360408307399787e-07;1.8600815926494683e-07;1.3616711483153777e-07;7.911592143106278e-08;2.99782575774453e-08;1.732926160258384e-08;2.3399166123800112e-08;4.251951120859908e-08;7.252909447365183e-08;1.0098882747654705e-07;1.164064977578079e-07;1.0347585286865412e-07;7.763524706236324e-08;5.7698912730561534e-08;6.3418002917843e-08;8.188023070065242e-08;1.0782684275738688e-07;1.239146267043765e-07;1.2177287418866238e-07;1.0582373304534132e-07;8.949883967391251e-08;9.455939359341e-08;1.307053986000719e-07;1.769703561502791e-07;2.0872880575831294e-07;2.07291423780554e-07;1.7076197699424528e-07;1.1530120702685053e-07;6.844667998889703e-08;4.569737098098995e-08;5.09831967848421e-08;8.983236268204904e-08;2.0032428647957687e-07;3.884906519885267e-07;6.347373702416784e-07;9.983394488551911e-07;1.692904698256516e-06;3.1075029938704543e-06;5.718725831910268e-06;9.748884772679367e-06;1.5037306896611196e-05;2.122367107816779e-05;2.7682078061084865e-05;3.373316709609813e-05;3.8697747608035306e-05;4.215170444994846e-05;4.423829969002836e-05;4.549509691120073e-05;4.630631502504196e-05;4.703088215520693e-05;4.7609754279315735e-05;4.7788520494060935e-05;4.735468815690672e-05;4.627682288516756e-05;4.483794453677048e-05;4.345123487350456e-05;4.246883198494985e-05;4.186082966165753e-05;4.1317189265508415e-05;4.047599623131257e-05;3.9216952649496817e-05;3.7759944111427135e-05;3.667591263012289e-05;3.6170101850147634e-05;3.6128845178925487e-05;3.6260226890024e-05;3.617500501883234e-05;3.5601326012078194e-05;3.4616501014760734e-05;3.3560962781672926e-05;3.2873443125769146e-05;3.2613248021068365e-05;3.285214367265605e-05;3.314429751186037e-05;3.305893473470001e-05;3.2288459970831483e-05;3.101984719471604e-05;2.957002471402675e-05;2.8349807287999903e-05;2.772602529228665e-05;2.7904708453643165e-05;2.8824644326292337e-05;2.9982013937473217e-05;3.110597389744328e-05;3.179650813708538e-05;3.140249997058816e-05;3.023806945538493e-05;2.8667707790518342e-05;2.7108918339952828e-05;2.576780076351159e-05;2.5012269651854943e-05;2.468409619798505e-05
564.4148441769066;4.909263137089834e-08;9.354513003085789e-08;1.2017959202762117e-07;1.1445173156884809e-07;8.101944589634002e-08;4.3028085430470975e-08;2.8942560368746773e-08;3.269669370019581e-08;3.4801321289058935e-08;3.0112100909876423e-08;2.0253087047177244e-08;1.1007899609255227e-08;6.673900018062514e-09;7.610928864622599e-09;1.892556444850726e-08;4.7113032698611305e-08;9.063650415224744e-08;1.3595072995914868e-07;1.5774147897235925e-07;1.4225663884741913e-07;1.0173477828304025e-07;5.714799417841545e-08;2.9075005897858288e-08;3.7134029503086265e-08;8.325370328645649e-08;1.4372505167050125e-07;1.9094326515777998e-07;2.050660662431056e-07;1.8565279933920839e-07;1.559240240385811e-07;1.3363089839851054e-07;1.1359748564913629e-07;9.016729016164289e-08;6.472247538517745e-08;4.3402450742748314e-08;3.057831103303257e-08;2.610185768711084e-08;2.8390966918802666e-08;3.9764517703641705e-08;8.795639589763603e-08;2.267540107531201e-07;5.037324054714051e-07;9.512319128981572e-07;1.6575675867582662e-06;2.765869380299291e-06;4.525743100985645e-06;7.241403213077937e-06;1.1050237937196892e-05;1.5841100507207604e-05;2.148668605144391e-05;2.7726849310432724e-05;3.394992051733229e-05;3.964318574599176e-05;4.415294671538283e-05;4.6803041920327295e-05;4.77587214250317e-05;4.781913723716209e-05;4.769342972814958e-05;4.737654013914722e-05;4.706035621323718e-05;4.656155169356716e-05;4.5702365157881895e-05;4.446920536511773e-05;4.301027711068803e-05;4.156131958737236e-05;4.024609523120744e-05;3.911293876525768e-05;3.818085743267239e-05;3.7399963503641765e-05;3.711227311334357e-05;3.70411313155842e-05;3.7225651910208335e-05;3.754019180013748e-05;3.764101877874583e-05;3.720116314261663e-05;3.624248834735198e-05;3.492620185153184e-05;3.354586830838355e-05;3.2651867067947114e-05;3.237303199559208e-05;3.268813705457645e-05;3.318418298284273e-05;3.323700888928442e-05;3.247492441205619e-05;3.0888668164179455e-05;2.8905070229888184e-05;2.7249952623954864e-05;2.603455911375674e-05;2.57561350115643e-05;2.6419233053282035e-05;2.784532390288388e-05;2.9620456603276257e-05;3.117955142141744e-05;3.166473223884158e-05;3.096366998720602e-05;2.921712627383135e-05;2.71558333876974e-05;2.5391809141600145e-05;2.444529004790553e-05;2.4073276534266174e-05
566.4170886996435;2.4540257210042796e-08;4.6762135125949894e-08;6.007945536667118e-08;5.722013469440792e-08;4.0510360048584174e-08;1.534744878989658e-08;8.274497886755275e-09;9.04794865233364e-09;9.551253923838447e-09;8.230252274687174e-09;5.514964260898468e-09;3.009661691762106e-09;1.881779481601762e-09;2.3440640347507173e-09;7.788651579934282e-09;2.355759780468125e-08;4.532095877132035e-08;6.800638217496625e-08;7.894073636288764e-08;7.123051772833555e-08;5.0975705517794465e-08;2.8451306312033398e-08;9.681693106484342e-09;1.2380744200681952e-08;3.7189696415415444e-08;8.247055225088773e-08;1.24550677124355e-07;1.611627828541785e-07;1.871322762467876e-07;1.9722131513863179e-07;1.978799073998032e-07;1.8333047471768568e-07;1.4844198528608945e-07;1.0423880578249318e-07;6.678235814242893e-08;4.5627168849274014e-08;3.8363269898367274e-08;3.732407835573275e-08;3.82626159492596e-08;5.8817456476889664e-08;1.291519919147067e-07;3.053649046654383e-07;6.930981620420009e-07;1.482063854077219e-06;2.837753752616359e-06;4.987625574089007e-06;8.01708372899437e-06;1.191011038290712e-05;1.6611828784443507e-05;2.1867105547878583e-05;2.7633154386971423e-05;3.3679467627323746e-05;3.95310796116102e-05;4.4148140983245855e-05;4.704383359615669e-05;4.808584058324883e-05;4.773662609144629e-05;4.679799986261557e-05;4.5907918726280754e-05;4.5301146375711565e-05;4.4866696127886347e-05;4.4375299986407874e-05;4.363196777886661e-05;4.250345120626691e-05;4.095244419857954e-05;3.912213064775374e-05;3.73170526667713e-05;3.592301270054365e-05;3.5291104189412656e-05;3.5535209157991665e-05;3.6459954434827095e-05;3.73465344234069e-05;3.766509857040266e-05;3.734613958240905e-05;3.635057369692459e-05;3.4822496901999005e-05;3.356486097347725e-05;3.2762569865014656e-05;3.26560499027458e-05;3.312358750115066e-05;3.405361408286966e-05;3.479020220860308e-05;3.489511019751804e-05;3.418649709413235e-05;3.272605439742431e-05;3.084962667926031e-05;2.9049723941177783e-05;2.769118375595975e-05;2.696228500769965e-05;2.7008713547002517e-05;2.777074592908469e-05;2.899868562312064e-05;3.018276814826331e-05;3.080068941195524e-05;3.0310377384362813e-05;2.8870032150991182e-05;2.725883714738857e-05;2.607226750125123e-05;2.5405443959351268e-05;2.5237111997511528e-05
568.4186656553538;1.2546785774073942e-07;1.3176295041565536e-07;1.1807099380034367e-07;8.70616296677298e-08;5.144822991596805e-08;3.25534881359391e-08;4.530814922913809e-08;8.18094256041045e-08;1.1693108635581022e-07;1.3044827351876918e-07;1.157345183424851e-07;7.992147369629077e-08;4.381166925307504e-08;2.6657531835576488e-08;3.2404654856680573e-08;6.057558348271649e-08;9.886885622697108e-08;1.2524577315579544e-07;1.266524555395094e-07;1.028934847922259e-07;6.557845970486227e-08;3.0900344098207656e-08;1.2258868278998189e-08;7.72085391821021e-09;8.221765837614591e-09;1.6154396931320836e-08;2.869760932396332e-08;4.8521898852038035e-08;7.21827052900346e-08;9.179902505662567e-08;1.0000903648412337e-07;9.377248776732068e-08;7.61366852776241e-08;5.3953460652388926e-08;3.5135925547541265e-08;2.4273457000896292e-08;2.0199394740422913e-08;1.9149851420356424e-08;1.8745746521076322e-08;1.9307315164967303e-08;3.03822791737685e-08;9.070846171915503e-08;3.019243801483797e-07;8.533249663311411e-07;2.005236801146238e-06;4.011549305967023e-06;7.067895430959116e-06;1.1189790660947536e-05;1.6168466450330077e-05;2.15400198483095e-05;2.7098652116304485e-05;3.260224401497712e-05;3.783607419874385e-05;4.221416044006802e-05;4.559252346029005e-05;4.7899863185009496e-05;4.8673624200376906e-05;4.82296664391916e-05;4.74511662104455e-05;4.6656188070109936e-05;4.611821338397538e-05;4.585827351256375e-05;4.541563529609028e-05;4.437759615301249e-05;4.252895018863113e-05;4.007627243028166e-05;3.746303979381084e-05;3.564338984516334e-05;3.509636614430009e-05;3.589101475768974e-05;3.736041734757871e-05;3.85947951260246e-05;3.885918050497355e-05;3.790625401290015e-05;3.606640400601762e-05;3.391007464788925e-05;3.2392922034999415e-05;3.189455128845369e-05;3.2378950857268256e-05;3.34622802181728e-05;3.452573552861214e-05;3.515375737237511e-05;3.510599903381645e-05;3.4200199009644706e-05;3.293175846753075e-05;3.1580784105449006e-05;3.045325740271971e-05;2.986398963393041e-05;2.9634885973352267e-05;2.952512551919453e-05;2.943002445388401e-05;2.924815282550676e-05;2.8864770334947862e-05;2.8437093751695577e-05;2.7853570008253298e-05;2.7381504633213703e-05;2.6972664780946103e-05;2.704402848761304e-05;2.7193150213343383e-05;2.7389549526463344e-05
570.4195750322178;2.5222063208385545e-07;2.692807942126496e-07;2.5511966383325905e-07;2.1442017168681878e-07;1.6165224268951854e-07;1.3876185768889922e-07;1.723485946650056e-07;2.436902076094425e-07;3.012798905930604e-07;3.090706202384161e-07;2.60977628359084e-07;1.765729180987392e-07;9.540227355763097e-08;5.8950232795281024e-08;6.934557504054577e-08;1.2449555883023376e-07;2.000932337600331e-07;2.537140548646883e-07;2.612686465824501e-07;2.2316056682999807e-07;1.600985556637472e-07;9.71144305152631e-08;5.8145060443122436e-08;3.547529633360257e-08;2.4580791067640636e-08;2.082591067231504e-08;2.1665424452897673e-08;2.9547020635734613e-08;4.7753652771485033e-08;8.022876855377889e-08;1.017300355738793e-07;1.0197808732930077e-07;8.268174060059417e-08;5.4613541444397845e-08;3.263988834740641e-08;3.1711813944610716e-08;5.4112080006777224e-08;8.687920655401479e-08;1.114872529410923e-07;1.1630702588825561e-07;1.1160949166068406e-07;1.2932370645775666e-07;2.3757017040801525e-07;6.491417280295494e-07;1.7093031031338848e-06;3.640257787395232e-06;6.6549750955762685e-06;1.0671629215616486e-05;1.5395185714001673e-05;2.060644843550806e-05;2.5814043413610977e-05;3.10829170370322e-05;3.6196812890212334e-05;4.118712565651745e-05;4.5486280737026905e-05;4.875588073077595e-05;5.047354309920666e-05;5.065479129496119e-05;4.981916974068911e-05;4.877999940741178e-05;4.821979412376313e-05;4.8201242650894354e-05;4.81999443939829e-05;4.751452057953805e-05;4.575897684766134e-05;4.310897834443789e-05;4.034024955151826e-05;3.840822496928134e-05;3.778492253653687e-05;3.819351339615308e-05;3.8841608750601695e-05;3.9081776425764055e-05;3.8673713353501175e-05;3.743813340108639e-05;3.5826841562007844e-05;3.442231979402724e-05;3.351246707725856e-05;3.335676894588549e-05;3.3585504849867434e-05;3.415468775306747e-05;3.428603021006483e-05;3.4062055130318666e-05;3.306432081150896e-05;3.168606287443199e-05;3.030504398074071e-05;2.9410232161045208e-05;2.9249662824089984e-05;2.968565051435498e-05;3.027680790621503e-05;3.0517558345393685e-05;3.0129876113113063e-05;2.9208865338449692e-05;2.797765690700716e-05;2.7114973765686905e-05;2.672453125979686e-05;2.675328480437098e-05;2.7125382149051453e-05;2.7749027682365943e-05;2.833553122886761e-05;2.862351016238445e-05
572.4198168186085;1.3175340335939638e-07;1.5591800158151333e-07;1.7291384860875465e-07;1.798863588506502e-07;1.8168024687133706e-07;1.9026481598109265e-07;2.1504378896921774e-07;2.447145843742061e-07;2.5308576718490136e-07;2.278049357065851e-07;1.7570716888400244e-07;1.1496512289583703e-07;7.136026777678263e-08;5.75661236959262e-08;6.585261202851634e-08;9.168485632447509e-08;1.242892439181281e-07;1.4878895081272086e-07;1.6102404006152645e-07;1.5819859116832726e-07;1.4279566033863526e-07;1.3933075423771686e-07;1.4765853784673357e-07;1.496783487703893e-07;1.4273434596404178e-07;1.195906593407366e-07;9.033438272988505e-08;7.099738707437325e-08;9.533034984637973e-08;1.4625563713363656e-07;1.9043330561820116e-07;1.949281017272541e-07;1.5963568503351078e-07;1.0590692945203913e-07;6.80672606262311e-08;7.978695716417509e-08;1.469296040213924e-07;2.3178493392632738e-07;2.864147965696477e-07;2.837950468393623e-07;2.334677230287233e-07;1.7933704719877258e-07;2.172741933591397e-07;6.412007542645662e-07;1.829163061089913e-06;4.0224815505742335e-06;7.227697680105891e-06;1.1269998470258076e-05;1.5837053986156014e-05;2.0796240310186835e-05;2.6088332595964172e-05;3.159872825205136e-05;3.706159129082348e-05;4.206701677784276e-05;4.634659692318324e-05;4.9194575885911824e-05;5.051496629396147e-05;5.062320383169711e-05;5.0059022890194734e-05;4.93983802669204e-05;4.90224750646016e-05;4.889527760759712e-05;4.86463502637149e-05;4.790717823847532e-05;4.6632490687709286e-05;4.4718821002114574e-05;4.282722668915634e-05;4.1213245265160097e-05;4.0002893867779085e-05;3.896386065049416e-05;3.8278991116319646e-05;3.745486856314387e-05;3.6544919045273445e-05;3.578176780647526e-05;3.535175197032652e-05;3.5521021425705056e-05;3.59012953761562e-05;3.626976885747733e-05;3.626614101462349e-05;3.5742757035342445e-05;3.472618183464937e-05;3.336541871386111e-05;3.180340616165638e-05;3.052375063848585e-05;2.9437225278876035e-05;2.9006420182569087e-05;2.9193666714069603e-05;2.9684630478283207e-05;2.99983184740457e-05;3.0057223815844e-05;2.960833067196501e-05;2.8792470166569053e-05;2.791412046403628e-05;2.711635232586878e-05;2.6668590324007216e-05;2.6530034480124876e-05;2.6965641982335917e-05;2.7528472980933592e-05;2.8078748907051554e-05;2.8436695841909683e-05
574.4193910030954;8.591587607628773e-08;7.967240495946246e-08;7.973511252153003e-08;9.036142637356941e-08;1.0845007827972758e-07;1.194093631593003e-07;1.1694641275067605e-07;1.0280094230052662e-07;8.085687507802329e-08;5.553068746335912e-08;3.565941087587672e-08;2.9913064934418225e-08;4.9641539171717266e-08;1.0436030176513743e-07;1.6345178780826125e-07;2.0508433793688386e-07;2.0629795906059385e-07;1.718143758521699e-07;1.2785724130383178e-07;9.672048023606705e-08;9.464458815401277e-08;1.379160505930961e-07;1.9899144350252025e-07;2.4436712239269464e-07;2.534486347739169e-07;2.2177958869060135e-07;1.6945574250479037e-07;1.3400920146212022e-07;1.351227888334793e-07;1.5245760129910926e-07;1.757479032454458e-07;1.6401756124237485e-07;1.258011017648273e-07;8.246526705224443e-08;5.994309132863917e-08;8.086686782003292e-08;1.431279038394069e-07;2.1230596636000658e-07;2.479039230353751e-07;2.34031626704777e-07;1.8133132241514255e-07;1.3569751503976628e-07;2.2774188109682534e-07;7.567089844533363e-07;2.093751277960471e-06;4.450623763307864e-06;7.75727136033292e-06;1.186509702900471e-05;1.656933166636578e-05;2.181753738841265e-05;2.777595605445055e-05;3.384078511496855e-05;4.002038432800471e-05;4.57767432418177e-05;4.988601447981904e-05;5.190950556907896e-05;5.20829540540112e-05;5.15014956984991e-05;5.0889947372880414e-05;5.045642546716618e-05;5.018023476466505e-05;4.97095721137216e-05;4.87264532971064e-05;4.728055230261003e-05;4.573515808707973e-05;4.430426999879579e-05;4.298638557282792e-05;4.170529352635194e-05;4.037087940859858e-05;3.898287827264642e-05;3.762272662429821e-05;3.644240273469579e-05;3.563821759114864e-05;3.535652722744839e-05;3.565233129495415e-05;3.645819296272773e-05;3.719384251826468e-05;3.741614236518453e-05;3.693100024077155e-05;3.578028765610957e-05;3.430228307300066e-05;3.2807236027973926e-05;3.188041786894187e-05;3.132240258724736e-05;3.1001895676908675e-05;3.078591991384451e-05;3.054942957414464e-05;3.026933537323585e-05;2.990932754473495e-05;2.944919076300243e-05;2.8981979153964905e-05;2.853377766336277e-05;2.8100826335131182e-05;2.7516686146157936e-05;2.705547907722324e-05;2.6866884553186628e-05;2.695897304043918e-05;2.7250379396871577e-05;2.7592441195335632e-05;2.784314965568412e-05
576.4182975744552;2.297397667004095e-07;2.2503847263382533e-07;2.0101105575025802e-07;1.649145166586827e-07;1.0745593377091849e-07;7.139905026184487e-08;5.1812389070923335e-08;4.1724877686568175e-08;6.63635581183409e-08;1.719166872298235e-07;2.81097115477081e-07;3.825738346869407e-07;4.624995447979979e-07;5.149540958988631e-07;5.545423241439648e-07;5.749999815607094e-07;5.41550740379654e-07;4.4780815079545234e-07;3.197357293131248e-07;1.897653792824958e-07;1.1888325882642316e-07;1.1786012849930713e-07;1.3446231951762037e-07;1.540455349365283e-07;1.5993805876377184e-07;1.6218629976899664e-07;1.690545761002363e-07;1.890682077628475e-07;1.9770914975635158e-07;1.930772041675403e-07;1.6312333251479755e-07;1.1724678977343609e-07;7.51507200681498e-08;4.625407892958372e-08;3.429474024497523e-08;4.0262633530927153e-08;5.810977061333837e-08;7.39914693942699e-08;7.789151038905658e-08;6.861072520784473e-08;5.568508444601495e-08;7.256605187153237e-08;2.936071092387045e-07;1.0221019076740504e-06;2.5811051589722376e-06;5.216313716802575e-06;8.904258282828532e-06;1.3410856350221966e-05;1.8404752172104155e-05;2.3716138284695247e-05;2.952091247813163e-05;3.595323237366969e-05;4.2806047456700993e-05;4.921826145464007e-05;5.3930640815704286e-05;5.676570174068107e-05;5.7784680623613406e-05;5.750028987900693e-05;5.640613613782477e-05;5.505637469927043e-05;5.344861416523028e-05;5.163662218733306e-05;4.969358631422082e-05;4.768499704667103e-05;4.549624320071528e-05;4.374996061110485e-05;4.240213847794862e-05;4.112809170594157e-05;3.983839523023397e-05;3.848820409474775e-05;3.70606027394175e-05;3.5989251203868576e-05;3.540467985234558e-05;3.533526082804332e-05;3.57360918302579e-05;3.6096182059294e-05;3.608584849699864e-05;3.553340071285224e-05;3.46157709149013e-05;3.3601980810562785e-05;3.279512981891291e-05;3.2384111475635384e-05;3.248998391999368e-05;3.2705681529655064e-05;3.275408704427007e-05;3.2237134752185874e-05;3.1328204013852465e-05;3.0353677026444864e-05;2.9441054752621048e-05;2.869072228925593e-05;2.82997052166792e-05;2.821345986730806e-05;2.8178145257213444e-05;2.8078942305847803e-05;2.785801287312724e-05;2.766903673020906e-05;2.758311417354403e-05;2.763540793226849e-05;2.7775541005842e-05;2.7928061929703364e-05
578.4165365216431;2.3090576792461735e-07;2.8506584519685973e-07;2.919185090221896e-07;2.452712411131005e-07;1.6224506761429284e-07;8.376994365939488e-08;4.8618624190727096e-08;5.6622554374955155e-08;1.4343259297313406e-07;3.309857295836613e-07;5.620811112142364e-07;7.652857327371695e-07;8.840551455084313e-07;8.706432905065235e-07;7.990131995394063e-07;6.994542003268625e-07;5.875348355260925e-07;4.698487799092278e-07;3.508064454848802e-07;2.3961508064086213e-07;1.5440292987221205e-07;9.836042987472745e-08;6.896108755608826e-08;5.70513480999785e-08;5.653272961878441e-08;8.086677264621553e-08;1.2874791266466896e-07;1.7541397181580725e-07;1.9916185684997588e-07;1.8752401072454837e-07;1.3343508770767144e-07;7.9255105924292e-08;4.569815094818031e-08;2.8586899150609533e-08;2.0421586067779513e-08;1.7587323848063996e-08;2.104580997012921e-08;3.174522612337957e-08;5.158783719511918e-08;7.761313106321696e-08;1.1204169241683633e-07;2.0303219757437626e-07;5.382270918157613e-07;1.4193602023753283e-06;3.2086390908791035e-06;6.252654936335238e-06;1.0589451568647116e-05;1.5983854863018297e-05;2.1825296956723123e-05;2.7575243786815475e-05;3.310595690819475e-05;3.886174687200595e-05;4.4810811079076975e-05;5.0667917240525376e-05;5.602837003677615e-05;6.0310710323108e-05;6.282931249693588e-05;6.334547506095794e-05;6.199982007242986e-05;5.941797022188149e-05;5.6379373417715135e-05;5.323131326134988e-05;5.037500527299915e-05;4.80319904730929e-05;4.638146983948581e-05;4.498028631913988e-05;4.380819863662689e-05;4.254951114637526e-05;4.113832490194988e-05;3.954867165754204e-05;3.8172679329052e-05;3.720816791562555e-05;3.6650962453431375e-05;3.642074131671699e-05;3.640050477094301e-05;3.63161607606291e-05;3.5944244453452537e-05;3.527014024783666e-05;3.455731139124284e-05;3.387845402437264e-05;3.33877635095817e-05;3.30973039532121e-05;3.292752818974953e-05;3.262665505992269e-05;3.213988039280872e-05;3.1417865781507604e-05;3.056074577864697e-05;2.9728149689633577e-05;2.906468918009735e-05;2.867840991350033e-05;2.871537851094382e-05;2.890368088767299e-05;2.901183126727933e-05;2.89801470808082e-05;2.8712697842536943e-05;2.838852839996674e-05;2.823772423821553e-05;2.833347133830976e-05;2.852793302696149e-05;2.8750554395272837e-05
580.4141078338325;1.138944953060004e-07;1.501832598858525e-07;1.6269510850928257e-07;1.7563527622077598e-07;2.2689666291050466e-07;2.674520162330101e-07;2.846593379331617e-07;2.699083804581989e-07;2.47354434713062e-07;2.601702717166499e-07;3.461895208060644e-07;4.572374723193663e-07;5.308179059053316e-07;5.212111595280489e-07;4.495046925161185e-07;3.543942104408543e-07;2.651577407895016e-07;2.1316206721104675e-07;2.0995866555295458e-07;2.3210830373257973e-07;2.3016828622908523e-07;1.860027987573785e-07;1.318606276744711e-07;7.964987414659351e-08;5.65338986668463e-08;6.419118676735614e-08;9.766333562981082e-08;1.3731415735170806e-07;1.7036038105827314e-07;1.6885089235578016e-07;1.31954134292052e-07;7.59653692559912e-08;3.8993127378817885e-08;2.2372793583764253e-08;1.6711624935751526e-08;1.5969855049500566e-08;2.391231768281644e-08;4.8229180586481866e-08;9.041781198595593e-08;1.437880740132582e-07;2.0379494415585003e-07;3.451631256887071e-07;7.404508282029576e-07;1.715734474308134e-06;3.6453411185073295e-06;6.931527807273337e-06;1.1692493777462997e-05;1.7734723473122688e-05;2.453078946386493e-05;3.148589010821545e-05;3.8075255414969845e-05;4.420209811174042e-05;4.990727552195267e-05;5.512407357799886e-05;5.967671995458205e-05;6.324336028775364e-05;6.522243545902002e-05;6.532373224649494e-05;6.36924317126158e-05;6.073874155188375e-05;5.720990101682426e-05;5.393562136784195e-05;5.13297371531695e-05;4.948375571267396e-05;4.845665438571604e-05;4.76894458251746e-05;4.682153254753834e-05;4.572406966104557e-05;4.418973885813686e-05;4.248372307311918e-05;4.096338407216326e-05;3.989800902987564e-05;3.9349705669297606e-05;3.9164440676380566e-05;3.902970708004822e-05;3.864636669488803e-05;3.791111590323437e-05;3.694576110534457e-05;3.607088340078885e-05;3.513296786724545e-05;3.431426620211606e-05;3.35335487052334e-05;3.267036987761729e-05;3.1793807347403265e-05;3.102968010037242e-05;3.0426308450518257e-05;3.003967279955748e-05;2.9813535359586825e-05;2.9858934639450836e-05;3.011495569351873e-05;3.0439591952084387e-05;3.064965395014974e-05;3.0671388367455455e-05;3.042170932750682e-05;2.9971912290652132e-05;2.952282345693416e-05;2.9255097611356908e-05;2.922497158381253e-05;2.9311275229388198e-05;2.9354389037367253e-05
582.4110115003787;5.8591617649330825e-08;5.170563795347072e-08;4.9992103784671455e-08;1.1088274964645969e-07;2.6856832344024334e-07;4.387141189214836e-07;5.172760637455473e-07;4.696365172185598e-07;3.157976966815091e-07;1.5967464310342945e-07;8.790049752776066e-08;8.007874622028459e-08;9.460933484463169e-08;1.0719623785197057e-07;9.305596664089441e-08;7.492605209802197e-08;5.6215577183913146e-08;7.234242886384293e-08;1.5100043189787352e-07;2.438912688429784e-07;2.937667426696583e-07;2.786864193256748e-07;1.977134424234536e-07;1.0591244638512586e-07;6.039858521701785e-08;5.595344644825716e-08;8.338028630318893e-08;1.334804163415887e-07;1.8051340884366329e-07;1.922181692262563e-07;1.6255425854414672e-07;1.0991436154110549e-07;5.8115865977504816e-08;2.8517646432427602e-08;1.978389307546529e-08;1.7190850875374372e-08;2.014521476347686e-08;3.099393431780903e-08;5.12256152408272e-08;8.182793201753488e-08;1.3057655271281304e-07;3.078254278016352e-07;7.603028376256926e-07;1.838001290643389e-06;3.854598708876408e-06;7.238409266079416e-06;1.216632204538002e-05;1.8589061458171086e-05;2.6253755290265797e-05;3.4916074654053016e-05;4.4023010906409966e-05;5.29640524808416e-05;6.059890225182001e-05;6.5825887916475e-05;6.856425233279239e-05;6.914574568338101e-05;6.837945621855149e-05;6.682386411065682e-05;6.503450424697504e-05;6.297537903424712e-05;6.046122969991143e-05;5.776891289600896e-05;5.497680215111106e-05;5.247613468218706e-05;5.0487335750913664e-05;4.891574368868385e-05;4.782264461433542e-05;4.6809517299322605e-05;4.551423249819706e-05;4.399831410415135e-05;4.246766589517968e-05;4.1188612117782506e-05;4.050858255915747e-05;4.01824481747567e-05;3.976419806831703e-05;3.886932950101322e-05;3.74593722463635e-05;3.584902604228122e-05;3.444731968363188e-05;3.345664061984066e-05;3.285379970012729e-05;3.251198885948609e-05;3.228618470107584e-05;3.198271193450844e-05;3.191565065656901e-05;3.188866921323496e-05;3.1646103533360435e-05;3.130594083868581e-05;3.116975362709459e-05;3.131892982694318e-05;3.146742217816449e-05;3.1614187416238154e-05;3.177248261531191e-05;3.1630486758434226e-05;3.126916787987284e-05;3.0768066536781016e-05;3.024138419305744e-05;2.974731504354013e-05;2.9469121258425225e-05;2.93098967871149e-05
584.4072475108369;7.495136203410588e-08;8.673462817725389e-08;9.355886833095975e-08;1.2673846244595852e-07;2.1494187640769093e-07;3.164047709111867e-07;3.641748434711313e-07;3.342336395939669e-07;2.3743682387489078e-07;1.0981214022740932e-07;4.683243836091775e-08;2.8303763757404593e-08;2.681354460764216e-08;4.5348067864214536e-08;8.58538092110646e-08;1.463347509046655e-07;1.990025786935692e-07;2.285286366438469e-07;2.414214858429071e-07;2.368254033233753e-07;2.194026017316309e-07;1.724749488753391e-07;1.168566550321375e-07;6.5577009631809e-08;4.079257767640952e-08;3.4821066188556614e-08;4.5612316374709615e-08;7.898186276153098e-08;1.210845883612454e-07;1.612968299364759e-07;1.58807074541914e-07;1.4158477168647814e-07;1.0159830511557627e-07;5.95061225211548e-08;3.412524462876016e-08;2.212086359420169e-08;2.3001524202501864e-08;4.2700874294309094e-08;9.220044057176444e-08;1.881773746727088e-07;3.1178015077097745e-07;5.153333992476005e-07;9.12828336121066e-07;1.993674796415136e-06;4.233508773797015e-06;8.224074227602019e-06;1.4347590199743416e-05;2.2399470756090092e-05;3.182111010944927e-05;4.227462706436392e-05;5.321561959476948e-05;6.395455856183713e-05;7.309551801524199e-05;7.915956099534412e-05;8.145384963052535e-05;8.035660012719642e-05;7.717963267640884e-05;7.389269395582782e-05;7.162516527772637e-05;6.991231129462653e-05;6.804348184050894e-05;6.512558699921299e-05;6.117781165311306e-05;5.687685830285801e-05;5.301809153623608e-05;5.003071316541978e-05;4.79993979652819e-05;4.654966134776728e-05;4.514936644149616e-05;4.367675088353272e-05;4.2280840483646725e-05;4.1140123859191325e-05;4.0295421078126e-05;3.956485295033398e-05;3.866415245238421e-05;3.744174642973256e-05;3.606362145459561e-05;3.478800664351624e-05;3.386342814184088e-05;3.3697376976146865e-05;3.401941607742223e-05;3.416381833615236e-05;3.420675526467123e-05;3.413949653318145e-05;3.394467089953448e-05;3.35460171552453e-05;3.300154298137718e-05;3.2330802014348146e-05;3.178828512518095e-05;3.156948600786441e-05;3.168439660002493e-05;3.18946358475075e-05;3.1882964727400576e-05;3.1449300288637275e-05;3.070719877495992e-05;2.9940965250997917e-05;2.9422291386653427e-05;2.9227566214732883e-05;2.9257197730979317e-05;2.9393523821385212e-05
586.4028158549554;9.632714564311672e-08;1.2779110378900546e-07;1.429236824421326e-07;1.4661426805535213e-07;1.640030750821489e-07;1.9992570964161093e-07;2.2674977066111777e-07;2.1491562998000706e-07;1.651399490763245e-07;9.45449198422084e-08;4.7160757931519746e-08;4.3547086105707674e-08;6.37790722629682e-08;1.122033058169157e-07;1.987223570390373e-07;3.115415080120644e-07;4.013822556071517e-07;4.164500111638076e-07;3.475820673139237e-07;2.3189167367256055e-07;1.1993658123366985e-07;5.588819400658319e-08;3.6749805141946e-08;3.1582408964241524e-08;2.7025588425196588e-08;2.3552489733315507e-08;2.1168964175447805e-08;2.9748400468614203e-08;6.443662326794268e-08;1.133198519545517e-07;1.5095502928458697e-07;1.6002092817137748e-07;1.344747795535898e-07;9.126658794620729e-08;7.61413179194286e-08;1.080017020309847e-07;1.6458710548280314e-07;2.2613981085131405e-07;3.053666112795448e-07;4.343063960183482e-07;5.81226904454399e-07;7.292000496727049e-07;1.072255795384808e-06;2.2071415378787334e-06;5.001558671903879e-06;1.0304565493447128e-05;1.831683728868207e-05;2.8477137945510617e-05;3.990357000388559e-05;5.197294687730841e-05;6.415340643471239e-05;7.594246464829126e-05;8.631611046470934e-05;9.394417204383088e-05;9.79780849416874e-05;9.836141020888264e-05;9.59079887836577e-05;9.2024362487251e-05;8.76198170872718e-05;8.300451252325191e-05;7.806754235853879e-05;7.269468233466511e-05;6.709047831650211e-05;6.161282143100738e-05;5.666793620598831e-05;5.290984120939386e-05;4.985517870939111e-05;4.728967589741703e-05;4.505968684570592e-05;4.328289015015282e-05;4.194641913019656e-05;4.112478561464981e-05;4.060531289060704e-05;4.0191550546516594e-05;3.950550384888796e-05;3.843456822181532e-05;3.7311750486177e-05;3.659303806510962e-05;3.654196906533058e-05;3.709068944204089e-05;3.784239672702342e-05;3.809432958719498e-05;3.7606069886874335e-05;3.6697433663434005e-05;3.53101580849998e-05;3.394216346698736e-05;3.312708349307141e-05;3.2975707898938614e-05;3.305359382641821e-05;3.3178494473258854e-05;3.317665810453078e-05;3.277804492974516e-05;3.17134309834937e-05;3.0319980725498105e-05;2.8968289042238523e-05;2.8270117524809605e-05;2.8253495407476668e-05;2.8891086572970843e-05;2.965888431931576e-05;3.0283437553888397e-05
588.3977165226897;5.1754265906250566e-08;7.439900079136982e-08;1.0176221258026909e-07;1.3528454513185574e-07;1.788618143969839e-07;2.306307028061499e-07;2.537736729152792e-07;2.30427082367565e-07;1.6777814418366226e-07;9.658948119917162e-08;5.6274015283075367e-08;6.48310031093844e-08;1.0386189081151395e-07;1.6196748177047372e-07;2.255615337278897e-07;2.782396852542074e-07;2.9939668556544445e-07;2.77270545820678e-07;2.1611283213172326e-07;1.363147598328002e-07;5.8687558850114665e-08;3.3193201731058426e-08;3.3681636046973066e-08;4.51894653678683e-08;6.523248142098216e-08;8.28365289820719e-08;8.724857385308145e-08;8.125820263623072e-08;7.728470766797836e-08;7.693594936659363e-08;8.695615511013451e-08;8.80037462782842e-08;7.38813125574889e-08;5.8742222184096446e-08;8.683040573419532e-08;1.802483090342431e-07;2.891488495716089e-07;3.6024832689445417e-07;3.932791186477829e-07;4.287349478181714e-07;5.06985087200185e-07;6.608352150473602e-07;1.2124917049491413e-06;2.762894335191424e-06;6.3391493094701525e-06;1.265338767994441e-05;2.1767497908979204e-05;3.3239038692472374e-05;4.670299330813449e-05;6.200629016795645e-05;7.72391916656385e-05;9.145802124843403e-05;0.0001028222127294;0.000110760982445;0.0001156431223286;0.0001176614204654;0.0001172178943361;0.0001144586671793;0.0001089099728569;0.0001005889928742;9.058030858944189e-05;8.055865515081139e-05;7.194259605331242e-05;6.510349067670981e-05;5.9891338334131056e-05;5.594400390265242e-05;5.27636380754168e-05;4.983796567411506e-05;4.720461787855306e-05;4.493333619774224e-05;4.320509860497333e-05;4.214450049934924e-05;4.169663621939028e-05;4.15805276732726e-05;4.140011166797687e-05;4.0934842208635214e-05;4.0312023248375775e-05;3.990471465291797e-05;3.975922611201254e-05;3.976493658962402e-05;3.956616268745006e-05;3.933864227754716e-05;3.8252318257044e-05;3.6644633777468376e-05;3.525722384168301e-05;3.461010209686815e-05;3.4741664497378534e-05;3.563736649030189e-05;3.661027049921903e-05;3.6983903694971904e-05;3.643320665411244e-05;3.5018017625335215e-05;3.3076166796679475e-05;3.127235931872514e-05;2.999642871663581e-05;2.945669896437637e-05;2.9484911895482608e-05;2.986691200624895e-05;3.0352268011540576e-05;3.0701584871327554e-05
590.3919495041773;4.142216186213432e-08;7.07699598918879e-08;1.1145357975289441e-07;1.7067998317099905e-07;2.333986529718544e-07;2.6894128850954054e-07;2.60300580574977e-07;2.1274953843974882e-07;1.386136689199668e-07;7.62889916755011e-08;4.6177026581057685e-08;4.4904569479612987e-08;6.082731169223759e-08;8.185178400756974e-08;9.941767338320468e-08;1.0321740489460249e-07;9.141323377206477e-08;7.17006373979683e-08;4.999286074390608e-08;3.087082142501352e-08;1.9566717791960008e-08;1.7721483026261332e-08;2.642844254619528e-08;5.426001769641696e-08;1.0473817008067417e-07;1.5866433857473724e-07;1.9447659619987504e-07;1.9534482656579234e-07;1.5860583477125144e-07;1.0568895606388727e-07;6.097980079185424e-08;3.2886584510184245e-08;2.0881463766401e-08;2.061906052453432e-08;4.3625530379072396e-08;9.486031956293165e-08;1.5089238595222106e-07;1.9081262447799339e-07;2.193154931630274e-07;2.556160519792361e-07;3.459513459520272e-07;6.47640137577043e-07;1.6003033244481024e-06;3.953689105444703e-06;8.515874313083042e-06;1.5770383910484762e-05;2.5998757288345392e-05;3.911085003511397e-05;5.473003689125969e-05;7.180366473936393e-05;8.859809546264626e-05;0.0001033599283494;0.0001149237288055;0.0001229547709476;0.0001279227438052;0.0001304502363726;0.0001306900549459;0.000128128895644;0.0001220279213369;0.0001123730506752;0.0001003121532532;8.787143024609466e-05;7.71115821902429e-05;6.894252979158734e-05;6.306329861491879e-05;5.873888212476423e-05;5.530020149880532e-05;5.236131745481063e-05;4.974672685032504e-05;4.743751490650557e-05;4.564054414450838e-05;4.461103836061802e-05;4.415010727597839e-05;4.3950812459471496e-05;4.391680170361129e-05;4.379797027318878e-05;4.346736209560583e-05;4.289428595759285e-05;4.2129116850717066e-05;4.114484472560794e-05;3.981553356607301e-05;3.8355215010185554e-05;3.6729087691299263e-05;3.545854211843173e-05;3.4922577818224964e-05;3.5323955296701966e-05;3.642834742603373e-05;3.765696376684127e-05;3.870861221722e-05;3.888740228250936e-05;3.809827260569181e-05;3.654556152672529e-05;3.4690410354561564e-05;3.300040476179636e-05;3.177117313211282e-05;3.0843764707344826e-05;3.0302001986978997e-05;2.989038287106117e-05;2.95335977908088e-05;2.92653156057644e-05
592.3855147897484;7.434082141106346e-08;1.164217822201724e-07;1.4739530132178944e-07;1.6937883669751865e-07;1.805312751652451e-07;1.6376555307492205e-07;1.3731432550093562e-07;1.035438109953943e-07;6.09269372348233e-08;3.3309023974193465e-08;2.1411141461957076e-08;1.5207760073332522e-08;1.144158634718013e-08;9.41938045272234e-09;1.0920998398376925e-08;1.4016654504573334e-08;1.6624774922140006e-08;1.8162256025650192e-08;1.7421451797637118e-08;1.4182280797027304e-08;1.0712223543746006e-08;8.979905921605193e-09;1.2504256541996396e-08;3.1139984407154975e-08;6.837641415513085e-08;1.2093609626781561e-07;1.7588527010924e-07;2.059561516896506e-07;1.929439886790525e-07;1.4256942773601538e-07;9.225697955901265e-08;5.047857652291945e-08;2.923097568790453e-08;1.9512578715206813e-08;1.521654183275731e-08;1.812027990172039e-08;3.011548810897804e-08;5.6048005298975596e-08;1.0102375391321157e-07;1.5750383824230873e-07;2.171347562692721e-07;5.205574917158952e-07;1.761045887297789e-06;4.950074173909856e-06;1.079864817189168e-05;1.9733135933277783e-05;3.170892235398182e-05;4.594148623548999e-05;6.163883642161953e-05;7.803776523588914e-05;9.367133208338132e-05;0.0001079208502324;0.0001203632031431;0.0001305163681105;0.0001375696895965;0.0001407478136739;0.0001394696369686;0.0001342848451526;0.0001266104942648;0.0001166016156212;0.0001051457947069;9.364891908874511e-05;8.316807558893913e-05;7.442587625251413e-05;6.751707316427178e-05;6.203442375925586e-05;5.7494926119540434e-05;5.38836743028851e-05;5.114424353547762e-05;4.908394221792151e-05;4.754625427570575e-05;4.6475977952372544e-05;4.586153022048784e-05;4.560661604789702e-05;4.552691322307221e-05;4.531654873886316e-05;4.468842282491097e-05;4.3558400125691225e-05;4.201283259965111e-05;4.026482426980698e-05;3.853486988753056e-05;3.681472696389168e-05;3.5715180465552014e-05;3.518170102906469e-05;3.5136849618262216e-05;3.545078929137407e-05;3.581747256613724e-05;3.610918440852543e-05;3.621284733024987e-05;3.608812252588445e-05;3.568258011287401e-05;3.495302632952393e-05;3.3937524405159065e-05;3.277298657929037e-05;3.164872662047368e-05;3.067036429722721e-05;2.99661962317394e-05;2.9390951476606205e-05;2.891217006871219e-05;2.8552422555585283e-05
594.3784123699479;6.679984853128582e-08;7.788914975689923e-08;7.801949852998634e-08;6.712681911914947e-08;4.83485869834956e-08;3.1186008425636294e-08;2.577409717857064e-08;3.647980681389634e-08;5.064772290877664e-08;5.531144280858729e-08;4.773405602581876e-08;3.177973335191148e-08;1.720555263177935e-08;9.716966100358708e-09;6.720659391619656e-09;5.4969996091173404e-09;5.489790827358794e-09;6.4504352321409196e-09;6.914693957028007e-09;6.88836485709083e-09;6.5880067718385795e-09;6.104517741958607e-09;5.184915623950737e-09;7.641803488743357e-09;1.6074046351559235e-08;3.3042612294889434e-08;5.843065080665631e-08;8.163295247143614e-08;9.342300911162405e-08;8.72919854253688e-08;6.71845578829451e-08;4.2527024248780586e-08;2.429158302377568e-08;1.4179507055097533e-08;8.814585841154641e-09;1.8616355253977072e-08;4.738660766185276e-08;8.979819259480787e-08;1.31248053918877e-07;1.5214699068634882e-07;1.609275816962857e-07;3.244803137516205e-07;1.4594874315610674e-06;4.773508559875103e-06;1.1229327458975483e-05;2.139282688819965e-05;3.4743482414298466e-05;5.006897501681249e-05;6.599805137893502e-05;8.154369757530479e-05;9.660871129139545e-05;0.0001114734581015;0.0001258696115371;0.0001383626488584;0.0001468353636994;0.0001501507990567;0.000148180012181;0.000142006925759;0.000133200348714;0.0001225958892624;0.0001110925331117;9.94703678462634e-05;8.847330576822665e-05;7.877417876671263e-05;7.075342284875713e-05;6.467770256864358e-05;6.034016151806583e-05;5.6874439694905456e-05;5.408704839415895e-05;5.16194414396373e-05;4.929903626601236e-05;4.708703802649142e-05;4.564055329674944e-05;4.479500788809679e-05;4.429796163278321e-05;4.375092796785807e-05;4.278581063779544e-05;4.131898320664304e-05;3.9532894819487415e-05;3.780243409254517e-05;3.651262974521807e-05;3.571221852508468e-05;3.548026516569246e-05;3.537297053536838e-05;3.511749176510537e-05;3.464569780991887e-05;3.399416690619505e-05;3.3367120851742114e-05;3.287701570625882e-05;3.279052929002002e-05;3.2979265701575485e-05;3.321479057974415e-05;3.327442843088208e-05;3.3060040447929835e-05;3.2534154007421694e-05;3.1888088994183656e-05;3.122060709908925e-05;3.0599171983712376e-05;3.012312060539053e-05;2.982009807915215e-05
596.3706422354953;6.20082519904432e-08;3.9673068298877834e-08;2.1688396486381773e-08;1.2891253130306234e-08;1.366365573194325e-08;3.0255875426106594e-08;7.23083614650406e-08;1.3623288963292046e-07;1.9149707717612658e-07;2.0634381245289834e-07;1.753186850837936e-07;1.1659143191075877e-07;6.142106578034308e-08;3.1367382073809764e-08;2.0135915362268833e-08;1.887906237811648e-08;2.987819888279237e-08;5.223666406058717e-08;7.674049375176429e-08;9.213089984626385e-08;9.07645246464307e-08;7.601192791961133e-08;6.137290309538787e-08;5.953209260288261e-08;7.714650798596408e-08;1.1000270960633453e-07;1.47684188006906e-07;1.734579528857023e-07;1.7195403721655258e-07;1.437398379702291e-07;1.0179922629276772e-07;6.15790745846209e-08;3.4612530617348015e-08;2.1285770284518664e-08;1.7485080627066018e-08;3.203445628283778e-08;8.16105897432168e-08;1.7376109630371046e-07;2.996557226606053e-07;4.161964958945814e-07;5.098149125177463e-07;6.888577828454556e-07;1.559381284944432e-06;4.11597106306915e-06;9.704763048892843e-06;1.96393837126545e-05;3.404471377171024e-05;5.192397574206818e-05;7.088836686265453e-05;8.87894444023097e-05;0.0001059033431567;0.0001215548800241;0.0001358181630302;0.0001474238100826;0.0001546668738642;0.0001572439206913;0.0001554274331951;0.0001497423188717;0.0001408549454645;0.0001301237860332;0.0001183216184192;0.000105541813784;9.26046960682856e-05;8.105722115157446e-05;7.21404778375981e-05;6.61085075521688e-05;6.223110167146962e-05;5.928713226199163e-05;5.647622641442212e-05;5.346313570553031e-05;5.038201430569158e-05;4.7702044766731e-05;4.574079207372371e-05;4.457316889603466e-05;4.389852258187594e-05;4.321978292663865e-05;4.228449904826284e-05;4.111297945475642e-05;3.9889359497972126e-05;3.872195035423225e-05;3.783517986405717e-05;3.7058886428441496e-05;3.6276703717364495e-05;3.564263017568354e-05;3.4780709659586266e-05;3.384762843967477e-05;3.318206598402832e-05;3.3011207488373514e-05;3.365036158954062e-05;3.4455415130387735e-05;3.492726463386398e-05;3.5072928097175385e-05;3.485795710130843e-05;3.418735362443496e-05;3.358820124267249e-05;3.2739672397850736e-05;3.192276608456312e-05;3.128293438612736e-05;3.0869983516079104e-05;3.064117056704273e-05
598.3622043773103;4.517269206050999e-08;2.7593726902909475e-08;1.6140829746410162e-08;1.1996373723995228e-08;2.138439823849664e-08;5.861434559790068e-08;1.3460379472481237e-07;2.344209208002712e-07;3.148390490770768e-07;3.3432534958102285e-07;2.858736428712684e-07;1.982343476695338e-07;1.0848784751329285e-07;5.3334208780372394e-08;3.268380538125265e-08;3.1284587437275296e-08;5.3687193873455844e-08;9.9511734887868e-08;1.5262603970246458e-07;1.941649088108823e-07;2.112371279680282e-07;2.011610043410105e-07;1.793160742047208e-07;1.6710637018669298e-07;1.8418904400717946e-07;2.3358237584413481e-07;2.977616837676625e-07;3.343765397166457e-07;3.106029764542407e-07;2.395999425899413e-07;1.5382245945040472e-07;8.532003644760704e-08;5.0767032552636685e-08;3.9176109803462e-08;3.63878014877351e-08;5.1586238727969774e-08;1.1163710084375768e-07;2.405920825435397e-07;4.4971543106108164e-07;6.868987443547854e-07;9.15859169932892e-07;1.2940874783705482e-06;2.2592734718205637e-06;4.504093883885352e-06;9.450101800065384e-06;1.8895476453778698e-05;3.387830993911557e-05;5.404118502020477e-05;7.732171425378558e-05;0.0001008060593283;0.0001219831230065;0.0001393153065597;0.0001519702721633;0.0001600711421476;0.0001640145298121;0.0001642730350425;0.0001614251129307;0.0001559019595672;0.0001478916455249;0.000137501470279;0.0001251684243606;0.0001114839930638;9.73343811423116e-05;8.432962173329759e-05;7.41279395501324e-05;6.708805089221357e-05;6.225396624555198e-05;5.870321697967293e-05;5.5586511012481184e-05;5.2730694222155326e-05;5.039245562454496e-05;4.865051884613266e-05;4.742292079284869e-05;4.678378534905695e-05;4.6137378267600696e-05;4.520185991394456e-05;4.410386576020535e-05;4.293434419064348e-05;4.180264253630096e-05;4.079487786113324e-05;3.9907587294037e-05;3.904348627602697e-05;3.816339868804363e-05;3.730026073252684e-05;3.6485292222856e-05;3.606115959218589e-05;3.633537569598964e-05;3.7174888870938686e-05;3.811126660660117e-05;3.8551515578735335e-05;3.822508278832128e-05;3.720100529420391e-05;3.5908188909358624e-05;3.445560745924822e-05;3.300378798335596e-05;3.1665848449127344e-05;3.0630509179838704e-05;3.000335540380711e-05;2.972615589866804e-05;2.964547151225965e-05
600.3530987865161;2.2982311793044235e-08;1.5716400706573016e-08;9.646290304227648e-09;9.083857771123537e-09;2.2806359105389293e-08;6.134405114895111e-08;1.248776660694824e-07;1.9979818811871267e-07;2.602774548723464e-07;2.7792345201353015e-07;2.448610783345265e-07;1.7996306002350558e-07;1.1081673682983373e-07;6.007430575585315e-08;3.4668621792586476e-08;2.755944820270576e-08;3.5482457591718056e-08;5.772903666221756e-08;8.78635667670963e-08;1.2348326370061374e-07;1.617401719044345e-07;1.867127968298059e-07;1.867745180785081e-07;1.683597728762927e-07;1.470611514779243e-07;1.4414851397022445e-07;1.6201453603607926e-07;1.7349083177749233e-07;1.5866399539257894e-07;1.215889341963493e-07;7.82449784176209e-08;4.529537340152997e-08;3.205747239798327e-08;3.093591485215116e-08;3.1600592876273274e-08;3.8153645238938665e-08;6.476978632400276e-08;1.2592988351789565e-07;2.340055816224119e-07;3.715780087141378e-07;5.809930773333555e-07;1.1112796994973002e-06;2.513635302133836e-06;5.740447613259952e-06;1.2171338303875598e-05;2.3365010113867704e-05;4.030630794571116e-05;6.302588937410857e-05;8.982878773885353e-05;0.0001170210864579;0.0001412339933196;0.0001605409078026;0.0001742249274104;0.0001823509269243;0.0001854047258573;0.0001842337961448;0.0001797715366783;0.0001724513743432;0.0001625248381475;0.0001503409407845;0.0001364201412569;0.0001216408076561;0.0001068239209023;9.291242647553447e-05;8.095504711735707e-05;7.15855181886604e-05;6.481992600106239e-05;6.012943438219011e-05;5.6886547310935976e-05;5.473527273886124e-05;5.341654079802389e-05;5.235135118067374e-05;5.130953960129144e-05;5.006356968355775e-05;4.856425957202092e-05;4.687888512374336e-05;4.52247330960573e-05;4.3568575428197726e-05;4.202647900506248e-05;4.079579093559392e-05;4.005029900991493e-05;3.98737098636093e-05;4.013090906133211e-05;4.052486909873484e-05;4.0989683570023593e-05;4.145031715647336e-05;4.1745925671946485e-05;4.163807569453635e-05;4.084196955118783e-05;3.963835846600631e-05;3.816715005157371e-05;3.677242091836277e-05;3.562529830767927e-05;3.489147574897588e-05;3.386841090097704e-05;3.285805051861749e-05;3.169453952915532e-05;3.060583193750516e-05;2.9945887683653728e-05;2.965168520664269e-05
602.343325454407;1.591209957866576e-08;9.494847439789076e-09;5.445985057231483e-09;5.831908522695766e-09;1.296539907415776e-08;2.7645474106898433e-08;4.923740065526646e-08;7.309598026286295e-08;9.308423420512552e-08;1.0348591446652969e-07;1.0987291599080808e-07;1.1222939491316649e-07;1.0451100261391329e-07;9.397030687923408e-08;6.593993314947355e-08;3.8144740535459426e-08;2.1326725653140552e-08;1.4623378370435494e-08;1.4335766041399152e-08;2.4093507554297992e-08;4.521605345207228e-08;6.648616364845433e-08;7.375261000257221e-08;6.3585098903631e-08;4.1233866950916695e-08;2.2152652165070153e-08;1.7978269600239698e-08;2.556509058647505e-08;3.492548204402118e-08;3.792883724106189e-08;3.1907878795031653e-08;2.11091088576588e-08;1.3440906467114458e-08;1.2377147228712122e-08;1.2271391287449958e-08;1.1031141771665054e-08;9.04695076627958e-09;9.424435029643758e-09;1.805291150576764e-08;4.082422671516888e-08;1.2813805292113585e-07;6.526044356511984e-07;2.436258504422728e-06;7.139577923008075e-06;1.6476069065381665e-05;3.1435725136668505e-05;5.213428824429708e-05;7.762886501718881e-05;0.0001051512870795;0.0001332143136004;0.0001593758652531;0.0001819571307696;0.0001997542981906;0.0002118104664074;0.0002175270941524;0.0002170088890679;0.0002106839945084;0.0001996546324777;0.0001852499205308;0.000168972244831;0.0001520883930671;0.0001356416986426;0.0001202059318886;0.0001059543901953;9.29747636391084e-05;8.169985788210771e-05;7.289451613229708e-05;6.696033903946256e-05;6.328648475444831e-05;6.099703105182317e-05;5.908875180031927e-05;5.716735365196823e-05;5.476224780642148e-05;5.214291233978381e-05;4.9868466728922537e-05;4.824586530405304e-05;4.705639302775897e-05;4.59162770560801e-05;4.459200434458949e-05;4.317262448007266e-05;4.1986270028232895e-05;4.141498824723137e-05;4.184225943072376e-05;4.28060924627821e-05;4.370506696589457e-05;4.398903966364112e-05;4.337704048387763e-05;4.195866904138477e-05;4.014197635124335e-05;3.840120487531374e-05;3.7113186324283166e-05;3.641066653530053e-05;3.618919371871243e-05;3.640502333938209e-05;3.6617393102027904e-05;3.652286331309014e-05;3.5950850428915155e-05;3.489850437123629e-05;3.38959069941333e-05;3.312741278640891e-05
604.3328843724958;6.385456371415634e-09;3.611757695408974e-09;3.105350562334012e-09;8.047794549270993e-09;2.1378777726978667e-08;4.334424652146318e-08;7.021015086237027e-08;9.317716123259133e-08;1.0353776143808345e-07;1.0317598480224178e-07;1.0483933488000068e-07;1.205076915798105e-07;1.4303483371205426e-07;1.5484051328614386e-07;1.4707630881493198e-07;1.245783512300342e-07;1.0283857527778233e-07;8.681018593079265e-08;7.007463570115869e-08;5.31208795654407e-08;3.914232466869704e-08;3.002128205637469e-08;2.4335809871681648e-08;2.2608841838795e-08;2.901959835967021e-08;4.6357098958765865e-08;7.632893838702217e-08;1.119830393983399e-07;1.345199145573013e-07;1.3028864661259106e-07;1.0197878194166618e-07;6.332252156450463e-08;3.316331461711287e-08;1.852424475017083e-08;1.6809845895074697e-08;2.435286934664342e-08;3.4100543340366524e-08;4.1539744486455076e-08;4.732060838796307e-08;4.3300376264704134e-08;7.569262222747695e-08;6.715044823003079e-07;2.950923899553103e-06;8.713576938937538e-06;1.972733329706148e-05;3.666076590680321e-05;5.891156380981377e-05;8.500024703062356e-05;0.000112968833593;0.0001418307648725;0.0001706100803802;0.0001985129573737;0.0002219481839432;0.0002386281657135;0.0002469046841746;0.0002467242531732;0.0002381345551759;0.0002236068448491;0.0002047767785033;0.0001839695740637;0.0001638719979261;0.0001457916351941;0.0001297624457703;0.0001155086292291;0.0001026310258481;9.122069226976908e-05;8.169482749867133e-05;7.434740588661272e-05;6.910186913193858e-05;6.524455755835959e-05;6.190290141036091e-05;5.875652811933722e-05;5.552074293192134e-05;5.254490262210827e-05;5.0273212227472376e-05;4.899097400833847e-05;4.849037684794924e-05;4.829948292192065e-05;4.7757770103412406e-05;4.674787313087033e-05;4.543986874207591e-05;4.441281707444977e-05;4.4019174322327935e-05;4.394283730810094e-05;4.384901980576968e-05;4.343980694759306e-05;4.257184767163352e-05;4.131104731975751e-05;3.979857802874298e-05;3.842875996230222e-05;3.765954711395771e-05;3.738163119548995e-05;3.744249012769609e-05;3.774845081740354e-05;3.802532999069674e-05;3.831089165248107e-05;3.8414265918856015e-05;3.8267946944309605e-05;3.7791467642841285e-05;3.728384520996565e-05
606.3217755324767;3.31532714203745e-08;5.735530121500576e-08;7.962874218701816e-08;9.34969146896503e-08;1.0567726573854324e-07;1.2589843687033138e-07;1.575840750434945e-07;1.9218746929488293e-07;2.0874316668995333e-07;1.977014552869953e-07;1.6540850909320474e-07;1.3886889971549516e-07;1.484663070799475e-07;1.7201741203099445e-07;2.0810934288004169e-07;2.3796005933622525e-07;2.3741085697068627e-07;2.0713227175967225e-07;1.5747604585812705e-07;1.076200848849265e-07;7.291343975435267e-08;6.29399558176219e-08;7.288372433438199e-08;9.056157077467402e-08;1.1347577914470988e-07;1.388645712557443e-07;1.561264577823148e-07;1.8457035219985226e-07;1.8933034161198947e-07;1.679957192604139e-07;1.303137816095932e-07;9.070251232515045e-08;5.893385922579363e-08;3.9660299363220174e-08;3.636511048102106e-08;4.775141675032085e-08;6.408850864671139e-08;7.352807170294575e-08;7.111958490981916e-08;5.7141045615063055e-08;1.1068308661237207e-07;7.817031107769932e-07;3.163019707406239e-06;8.734395090836063e-06;1.9263351675205655e-05;3.591916271498875e-05;5.840825731819292e-05;8.55018845383424e-05;0.0001158342035414;0.0001471692893935;0.000178379895281;0.0002084036530389;0.0002343702633414;0.0002529958724308;0.0002624430874118;0.0002626007548033;0.0002537634966559;0.0002381448512234;0.0002175346860571;0.000194558143788;0.000172414257239;0.0001530985428297;0.0001360244802721;0.0001212319317263;0.0001080578093067;9.629133135542616e-05;8.612769924677009e-05;7.781748722734775e-05;7.130280195991207e-05;6.62512198212331e-05;6.222350268386364e-05;5.869932555162556e-05;5.54848133821692e-05;5.268803176316177e-05;5.048430341134701e-05;4.910468344157824e-05;4.841250516094319e-05;4.815124290007049e-05;4.808222932598661e-05;4.768934082173926e-05;4.706263259494907e-05;4.664308099041963e-05;4.613555410909394e-05;4.5555737751424337e-05;4.4972891494435066e-05;4.404027407211123e-05;4.301682109080121e-05;4.186003489282907e-05;4.073520328410255e-05;3.9962945137296966e-05;3.97310974546354e-05;3.9680433911527504e-05;3.958602929470776e-05;3.926657146495021e-05;3.889656173913888e-05;3.8615570756130464e-05;3.8519333606160656e-05;3.874124873848233e-05;3.8906023384189736e-05;3.897655796275407e-05
608.3099989262337;6.62570905502176e-08;1.1426509670186423e-07;1.5675894099989346e-07;1.7060896487904726e-07;1.5638858404390978e-07;1.3136328204854793e-07;1.1288419623148353e-07;1.1125373265079049e-07;1.1392721661406397e-07;1.0501495172412577e-07;8.388623863468376e-08;6.65826069556373e-08;7.699306876523275e-08;1.217523859875507e-07;1.828693895602005e-07;2.272898875570257e-07;2.2841464525466282e-07;1.864430099106915e-07;1.271060431122473e-07;7.80086202185765e-08;5.5754696324693074e-08;6.806882696236216e-08;1.0470310188346533e-07;1.3937091440951837e-07;1.573777249825054e-07;1.541788429888124e-07;1.3254432305431734e-07;1.1103975559458362e-07;9.553697286071669e-08;8.12023506028466e-08;7.171702398174906e-08;6.608348977123522e-08;6.075762025607858e-08;4.9823528570100685e-08;3.9534755218881983e-08;3.5467063416727167e-08;3.772971504147101e-08;4.05215700951682e-08;5.025716185955033e-08;8.893481876763006e-08;2.2593500251163442e-07;8.018827239862767e-07;2.5889346586765176e-06;6.832367474842903e-06;1.589341897179032e-05;3.2070867209587706e-05;5.574692288547476e-05;8.557496025928809e-05;0.0001183838289892;0.0001512691248014;0.0001825413436939;0.0002110159519761;0.0002351317211522;0.0002532386966737;0.0002636278793543;0.0002651998481734;0.0002580970750219;0.0002437308676892;0.0002240620263716;0.0002020141093606;0.0001801038867819;0.0001598617519197;0.0001417652153606;0.0001257411116807;0.0001112986901323;9.837049851678896e-05;8.72389648361184e-05;7.830970154029199e-05;7.136092424746844e-05;6.609611437330869e-05;6.210652638512221e-05;5.873315118841443e-05;5.5638386336050605e-05;5.290505288986822e-05;5.071360735206696e-05;4.9105719223328577e-05;4.8005769024845525e-05;4.740052530446509e-05;4.7072715341304135e-05;4.685927057500362e-05;4.668437343549782e-05;4.636392670708144e-05;4.6076163840985305e-05;4.560404215554244e-05;4.490093977967071e-05;4.39452310523509e-05;4.278431043963007e-05;4.154057442179924e-05;4.0486298496607726e-05;3.9909886969378377e-05;3.986273301582552e-05;4.016911707278362e-05;4.044381828902132e-05;4.026152853756545e-05;3.975894103549348e-05;3.899767470240669e-05;3.828753504968535e-05;3.773501590238897e-05;3.739473695266309e-05;3.721834260804543e-05
610.297554545843;3.313011400811134e-08;5.7133557363545775e-08;7.825107182849556e-08;8.287425774414098e-08;6.939561605001202e-08;4.592993444461133e-08;2.2939192545465467e-08;1.0260817843091583e-08;6.785618361141732e-09;5.7317958700657365e-09;3.4811880455263503e-09;5.412297220671957e-09;1.5937197332734294e-08;4.09311775002284e-08;7.30912182310286e-08;8.754527184323998e-08;8.176960524590885e-08;5.995774458349693e-08;3.5431624998874914e-08;1.8817689228244933e-08;1.552498504710771e-08;2.7638247626914163e-08;5.0598847448175485e-08;7.497008238302018e-08;1.015069810232248e-07;1.1157719120450643e-07;1.1063633430923794e-07;7.889303457784543e-08;4.6858092353085014e-08;3.098558825199144e-08;3.34111672201273e-08;3.9809704150692246e-08;4.3298321873861394e-08;3.9396648446880824e-08;2.993079201710029e-08;2.01930563955161e-08;1.4549799579047252e-08;1.1989618674045456e-08;3.606344399452144e-08;1.2369153843542066e-07;3.224679320777158e-07;8.856330452039873e-07;2.53205369874792e-06;6.4873622229681285e-06;1.545938608638884e-05;3.1873783787116743e-05;5.5753236856449465e-05;8.651500831568585e-05;0.0001205797997757;0.0001533969641565;0.0001836397455404;0.0002104127343638;0.0002328087941047;0.0002504969939842;0.0002618708039443;0.0002650548021007;0.0002595082324814;0.000246341633614;0.0002277489093524;0.0002067714260442;0.0001850811571622;0.0001634895269131;0.0001430979688341;0.0001249655354331;0.0001093738056737;9.621699716494408e-05;8.53630674915863e-05;7.654754095819967e-05;6.968250801284092e-05;6.45461481523777e-05;6.070018352328385e-05;5.763067264429406e-05;5.508408545232233e-05;5.293439435972533e-05;5.104239402700781e-05;4.9416024388538114e-05;4.808206921240782e-05;4.701117996698531e-05;4.571090295231659e-05;4.464254870725192e-05;4.389352510276704e-05;4.338475241142561e-05;4.328253314983773e-05;4.347694735698172e-05;4.371279976954316e-05;4.384143977473212e-05;4.335052300148535e-05;4.236636179381237e-05;4.10726073691437e-05;3.951298539448274e-05;3.81756835340607e-05;3.736941433604471e-05;3.727816234274059e-05;3.780037688448845e-05;3.860278953767295e-05;3.918260791579547e-05;3.898936077476128e-05;3.830016201183026e-05;3.7439903472135855e-05;3.680318984332427e-05
612.2844423835886;3.0853744611828525e-08;5.359486165026069e-08;6.619970122039036e-08;6.160047965290729e-08;4.2734221961985534e-08;1.4991828108274935e-08;6.371464320707544e-09;8.15777522869071e-09;1.838252520222185e-08;3.5992175862556105e-08;5.6491552491708254e-08;7.10758210389956e-08;6.294776977583682e-08;4.186760687238432e-08;2.3718897259377783e-08;1.3046924975775928e-08;8.503469619142333e-09;7.485784516048808e-09;6.387625906396287e-09;5.561574267270419e-09;7.877381495432903e-09;1.4072311109387094e-08;2.2194532706021385e-08;3.5184491452596836e-08;6.458920370586705e-08;1.046105903537018e-07;1.3433168585748148e-07;1.336191522955538e-07;1.0541798158433805e-07;6.782803290848295e-08;4.5981989235148616e-08;3.620486787590184e-08;2.8523173559527567e-08;2.3714665300911383e-08;2.602080463499928e-08;4.084327431602005e-08;6.046776760010947e-08;6.961001700354468e-08;7.504842307478402e-08;1.1892578683005188e-07;2.461847329452067e-07;8.565689007674119e-07;2.824003596693732e-06;7.575114764002884e-06;1.781133614854542e-05;3.5277741589813024e-05;5.97897316617646e-05;8.993274710053224e-05;0.0001229822111174;0.0001556974461755;0.0001862228600237;0.0002128555019805;0.0002351490407967;0.000252124468962;0.0002627547311852;0.000265941971516;0.0002616017914876;0.0002499143816594;0.0002325720964808;0.00021161893296;0.0001884743227376;0.0001647177222062;0.0001421675742608;0.0001225381523458;0.0001062791674127;9.31767954051931e-05;8.282061566128882e-05;7.453458874889923e-05;6.815142327092389e-05;6.328509971903246e-05;5.959979427579407e-05;5.679190100449099e-05;5.480186260120476e-05;5.327273395872085e-05;5.186620107514957e-05;5.0405570536443e-05;4.8795406025280966e-05;4.67811168817679e-05;4.442308438507146e-05;4.238143540193567e-05;4.112646992861245e-05;4.113248943663884e-05;4.190834606041024e-05;4.335055562556725e-05;4.453239278471988e-05;4.504854848371642e-05;4.489077199242844e-05;4.406651347889443e-05;4.264596963862907e-05;4.069238935731159e-05;3.839036137386272e-05;3.638594337366637e-05;3.5479111979380606e-05;3.598403828844011e-05;3.762616457632493e-05;3.937478488637244e-05;4.028551950052062e-05;4.039623343711745e-05;4.000368497062992e-05;3.954803755110008e-05
614.2706624319217;6.166860162889948e-08;1.0710119262389346e-07;1.322995489802498e-07;1.2331807714108888e-07;8.70357854966982e-08;4.8683653033624316e-08;3.27919637057993e-08;4.3184669662681067e-08;7.345992348989553e-08;1.2106636311762905e-07;1.740777186650597e-07;2.042620084138516e-07;1.9122708000236258e-07;1.4714646988238984e-07;9.311897932876733e-08;4.947181509556429e-08;2.826975649754597e-08;2.0055894271454664e-08;1.5892808206107727e-08;1.3261344925150441e-08;1.828513421435976e-08;3.0567117382720044e-08;4.240543799326049e-08;4.9798074901188876e-08;5.1027081100843554e-08;6.91444051648634e-08;1.1222504082845525e-07;1.6029948805810357e-07;2.050395982709485e-07;2.0393330934828418e-07;1.670999010126014e-07;1.0912020681466105e-07;5.509573027256626e-08;2.7970183458302016e-08;3.064131542617364e-08;6.118061806802781e-08;1.0153739961266353e-07;1.2302171006769898e-07;1.1264970190217798e-07;8.762226632851818e-08;1.2989545935879806e-07;6.546166575053643e-07;2.5708826695664304e-06;7.572668664602366e-06;1.845902092840708e-05;3.736954258936409e-05;6.419726225184002e-05;9.686221987942376e-05;0.0001316419095517;0.0001656424220457;0.0001963302771601;0.0002228834572874;0.0002447014058466;0.0002613448375557;0.0002724690548666;0.0002773778447313;0.0002748100688747;0.0002637041638011;0.0002449678004278;0.0002208396875482;0.0001944773267629;0.0001685078058506;0.0001452411169987;0.000125366270393;0.000109028322414;9.58447780885816e-05;8.541248505861484e-05;7.718707456139839e-05;7.082183091159833e-05;6.598712810431095e-05;6.231178533050051e-05;5.941442453302943e-05;5.7105755475038427e-05;5.5245344184601566e-05;5.366884049435739e-05;5.19003228415588e-05;4.97819138795881e-05;4.730182529723644e-05;4.517355331054967e-05;4.4001969206724095e-05;4.416539380442423e-05;4.517899502529257e-05;4.62843548771809e-05;4.6801991378610445e-05;4.642907806464898e-05;4.536775993258301e-05;4.423728735383423e-05;4.3381634844399066e-05;4.276129903483117e-05;4.2184431197176606e-05;4.117656780093057e-05;4.009644064286521e-05;3.9204460982675656e-05;3.865340470732318e-05;3.864986418815264e-05;3.911792453609791e-05;3.948938703428013e-05;3.9645169566742365e-05;3.960187322062269e-05;3.948565831387719e-05
616.2562146835116;3.086235409819497e-08;5.3785680233651676e-08;6.782773937561477e-08;7.104065818672485e-08;7.489458420241477e-08;1.0136771140538345e-07;1.383142300198003e-07;1.84347107756792e-07;2.239542245717311e-07;2.520977854441728e-07;2.7364647730668485e-07;2.732235501476887e-07;2.50649989585802e-07;2.0249998242397634e-07;1.342668958810598e-07;7.40753172420714e-08;4.218994217441564e-08;2.8382171347838663e-08;2.1891715341825357e-08;2.041233243701501e-08;2.387939580221312e-08;3.036217711714869e-08;3.517944210038292e-08;3.641688227206766e-08;3.5492589267366814e-08;4.15225601438574e-08;8.610258455460824e-08;1.8035693902637642e-07;2.713827827841979e-07;3.062669769362791e-07;2.670940228966901e-07;1.726991689698305e-07;8.06978795633234e-08;3.774426497328765e-08;3.330835063370776e-08;4.9833183562630315e-08;7.230278780384298e-08;8.315413385010628e-08;7.488962072456028e-08;4.845403885659292e-08;9.614600235763109e-08;6.10728101525904e-07;2.5250343894759856e-06;7.598908670748394e-06;1.858583540146031e-05;3.846221473736221e-05;6.793633073363084e-05;0.0001049287057122;0.0001445159429385;0.0001818462065325;0.0002145548264096;0.0002423326544405;0.0002653828994772;0.0002837755479082;0.0002971218880179;0.0003037462381604;0.0003012043504139;0.0002882814926827;0.000265885525978;0.0002374080702952;0.000207938500992;0.000180338644522;0.0001556141814635;0.0001343085347977;0.0001166347278777;0.0001023077782978;9.092901909626048e-05;8.193113145614402e-05;7.49524810546638e-05;6.99509957733574e-05;6.647559220825438e-05;6.416133229926537e-05;6.254055278562574e-05;6.10698536036765e-05;5.9065276147312114e-05;5.6279741137688514e-05;5.304246087562194e-05;5.014876963984901e-05;4.8452955405683525e-05;4.8129467481997245e-05;4.889845244088413e-05;4.989084150325854e-05;5.0176682939224746e-05;4.888533428994955e-05;4.657414183718919e-05;4.425666834416817e-05;4.286159236987271e-05;4.258678627289963e-05;4.311144485805587e-05;4.399372546150338e-05;4.4448225163624086e-05;4.4168566562054136e-05;4.3296246487208736e-05;4.212852259009704e-05;4.092774156693729e-05;3.991185809997845e-05;3.920257107917518e-05;3.871558908363857e-05;3.8353626993982494e-05;3.8114970817637904e-05
618.2410991311917;7.45394000077867e-11;5.175401388219553e-10;4.8494723535020115e-09;2.528895543007548e-08;7.320064050538046e-08;1.464231265398307e-07;2.2853757802483978e-07;2.973735301114924e-07;3.309938423470053e-07;3.206759695763926e-07;2.830107544915952e-07;2.3088494427273937e-07;1.7530065605644097e-07;1.275957059554519e-07;8.541290836461057e-08;5.1710497833537655e-08;3.33569788530551e-08;2.5317402514954183e-08;2.3930938708167475e-08;3.4776962418250214e-08;5.6174718468110026e-08;7.640726054331395e-08;8.21405044125825e-08;7.28864870747932e-08;6.07014101474517e-08;5.613956001645895e-08;6.939920229983962e-08;1.1373755655167421e-07;1.4819810118398562e-07;1.588049225361447e-07;1.3862801717440114e-07;9.408178273772612e-08;4.9963318454966586e-08;2.7125294469669798e-08;2.213807576918014e-08;2.810984285328633e-08;3.8353622398067355e-08;4.738476719817031e-08;4.846894147947338e-08;3.853482746252592e-08;8.37924061483964e-08;5.619256288532753e-07;2.7100069596484065e-06;8.569885670237877e-06;2.0994499401129028e-05;4.285992719314965e-05;7.472989315406776e-05;0.000113871657205;0.0001565835863998;0.000198779941477;0.0002375995132767;0.0002711856546441;0.000298360695767;0.0003187404513095;0.0003316485219591;0.0003358539134349;0.0003306617647945;0.0003162399495994;0.0002931014462117;0.0002634045468599;0.0002312142500434;0.0001997832174642;0.0001713627328017;0.0001468463093205;0.0001263439900819;0.0001094592830061;9.572382030361052e-05;8.491524240835388e-05;7.69795240523688e-05;7.189274760167984e-05;6.928530137853927e-05;6.81828814129588e-05;6.768448601797636e-05;6.695955605984038e-05;6.532005839483261e-05;6.246274621621386e-05;5.874506575616666e-05;5.510632128780728e-05;5.255783809276402e-05;5.129804135404324e-05;5.096034728828448e-05;5.072182125255753e-05;4.956240558012462e-05;4.750815233364435e-05;4.519694113221584e-05;4.350223411665806e-05;4.286686267775986e-05;4.347013358779846e-05;4.464933262216947e-05;4.563263436200643e-05;4.57736258870376e-05;4.538201311126566e-05;4.475650181509404e-05;4.419337782525001e-05;4.358920884512749e-05;4.267535514323538e-05;4.1684027420908144e-05;4.05790773381572e-05;3.9635938990234894e-05;3.8997184542076505e-05
620.2253157680134;1.194828771159444e-07;1.3548473835356696e-07;1.3511206256269197e-07;1.2609795774334237e-07;1.238834851793567e-07;1.378277976223921e-07;1.5392827693956168e-07;1.718789631607692e-07;1.763205505321726e-07;1.6455162691222221e-07;1.3676309304850956e-07;1.0075734046003182e-07;6.291699757316347e-08;4.1482483085955665e-08;4.0080186639345285e-08;5.083203518298425e-08;6.937904154722487e-08;8.177092965772289e-08;8.543689170160676e-08;9.121975805268709e-08;1.1348218652009548e-07;1.398959021428056e-07;1.4451880274490597e-07;1.219636244011202e-07;8.575635602903704e-08;5.9590530304990455e-08;4.580711089518828e-08;3.500208344644929e-08;2.4431702891304925e-08;1.9253957167699617e-08;2.0420861391994884e-08;2.1395055474030986e-08;1.8631602130158084e-08;1.3434901425124517e-08;9.999814849983329e-09;1.3871847566354589e-08;2.936311679913681e-08;4.779558242414391e-08;5.5033365145909546e-08;4.6234199118257284e-08;5.5808998242936745e-08;4.2521168473963764e-07;2.697168568688524e-06;9.87986807106273e-06;2.4901022581214097e-05;4.9844679280758025e-05;8.434195304432286e-05;0.0001264484769082;0.0001732775478193;0.0002209315797807;0.0002654432401753;0.0003041651356024;0.0003352060031385;0.0003573086893157;0.0003696626222799;0.0003723839908647;0.0003661016835729;0.0003513234493584;0.0003274148921511;0.0002950095112877;0.0002576735945509;0.0002205330216969;0.0001874900028728;0.0001599071151127;0.0001376700713534;0.0001198489701718;0.0001055445215685;9.426291588208244e-05;8.535048536716934e-05;7.861791971095316e-05;7.433460613420905e-05;7.197776595013915e-05;7.067879149347771e-05;6.953958819457596e-05;6.794869390961882e-05;6.54481635254581e-05;6.219024503344376e-05;5.8769159633197576e-05;5.59508182838166e-05;5.413572808455816e-05;5.305762720124112e-05;5.214087348633919e-05;5.073026535855895e-05;4.9001995761130805e-05;4.756455606561624e-05;4.671887909534052e-05;4.653952724153831e-05;4.6753814008736526e-05;4.6951982417889625e-05;4.661910537496963e-05;4.605185386465857e-05;4.578586779778053e-05;4.580794641284144e-05;4.594195531360509e-05;4.591230791625747e-05;4.538912256744783e-05;4.43185746084277e-05;4.296707815201578e-05;4.174703273119789e-05;4.0891240567742666e-05
622.2088645871954;2.38849995488143e-07;2.705510152842203e-07;2.636766656341588e-07;2.151041522763721e-07;1.491408744820398e-07;9.14458089663462e-08;5.6723416806983944e-08;3.718533324084904e-08;2.622127626824753e-08;2.353695018153568e-08;2.3944670440509117e-08;2.4218142492490245e-08;2.2828093331767662e-08;2.299371628775773e-08;3.653480020566295e-08;7.192355322057742e-08;1.1450400892842661e-07;1.4132009828810477e-07;1.4111154081363565e-07;1.2216697156148317e-07;1.110076726260946e-07;1.1308155097145293e-07;1.0867298956542525e-07;9.052494922844885e-08;6.4739131395531e-08;4.362892623179148e-08;3.138323084609013e-08;2.73486800375322e-08;2.3399829019546992e-08;2.041529191255408e-08;1.9939023859826518e-08;1.6955319572185534e-08;1.2371769656865662e-08;8.133955493065011e-09;7.87252089130155e-09;1.3098466303605056e-08;2.9127561067226113e-08;4.47349962077771e-08;4.714810002428389e-08;3.614079183057544e-08;4.460263268659011e-08;7.163726967698012e-07;3.790556396108731e-06;1.2178098874830196e-05;2.8509079220229973e-05;5.53518515426368e-05;9.305621074402466e-05;0.0001399064948413;0.000192293576583;0.0002454197764536;0.0002944834809679;0.0003374211103471;0.0003727774493997;0.0003987375502012;0.0004137732675529;0.0004174618500239;0.0004095477204044;0.0003905101106949;0.0003606090780276;0.0003219322268683;0.0002794317966776;0.0002389031666156;0.000203356196743;0.0001738015545202;0.0001502184911697;0.0001318803462546;0.0001177619359286;0.0001067143411901;9.730996068576588e-05;8.91824930871946e-05;8.262935603989539e-05;7.778325338211241e-05;7.424723646256063e-05;7.14839486824771e-05;6.902541258432129e-05;6.637472938035493e-05;6.347374684065684e-05;6.053739286205661e-05;5.803998686502461e-05;5.64203881195143e-05;5.558623154172833e-05;5.554637657980284e-05;5.593730547629422e-05;5.572432074093435e-05;5.518088809060035e-05;5.440740959044125e-05;5.352114747687664e-05;5.1934031495247214e-05;5.0071937621472206e-05;4.833588783179826e-05;4.721458538694214e-05;4.690612743328833e-05;4.709135611817935e-05;4.743436375524766e-05;4.7473584637891285e-05;4.698005225977046e-05;4.6209998325165975e-05;4.531335172129181e-05;4.443148431948826e-05;4.383204879365475e-05
624.1917455821676;1.3900847808445158e-07;1.4808269423174818e-07;1.3928639379770174e-07;1.1185495508020907e-07;7.997707181054497e-08;5.6944777667563695e-08;5.165578333221415e-08;5.7153680225602574e-08;7.213039230123033e-08;9.116511841301992e-08;9.197555081009323e-08;7.76795828884057e-08;5.607682465462023e-08;3.261228012589938e-08;2.8434044181631544e-08;4.309778331070425e-08;6.313139679631189e-08;7.538484046045277e-08;7.264604447354437e-08;5.893964391237822e-08;4.940521752296018e-08;4.8719795291960246e-08;4.9641226245366314e-08;4.8007176218242497e-08;4.1001525843448313e-08;3.2191407514179645e-08;2.470593632449338e-08;2.0827292347208684e-08;1.936577315464532e-08;1.9377452631852923e-08;1.861892928410458e-08;1.5458301747003056e-08;1.0285128543013928e-08;6.468225014334627e-09;9.158948466491742e-09;2.2509249311549164e-08;3.9578330564614075e-08;4.8617860158016723e-08;4.4876656632876993e-08;3.1415373065177984e-08;1.1267450836127707e-07;1.1945574966683729e-06;5.071864019945472e-06;1.4443780997591211e-05;3.2463230421689945e-05;6.203865595061775e-05;0.0001037214269742;0.0001554794873936;0.0002127191416311;0.000270460872195;0.000324662697874;0.000373611324274;0.0004154919916913;0.0004477569873683;0.0004673636464988;0.0004715624740886;0.0004587650409723;0.0004305410176342;0.0003909878510501;0.000345829355366;0.0003002417655921;0.0002583019253296;0.0002212998466076;0.0001897414558121;0.0001637187514899;0.0001429031914144;0.0001266448231849;0.0001140430159238;0.0001042115192545;9.66094219309446e-05;9.082639667744892e-05;8.604227829857975e-05;8.165371194664786e-05;7.765060245585555e-05;7.386714653253104e-05;7.007623681995286e-05;6.623336579689897e-05;6.224523558036554e-05;5.944491479963937e-05;5.793183659217916e-05;5.767279488162584e-05;5.832399333575444e-05;5.928637830716487e-05;6.0166028601886125e-05;6.058793839448517e-05;6.004137179807991e-05;5.853669213340397e-05;5.6266176402320566e-05;5.350473124682734e-05;5.078922443789339e-05;4.8980428777198726e-05;4.810602733754072e-05;4.768781382839063e-05;4.745518464134563e-05;4.70880901082925e-05;4.653638528975105e-05;4.588844526614921e-05;4.5290973292728817e-05;4.4836856262686334e-05;4.453998614954355e-05
626.1739587465345;1.985053021892531e-07;2.4354383322407897e-07;2.4440406948983617e-07;1.9719403433505858e-07;1.3923307422110362e-07;1.0749407720348209e-07;1.0602518133990064e-07;1.3263138957313778e-07;1.574618611383136e-07;1.7048296603695836e-07;1.7136468460972914e-07;1.6058227026383194e-07;1.410944627261567e-07;1.1272699104228241e-07;8.263792786557336e-08;5.62872071077405e-08;3.3691627312049894e-08;2.049195798181067e-08;1.5411665273457455e-08;1.4242693875038757e-08;1.691146176913714e-08;1.8914034764698583e-08;2.2949299460844744e-08;2.8358728193948842e-08;3.1716064792185583e-08;3.0822032855179505e-08;2.4465688490948037e-08;1.8169997576909706e-08;1.4022412043889989e-08;1.2406768166705329e-08;1.2356682733551204e-08;1.6244075079787874e-08;2.7216220111527856e-08;4.028993461854192e-08;5.3665624070002024e-08;7.489497248188718e-08;9.604385584897993e-08;1.0111597419987389e-07;8.547645255018661e-08;6.582779584290825e-08;2.125196331457222e-07;1.2716299561087517e-06;5.211659953162092e-06;1.5632447253145058e-05;3.701050094271167e-05;7.23175805968182e-05;0.0001208184853164;0.0001793004164282;0.0002422615840693;0.0003046166331602;0.0003632652669765;0.0004168616796468;0.0004629721347491;0.000498387919116;0.0005189982135668;0.0005211377284184;0.0005038232757892;0.000469876430772;0.0004250910358046;0.0003764983045981;0.0003286767475518;0.0002840473262874;0.0002434053937445;0.0002075445072813;0.0001772224697828;0.0001526983770691;0.0001336664144756;0.0001192907021667;0.0001088070583605;0.0001013371198405;9.601611270197588e-05;9.180943798536816e-05;8.789890073890126e-05;8.375146578596404e-05;7.911037962367098e-05;7.418533844496671e-05;6.94859923823107e-05;6.569235811403798e-05;6.319303552950454e-05;6.15298442177025e-05;6.042889022850864e-05;5.9703125692170506e-05;5.9300176426516894e-05;5.973856139373834e-05;6.035502197705157e-05;6.051150115152096e-05;5.974758660860655e-05;5.796591115147891e-05;5.543191331277868e-05;5.274787614656078e-05;5.050292513424317e-05;4.906842975292721e-05;4.851270098454085e-05;4.808803940676376e-05;4.745739015781883e-05;4.638496043000079e-05;4.491700701128594e-05;4.351259451021656e-05;4.2604955836388006e-05;4.207297557804452e-05
628.1555040740968;4.073930567876308e-07;5.623526803330724e-07;6.30015888238346e-07;5.825926353041796e-07;4.796255418088808e-07;3.8309784354737857e-07;3.28057351176574e-07;2.910756099288978e-07;2.458069101290839e-07;1.9848857886935505e-07;1.8152569114837526e-07;1.845762581083113e-07;1.94731225553613e-07;1.9343857205557558e-07;1.6163842183071218e-07;1.1538483020084619e-07;6.75900831927367e-08;3.8084618111688584e-08;2.688131055982303e-08;2.147729360811637e-08;2.3444038484137593e-08;3.794220646855285e-08;6.05842557314504e-08;7.871766324668283e-08;8.320498873340908e-08;6.956375118564336e-08;4.7706918299076804e-08;3.7709869256892215e-08;5.959135137497121e-08;1.0590649950909248e-07;1.466048917268209e-07;1.673015328720017e-07;1.678336334290306e-07;1.6870012162584145e-07;2.1601676834945498e-07;3.0490181366030257e-07;3.715979975659792e-07;3.718429573871225e-07;3.010118169716025e-07;1.9748587913233186e-07;3.009178484088931e-07;1.3312953763923266e-06;5.6578117486917245e-06;1.734110237606863e-05;4.1150725498379794e-05;8.038730193096706e-05;0.0001343614671572;0.0001988850156741;0.0002681960351236;0.0003369075037743;0.0004017654933362;0.0004600904295869;0.000508150746124;0.0005418772069309;0.0005580098447574;0.0005553789308922;0.0005351828817758;0.0005007332923653;0.0004563039892255;0.0004065917864553;0.000355885617935;0.0003074877532671;0.0002623214939469;0.0002217334672702;0.000187414758593;0.0001600169474819;0.0001392090619958;0.0001238166465946;0.0001126617976155;0.0001045322866824;9.833939267845904e-05;9.329230737401952e-05;8.836949987853473e-05;8.326164647403959e-05;7.858063684362594e-05;7.463330533524572e-05;7.172447324296044e-05;7.019900623384238e-05;6.885989908463607e-05;6.730883863904371e-05;6.517785240442526e-05;6.254754425305192e-05;6.03344369375078e-05;5.9109381025340246e-05;5.859615824302446e-05;5.857216409106431e-05;5.843321778572545e-05;5.764633872174177e-05;5.621115192733689e-05;5.441570521657276e-05;5.3010528144788126e-05;5.204767121152617e-05;5.180287168197565e-05;5.180551363135474e-05;5.126749914098319e-05;4.980087703130688e-05;4.759010357817583e-05;4.554804007115336e-05;4.419683722268314e-05;4.333081856580392e-05
630.1363815588447;3.0256657663178214e-07;4.517033486599529e-07;5.630192600401869e-07;6.043333418418401e-07;5.967818576827202e-07;5.680234790906877e-07;5.28137380642537e-07;4.556841426684099e-07;3.535008686786488e-07;2.450017532862164e-07;1.652915822582991e-07;1.3231117497634094e-07;1.318672015140453e-07;1.3594605155081646e-07;1.2536393400350853e-07;9.984000883108869e-08;6.835906220437855e-08;4.327534735935719e-08;2.9553670973306497e-08;2.308359355433776e-08;2.9595354954454025e-08;6.409911444432704e-08;1.1578608824646633e-07;1.6182246409150637e-07;1.820970548484716e-07;1.6864255542010728e-07;1.1389659058361377e-07;7.96323868879583e-08;1.1792323384616405e-07;2.1128685692029085e-07;2.9232786563301415e-07;3.1938766979269014e-07;2.800463167911132e-07;2.3341808732738922e-07;2.9350395907209377e-07;4.472587501196123e-07;5.723123663482494e-07;5.976500617324204e-07;5.107688760187885e-07;3.545694854810202e-07;4.394900479901757e-07;1.6614442488201328e-06;6.53392603390273e-06;1.9016274860376666e-05;4.320124540526876e-05;8.226806660289026e-05;0.0001368577579738;0.0002030789934776;0.0002756068648455;0.0003489395158434;0.000419392887139;0.0004826088538422;0.0005336562197091;0.000567533494372;0.0005814692827421;0.0005760055116638;0.0005538368435326;0.0005186232052419;0.0004735397203226;0.0004220048336359;0.0003688387732238;0.00031758782633;0.0002699796469912;0.0002277958271098;0.0001923735540666;0.0001642099339759;0.0001428503106044;0.000126924869149;0.0001151390569826;0.0001063556297634;9.966444989474136e-05;9.386264509392191e-05;8.83118074360494e-05;8.318850630947539e-05;7.893998765060609e-05;7.591198368932108e-05;7.406784706019078e-05;7.286370767232417e-05;7.151292797121269e-05;6.993586035560279e-05;6.765799495173541e-05;6.48447189666092e-05;6.209379798863579e-05;5.989348849468126e-05;5.862084891896979e-05;5.826549369585682e-05;5.829327277261532e-05;5.8388015478797854e-05;5.8120558052654616e-05;5.734745323263935e-05;5.6233373394871936e-05;5.48940962675644e-05;5.375515668725938e-05;5.28285177421929e-05;5.196368157995766e-05;5.106070799583561e-05;5.01469098422057e-05;4.903258204457699e-05;4.837608027070653e-05;4.796462477189449e-05
632.1165911949611;8.473055552773806e-08;1.498530346798466e-07;2.354318773692209e-07;3.367928651881532e-07;4.0624386553919725e-07;4.425902700057745e-07;4.379516713429749e-07;3.907161956348391e-07;3.125572489743417e-07;2.158717129076609e-07;1.245753771044611e-07;7.188983191500232e-08;5.4244524416121056e-08;5.2184545138753696e-08;5.2546303730507776e-08;4.9079792751468824e-08;4.225126133843861e-08;3.252960422329761e-08;2.4706121292342796e-08;2.1788546854690623e-08;2.8564835087734404e-08;5.2193938100390217e-08;9.687209207788383e-08;1.5259963379299994e-07;1.898664469332384e-07;1.8060213473779526e-07;1.305061311927501e-07;8.097432855377781e-08;8.215003771718468e-08;1.3691906757895365e-07;2.001970466986599e-07;2.2944018396554545e-07;2.149013450430721e-07;1.7977644035866084e-07;1.8988707863961306e-07;2.590466179119781e-07;3.3959008899632974e-07;3.953756953112902e-07;3.980668848761184e-07;3.6467199075980244e-07;5.589777654934241e-07;1.9001403443364149e-06;6.788204292981532e-06;1.8899362915967792e-05;4.183740821978908e-05;7.827604811666901e-05;0.0001289592658458;0.0001926602541857;0.0002656746332667;0.0003425213145944;0.0004167768502125;0.0004830127228289;0.0005360005581867;0.0005708658694428;0.0005849026358923;0.0005792061921647;0.0005569053050178;0.0005218319782074;0.0004768792260647;0.0004254319928564;0.0003722058926812;0.0003195805773959;0.000270823296042;0.0002283563025411;0.0001928754349521;0.0001646564606873;0.0001430915196267;0.0001267846444815;0.0001145668536946;0.0001054648288912;9.87456939034554e-05;9.33047345214966e-05;8.876271125426154e-05;8.485984909302725e-05;8.135019358506063e-05;7.823751877162143e-05;7.555084653872266e-05;7.333184689692637e-05;7.124362567590019e-05;6.920506257266753e-05;6.715983362004415e-05;6.53752426238715e-05;6.362592205850714e-05;6.201898504196949e-05;6.114417704789022e-05;6.110894819852134e-05;6.160534733764343e-05;6.207193424620821e-05;6.187243341994057e-05;6.064099494856256e-05;5.787999309418408e-05;5.4899303393008325e-05;5.203361476332226e-05;5.017710700551946e-05;4.954656764019053e-05;4.970139431720595e-05;5.045398095634285e-05;5.065031347206151e-05;5.0318946644581966e-05;5.0080147097058514e-05
634.0961329768106;7.317085098813679e-08;1.8507189672214005e-07;3.0790364929190666e-07;3.981313594653838e-07;4.102422098914155e-07;3.4991357367444695e-07;2.701871026985366e-07;2.0376826311173882e-07;1.7055332246179446e-07;1.5093773084001125e-07;1.26966784689081e-07;1.0912846947044963e-07;8.953074894198548e-08;6.62355528961363e-08;4.6617257321908544e-08;3.4093561273130436e-08;2.6615268012934805e-08;2.2224017249188292e-08;2.1546589937242276e-08;3.167203099027323e-08;6.527724059792971e-08;1.2206467249108617e-07;1.7888294209080373e-07;2.0936120510857413e-07;1.948926460307981e-07;1.33147578140035e-07;8.010496514882429e-08;4.4816293812010775e-08;3.46139501636063e-08;6.564082655890278e-08;1.27223474378182e-07;1.883812967545961e-07;2.2249023899615785e-07;2.0935151673009015e-07;1.6320635005343368e-07;1.3336788882280465e-07;1.3797252627641712e-07;1.6423319861216709e-07;1.874068794634774e-07;2.240913912974911e-07;5.064473790632311e-07;1.868387801233899e-06;6.229673631327391e-06;1.6757640832162606e-05;3.706305415013243e-05;6.968354888368245e-05;0.0001157953903344;0.0001757620045486;0.0002467340521039;0.0003239540780809;0.0003994064115699;0.0004651337697045;0.0005157810601901;0.0005484848941392;0.0005621694851085;0.000558540269957;0.0005394687789313;0.000507716864224;0.000466127219638;0.00041709695949;0.0003636583442948;0.0003106374867417;0.0002624631818584;0.0002216927645603;0.0001884287156734;0.0001616117149034;0.0001403725786568;0.0001238048754421;0.000111132026408;0.0001016076277514;9.478366825201343e-05;9.00826827741844e-05;8.66629356286891e-05;8.384574840519953e-05;8.102193526592376e-05;7.802594015601058e-05;7.499676974534415e-05;7.223250566703004e-05;6.996345700053825e-05;6.81770450200288e-05;6.696167406957635e-05;6.583899083419128e-05;6.477790679557718e-05;6.378829301844389e-05;6.311534102430346e-05;6.299561862469071e-05;6.362225283319489e-05;6.404710251913906e-05;6.320726305785444e-05;6.106100617829882e-05;5.774040447549234e-05;5.4157136891449446e-05;5.156334631549739e-05;5.065139029636198e-05;5.102770154469425e-05;5.183638295413242e-05;5.216749180290903e-05;5.192491826064211e-05;5.097078691593901e-05;5.005709236183003e-05
636.0750068989546;3.127563115518617e-07;4.2996074519312057e-07;5.208932441540417e-07;5.246680678425119e-07;4.336988601561818e-07;2.857485672593347e-07;1.659303960671043e-07;1.1744229388674489e-07;1.222119971033817e-07;1.5098409780810906e-07;1.74895411935794e-07;1.7134590238267426e-07;1.382894634794922e-07;9.429252770287953e-08;5.584031288790609e-08;3.7696027454030817e-08;4.231553020075011e-08;6.96377500209069e-08;8.701440606188517e-08;1.0201522807351765e-07;1.4187015900889708e-07;2.195711303957732e-07;2.908911071562318e-07;3.0166384184116145e-07;2.4154094034172464e-07;1.4427430371207026e-07;7.234656218805225e-08;4.71057498490305e-08;4.7010600832406986e-08;7.771936721574701e-08;1.5260537882077729e-07;2.5112408675722177e-07;3.2206420927806856e-07;3.2471704071677e-07;2.696822435731003e-07;2.0923545620439661e-07;1.7561637254444065e-07;1.565102354697656e-07;1.3211544852745334e-07;1.3045803248434966e-07;3.4601550411952585e-07;1.564439146195744e-06;5.361233322498988e-06;1.4582462161181182e-05;3.305888535880329e-05;6.367897227522236e-05;0.0001073794561449;0.0001634804615536;0.0002287787176452;0.0002989455005966;0.000367365850589;0.0004263289193101;0.0004716035703975;0.0005017631290879;0.0005162086884046;0.0005158272104485;0.0005007952587691;0.0004723413035176;0.0004334249177661;0.0003867225040171;0.0003353229779222;0.0002854139686005;0.0002413363827343;0.000204974073378;0.0001758272073348;0.0001521578766398;0.000133016156576;0.0001176320293392;0.0001060760581255;9.746512211921924e-05;9.10327696569415e-05;8.634353028727051e-05;8.277494792916499e-05;8.023233561180525e-05;7.788123274283257e-05;7.577611899320263e-05;7.33633233723926e-05;7.074156910472125e-05;6.847820003393163e-05;6.676354676493615e-05;6.568430340174358e-05;6.500463387421735e-05;6.449077470469092e-05;6.376468767506362e-05;6.290950148237723e-05;6.206191371580084e-05;6.1102618236924e-05;5.988266238405289e-05;5.834673976582493e-05;5.657943043319987e-05;5.4756560757646e-05;5.284709378723024e-05;5.187047487554522e-05;5.160996432599437e-05;5.162364683322956e-05;5.173091959379824e-05;5.124373184902024e-05;5.037457880738859e-05;4.9449445599356886e-05;4.86265932051289e-05
638.0532129561398;5.137458706318014e-07;4.897149980209873e-07;4.2171216767064004e-07;3.128120836357508e-07;2.185040368327238e-07;1.4042969380445836e-07;1.0081477924173633e-07;1.1157673388884807e-07;1.4792886477265597e-07;1.8659070070495146e-07;2.0762142585104498e-07;1.8336722173212158e-07;1.3423993412309984e-07;8.606572074145075e-08;4.841699779732572e-08;3.848840410493436e-08;6.727738626219648e-08;1.1821211793673035e-07;1.5208628951356525e-07;1.5600325073655796e-07;1.466243634308478e-07;1.4726323664456668e-07;1.6332824335104873e-07;1.702724290976043e-07;1.5976588132589012e-07;1.404953505082981e-07;1.1492846071616577e-07;1.029697275954483e-07;8.324289137518763e-08;7.866907770406263e-08;1.1537408351102733e-07;2.0651738292483187e-07;2.984881497163905e-07;3.404414177358238e-07;3.20694193268047e-07;2.585380964356965e-07;2.0589067067608825e-07;1.7401901730816226e-07;1.4390313033470698e-07;1.34495430061525e-07;2.523376246002466e-07;1.1682169023166542e-06;4.392028594448366e-06;1.303526081483567e-05;3.138334483121424e-05;6.142141985726706e-05;0.000103001047563;0.0001546010122209;0.0002128542728626;0.0002743787636067;0.0003339126084423;0.0003853571823983;0.0004250986177625;0.0004522381513809;0.0004662231171783;0.0004670512854559;0.0004545276481448;0.0004294872334195;0.0003945893573719;0.0003530769556157;0.0003079464785038;0.000263500104727;0.0002238235859966;0.000190748323665;0.0001639850435768;0.0001424465789663;0.0001251625353146;0.0001117459149336;0.0001018716466565;9.461661920924549e-05;8.884503812490031e-05;8.401813081220338e-05;7.994193806043815e-05;7.669270035435803e-05;7.42839982319749e-05;7.250951172189131e-05;7.091850723121994e-05;6.914286998704845e-05;6.721924354642463e-05;6.53988981138952e-05;6.39148954337447e-05;6.272375358081013e-05;6.17313479995644e-05;6.067069147581788e-05;5.953798074319864e-05;5.836177123708466e-05;5.679601155749928e-05;5.517361570335735e-05;5.3677863534138735e-05;5.20876624431948e-05;5.0401616519227794e-05;4.887756989689748e-05;4.800676072095178e-05;4.7849060144352215e-05;4.8080377261346864e-05;4.820866366111037e-05;4.783425922258954e-05;4.702493643515093e-05;4.612751819255541e-05;4.544823119950617e-05
640.0307511432984;3.523848604216771e-07;2.8024773567789045e-07;1.8708511142354002e-07;9.024312189631627e-08;5.155552190846829e-08;4.9404022731599394e-08;7.331827201935735e-08;1.1743550149569723e-07;1.703883014172403e-07;2.1559660222649826e-07;2.445420952280785e-07;2.576019458230191e-07;2.52743975244252e-07;2.217033209199026e-07;1.6995916263857695e-07;1.15333470890099e-07;8.623725941271199e-08;9.045029753862814e-08;9.981610174518227e-08;9.57795425719365e-08;7.406849592502024e-08;4.528698544473114e-08;2.935924683973148e-08;3.477795901492129e-08;6.869665588528682e-08;1.1796786541746061e-07;1.498191350401206e-07;1.4584509219154386e-07;1.0854298181910966e-07;6.639538749591315e-08;5.583219582074472e-08;8.695682949598757e-08;1.2809268636478777e-07;1.6027688934947618e-07;1.716573170414446e-07;1.6372107719697606e-07;1.5749554779528497e-07;1.596417257424629e-07;1.506733398100552e-07;1.3669864879782853e-07;1.8043941205805082e-07;7.020907553205021e-07;3.157351382777454e-06;1.1093359493191504e-05;2.887520231333713e-05;5.820182901110288e-05;9.812561627770366e-05;0.0001462570215811;0.0001993675779058;0.0002553279688384;0.0003099287733936;0.0003572480083125;0.0003933836062545;0.000417668241349;0.0004300316690973;0.0004307689612712;0.0004200572807805;0.0003987586630126;0.0003687264403598;0.0003328537605057;0.0002930612374963;0.0002525369796372;0.0002154717808608;0.0001841732912588;0.0001585708437327;0.0001379336002072;0.0001214684394425;0.0001087008630907;9.916558138537076e-05;9.212874972726184e-05;8.655814878689573e-05;8.199366904265073e-05;7.830896436918994e-05;7.51752013226226e-05;7.234878050117787e-05;6.993444539351697e-05;6.799815183609998e-05;6.655335384978843e-05;6.544249138587803e-05;6.437634760469871e-05;6.305842779277701e-05;6.124056462858586e-05;5.9002996993069e-05;5.661909293126902e-05;5.451123542250702e-05;5.317766279091511e-05;5.282044031145723e-05;5.2946873911650434e-05;5.237545489426935e-05;5.042978476307228e-05;4.748617066273792e-05;4.4773800559730256e-05;4.354247183741445e-05;4.405747684104524e-05;4.581442740706999e-05;4.713946477903476e-05;4.723687860534463e-05;4.61963877704699e-05;4.474164981281123e-05;4.3607534577806505e-05
642.0076214555593;1.7645836898958458e-07;1.2627776046312637e-07;8.578491780595894e-08;6.972549248707307e-08;7.381419561551553e-08;9.028488804760646e-08;1.0561028733654301e-07;1.1644695803402357e-07;1.276002841509075e-07;1.293665206060681e-07;1.6857880146583946e-07;2.4565772743415495e-07;3.211029211090497e-07;3.404444101202745e-07;2.909498750901551e-07;1.916915855078769e-07;9.680021208286299e-08;5.01284969089863e-08;3.5585097156252775e-08;3.5056103094178724e-08;4.9784193043808064e-08;7.939023767703551e-08;1.1451643494310033e-07;1.4579544422247554e-07;1.6855209629926562e-07;1.822430913986783e-07;1.9133864039875202e-07;1.707485072690021e-07;1.346423774630657e-07;8.9336524605174e-08;5.49718796430867e-08;3.302656414213694e-08;2.4716972907243225e-08;2.680664495329122e-08;4.1203410640528664e-08;8.682109411385203e-08;1.585557099413118e-07;2.0660871235395358e-07;2.025028455423788e-07;1.4954674320265806e-07;1.0810092834682185e-07;3.908374591423779e-07;2.566038576006794e-06;1.0086770385249129e-05;2.6567096622477494e-05;5.376957908752158e-05;9.114658911170744e-05;0.0001363714917661;0.0001866605077535;0.0002399824828886;0.000292511739546;0.000339095126521;0.0003755276073748;0.0003999220192709;0.0004118014725269;0.0004117818064866;0.0004005872328602;0.0003795325086454;0.000350182698774;0.0003154734136435;0.0002780575090097;0.0002406530121153;0.0002064583506443;0.0001773529229554;0.0001533512568752;0.0001336793430006;0.0001173852121826;0.0001042120688769;9.407497583195648e-05;8.676319192547654e-05;8.212176669232842e-05;7.932316518507e-05;7.716177281702884e-05;7.470788799186098e-05;7.167866492222512e-05;6.8358943868411e-05;6.539104130290775e-05;6.348711175538035e-05;6.283960100082062e-05;6.283058054103584e-05;6.229496397965182e-05;6.0660960486376847e-05;5.786079823306151e-05;5.44305598594492e-05;5.13627358109519e-05;4.900815849292975e-05;4.832358711080158e-05;4.8652011522616365e-05;4.880509038127985e-05;4.775459634956423e-05;4.584891046466457e-05;4.4096281518552406e-05;4.345145122147636e-05;4.444880311420824e-05;4.627514480395308e-05;4.7900654905932245e-05;4.829118349100645e-05;4.733852776572835e-05;4.5805577627783874e-05;4.454026359594714e-05
643.9838238882257;2.454566767114276e-07;1.6165522598128626e-07;1.0317930849468584e-07;9.410039238795192e-08;1.1677450723458193e-07;1.4585024941629978e-07;1.5023829438990817e-07;1.226102104018741e-07;7.79650225518619e-08;4.617368882320207e-08;5.119438699074664e-08;9.360113191181599e-08;1.442109462745996e-07;1.689558485693516e-07;1.53822169117051e-07;1.0679260800951922e-07;5.7925991216451116e-08;2.5230933768026043e-08;1.576683371195676e-08;2.1355363261109065e-08;5.708207247875796e-08;1.2321677512547958e-07;1.9863244729252067e-07;2.5457275014966284e-07;2.691259172202445e-07;2.532453324321128e-07;2.2522092406344803e-07;1.922900750274844e-07;1.588575850422698e-07;1.2316432233349104e-07;8.599678587048349e-08;5.5792689228373025e-08;3.8649381915953295e-08;3.4806602559495524e-08;5.3159887332369853e-08;1.176003898124779e-07;2.128604134463772e-07;2.67076043128635e-07;2.42875444978433e-07;1.6249326182320445e-07;1.006280913596391e-07;5.13869290832241e-07;3.0041269907587887e-06;1.0336314540864264e-05;2.545182904663462e-05;4.988326037124303e-05;8.384218775565788e-05;0.0001261629057966;0.0001744965046273;0.0002265009813427;0.0002783357015274;0.0003254732538313;0.0003636032184743;0.0003893296906059;0.0004013814798721;0.0004006469431468;0.0003883990566219;0.000366403172053;0.0003363384231808;0.0003011119422561;0.0002638939452353;0.0002276573761029;0.000195016611171;0.000167277231619;0.0001446429945623;0.0001262613163676;0.0001105802443186;9.724117937991451e-05;8.655014844066233e-05;7.900007897156188e-05;7.479993541826378e-05;7.306284157460835e-05;7.274634046007043e-05;7.15160655525934e-05;6.929212729092812e-05;6.617344968965877e-05;6.323677290648681e-05;6.101005785468407e-05;5.963176184516486e-05;5.902152695348541e-05;5.8560577759188326e-05;5.73497800698191e-05;5.506708025081251e-05;5.208740247533812e-05;4.906336358435788e-05;4.656342751691677e-05;4.522889892577925e-05;4.5065815923166985e-05;4.572399777366479e-05;4.634242160330028e-05;4.648646273234662e-05;4.618838424244023e-05;4.57855756669865e-05;4.580269679730807e-05;4.636926324875871e-05;4.7237189213457655e-05;4.7480388298806885e-05;4.682327710197477e-05;4.568345149134668e-05;4.462014278635111e-05
645.9593584367976;2.415598718956258e-07;1.7026534685913798e-07;1.153176927759231e-07;9.192259660380509e-08;9.2938773695983e-08;1.0372569609479979e-07;1.0090422594753872e-07;8.073722405801676e-08;4.789962105202416e-08;4.652143723793336e-08;5.0366540059763875e-08;7.39010238279001e-08;9.815724609420657e-08;1.0628287403910597e-07;7.969666224606693e-08;3.94961041593148e-08;2.1987656164590493e-08;1.4562097165836831e-08;1.0174219628904473e-08;1.4077532521822312e-08;3.464338089178234e-08;8.160003212459283e-08;1.4267915594338605e-07;1.8790647308601515e-07;1.9559710890664085e-07;1.7470144376145333e-07;1.3786177044615606e-07;1.0937030122903576e-07;9.311070615144233e-08;9.439897450887392e-08;1.066576070248551e-07;1.3713978191906568e-07;1.6096916435275624e-07;1.614220384597369e-07;1.464701512008394e-07;1.399441529406385e-07;1.474101211278186e-07;1.521405947128777e-07;1.308481199425915e-07;9.779964821653321e-08;9.422715118559285e-08;5.230331291822381e-07;2.913678172520228e-06;9.813997966146074e-06;2.3612513439644317e-05;4.588017681825556e-05;7.699909202443073e-05;0.0001169224438008;0.0001640997739524;0.0002151864006318;0.0002656741985173;0.000310908858825;0.0003478237764477;0.000373891396585;0.0003874248418568;0.000388446725247;0.0003774993498095;0.0003560013325036;0.0003260107696708;0.0002904411633758;0.0002522935696978;0.000215196750558;0.0001826621535926;0.0001561911255777;0.0001355557564599;0.0001193817477027;0.0001057671084874;9.38438103318409e-05;8.367598773976841e-05;7.580089065990451e-05;7.033186172094273e-05;6.700738555977165e-05;6.56336986501803e-05;6.488713748032281e-05;6.43370990064614e-05;6.312968397280634e-05;6.13611391895471e-05;5.945657036152144e-05;5.761240924272248e-05;5.593219962634712e-05;5.442304423607688e-05;5.292258491821424e-05;5.107773807960451e-05;4.915974629100904e-05;4.7268540333568086e-05;4.594103733093857e-05;4.5545567594482406e-05;4.5983071886203394e-05;4.699760823491747e-05;4.812980774097244e-05;4.877099745831113e-05;4.868082625602977e-05;4.7467820322153966e-05;4.590248850642147e-05;4.484867786795002e-05;4.442033508636285e-05;4.442877370659133e-05;4.434030364855077e-05;4.394027337849569e-05;4.338743145971312e-05
647.9342250969676;1.7210895229975726e-07;1.486571642150155e-07;1.334636038178353e-07;1.2989318984458537e-07;1.3127210831980492e-07;1.228665301060834e-07;9.747893075220707e-08;6.534000974939638e-08;4.62980778821052e-08;5.1766308438644734e-08;9.824457992698294e-08;1.652302245097562e-07;2.070401677870551e-07;1.958289030719935e-07;1.4577713403189426e-07;9.117450094645568e-08;7.043556838196329e-08;7.979739595339109e-08;8.62973013690863e-08;7.693846696366887e-08;5.6758965831841614e-08;6.460652281967384e-08;1.0369411025873649e-07;1.4742439291674704e-07;1.6528601734786738e-07;1.502544756397154e-07;1.1093788428476557e-07;7.170208052211086e-08;5.3539999897771556e-08;6.884151442537878e-08;1.24904852173588e-07;2.085052698238669e-07;2.750691413064899e-07;2.7759287616789e-07;2.2033875997662438e-07;1.372225254305233e-07;7.038422502643939e-08;3.7463265035591945e-08;2.693523780241317e-08;3.082514657510512e-08;6.300526086680864e-08;3.388082974125302e-07;2.246400604776683e-06;8.552976297432223e-06;2.15548536861503e-05;4.266226086301823e-05;7.22108159892756e-05;0.0001099476267714;0.0001543944808313;0.000202866187692;0.0002505923388524;0.0002926054539912;0.0003267310362047;0.0003520410415557;0.0003670065217964;0.0003703573959064;0.0003613046147608;0.0003405963744941;0.0003108688997448;0.0002756312412599;0.0002382061881949;0.0002028230217407;0.000172808577499;0.0001490319008372;0.0001307108114976;0.0001163617525558;0.0001044798452069;9.43425738431613e-05;8.546672476514281e-05;7.763238173413325e-05;7.08986495925882e-05;6.567566372260515e-05;6.196129160756916e-05;5.994689429511869e-05;5.9393529172757146e-05;5.9437933337600735e-05;5.923869887092353e-05;5.8407887876572894e-05;5.692764324702414e-05;5.512139186589385e-05;5.3378724520041336e-05;5.187127715673461e-05;5.066399230821418e-05;4.9746334756974807e-05;4.901483406197877e-05;4.841428164668696e-05;4.7995262728972425e-05;4.789193017063608e-05;4.822679895666887e-05;4.889622479298464e-05;4.931283615259645e-05;4.8853622060991606e-05;4.7304024489305325e-05;4.5050896965983744e-05;4.29388118688417e-05;4.189412060432665e-05;4.1785950109632687e-05;4.21848563155984e-05;4.245356751516809e-05;4.259031336365096e-05
649.9084238646028;3.775509263601247e-07;3.143892793620992e-07;2.539100311087438e-07;2.2087404360900615e-07;2.1077699042823278e-07;1.912125428386385e-07;1.4846181951344475e-07;1.0000804741810525e-07;7.712955115966375e-08;1.111879206379305e-07;2.010459847407254e-07;2.698950019492688e-07;2.652994643856438e-07;1.976756399994787e-07;1.4508943264544185e-07;1.5144361898999605e-07;1.8242708219032486e-07;2.2088520639027402e-07;2.3437634340249161e-07;2.267311227736186e-07;2.332819366165176e-07;2.551070307870403e-07;2.673119137024804e-07;2.571497651314571e-07;2.307766053101353e-07;2.0242273172593385e-07;1.7610126438457236e-07;1.4096991807237025e-07;1.0048911344946753e-07;7.60456554469873e-08;9.517626474562969e-08;1.374180555582606e-07;1.7547568379200505e-07;1.778901748555429e-07;1.4807142735441104e-07;1.051778356120459e-07;6.639292832396969e-08;4.7096286790292955e-08;3.30166695222765e-08;2.4480516083520483e-08;6.572467033080964e-08;4.95545465741535e-07;2.519312127527121e-06;8.534706077113574e-06;2.1158955888780303e-05;4.176747012956807e-05;7.02067929639432e-05;0.0001055173799787;0.000145885562584;0.0001892712618616;0.0002324622002075;0.000271583283847;0.0003037896941462;0.0003275360799434;0.0003413511558192;0.0003441267230568;0.0003350811103015;0.0003149027481859;0.0002865462486362;0.0002543919040228;0.0002219551551739;0.000192068696149;0.0001663003711292;0.0001449185380696;0.0001275469909639;0.0001135707175874;0.0001022715727618;9.296496319263063e-05;8.502477490561068e-05;7.813481880121592e-05;7.167344794542392e-05;6.623782750787561e-05;6.181449342455743e-05;5.863349407746325e-05;5.637440029017948e-05;5.55383203725722e-05;5.5351704331886535e-05;5.505533689619768e-05;5.435372228638161e-05;5.349554208692471e-05;5.2627129530002266e-05;5.206065550202083e-05;5.178695532082538e-05;5.150382691185047e-05;5.078846790701926e-05;4.961324138808499e-05;4.801907471849924e-05;4.6635735753123394e-05;4.582460916217207e-05;4.551910787107216e-05;4.534204370930763e-05;4.482521337562344e-05;4.379327258314502e-05;4.224321640444407e-05;4.070503324857077e-05;3.964244583792594e-05;3.902296706492286e-05;3.881998410168039e-05;3.887869382388855e-05;3.906140223640359e-05
651.8819547357671;5.455393956557123e-07;4.294370279825176e-07;2.9190080158896944e-07;1.871962958870647e-07;1.43790237128562e-07;1.2250720784551362e-07;9.62536012133624e-08;7.497825430451268e-08;8.884617640923513e-08;1.78097071908378e-07;3.0154967364441004e-07;3.592406757791552e-07;3.0922334732533935e-07;1.956378917880361e-07;1.3169068558910472e-07;1.5966433345591864e-07;2.1522658823626625e-07;2.599370081437748e-07;2.847234634797845e-07;3.098131722645484e-07;3.829665120408761e-07;4.462704314887698e-07;4.3010872037583444e-07;3.422473901984189e-07;2.4513052318292054e-07;1.899485260980721e-07;1.8299799837086e-07;1.818935836404113e-07;1.4851722389923426e-07;1.0097064405905747e-07;6.908167221049156e-08;6.774761486338547e-08;9.10076082909331e-08;1.1522516729611127e-07;1.2513064751282024e-07;1.1906422007440597e-07;1.0058410140659353e-07;8.242392370341268e-08;7.864044626711757e-08;9.955962917874857e-08;2.0945874640729174e-07;8.191211902471701e-07;2.9987468448499475e-06;8.542436346549287e-06;2.010892123787223e-05;3.979198249831086e-05;6.723969831710265e-05;0.0001007166219453;0.0001376713690654;0.0001761322796597;0.0002144208655634;0.0002499759140374;0.0002791551410523;0.0002995471854304;0.0003101897692526;0.0003110612818977;0.000302258547801;0.0002845298279669;0.0002601617109005;0.0002331571104599;0.0002067440589966;0.0001820062432949;0.0001594519081223;0.0001394585889139;0.0001221589459816;0.0001076175458608;9.5721121704867e-05;8.6455446678148e-05;7.918882955831096e-05;7.385557128783448e-05;6.960505814992266e-05;6.577764467550916e-05;6.213767504985803e-05;5.882664335450915e-05;5.597821184216695e-05;5.395572643569245e-05;5.27504836673266e-05;5.211428298081516e-05;5.167402133615947e-05;5.116740434337895e-05;5.048675020523443e-05;4.976803052611318e-05;4.899927653865052e-05;4.812696707046549e-05;4.7134502210931193e-05;4.609081868307664e-05;4.509537254186055e-05;4.417444551794508e-05;4.3329899021508976e-05;4.251870304161335e-05;4.137842377789382e-05;4.015066073085627e-05;3.8926291012005766e-05;3.788195859628142e-05;3.707342441697752e-05;3.641777042212092e-05;3.618275144135357e-05;3.61140668513316e-05;3.611837428884432e-05;3.629005010166097e-05
653.854817706706;2.9007183100151495e-07;2.132210945156549e-07;1.26385957592362e-07;6.173533807559471e-08;3.611188289593879e-08;3.0709645253687834e-08;3.2358003831483575e-08;3.994160587493567e-08;7.43795929212128e-08;1.44584099183058e-07;2.171093461280224e-07;2.553154856422324e-07;2.4195805876095733e-07;1.7878858477940525e-07;1.3210314359827921e-07;1.3005663634984532e-07;1.3352185372350602e-07;1.4349366785027341e-07;1.732486486421085e-07;2.179970415513985e-07;2.687578865678323e-07;2.9254446614572466e-07;2.585493926569488e-07;1.9221458228378325e-07;1.4235659079711386e-07;1.354160711450505e-07;1.662694006443839e-07;1.8470667404129934e-07;1.6567534433963174e-07;1.1669115204766255e-07;7.538962867933101e-08;6.57962214780867e-08;9.576708032218821e-08;1.3641677615707893e-07;1.5408987413533068e-07;1.429267132342497e-07;1.1734422659642817e-07;9.81909178860611e-08;1.1738807092960316e-07;1.780464067093998e-07;3.0742246473060284e-07;7.683972553490818e-07;2.443280941591792e-06;6.948016817122998e-06;1.655717449037979e-05;3.358511700948565e-05;5.8701133371809865e-05;9.043810891045996e-05;0.0001255958865173;0.0001616231922792;0.0001964255177132;0.000227908205481;0.0002532962974536;0.0002706356928913;0.0002792650972786;0.0002796283996893;0.0002723420074142;0.0002579538518869;0.0002377594414102;0.00021429096271;0.0001904843722343;0.0001679006747306;0.0001470682788069;0.0001282705147947;0.0001117971747001;9.807219583858144e-05;8.722259739081333e-05;7.898626039424897e-05;7.285589337291383e-05;6.838852071079955e-05;6.512372717965272e-05;6.240653456779713e-05;6.021481973550089e-05;5.840482460752795e-05;5.6784938586863975e-05;5.528121619187932e-05;5.37804310563826e-05;5.229143894060465e-05;5.072347419475892e-05;4.8996823448386805e-05;4.744128004619531e-05;4.6008316323763336e-05;4.472005630359431e-05;4.367129760058108e-05;4.3081529451446027e-05;4.308265396193112e-05;4.328237299027161e-05;4.35065778771111e-05;4.3320583419081314e-05;4.245393664182886e-05;4.091006960991971e-05;3.898414483160823e-05;3.7161506033715296e-05;3.577133945239103e-05;3.498214233362967e-05;3.4783852773154645e-05;3.506374409023941e-05;3.562466981503304e-05;3.621611852319464e-05;3.658010971931938e-05
655.827012773847;3.3754657883589235e-08;1.9313270681026165e-08;8.93973644815935e-09;4.521258569397166e-09;3.6382943711275763e-09;6.364068234920308e-09;1.6289007444439802e-08;3.1248750113244993e-08;4.722425035475789e-08;5.900835029558559e-08;6.1313602954212e-08;7.529046878446938e-08;1.0691510865071129e-07;1.3289170013079874e-07;1.3323028793757838e-07;1.042449912687672e-07;6.339306444795227e-08;4.1825776484895705e-08;4.73063833543742e-08;6.760136758747007e-08;7.429729207281813e-08;6.312807190968169e-08;4.20646186412921e-08;2.6254461636975668e-08;2.8013804054471808e-08;4.812564453422202e-08;7.499769015813525e-08;8.701753268792162e-08;8.07093180176308e-08;6.039499554690412e-08;4.0597402173646094e-08;3.34671277925708e-08;4.483532117528676e-08;6.283157582054199e-08;7.155616143456293e-08;6.94613851600512e-08;6.358563145633211e-08;6.413331525563266e-08;7.900695994570512e-08;1.0634593726557033e-07;1.4965135948129558e-07;4.269458041462271e-07;1.84943084139586e-06;5.941628336318429e-06;1.439881495156311e-05;2.886350716456237e-05;5.018261934838734e-05;7.811348339578574e-05;0.0001106726760069;0.0001445946702999;0.0001768850526231;0.000205591700699;0.0002291123868593;0.0002457803347319;0.0002543150813528;0.0002547890307163;0.0002480314985388;0.0002351742931332;0.0002175547270408;0.000196610015573;0.0001746096255704;0.0001536337499388;0.0001344135187516;0.0001172875402421;0.0001026671196617;9.088974949195404e-05;8.194019060894463e-05;7.518662428406695e-05;6.97960065952826e-05;6.535585719607447e-05;6.181721681191107e-05;5.931231899880675e-05;5.786427815070546e-05;5.725562174805152e-05;5.677364411673676e-05;5.58994132725626e-05;5.433896093631223e-05;5.215810322598805e-05;4.9740285286919856e-05;4.743059405448445e-05;4.544470586855619e-05;4.3899453341071017e-05;4.284374075987688e-05;4.223397986605123e-05;4.19649557750037e-05;4.190476121985943e-05;4.2059912696331176e-05;4.245110505314669e-05;4.272756729140099e-05;4.2423210154556806e-05;4.161236119251092e-05;4.031179840931792e-05;3.873672827898293e-05;3.724942503707296e-05;3.615439124548312e-05;3.54489344797951e-05;3.5105517908930786e-05;3.482846911895173e-05;3.4770390537303466e-05;3.453361126749048e-05
657.798539933814;2.714086451911091e-10;1.9040253446580338e-10;1.6704308341407403e-10;2.3942427434227416e-10;4.3302765179485855e-10;1.3791677271176252e-09;5.423804539618443e-09;1.3996795104406198e-08;1.5025312633381904e-08;9.7821521086247e-09;7.190418663000851e-09;1.186026002756872e-08;2.7399696245183976e-08;5.172397327160112e-08;6.530044935519e-08;4.57712003894074e-08;2.1016938463581588e-08;9.341387272797681e-09;4.760507043408561e-09;3.2655495756636102e-09;4.086967117181994e-09;6.5940517481613075e-09;8.127392488518419e-09;7.755948184797181e-09;5.668314833775953e-09;3.100432170837356e-09;1.8311991576112606e-09;4.113380110318349e-09;1.1914206253682112e-08;2.9047498379304797e-08;5.368719662083447e-08;7.010381002372395e-08;6.672755312014165e-08;4.8395355616869275e-08;2.9400735479400132e-08;3.003201828695217e-08;4.796827798149025e-08;6.044449742197928e-08;5.6396188502492527e-08;3.962946973110832e-08;2.3258372474185824e-08;2.667196125288668e-07;1.752662751781906e-06;6.007824233280483e-06;1.4378075037898357e-05;2.7832845722054163e-05;4.67543621666242e-05;7.079721412266339e-05;9.874478746660928e-05;0.0001286361284887;0.0001579968922991;0.0001851269254433;0.0002081717300984;0.0002245614690974;0.0002323635829781;0.000231763527816;0.0002244301977471;0.0002126037099194;0.0001977913536775;0.0001805698321968;0.0001620611132483;0.0001438295358072;0.0001266847716655;0.0001111318859522;9.777967153017463e-05;8.694849102594463e-05;7.856584882326011e-05;7.210446588829853e-05;6.687319947819276e-05;6.288785015693057e-05;5.99983139857491e-05;5.8121536996655904e-05;5.7057545958323776e-05;5.628528224204432e-05;5.573077530356729e-05;5.475812091858352e-05;5.32273594132642e-05;5.114942136522035e-05;4.88373731744427e-05;4.680362980016274e-05;4.523346073544148e-05;4.413605923143473e-05;4.332004557862613e-05;4.250639005874835e-05;4.151235353652908e-05;4.037446142904501e-05;3.95581693944346e-05;3.93330174094351e-05;3.992612253161364e-05;4.081060661872789e-05;4.139249814344431e-05;4.120477757342562e-05;4.023711821279505e-05;3.901278245274972e-05;3.779411739198741e-05;3.6773858565398025e-05;3.583344185530439e-05;3.483209544358346e-05;3.3867037828699015e-05;3.2996318379614624e-05
659.7693991834058;4.54735218353595e-09;1.545086685278358e-08;3.5285379822377955e-08;6.019417619094528e-08;8.320932782422122e-08;9.546562634718129e-08;9.196377110499278e-08;6.568575425633544e-08;3.500734835190659e-08;1.7591090783667015e-08;8.701144793696473e-09;5.628546538473276e-09;4.72943109944536e-09;4.1928379063241055e-09;3.913057667321331e-09;3.656419055321373e-09;3.274509520563901e-09;2.660044349356473e-09;2.001340879184372e-09;1.945007415273426e-09;3.2960852727300742e-09;5.654638722650852e-09;7.282865948435705e-09;7.085033119357465e-09;5.2005937871749965e-09;3.1176102184808784e-09;2.577083678906614e-09;6.2953310785536055e-09;1.9413631552932986e-08;4.981328532599917e-08;9.730697145678828e-08;1.3232509812905518e-07;1.3299625595535505e-07;1.0494350624438085e-07;7.002445080384878e-08;6.211773445948578e-08;7.652235235737283e-08;8.250895775705944e-08;7.026427760728813e-08;4.558388772225349e-08;3.3810337921902396e-08;2.9347931174570085e-07;1.6752504510491182e-06;5.666766547942764e-06;1.3629201966149431e-05;2.6285091128187895e-05;4.3797601915772285e-05;6.540793630224886e-05;8.988221369569648e-05;0.000116068227723;0.0001422754718656;0.0001669760117399;0.0001882023132714;0.0002032093894201;0.000210072094931;0.0002090311586218;0.0002019919706203;0.0001914947118812;0.0001790156691144;0.0001649666769105;0.0001495620420313;0.0001335002206158;0.0001178428281565;0.0001035272417158;9.139735206471654e-05;8.162234521232183e-05;7.387012723821101e-05;6.779329625146273e-05;6.302309861406073e-05;5.947233295799436e-05;5.71373821282136e-05;5.574406192163461e-05;5.4893693644825285e-05;5.427272873977832e-05;5.369520294551301e-05;5.278195082590904e-05;5.139431133742787e-05;4.969083187729395e-05;4.7823126611542125e-05;4.621160264965465e-05;4.5104346691188365e-05;4.431775944706648e-05;4.358627192066957e-05;4.25401383974158e-05;4.098061112263473e-05;3.923374479228539e-05;3.772543549061385e-05;3.685810811799297e-05;3.6823574505278185e-05;3.751038481575649e-05;3.8458794809013774e-05;3.891605021284985e-05;3.899049758112311e-05;3.877884691877082e-05;3.837783061453069e-05;3.831820709459437e-05;3.784720519931736e-05;3.716432448947711e-05;3.635535616380531e-05;3.5674393598475235e-05
661.7395905196208;7.813707284885882e-08;1.1621401299577539e-07;1.6745334347616877e-07;2.1356579809645665e-07;2.3994027338461654e-07;2.381975026053623e-07;2.0875903259199882e-07;1.61371008339221e-07;1.0583471379573069e-07;6.057240731259837e-08;3.2496826174860754e-08;2.100577564594169e-08;1.6467284731073712e-08;1.391807297549212e-08;1.2068955335150181e-08;1.039075549326664e-08;8.758123543994871e-09;7.1755718153370205e-09;5.771487540511429e-09;4.900951511264701e-09;5.088191661007148e-09;5.220986285301342e-09;5.461940329792429e-09;5.0794735779541824e-09;4.436912689521341e-09;4.540247927310509e-09;5.609992709753911e-09;7.80319745034254e-09;1.3373633173912148e-08;2.7145618740924297e-08;4.9586582538581597e-08;6.814479056058026e-08;7.440168861191378e-08;6.969035207826861e-08;5.830717393323096e-08;5.325344614724946e-08;5.2916473388981886e-08;4.695677899328572e-08;3.676361678414222e-08;2.4730407669832263e-08;4.560467335446519e-08;2.958812896867814e-07;1.4970572922377182e-06;4.912341858132881e-06;1.181426649071711e-05;2.2861787307867467e-05;3.830623454451614e-05;5.767943677632325e-05;8.058983025213408e-05;0.0001057235471083;0.0001307071727303;0.0001533023879205;0.0001718243608575;0.0001846668705103;0.0001908331242054;0.0001905356944925;0.0001847469306172;0.0001751810582204;0.0001633765521782;0.0001504064871445;0.0001365535508463;0.0001222248035674;0.0001083656317177;9.575686298918468e-05;8.497172938424366e-05;7.61175192697557e-05;6.905333011905144e-05;6.378348967586253e-05;6.00008130221198e-05;5.701806723987341e-05;5.472837055085054e-05;5.292778544684935e-05;5.137445998701262e-05;5.0236138482673575e-05;4.927931549860657e-05;4.83263651830221e-05;4.72335506314063e-05;4.593205262275828e-05;4.449708424686222e-05;4.310018847651658e-05;4.210442926060187e-05;4.1679354345591794e-05;4.163128846183068e-05;4.141189137270597e-05;4.056307679313946e-05;3.928344385741688e-05;3.783063151812723e-05;3.647609390242682e-05;3.5427751022893226e-05;3.492822281745276e-05;3.484453742300238e-05;3.506122585757344e-05;3.551792379074315e-05;3.600737044980626e-05;3.66444362962469e-05;3.7326222744859695e-05;3.797111396327109e-05;3.8297749599345895e-05;3.819042373349017e-05;3.819018470226104e-05
663.7091139396252;1.4670497444426426e-07;1.884552913214821e-07;2.3041255521282885e-07;2.481286571411158e-07;2.3495294794164485e-07;2.067022251048897e-07;1.912481056421893e-07;2.0594305124235114e-07;2.1075614335789074e-07;1.7414489024205798e-07;1.1571519128951918e-07;5.613725574545133e-08;3.4888745071563435e-08;2.899007573461604e-08;2.4536009354973133e-08;1.9430895733728556e-08;1.4579330073129897e-08;1.1217612456627048e-08;9.04452160998166e-09;7.446769002568924e-09;6.174226538786294e-09;5.5462048792687235e-09;6.754838188151745e-09;1.0316461765028161e-08;1.419015681449632e-08;1.5785026143086702e-08;1.3595326406110143e-08;8.968346107562081e-09;5.7315448468273654e-09;4.030016625652687e-09;2.6057037743812687e-09;3.7052768225073293e-09;8.3999004425267e-09;1.7052963959228614e-08;2.6485186079737622e-08;2.8593692623678928e-08;2.2554196981295886e-08;1.228541794330206e-08;5.3467629747572365e-09;5.918404093730432e-09;6.458574979600814e-08;3.8799665510512163e-07;1.5197399537582787e-06;4.575167897597378e-06;1.0640128800030598e-05;2.035832036639762e-05;3.390233912215332e-05;5.134336000264865e-05;7.262139982033553e-05;9.698676962624226e-05;0.0001219726428683;0.0001440498952474;0.0001609425234266;0.0001721507233305;0.000177628466939;0.0001777075744649;0.0001727542269675;0.0001638232417212;0.0001524730951248;0.0001400896487557;0.0001271409067725;0.0001141360464796;0.0001019332170047;9.093909493175077e-05;8.122429098600137e-05;7.302201285188664e-05;6.655633057533341e-05;6.18096923972325e-05;5.836434431433202e-05;5.565849506894647e-05;5.3153828647818587e-05;5.07453266404928e-05;4.8573292814049785e-05;4.685997543103877e-05;4.584521379424387e-05;4.5121115202958525e-05;4.441111457387639e-05;4.341439878031095e-05;4.203431638389607e-05;4.051779967694209e-05;3.938473471607943e-05;3.899639276245524e-05;3.939613023100583e-05;4.010171086146526e-05;4.033037466127335e-05;3.9774045848255845e-05;3.848340345402511e-05;3.6774949022873616e-05;3.524963434252321e-05;3.419561017451723e-05;3.3275098100231384e-05;3.271570920609111e-05;3.2486132079998306e-05;3.261408844690061e-05;3.319176326452305e-05;3.378902347327458e-05;3.4605626444775534e-05;3.548487792480715e-05;3.6201460351512825e-05;3.662936949386055e-05
665.6779694407851;9.073693152718796e-08;1.0929584235250662e-07;1.1650227811791135e-07;1.0620068378777341e-07;8.649747381077814e-08;8.20780422896963e-08;1.2932626637612388e-07;2.201840822259765e-07;2.992726096037259e-07;3.064134702541969e-07;2.404690441724857e-07;1.500309572331824e-07;9.070137960957389e-08;6.283949577151499e-08;4.510762035521576e-08;3.2245472377318794e-08;2.1620418231231824e-08;1.5660214547563626e-08;1.2770599989709012e-08;1.0680537484559742e-08;9.009593425138729e-09;1.1108578594741165e-08;3.033879205036237e-08;6.593693954234239e-08;9.590630423695277e-08;1.0028425537058293e-07;7.703417212779563e-08;4.291710891245973e-08;2.0433765135931984e-08;1.2410919895703229e-08;8.543159838496708e-09;6.988764021410907e-09;7.338769300440603e-09;1.1332752074157458e-08;1.898402077037881e-08;2.6217329301215823e-08;3.193148898476759e-08;3.562828935926129e-08;2.6510594403759325e-08;1.967768558178504e-08;8.916207821417313e-08;4.251926313985938e-07;1.571296933385995e-06;4.60159754736967e-06;1.0514753311142564e-05;2.00089144211558e-05;3.303281085954451e-05;4.943297612524548e-05;6.890991013599104e-05;9.072908743573092e-05;0.0001133523202967;0.0001337129639834;0.0001493151934554;0.0001596513966118;0.0001648353798052;0.0001654582071397;0.0001615615755038;0.0001540289758067;0.0001441947495228;0.0001331046737876;0.0001214990964401;0.0001095030175191;9.79638385874226e-05;8.756433141686856e-05;7.85296537818933e-05;7.105800130759703e-05;6.515139952665609e-05;6.059892509486854e-05;5.717636778598687e-05;5.4356260448142334e-05;5.180412310415198e-05;4.953830117299524e-05;4.792898604998405e-05;4.679510586405309e-05;4.602253247937985e-05;4.54683174704824e-05;4.486113437441641e-05;4.383163378547649e-05;4.231328291827344e-05;4.056189642977171e-05;3.906893673006164e-05;3.8287220297986993e-05;3.8172645239911895e-05;3.851425144843017e-05;3.901036552382593e-05;3.898806622253237e-05;3.834508213707248e-05;3.731100338842842e-05;3.625395878738142e-05;3.525281537417342e-05;3.428096284751223e-05;3.3376276483018e-05;3.259409664598143e-05;3.203035262273551e-05;3.18085026421668e-05;3.196814762481349e-05;3.231016207041144e-05;3.282310023714324e-05;3.344001313083701e-05;3.375067790555455e-05
667.6461570206411;2.74512992937659e-08;4.1110867263309903e-08;5.1816405479825066e-08;6.129022929330923e-08;7.362912391651015e-08;9.478592737637084e-08;1.3387763894078828e-07;1.9789472449066558e-07;2.645995088317777e-07;3.0602203780224255e-07;2.8987163381587535e-07;2.483051726842e-07;1.913227106965225e-07;1.3974208137153894e-07;9.730596411261265e-08;6.241571473208203e-08;3.688329112277813e-08;2.7158940966064468e-08;3.24518007349705e-08;4.8771967188725897e-08;7.293060988917337e-08;1.0267098744107233e-07;1.4198095070388158e-07;1.9044580880406437e-07;2.1927695703648882e-07;2.0348550343202494e-07;1.4399548221970797e-07;8.228700894537137e-08;4.4547416533279836e-08;3.190090412355766e-08;2.6987949890297392e-08;2.17073875391224e-08;1.6046776471912786e-08;1.4574953689805742e-08;1.6063731969600783e-08;2.7679308342352107e-08;5.7437595462651574e-08;9.450911315655929e-08;1.1361557898862869e-07;1.0779871596926221e-07;1.2599998408950696e-07;3.2650009341093654e-07;1.2690522035292857e-06;4.069964823128421e-06;9.778737541693407e-06;1.919074251088636e-05;3.237169558191376e-05;4.87541816649653e-05;6.735649196190718e-05;8.671196531341007e-05;0.000105654560993;0.0001229068985264;0.0001369216471409;0.0001468358710701;0.0001523854401868;0.0001535826077889;0.0001508764055492;0.0001452141311255;0.0001375669524058;0.0001284936103668;0.0001181604537725;0.0001066264419471;9.484876975282688e-05;8.40843626880596e-05;7.506017865420027e-05;6.810636276827565e-05;6.298435328483246e-05;5.921212688829383e-05;5.642646150116564e-05;5.398566586141098e-05;5.203879913465777e-05;5.049794441529667e-05;4.9165272465826825e-05;4.784421937289847e-05;4.627093128138432e-05;4.477811514567367e-05;4.334952163510972e-05;4.182402128115315e-05;4.042565425943329e-05;3.922320439445587e-05;3.820906815520309e-05;3.75718369491788e-05;3.711420333619766e-05;3.683584117054774e-05;3.679515812896977e-05;3.6874876548198845e-05;3.720201364342291e-05;3.76844974166349e-05;3.821774840162714e-05;3.819489309608004e-05;3.764399424335221e-05;3.645147328817981e-05;3.4959964620271764e-05;3.374826937467496e-05;3.325021418325675e-05;3.3422119000923786e-05;3.382329697456726e-05;3.40102546198255e-05;3.3906251075906536e-05;3.3680207411434425e-05
669.6136766769196;1.5944188358975575e-08;3.6928590861879576e-08;6.656824956564043e-08;1.0118024265457505e-07;1.327175397800512e-07;1.534388495961493e-07;1.5559026794033174e-07;1.5238429395673457e-07;1.5795142664179837e-07;1.8130529932469597e-07;2.072044671504405e-07;2.2185591422238498e-07;2.1588614442591829e-07;1.849961300039554e-07;1.37504594798255e-07;8.728936148414143e-08;5.263700515301772e-08;5.2202138196306176e-08;9.446771365291335e-08;1.4570642317865073e-07;1.8869908157289933e-07;2.193523232524509e-07;2.3306290086724438e-07;2.378280881256806e-07;2.1908947699953497e-07;1.7349430459658666e-07;1.1805582600018185e-07;7.4468411811185e-08;5.709507752354474e-08;5.565052169634756e-08;5.7285950415593094e-08;6.079764355264899e-08;6.942363840030468e-08;7.687760479238152e-08;7.25273341641405e-08;6.514373021828889e-08;8.243244300025162e-08;1.308501558074915e-07;1.8543291737124528e-07;2.0795413578843886e-07;2.0277874829410557e-07;3.1390711689249173e-07;9.365262298548136e-07;2.962805795178148e-06;7.769308999117248e-06;1.6769847867618123e-05;3.010795759539005e-05;4.6981010006215904e-05;6.529288690361739e-05;8.321449240659955e-05;0.0001001741191351;0.0001157344610152;0.0001294548939967;0.0001408050376858;0.000148098507823;0.0001508863032423;0.0001493824938606;0.0001443280583243;0.0001366698572391;0.0001272909485072;0.0001164822293083;0.0001045431251751;9.224255096516084e-05;8.086143435177504e-05;7.173408423186947e-05;6.521410180641912e-05;6.087816719670636e-05;5.771646315697569e-05;5.518045406536256e-05;5.304790081217216e-05;5.121260296363236e-05;4.954424954216477e-05;4.790162069149106e-05;4.631329180036487e-05;4.4701577540803584e-05;4.305670198196197e-05;4.131211593380431e-05;3.9662410088477554e-05;3.838795415877725e-05;3.7524541196335646e-05;3.70109904531691e-05;3.667100179736467e-05;3.642098300218548e-05;3.626922023985388e-05;3.622544724100924e-05;3.6520403599430965e-05;3.72464618884764e-05;3.83499788256619e-05;3.936229866442913e-05;3.98521234133538e-05;3.924295709250424e-05;3.759916233615562e-05;3.564268097912817e-05;3.43565823920474e-05;3.4174068642624627e-05;3.481004129836426e-05;3.549352321978546e-05;3.555519554911463e-05;3.506347001481771e-05;3.445195326711983e-05
671.5805284075432;9.400613757616594e-09;2.6175185591464182e-08;4.956899457198494e-08;7.918488393264753e-08;1.1206843271955785e-07;1.412420199122057e-07;1.4530596916437065e-07;1.2303081674053984e-07;9.124460132195914e-08;6.699704776029894e-08;7.47572277104077e-08;9.03372197424469e-08;1.031043084741803e-07;1.0475555423792793e-07;8.882123721469107e-08;6.34734980172026e-08;5.065998577335642e-08;7.647869222454748e-08;1.2896830979527328e-07;1.707571327793415e-07;1.8186567159008581e-07;1.6436779437979324e-07;1.3819798252482502e-07;1.1640838396678873e-07;9.60178872843546e-08;8.935514413637453e-08;1.0669226289335241e-07;1.3973488902453346e-07;1.6138424674781318e-07;1.5283491675637998e-07;1.2289059311306433e-07;9.947838984551789e-08;1.203221609509885e-07;1.4034615086586817e-07;1.331429430845799e-07;1.0394415301390485e-07;8.41891932826522e-08;9.895495608532225e-08;1.3727104126157953e-07;1.7095194526232964e-07;1.925188499864261e-07;2.721799966708783e-07;6.737203670773306e-07;2.0806971036537057e-06;6.082503194097015e-06;1.4375176857441873e-05;2.7597024981058143e-05;4.471315445552628e-05;6.327941361041354e-05;8.120218376224721e-05;9.773978552877412e-05;0.0001131157585337;0.0001274052904127;0.0001399410754042;0.0001495332873819;0.0001545889284167;0.0001542418400567;0.0001486826799325;0.0001391001652195;0.0001274211346938;0.0001150441837433;0.0001027135852449;9.100248186204566e-05;8.087262084421848e-05;7.269151150569322e-05;6.634970710878962e-05;6.133534972679858e-05;5.7102020857246014e-05;5.3448533619051934e-05;5.038799646622688e-05;4.795841541290205e-05;4.616769504600277e-05;4.515108519082845e-05;4.4541784856117325e-05;4.423505960053452e-05;4.3743840927537685e-05;4.266154808621649e-05;4.09285004298111e-05;3.87676560192604e-05;3.733738209671886e-05;3.664352819187939e-05;3.690465173914876e-05;3.756621993818354e-05;3.82025529002496e-05;3.8645778253252126e-05;3.88449237443428e-05;3.8955607043967335e-05;3.9085837561169816e-05;3.910074705249557e-05;3.867239492756068e-05;3.748249592909462e-05;3.572256005965584e-05;3.392212554182991e-05;3.2806849901422586e-05;3.269088179808145e-05;3.325503482320216e-05;3.388849205335059e-05;3.411679783684733e-05;3.404712348750705e-05;3.377737332739191e-05
673.5467122105947;3.215822373185123e-09;9.558428862266424e-09;2.0966460418198892e-08;4.498920254961085e-08;9.19634717568715e-08;1.5375542589944687e-07;1.8923089095384998e-07;1.7652452829183245e-07;1.2422820595971021e-07;6.929376880080978e-08;3.681552849421602e-08;2.547946189309188e-08;3.5621494192538666e-08;6.325512425019694e-08;9.90760438868472e-08;1.2456122588093258e-07;1.3475355888433437e-07;1.3779786269741353e-07;1.2395158653497558e-07;1.112678033717849e-07;8.567151475517704e-08;6.091808485300694e-08;4.958801700973718e-08;6.365522516817179e-08;8.790447485435331e-08;1.1931323374600254e-07;1.7591434454872557e-07;2.4201583391997256e-07;2.722496990875676e-07;2.411435094408439e-07;1.6867960434606205e-07;1.1077666524654234e-07;9.357170447007317e-08;9.113059449565057e-08;8.30290769371488e-08;7.14289675537791e-08;6.454935449335539e-08;6.410965863165617e-08;7.115949918372906e-08;7.392662520363777e-08;7.403821777546496e-08;1.7300449489482747e-07;7.285887993436792e-07;2.5797192714591755e-06;6.943331288398996e-06;1.5099238871914525e-05;2.7656847137791977e-05;4.400435060508767e-05;6.227471980222853e-05;8.052788685799416e-05;9.75158467228418e-05;0.0001130458830798;0.0001271421398479;0.0001392229656625;0.0001486210449832;0.0001531135452463;0.0001525053511586;0.000147045544324;0.0001375368256845;0.0001255184370931;0.0001125549001431;0.0001007269252749;9.061883140773798e-05;8.218043326619124e-05;7.495306438026648e-05;6.84287137116315e-05;6.231592949650864e-05;5.6536393161881376e-05;5.153056682924785e-05;4.784343652907096e-05;4.565360022859821e-05;4.466993450422145e-05;4.4375626299041486e-05;4.461216049393886e-05;4.499561336741229e-05;4.49493164362008e-05;4.409504601933527e-05;4.231392484029468e-05;4.035634262780776e-05;3.903897339003615e-05;3.874964025305555e-05;3.934273549941728e-05;4.020312274581396e-05;4.074974335592567e-05;4.067334882746661e-05;4.024752423926174e-05;3.956143712580365e-05;3.876135875546896e-05;3.788817149503568e-05;3.676846033274984e-05;3.5501866794997416e-05;3.412729991365184e-05;3.279437974069615e-05;3.177206545455168e-05;3.138790394148713e-05;3.168033052968986e-05;3.237980143657164e-05;3.310321486278257e-05;3.3574111433994764e-05;3.377812876772485e-05
675.5122280843643;1.4128475569623328e-07;1.9119395238865844e-07;1.841321546339747e-07;1.4389556124944374e-07;1.3087856177305154e-07;1.6700274369424138e-07;2.0602557355081934e-07;2.053304784914678e-07;1.595525723567613e-07;1.0833418944268754e-07;7.995105656099904e-08;7.618177202315136e-08;9.30532861243585e-08;1.2885478824264465e-07;1.7711681679261905e-07;2.1941774880364405e-07;2.3136526920385643e-07;2.018855974596558e-07;1.5194039766439605e-07;1.12482674115623e-07;9.483997951754875e-08;9.389516802226897e-08;1.0791856064572189e-07;1.307955646644816e-07;1.5990036450892293e-07;1.6683390056736824e-07;1.6595005090016293e-07;1.6410598169147398e-07;1.6871176045436926e-07;1.74631543942294e-07;1.6383239407559788e-07;1.754717786188943e-07;1.6002251185597261e-07;1.2254684014548693e-07;7.58075774031232e-08;5.2652802193777565e-08;5.79229664639927e-08;6.512426791896245e-08;5.5278206409612944e-08;3.615760731048585e-08;1.9311032247491768e-08;1.467968692914991e-07;9.897763252762634e-07;3.446846119588686e-06;8.505494939840601e-06;1.690342784523219e-05;2.8916534836735384e-05;4.419428322203452e-05;6.155654869535584e-05;7.953799481691946e-05;9.645247806931836e-05;0.0001117172291534;0.0001251526348737;0.0001360324683216;0.0001430498488476;0.0001458567213019;0.0001447615593004;0.0001399936090613;0.0001316508877188;0.0001203606786015;0.000107850996885;9.665112512138167e-05;8.748451412344418e-05;7.984132305332553e-05;7.321774562908567e-05;6.687883004308215e-05;6.056888733798483e-05;5.461521554506359e-05;4.986469885377889e-05;4.685867880034368e-05;4.540923287832933e-05;4.4805307022563984e-05;4.428362566608568e-05;4.387110868852095e-05;4.3248053869773534e-05;4.2763319120195096e-05;4.2504853647099655e-05;4.215380733070866e-05;4.214032680602172e-05;4.19393241608682e-05;4.167187986476743e-05;4.111347582745655e-05;4.052013070488231e-05;3.948508495210069e-05;3.837001420944099e-05;3.721514485566012e-05;3.622103283253447e-05;3.5458820016894026e-05;3.468295228618742e-05;3.4032245238831374e-05;3.345775969693515e-05;3.2907811683553136e-05;3.250730752822896e-05;3.204620250888787e-05;3.197765955592978e-05;3.2365391759004054e-05;3.302929771022247e-05;3.362960476965368e-05;3.394295387622125e-05;3.402002685639612e-05
677.4770760273168;3.84655841376533e-07;4.406867541132361e-07;3.9610358401374754e-07;2.716386134576502e-07;1.7291237871023416e-07;1.4807304172154506e-07;1.6557948095823868e-07;1.7075755671098885e-07;1.4407369607624374e-07;1.1041249119532664e-07;1.0339615107086933e-07;1.1389374162930005e-07;1.22693689033934e-07;1.2354595352745308e-07;1.2295394912386465e-07;1.2788692939298678e-07;1.3108262286451392e-07;1.236118241568226e-07;1.158654528780176e-07;1.1362312608264137e-07;1.2873455285011685e-07;1.3523570168563228e-07;1.3314612703019125e-07;1.2339886365109576e-07;1.1166800537347857e-07;9.184362061923845e-08;6.325601345758966e-08;3.9156111132065535e-08;3.8328074096864366e-08;7.601906831247091e-08;1.5737482025071492e-07;2.374932937421176e-07;2.562477525039711e-07;2.0623476363757439e-07;1.2222459128752086e-07;6.840941097920475e-08;5.945514627332835e-08;6.058795920269084e-08;5.02845084458048e-08;3.5392450852820354e-08;3.2963753858017304e-08;1.98790158761304e-07;1.0861368798502169e-06;3.4914073002563524e-06;8.49794675679061e-06;1.6667180944259157e-05;2.8041440031800437e-05;4.2168539883877005e-05;5.7935597130636455e-05;7.446473241237673e-05;9.003021001978493e-05;0.0001041933938513;0.0001167581536344;0.0001268939230137;0.0001337082835141;0.0001371713804382;0.0001370097759163;0.0001330461303251;0.0001252458657316;0.0001143628342833;0.0001023533956822;9.125903881803628e-05;8.20059751347824e-05;7.458590835731332e-05;6.832292571143264e-05;6.258360601793911e-05;5.709651389896483e-05;5.229014678670435e-05;4.866035738382065e-05;4.63976160870227e-05;4.5296601288768174e-05;4.4715778003664986e-05;4.378983830132412e-05;4.225474061098079e-05;4.0512408965504495e-05;3.923799378393197e-05;3.9061263801307903e-05;3.996059414137224e-05;4.079232057139386e-05;4.099580062275333e-05;4.023731691955464e-05;3.883042896651065e-05;3.70678653489439e-05;3.529433456908102e-05;3.3710416309605225e-05;3.2244630719358785e-05;3.123012299838955e-05;3.070862031775707e-05;3.061726768878983e-05;3.082762856957528e-05;3.118533706408363e-05;3.153045306248792e-05;3.1781297738484474e-05;3.190595132165912e-05;3.2005456311735416e-05;3.2120837221469273e-05;3.210686350579723e-05;3.184123244136396e-05;3.14459917725078e-05;3.10875794253661e-05
679.4412560380915;5.029372298611394e-07;4.6340410143081253e-07;3.605564478788977e-07;2.304142703024597e-07;1.480406707777762e-07;1.339907309270963e-07;1.5497321258108397e-07;1.6191660541528546e-07;1.369905088114005e-07;9.964117799149815e-08;7.70107162326531e-08;7.181244689513683e-08;6.58902982308028e-08;5.1341164296689544e-08;3.3107283993928916e-08;2.1664255625662984e-08;2.055889089077772e-08;2.686965277058933e-08;3.90184835330947e-08;5.652764292248365e-08;7.627667355877786e-08;9.316111897126184e-08;1.0347122959977738e-07;9.891361683168333e-08;7.954080437845109e-08;5.3648227556125247e-08;3.2491596119023205e-08;1.9071950074324386e-08;1.821401885152236e-08;2.9655848594623335e-08;8.298440586463475e-08;1.2678875251050158e-07;1.397101925163591e-07;1.1620396433614983e-07;7.26290475419447e-08;4.190514621343795e-08;3.745912838544404e-08;5.1778251991321356e-08;9.069762630201452e-08;1.3438527887264105e-07;1.838346303240553e-07;3.775745974566453e-07;1.09611241435836e-06;3.0746136516500138e-06;7.22598378687474e-06;1.427729912207306e-05;2.447485907198621e-05;3.733109576555055e-05;5.161999058227293e-05;6.619915279064547e-05;8.011567041820419e-05;9.277985056077258e-05;0.0001042135949882;0.0001143863889092;0.000122482455549;0.0001276177672206;0.0001288439064812;0.0001258227304912;0.0001187830269748;0.0001086931819319;9.753560084796166e-05;8.697689907374413e-05;7.78700501615465e-05;7.038320791973288e-05;6.440030202587137e-05;5.949584550759109e-05;5.513595573526417e-05;5.125625674780097e-05;4.799502187987099e-05;4.568422966026424e-05;4.402316297582791e-05;4.310917988811613e-05;4.2206238732658e-05;4.077113335979621e-05;3.897878739611804e-05;3.70709033383172e-05;3.5721037628507785e-05;3.5406137574412263e-05;3.560696756462678e-05;3.587805134326154e-05;3.592549513736075e-05;3.550356916353636e-05;3.4432384747404914e-05;3.315961893505132e-05;3.172889271891696e-05;3.058931145075692e-05;2.9969359291826356e-05;2.989320159946506e-05;3.0152472663823038e-05;3.0568771499053244e-05;3.090087987154433e-05;3.0906298182568174e-05;3.0677264727025204e-05;3.0482418116128136e-05;3.020349600766069e-05;2.993874785635303e-05;2.9664124360176504e-05;2.9276020407472484e-05;2.8699977369248872e-05;2.8277379660348665e-05
681.4047681155243;4.47861019438875e-07;3.418242362885193e-07;2.274223640983665e-07;1.4242987471421085e-07;1.033227091335418e-07;9.211371625783077e-08;9.386639393779597e-08;9.298514243644408e-08;7.881442616756546e-08;5.5032240473067137e-08;3.6247752520435084e-08;3.30477034511442e-08;3.939030716490664e-08;4.302219635689247e-08;3.778757489540061e-08;2.6467974802026263e-08;1.8770398305752523e-08;1.916280939471102e-08;2.0976366608251537e-08;2.307298007973771e-08;3.5746980690199406e-08;7.086646647990714e-08;1.2623350736081012e-07;1.6951987315989585e-07;1.672631140631158e-07;1.236633102474423e-07;6.8313631728137e-08;3.171719208055068e-08;1.8494455117493425e-08;1.595677720045885e-08;1.828013032841408e-08;2.3961137456368348e-08;2.8057983781854136e-08;2.6762810954248308e-08;2.080998047944913e-08;1.4252906236788749e-08;1.926071448673157e-08;5.2679882558142886e-08;1.3393887801639228e-07;2.4118144775315735e-07;3.60534453307195e-07;5.718036337824087e-07;1.1529515576640774e-06;2.7306365657442533e-06;6.199359756391642e-06;1.24682228070972e-05;2.1700755655810226e-05;3.3562371706171554e-05;4.692793793513873e-05;6.050852971851529e-05;7.34060031609385e-05;8.503428196349117e-05;9.544266634845532e-05;0.0001047032908157;0.0001122521876468;0.0001173566148872;0.0001188374047929;0.0001162794363417;0.0001101684281678;0.0001016468556399;9.24152050017344e-05;8.349874290100899e-05;7.554674872007705e-05;6.881132828803501e-05;6.321850486580046e-05;5.869215054669204e-05;5.499594533899918e-05;5.176936170973341e-05;4.882743022425135e-05;4.62689049675146e-05;4.429603729222311e-05;4.308166371229125e-05;4.225081314607976e-05;4.112895363759741e-05;3.9276402846659264e-05;3.6731759956604696e-05;3.4328421012016727e-05;3.261738897306117e-05;3.220120739981042e-05;3.288049026636882e-05;3.401983502174282e-05;3.485848280940312e-05;3.507013692103826e-05;3.47000244361721e-05;3.404550727250779e-05;3.3512326264566e-05;3.333655943923642e-05;3.3520119357360114e-05;3.378075620494459e-05;3.376101006772793e-05;3.3290246737277624e-05;3.233744765190642e-05;3.12102326182442e-05;3.023960327396059e-05;2.952880851650835e-05;2.9324484277179253e-05;2.946291167080243e-05;2.95738725891659e-05;2.964271101988958e-05;2.96539627378018e-05
683.3676122586185;1.972989607126879e-07;1.4590010601500997e-07;1.0659403357142827e-07;8.762874064410036e-08;8.802072848087803e-08;8.044268526038817e-08;1.044791191289414e-07;1.1254898799325801e-07;1.0535781033158058e-07;8.33708715178363e-08;5.948308647512866e-08;5.22263195590386e-08;6.417829644593436e-08;7.289126548654358e-08;6.369513994438958e-08;4.1273685416484557e-08;2.4419075103203592e-08;2.9657080110291946e-08;6.014285665724397e-08;1.0935785488935143e-07;1.6842773613933057e-07;2.3074937487264998e-07;2.8539933591697984e-07;3.127271281445951e-07;2.695692466202694e-07;1.807592613278767e-07;9.441391457887229e-08;4.677139664967797e-08;3.02849348577678e-08;2.4394535828599762e-08;2.6336451131840092e-08;3.220879427663233e-08;4.25850894896214e-08;6.82680031985655e-08;8.04284917897495e-08;7.57842356052227e-08;6.009975705314313e-08;5.469687080578925e-08;8.759040783530494e-08;1.5091087797585694e-07;2.7636268783888505e-07;5.698089381552029e-07;1.275835580467714e-06;2.939082452307232e-06;6.258333580437065e-06;1.2034518904477675e-05;2.0436316811032912e-05;3.1311099976102035e-05;4.374560312190628e-05;5.661361807174796e-05;6.90681848793685e-05;8.034982843192598e-05;9.019296213626222e-05;9.839991659265797e-05;0.0001045399682814;0.000108177208628;0.0001084969377728;0.0001054002272593;9.964262882123772e-05;9.260748793382392e-05;8.581662648829053e-05;7.974534540156517e-05;7.409577320563945e-05;6.842561404460037e-05;6.279551218580707e-05;5.759859862193047e-05;5.313443504218092e-05;4.982810815949309e-05;4.755620946279481e-05;4.607569369720217e-05;4.551268728940358e-05;4.505764417673988e-05;4.4445095919856014e-05;4.307932661464279e-05;4.073001320539645e-05;3.764949237142777e-05;3.492185757593568e-05;3.335925597385447e-05;3.323629804668083e-05;3.417438412863851e-05;3.5307072605668594e-05;3.6267293887239885e-05;3.67531370920698e-05;3.684895631907024e-05;3.663778580555874e-05;3.6303329918600734e-05;3.5948975715366686e-05;3.578387607107382e-05;3.5653427992289686e-05;3.534133380848053e-05;3.481027900228121e-05;3.408503831630292e-05;3.3202979905307137e-05;3.221437716626896e-05;3.1271238569629634e-05;3.0592695101196994e-05;3.022894678004336e-05;3.0098019398451136e-05;3.006493827132222e-05;3.0168530502664906e-05
685.3297884665735;9.41627172332705e-08;7.592071087126607e-08;5.8713216944177204e-08;6.244869461249767e-08;8.745166363912346e-08;1.28923044467537e-07;1.7443224084241657e-07;2.0003944356889179e-07;1.902705796492532e-07;1.4832086382079046e-07;9.764130835967307e-08;6.204613096370707e-08;5.138845214761863e-08;4.932030715024689e-08;4.1517770936928985e-08;2.8902829789505844e-08;2.1874937800745616e-08;3.82317608220117e-08;9.801844176074387e-08;1.944840153471794e-07;2.972085514416205e-07;3.705605010926876e-07;3.919361174629628e-07;3.553126516733484e-07;2.70131173728e-07;1.7090917551390996e-07;9.121876201198664e-08;5.073525617371549e-08;3.657892920819333e-08;2.991808862760601e-08;2.8142104294595e-08;3.53633593425238e-08;6.431317189229623e-08;1.1806945140970333e-07;1.697667080987751e-07;1.9167099772640485e-07;1.6712751601156417e-07;1.1451216091230861e-07;6.843310580608773e-08;5.1391740719872236e-08;1.2917002909373908e-07;4.450774302129121e-07;1.247554710474698e-06;2.992738354653914e-06;6.154195925949536e-06;1.1343645920796733e-05;1.8637640595623603e-05;2.793789745088729e-05;3.884620957150536e-05;5.068079980919242e-05;6.28295001734782e-05;7.421286910639849e-05;8.415496380242466e-05;9.214565904943812e-05;9.76550203900578e-05;0.0001003812318885;9.99886383511932e-05;9.680309735752969e-05;9.168652321464524e-05;8.585312127227553e-05;8.038965791113558e-05;7.557393943115302e-05;7.107403628609269e-05;6.612629410586539e-05;6.0519211976808266e-05;5.498592989911983e-05;5.0316068802447007e-05;4.708073871614659e-05;4.529574132690042e-05;4.471569539602331e-05;4.473529309249952e-05;4.448056731883701e-05;4.35974565774376e-05;4.205769769838561e-05;4.025117508672492e-05;3.850482424602054e-05;3.711134629668111e-05;3.645115966773829e-05;3.6412244831455405e-05;3.673925609141781e-05;3.709283574792636e-05;3.726053945483897e-05;3.709337809193857e-05;3.67350459334939e-05;3.6252429175870425e-05;3.568912188249532e-05;3.5048467293257455e-05;3.434304745109643e-05;3.3669359548253535e-05;3.3245787221979353e-05;3.3179169364073264e-05;3.3379147779720935e-05;3.356048003790516e-05;3.333190675700292e-05;3.265366072994801e-05;3.145799448236597e-05;3.003587756509592e-05;2.8996928981284708e-05;2.8357295539673364e-05;2.8039475333768423e-05
687.2912967387674;1.841760060555953e-07;1.813281821956497e-07;1.8896094181511563e-07;1.9892700032668e-07;2.1007089621482338e-07;2.1205234434911133e-07;1.7957809936444758e-07;1.641020650685689e-07;1.3175854559564773e-07;9.687749274553423e-08;6.31707143074122e-08;3.8069658538484096e-08;2.4112085284871505e-08;1.7755309838227102e-08;1.4000179226066293e-08;1.1887645077756274e-08;1.2286689317321938e-08;2.161205815414144e-08;5.303343482619303e-08;1.0832592567844069e-07;1.7629796564022248e-07;2.197442200122068e-07;2.2018138484330181e-07;1.820843513812171e-07;1.2407956349300416e-07;7.71427187899858e-08;4.4829479022810095e-08;3.0070879149663644e-08;3.223026689422523e-08;4.251069871462496e-08;5.9141051796076874e-08;7.754598554143427e-08;9.917323002966353e-08;1.206269809718269e-07;1.5529148087511614e-07;1.894223261888256e-07;1.8975991397624658e-07;1.511400370567846e-07;9.10937759676099e-08;4.968227548599885e-08;9.097000757523893e-08;3.559763288154138e-07;1.0954975785161705e-06;2.701026148771567e-06;5.594374723197016e-06;1.008753615104492e-05;1.6038778372589993e-05;2.364887363591653e-05;3.3006419687167854e-05;4.3911688430216974e-05;5.570299361902042e-05;6.716087887887838e-05;7.698176790191632e-05;8.447817022187921e-05;8.928040785151887e-05;9.16219091551331e-05;9.18383398830742e-05;9.013357933967072e-05;8.68451783697721e-05;8.238231639161076e-05;7.729205584341052e-05;7.200229072506951e-05;6.686626051506146e-05;6.18398747606273e-05;5.677811528339416e-05;5.227604068642035e-05;4.8953383666256165e-05;4.683328972243478e-05;4.5484441070612495e-05;4.434591713957675e-05;4.324764603640288e-05;4.204494530294873e-05;4.081521457336964e-05;3.983416704935218e-05;3.916743214722277e-05;3.917835357838273e-05;3.923178044360244e-05;3.908628730673185e-05;3.852666062178095e-05;3.76619102473324e-05;3.663736103147294e-05;3.566607155172378e-05;3.481493317676517e-05;3.408385243290233e-05;3.346494830486812e-05;3.294459378032713e-05;3.254110212852078e-05;3.1922748788858104e-05;3.1267907751729305e-05;3.083096301163576e-05;3.0777727620744954e-05;3.110815988692556e-05;3.152726916872741e-05;3.175048754687714e-05;3.142943973421405e-05;3.049607015354061e-05;2.919187384501045e-05;2.80859735052464e-05;2.749983549563986e-05;2.710245231856046e-05
689.2521370747527;1.982767901613294e-07;2.644291142522035e-07;3.387911697007851e-07;3.708422017618409e-07;3.501487774226334e-07;2.761471591015538e-07;1.8029673802382465e-07;1.0295824064115932e-07;5.6522914348020515e-08;3.819118398370814e-08;3.319001060908403e-08;3.1686270617466064e-08;2.8961518697740863e-08;2.351562601561409e-08;1.6968977037218575e-08;1.1961128270928213e-08;9.523404492116804e-09;9.747886791493426e-09;1.6150457528460354e-08;3.5661020166297354e-08;5.8291497926758195e-08;7.601796857732933e-08;1.00194515309974e-07;1.353365503199091e-07;1.3789958126126853e-07;1.0857147199427816e-07;6.887422576887799e-08;3.8813414282908e-08;4.244459140109625e-08;7.485037701952619e-08;1.1588738024136593e-07;1.420811938300993e-07;1.375103954948683e-07;1.11249493030318e-07;9.003091169882517e-08;8.557768856896e-08;8.389966641031305e-08;7.26326841578454e-08;5.018855899565807e-08;3.0980864886661954e-08;6.278746457337221e-08;2.692316495447305e-07;8.871047965714143e-07;2.283562765622646e-06;4.738486391333256e-06;8.517497255024185e-06;1.398402837190761e-05;2.119395852799914e-05;3.017974991426033e-05;4.066426523900335e-05;5.178661170708811e-05;6.230422664253564e-05;7.07037106145965e-05;7.644121477681348e-05;7.97172862961527e-05;8.12721009322327e-05;8.182094065548672e-05;8.132050311184159e-05;7.964320974866761e-05;7.663732000998778e-05;7.246971768275985e-05;6.764605149030996e-05;6.269085243356208e-05;5.8080276151108016e-05;5.403422141202967e-05;5.076121393375211e-05;4.82745023781292e-05;4.638804430588052e-05;4.47359492295566e-05;4.287009956909332e-05;4.11388917146034e-05;3.98527268466067e-05;3.920774363380791e-05;3.913986221021343e-05;3.928083740085134e-05;3.947631489877147e-05;3.935589601440499e-05;3.849329076895624e-05;3.715065203192058e-05;3.569107955564743e-05;3.442905230538195e-05;3.366645183060961e-05;3.302843280967928e-05;3.2582424090947155e-05;3.218394469765878e-05;3.1776029777091724e-05;3.144656381566161e-05;3.12156313553958e-05;3.110374635093115e-05;3.1111260658700306e-05;3.1123345843460254e-05;3.10327512548929e-05;3.066930053028164e-05;3.0363215413402465e-05;2.984331809226045e-05;2.918831658706637e-05;2.8776236895429333e-05;2.8697799736656865e-05;2.8868947987926303e-05;2.907925840093056e-05
691.2123094742747;2.2271042235249618e-07;2.922552653719515e-07;3.4448657030290293e-07;3.418590980542075e-07;2.854438328549895e-07;2.0075125978524566e-07;1.2139799165768808e-07;5.943444077409075e-08;3.581817650017126e-08;3.3393471165750135e-08;4.7474780236008025e-08;7.576856686097337e-08;1.1295576036223093e-07;1.4191481600813824e-07;1.4682972483077264e-07;1.2411392853445534e-07;8.642930722232406e-08;5.686096334305832e-08;4.5894251146198076e-08;4.9501325035489974e-08;5.392096851872608e-08;6.135376474620646e-08;1.1311360661763789e-07;2.151894755399093e-07;2.9024876326137706e-07;2.902487566508828e-07;2.1992483251543202e-07;1.3911153140762333e-07;1.1418843126425005e-07;1.382244005598188e-07;1.71463634777095e-07;1.870799158122189e-07;1.6547133612307644e-07;1.1537847724533033e-07;7.047682190580396e-08;4.427922590986938e-08;4.1676314547336726e-08;5.432104436520262e-08;6.896454092088793e-08;7.234185917570795e-08;7.80974741253683e-08;1.7340274660327805e-07;5.819850249295816e-07;1.7027353351911552e-06;3.836096562585324e-06;7.422953610483921e-06;1.2959903926287424e-05;2.054396364893372e-05;2.9842428800590328e-05;4.0005547524189e-05;5.004495195720787e-05;5.922972759616414e-05;6.665365157895721e-05;7.171707520007542e-05;7.439395093422216e-05;7.512243078438621e-05;7.438044546269191e-05;7.284457633384898e-05;7.102450565432709e-05;6.854379729801871e-05;6.53352212625815e-05;6.155918326293265e-05;5.757756528077586e-05;5.3855966593481e-05;5.061642118655234e-05;4.792425062539835e-05;4.57560670348228e-05;4.374162388150291e-05;4.1900872675154296e-05;4.038306928655168e-05;3.908372783703787e-05;3.823879125036915e-05;3.7809123981878587e-05;3.770142510003191e-05;3.768406036398511e-05;3.731291996726811e-05;3.6719966745093794e-05;3.5843133946819215e-05;3.4752153408998106e-05;3.371408817535426e-05;3.313730887850211e-05;3.286881881508382e-05;3.2706785831132935e-05;3.258276810060072e-05;3.2564515722999315e-05;3.2620602913988194e-05;3.269665372881957e-05;3.285545946404965e-05;3.306396126085135e-05;3.325338576266983e-05;3.321138173548017e-05;3.2776076104027654e-05;3.194945061038214e-05;3.099462631290839e-05;3.021943673552933e-05;2.97957639209151e-05;2.9815068687008743e-05;3.01711234887709e-05;3.0633812729051704e-05;3.105281638045091e-05
693.171813937246;1.996474557251361e-07;2.47868712657707e-07;2.670549265386514e-07;2.452790802014016e-07;1.935089468999751e-07;1.2733540192491222e-07;7.22482665695556e-08;4.5624849143621776e-08;4.646975321842205e-08;7.13718902277085e-08;1.1760029907961609e-07;1.875888015761914e-07;2.772197815760585e-07;3.568427259549895e-07;3.86891412731119e-07;3.429071995645115e-07;2.3143931199151446e-07;1.3312749476279178e-07;7.609231203574218e-08;5.1010848874011374e-08;4.194263516873131e-08;4.442658422118948e-08;9.225056616992117e-08;1.9962863293623685e-07;3.479517016983257e-07;4.796322610583151e-07;4.926946830918106e-07;4.029620678162832e-07;2.965652896985697e-07;2.318324647932046e-07;2.2252349032949065e-07;2.2255903323143107e-07;1.86950972419173e-07;1.3887327452660286e-07;1.2767279261241556e-07;1.5675304004375697e-07;1.94161815574247e-07;2.1431933202215678e-07;2.0471299919510185e-07;1.7433495180979874e-07;1.3999122793063065e-07;1.6992206395211998e-07;5.200266961760288e-07;1.5783443170801614e-06;3.6366677892830536e-06;7.034629084157543e-06;1.2109393047638126e-05;1.9062862413373985e-05;2.7562434620822165e-05;3.697287675659725e-05;4.643095790760811e-05;5.555988752695369e-05;6.370047316693806e-05;6.963050064850537e-05;7.268762817150376e-05;7.309560174068323e-05;7.171264413459682e-05;6.962301203774448e-05;6.717118728146498e-05;6.447576566694056e-05;6.151602156965577e-05;5.82378506368901e-05;5.461955853413689e-05;5.0834624986692616e-05;4.733326932259529e-05;4.444301319987192e-05;4.229499285715144e-05;4.070482811511766e-05;3.967048993226789e-05;3.9127186638676126e-05;3.8699337351641146e-05;3.820279248594122e-05;3.750185308319543e-05;3.658266348920917e-05;3.5633243818234275e-05;3.484322717131879e-05;3.4250718797593663e-05;3.423663895758384e-05;3.411040598582226e-05;3.374198157056375e-05;3.312149234134284e-05;3.222934395532252e-05;3.1669093386820545e-05;3.1424578671684405e-05;3.172746899451133e-05;3.245302582944662e-05;3.322566043873458e-05;3.3626919931194426e-05;3.376845028229468e-05;3.367956474356773e-05;3.3556272451041574e-05;3.347886113615057e-05;3.3457454981426986e-05;3.293704957169479e-05;3.2179800005664346e-05;3.128151985976456e-05;3.0508363485661143e-05;2.9737223813090013e-05;2.9412427053579534e-05;2.931432786380753e-05
695.1306504637723;1.475237895331575e-07;1.6859795067275204e-07;1.7991341254628253e-07;1.8507764490211377e-07;1.6979260998389404e-07;1.2421122211801478e-07;7.619299496438394e-08;5.173956247920984e-08;6.311011953278274e-08;1.0662630621753109e-07;1.711112333806461e-07;2.461157489388966e-07;3.200866799367968e-07;3.756728784830499e-07;3.90669471010858e-07;3.4535632831482445e-07;2.513902886911835e-07;1.502781049213163e-07;7.591028440456303e-08;4.157509708991191e-08;3.0294421444739915e-08;3.718815295497505e-08;7.966554638655075e-08;1.8712419018874817e-07;3.7849506478862155e-07;5.806917186716717e-07;6.513223214247154e-07;5.543872041862626e-07;3.6760126690356665e-07;2.1517962557650202e-07;1.5869528592987812e-07;1.4514703498554469e-07;1.235568711397117e-07;1.158738012686083e-07;1.6188825474124112e-07;2.420477176384781e-07;2.989767535110049e-07;2.925521749531543e-07;2.268661754326148e-07;1.5620762493522316e-07;1.223891558588721e-07;1.832721915815295e-07;5.975576074581694e-07;1.6807849247960257e-06;3.636624691978025e-06;6.570369112030782e-06;1.0676639834374443e-05;1.62063326276273e-05;2.316084347955972e-05;3.119355141520286e-05;3.972036453882128e-05;4.827273090349005e-05;5.642199934795002e-05;6.311673684017247e-05;6.758651288292016e-05;6.976690897194778e-05;7.025680350616715e-05;6.967294024021534e-05;6.808988703531627e-05;6.553770443817016e-05;6.213974167623091e-05;5.819888027046669e-05;5.40563094053556e-05;5.003953120611624e-05;4.667311343573424e-05;4.426854952059752e-05;4.282780096328036e-05;4.2079225939246494e-05;4.1605839977393866e-05;4.110509476069237e-05;4.036763638458469e-05;3.915483316785485e-05;3.782544256748135e-05;3.626371641200036e-05;3.496703456360063e-05;3.423369890279502e-05;3.4003603878867484e-05;3.42418209544784e-05;3.458709995645754e-05;3.451534087273529e-05;3.383314543961302e-05;3.271300864597829e-05;3.159429073836117e-05;3.090199771600953e-05;3.0729588566212975e-05;3.098727319973828e-05;3.121363590270854e-05;3.1436095935212264e-05;3.165952378715894e-05;3.2080821540981055e-05;3.282995974932819e-05;3.359203384318025e-05;3.4373938076097715e-05;3.4489062761907096e-05;3.3708061732726715e-05;3.213576325649824e-05;3.037057036735388e-05;2.9169919988080865e-05;2.8546543503130225e-05;2.837654313116965e-05
697.0888190541373;2.0484533773200493e-07;2.124064382778151e-07;2.136532836244465e-07;1.9910572785827606e-07;1.6068059906011568e-07;1.0860111384021648e-07;6.450834288127057e-08;4.045036021848356e-08;4.332897764550922e-08;6.390179962288591e-08;9.640446732517328e-08;1.3132672744673718e-07;1.572649205536183e-07;1.8097579603791515e-07;2.1329615429326465e-07;2.2763584887131346e-07;2.255582910907047e-07;1.8057458407265892e-07;1.0895990676482825e-07;5.436965157871963e-08;3.2740244108885734e-08;3.3137624822999434e-08;5.814081609830392e-08;1.1646623311893774e-07;2.178008201097371e-07;3.081818463619224e-07;3.281699496298292e-07;2.665997359351596e-07;1.63141870655654e-07;7.855390486591287e-08;4.633903766598902e-08;4.626681958206896e-08;6.194445521673356e-08;1.0196056118944776e-07;1.48230277677378e-07;1.8135543641690148e-07;1.7663790534723438e-07;1.4162222195919766e-07;9.243035287507361e-08;5.4039727154680295e-08;4.739309186392184e-08;1.1970107843131848e-07;4.415107244411842e-07;1.3036673669047573e-06;2.9279644980003705e-06;5.552494675406193e-06;9.269757001774906e-06;1.4278040991037268e-05;2.0452795229608577e-05;2.7292636084429133e-05;3.420497689849303e-05;4.104237173488932e-05;4.766159326480657e-05;5.364076000813225e-05;5.853827685281918e-05;6.214570461978997e-05;6.461076109726259e-05;6.594264839782229e-05;6.560754267665151e-05;6.353548812075403e-05;6.015819114762041e-05;5.62535111137158e-05;5.243791814062752e-05;4.923315920593568e-05;4.6973068362315855e-05;4.562915956100783e-05;4.502212378175918e-05;4.475826033869301e-05;4.4280431055203673e-05;4.316964550636466e-05;4.137167927637371e-05;3.892679906913488e-05;3.656678129358469e-05;3.47218958947992e-05;3.3670990573519296e-05;3.356350180071912e-05;3.429861568024614e-05;3.5203139003189684e-05;3.591169322523045e-05;3.57745278886242e-05;3.462912986893289e-05;3.309518522188562e-05;3.147168878546882e-05;3.0200587770365947e-05;2.937501779402297e-05;2.8992710926278075e-05;2.905781522543153e-05;2.9694914764620847e-05;3.066156197690083e-05;3.1755077256378646e-05;3.261649436686465e-05;3.316038987912059e-05;3.29654771003591e-05;3.2267423792225984e-05;3.153483205238346e-05;3.077083880726119e-05;2.999423874002601e-05;2.9753321303173596e-05;2.961242403389182e-05;2.969201722472507e-05
699.0463197087956;2.115150952146345e-07;2.55790633911635e-07;2.756825561286398e-07;2.486567142649127e-07;1.901175553670964e-07;1.359133134594869e-07;9.067554728252085e-08;5.7565583516264864e-08;3.702048123961774e-08;2.7962081778123705e-08;2.7810810598378623e-08;2.7220290049401845e-08;3.0873635385242385e-08;5.2317369912957415e-08;1.1403707190563195e-07;2.0000977947364745e-07;2.492592016446441e-07;2.2573476285715927e-07;1.4942304389137496e-07;7.665713091392837e-08;3.9504841655862615e-08;2.740529558776433e-08;2.7765266367610082e-08;3.079243452726204e-08;3.286679375423131e-08;2.83178570142013e-08;2.1333819209389178e-08;1.4236856517672835e-08;8.702650941690918e-09;7.249381598797944e-09;1.3064344557714396e-08;3.1563259463728406e-08;7.067539001606386e-08;1.26784617146512e-07;1.542977451346031e-07;1.3372627540947712e-07;8.109930923830172e-08;3.4164701552073294e-08;1.7997610450542037e-08;1.6650670638257198e-08;2.7291923564007197e-08;8.47876725047325e-08;3.06862268253037e-07;9.413472737853112e-07;2.2333531596679284e-06;4.705094071146469e-06;8.589793112056929e-06;1.3769861213282364e-05;1.976952950332444e-05;2.6137504068680697e-05;3.243922528115746e-05;3.842548463569368e-05;4.3852858169478384e-05;4.856895990330682e-05;5.256271185270272e-05;5.591608563735714e-05;5.866238981077506e-05;6.040361026626858e-05;6.042408296920963e-05;5.902663138506635e-05;5.646139041309523e-05;5.324155687740594e-05;5.0013099411751736e-05;4.71506173757149e-05;4.492422187083696e-05;4.371050906117815e-05;4.313413481317478e-05;4.289064173978308e-05;4.274182208442071e-05;4.21778357178666e-05;4.068932621268174e-05;3.867206894274821e-05;3.630260791259614e-05;3.427135735629997e-05;3.307568244735032e-05;3.308961691954547e-05;3.410479378747913e-05;3.529970988250391e-05;3.586363300512144e-05;3.532207734268719e-05;3.374417019340621e-05;3.1683824615626354e-05;2.9765979360947168e-05;2.848100787983665e-05;2.7881433523509947e-05;2.7938185608140845e-05;2.871341467185137e-05;2.9963983081989144e-05;3.139763788996494e-05;3.232347807382137e-05;3.221594106378181e-05;3.143760536905928e-05;3.0217448757592212e-05;2.932860121640476e-05;2.910644292461544e-05;2.9381177732112904e-05;2.9758342226768556e-05;2.985774363350837e-05;2.9760436015300944e-05;2.9536481374404337e-05
701.003152428395;7.818768671912119e-08;1.1611546768236235e-07;1.4116317756372148e-07;1.552317353103167e-07;1.6668366897436018e-07;1.6378679887908406e-07;1.4419688017846446e-07;1.0808616214503126e-07;6.631722203679713e-08;4.158173262381922e-08;2.708302177360036e-08;1.7100884103178772e-08;1.4819511661447034e-08;2.079595830781195e-08;4.487563076279326e-08;9.617323885687563e-08;1.3204212777481746e-07;1.2932915074509573e-07;1.0103278967354965e-07;6.561119514378361e-08;3.908868807356686e-08;2.368950256397424e-08;1.2746671050702121e-08;8.979869663153067e-09;1.0033953743558374e-08;1.2136683969211438e-08;1.239643882078824e-08;1.0025975856733362e-08;6.329274599067178e-09;3.901259416054959e-09;5.459770047653145e-09;1.594925726636886e-08;4.40655461142135e-08;8.71674825704205e-08;1.2229820294884418e-07;1.227342030258375e-07;9.76165402634818e-08;5.8348169620558564e-08;3.424921569228766e-08;2.9612071514289974e-08;4.5175968462227226e-08;1.1189145212667522e-07;3.27113699868809e-07;8.622722662566766e-07;2.0213665999161363e-06;4.3505102375028825e-06;8.257846424305685e-06;1.358253967367632e-05;1.9758330086543063e-05;2.607123602547529e-05;3.2074799333151364e-05;3.761856253744902e-05;4.245626415357223e-05;4.660507508378269e-05;5.056918737018651e-05;5.414120245946908e-05;5.6825360555051085e-05;5.810002485191148e-05;5.799626084618962e-05;5.665927564916489e-05;5.4357610262076856e-05;5.127401580286025e-05;4.766798838880299e-05;4.439026826734444e-05;4.187060926532885e-05;4.019146484840093e-05;3.915180747787656e-05;3.881356887303139e-05;3.906043371720889e-05;3.9643571207926e-05;3.9991713588116254e-05;3.9563466817501295e-05;3.817190662049511e-05;3.613032070990002e-05;3.419286054588798e-05;3.3042007269686914e-05;3.292991844586239e-05;3.33644936265116e-05;3.385564218004968e-05;3.365059038195706e-05;3.2902729711173015e-05;3.185620600968025e-05;3.086435583078329e-05;3.0024087348584287e-05;2.947660862007865e-05;2.93777503833298e-05;2.9650605264343496e-05;3.039280709663277e-05;3.090260831376548e-05;3.0894604147068635e-05;3.0355714784706965e-05;2.934342124628659e-05;2.8779747994753664e-05;2.891273889596912e-05;2.943129994541164e-05;3.022754924714949e-05;3.073072339483643e-05;3.0680713652614533e-05;3.0259464083300227e-05;2.969758351757616e-05
702.9593172137611;4.787209216972317e-08;8.303897623958958e-08;1.1910577555265533e-07;1.614152391045813e-07;2.1066228580358499e-07;2.302501370597345e-07;2.2492350624362718e-07;1.862774663588251e-07;1.23589152826543e-07;6.74578851198879e-08;3.5156354365798465e-08;2.1575256469332885e-08;1.6574148832257434e-08;1.4253019663602688e-08;1.2106030883377218e-08;1.085486740816871e-08;1.6202043849483006e-08;4.167513446749072e-08;9.912324815418365e-08;1.5309073434889998e-07;1.6182094935227145e-07;1.2293098685106973e-07;6.226944376618306e-08;2.6443659932267744e-08;4.1408878853892966e-08;9.30834504394363e-08;1.593355421502207e-07;1.9150365031630565e-07;1.6618147015371364e-07;1.0236519399043728e-07;4.702354619434327e-08;2.1300386862114262e-08;2.6501106028178686e-08;5.405969771128419e-08;9.546579114004905e-08;1.2263234709263184e-07;1.1941464416908677e-07;1.0470250864972977e-07;1.155799360434235e-07;1.6701477707825277e-07;2.367458762410177e-07;3.296059115943033e-07;5.317750008748232e-07;1.017649444305022e-06;2.162296691544343e-06;4.4635517843893314e-06;8.31972084230103e-06;1.3679762538442246e-05;1.9930168605545243e-05;2.615473550473833e-05;3.1730982758510485e-05;3.660160044234115e-05;4.089099508949074e-05;4.48647204264746e-05;4.8566439555385046e-05;5.182633526798547e-05;5.410383305213716e-05;5.507985362553145e-05;5.440869715239384e-05;5.251159874460636e-05;5.010134607057949e-05;4.757574217921855e-05;4.503742646737674e-05;4.284389009846405e-05;4.092159061677051e-05;3.92521955082962e-05;3.800496977912013e-05;3.7281332388122896e-05;3.701579895000568e-05;3.723740090280269e-05;3.783773805618371e-05;3.792221032245094e-05;3.702708861792471e-05;3.5473418598900663e-05;3.3772834988884575e-05;3.2506069725293305e-05;3.1936247516788695e-05;3.203683664625636e-05;3.237402330700813e-05;3.266141306013526e-05;3.283218138071227e-05;3.287945939364534e-05;3.284523217820158e-05;3.260216783833016e-05;3.226983016991722e-05;3.195547935330338e-05;3.1757303127171965e-05;3.149759853545548e-05;3.1010076138874674e-05;3.0270040182430903e-05;2.960414665925724e-05;2.908549769978141e-05;2.891334798689925e-05;2.915362055268502e-05;2.9784722817557258e-05;3.064036660690239e-05;3.1254187841178656e-05;3.122411570041226e-05;3.0736968188330186e-05;3.01894256255296e-05
704.9148140658835;1.2820171630177918e-07;2.105629875965554e-07;2.864257118376941e-07;3.3638501363032605e-07;3.603391434139879e-07;3.668761685071198e-07;3.346107724349848e-07;2.5868264058172336e-07;1.7231573660825729e-07;9.387640840524875e-08;4.9548809239387086e-08;3.390983352675537e-08;2.6480132856970906e-08;2.1343568414448583e-08;1.7278288029960068e-08;1.4616004825627547e-08;1.653731190175529e-08;4.5478193397805884e-08;1.352422802773557e-07;2.373599186983971e-07;2.718117659307508e-07;2.2319392115213e-07;1.578012115631836e-07;1.7180710664495258e-07;2.68325009906704e-07;4.062239849147218e-07;5.156657780833428e-07;5.153310474337578e-07;4.0410102356688027e-07;2.3808437160796e-07;1.1241646319902665e-07;7.39509170144466e-08;8.635877349905042e-08;1.1369660996989353e-07;1.3586197505538838e-07;1.3411079712981532e-07;1.1320982675069833e-07;1.1139896430461177e-07;1.727311629443542e-07;2.9210622548635865e-07;4.162673020282714e-07;5.203740492378721e-07;6.74422967427347e-07;1.1185827307347566e-06;2.3007477929146024e-06;4.649030205830537e-06;8.308325562960999e-06;1.3100326466168518e-05;1.843697858861439e-05;2.3761739401750017e-05;2.8942971493588004e-05;3.392821087949349e-05;3.890031454259107e-05;4.360840526495148e-05;4.759667825002217e-05;5.044769462721598e-05;5.1894068089993226e-05;5.1619966717498825e-05;4.981260772431646e-05;4.753336625201817e-05;4.5615882612242186e-05;4.432251549799324e-05;4.352888757809941e-05;4.2657565962967845e-05;4.14851304173089e-05;4.021254106370389e-05;3.90457923433797e-05;3.8007309695724513e-05;3.7122004230181365e-05;3.63534481989049e-05;3.571443621067451e-05;3.503541356519582e-05;3.418070757506008e-05;3.331793655252286e-05;3.255816652676125e-05;3.2151267933404587e-05;3.193116467824447e-05;3.1826144252625697e-05;3.15955837412122e-05;3.123179549872413e-05;3.088407319595537e-05;3.0826616653783245e-05;3.118352536921767e-05;3.18145524737044e-05;3.25361283159572e-05;3.296897025982191e-05;3.3235766111342526e-05;3.29898059803664e-05;3.253142392834468e-05;3.181661946557701e-05;3.097896183529667e-05;3.014050029397963e-05;2.9428922008601388e-05;2.912491608208513e-05;2.9189976569939547e-05;2.958505363984592e-05;3.007635354024729e-05;3.029836986041813e-05;3.016819612899752e-05;2.983070138102193e-05
706.8696429859556;2.0350586276077535e-07;3.141870215402008e-07;4.020642106001407e-07;4.333740416193989e-07;4.135072456919658e-07;3.947206447174958e-07;3.476503505245817e-07;2.731067980897852e-07;1.9120130869614416e-07;1.201400119141807e-07;6.780753292773784e-08;4.5256839225333916e-08;3.3378800072457984e-08;2.5680999566067155e-08;2.0804783986391632e-08;1.7216729141010198e-08;1.5319511202526078e-08;2.7435650703465904e-08;7.07859642173464e-08;1.2738481233731388e-07;1.663680547135989e-07;1.803977107053728e-07;2.0459367196040575e-07;3.2115707241679333e-07;4.642425368314039e-07;5.835014477934201e-07;5.908115038394676e-07;4.838051863083159e-07;3.291205901297777e-07;1.8732846644641603e-07;1.156434120382858e-07;1.348697309031565e-07;2.055492101296342e-07;2.6518190558524585e-07;2.7188491617671173e-07;2.1730451312197733e-07;1.4202488111310973e-07;9.779433848130167e-08;1.1498156080792081e-07;1.6664231882402418e-07;2.2780908266921998e-07;2.9072575787246445e-07;4.243371561046122e-07;8.910886883882784e-07;2.1495575556673176e-06;4.441502806964362e-06;7.601748654502603e-06;1.1399386982988896e-05;1.557253196248106e-05;2.009438891509507e-05;2.511954115109776e-05;3.057111638837422e-05;3.6252863193762987e-05;4.1976096464561856e-05;4.696635550624244e-05;5.025023776011048e-05;5.138590849148385e-05;5.067859171933501e-05;4.898396412927893e-05;4.726565250118046e-05;4.588356182250465e-05;4.458081550071536e-05;4.371241801391121e-05;4.26877616950963e-05;4.1485052088627845e-05;4.017341574592393e-05;3.917436460607202e-05;3.842060410897556e-05;3.779159624651014e-05;3.7142875666225394e-05;3.6312300763519125e-05;3.54195561073092e-05;3.460748748827002e-05;3.3977516195923086e-05;3.351918911032907e-05;3.3164323655951604e-05;3.278658583773165e-05;3.225711962416226e-05;3.1521308232854014e-05;3.066581826695353e-05;2.999625892687364e-05;2.9745774441849395e-05;2.992265045405428e-05;3.064308316084209e-05;3.145636777681716e-05;3.226649625663128e-05;3.2877807930077594e-05;3.311323766893593e-05;3.293993797773508e-05;3.224487139969062e-05;3.125805440977873e-05;3.0282500009226164e-05;2.9452631483184484e-05;2.8875700731252036e-05;2.8589187745533333e-05;2.8736337916408828e-05;2.9047945469124658e-05;2.927064986353499e-05;2.9375003603679965e-05;2.9349957866974885e-05
708.8238039753305;2.42516101055126e-07;3.657277254680428e-07;4.421157455443394e-07;4.354562995009488e-07;3.7352050136170725e-07;3.108346356317694e-07;2.862178855418858e-07;2.721569150889713e-07;2.2255142293943634e-07;1.5539439625316473e-07;9.161440652181432e-08;5.3863053231595455e-08;3.703902093141463e-08;2.8609553993042362e-08;2.4165272756505245e-08;2.1070997446928454e-08;2.0004634177222863e-08;2.211328585827803e-08;2.5662906579024592e-08;3.3922165777951184e-08;5.887846956584631e-08;1.0484127918953287e-07;1.6598541081049204e-07;2.3444048274282505e-07;2.792149545751262e-07;2.824089617804277e-07;2.374962452430072e-07;1.6405670768353112e-07;1.0249692823181167e-07;7.039260528684753e-08;7.901256851630868e-08;1.412517488419765e-07;2.490503108517724e-07;3.4502188701870986e-07;3.654946319155921e-07;2.957923065726233e-07;1.900047231205385e-07;1.029920931512689e-07;5.468552104679354e-08;3.405380138766141e-08;3.46404429387359e-08;9.966853848092296e-08;3.319652180917928e-07;9.263474477973072e-07;2.1886365299506703e-06;4.203120439840767e-06;6.838011137627157e-06;1.0071859236604168e-05;1.3965487119293696e-05;1.861917601863988e-05;2.386249297205902e-05;2.9262659215480447e-05;3.4545479956152515e-05;3.963709291929813e-05;4.387726652618128e-05;4.705887459655413e-05;4.8716881318458695e-05;4.916843408579894e-05;4.89978181158483e-05;4.834720888528949e-05;4.7218561433284175e-05;4.57173793615118e-05;4.4132932007551177e-05;4.25433558023698e-05;4.1185129019153765e-05;3.990264379697024e-05;3.876808359381322e-05;3.799877708597715e-05;3.75670249031954e-05;3.718694195116982e-05;3.66049981996546e-05;3.600357370682288e-05;3.5400993015932727e-05;3.481023640994644e-05;3.42144370675911e-05;3.341980061500282e-05;3.2415046989762606e-05;3.159026579758396e-05;3.089895033573277e-05;3.068368808391132e-05;3.08003992929469e-05;3.07824242381792e-05;3.066535810157186e-05;3.0595432585520736e-05;3.076306499226864e-05;3.124848481717423e-05;3.1823881123819114e-05;3.223616875959587e-05;3.217411434701414e-05;3.154558417289728e-05;3.049590718648375e-05;2.942250418130717e-05;2.863480768311499e-05;2.823141434561755e-05;2.8253651437286115e-05;2.8503646378157617e-05;2.875058983013528e-05;2.880573629684561e-05;2.876421423786685e-05;2.8721477186518115e-05
710.7772970355509;2.006027528225784e-07;2.569702838562645e-07;2.6903994565186617e-07;2.385262453043995e-07;2.036061749449212e-07;1.9186306867081186e-07;2.287646165305638e-07;2.588247693349467e-07;2.375922569770528e-07;1.769850377024781e-07;1.091737493913193e-07;5.7589611615073e-08;3.521649745159744e-08;2.65750198310772e-08;2.2951963276101663e-08;2.131330087175173e-08;2.3305949500008506e-08;2.9624676662078745e-08;3.409802906868646e-08;3.2779898151193376e-08;3.1881035266661126e-08;4.12123145734516e-08;6.517680782231858e-08;6.406617202097861e-08;4.7429591739263206e-08;1.8350010240766143e-08;1.0082806367833243e-08;1.3735488319504803e-08;2.5757979794264927e-08;3.633061507056719e-08;4.5429287159567e-08;7.447004702371708e-08;1.268397998398879e-07;1.959800803591011e-07;2.335702623140997e-07;2.1087094388533762e-07;1.4508999071291425e-07;7.859858846872625e-08;3.4591302556382074e-08;1.974442817099843e-08;3.0276722366397784e-08;1.330554336663954e-07;4.260188534172561e-07;1.044080187236061e-06;2.2157922955496902e-06;4.0677363775073145e-06;6.645666163088003e-06;9.93015910373031e-06;1.4071161905693852e-05;1.898813888415258e-05;2.4338167435519896e-05;2.966401756994292e-05;3.439347492947565e-05;3.817883349118605e-05;4.0929051877775554e-05;4.277962168378105e-05;4.424599771127688e-05;4.517577826944085e-05;4.583103765723986e-05;4.628704588486557e-05;4.6476279254118114e-05;4.64556811485423e-05;4.574521383576647e-05;4.4383499552179325e-05;4.2630465506011854e-05;4.057267935970784e-05;3.860807815633547e-05;3.6937455323014734e-05;3.590963987218777e-05;3.5291749341929095e-05;3.490474837143057e-05;3.458741999630736e-05;3.428185661140116e-05;3.392685409447235e-05;3.334355374984121e-05;3.2456224663012304e-05;3.1390550308626714e-05;3.041670310996668e-05;2.9913210486699085e-05;2.9974143426092524e-05;3.0437494218226297e-05;3.090336479993261e-05;3.117806503668133e-05;3.120977910628827e-05;3.131702865294138e-05;3.148975790758611e-05;3.169831613524959e-05;3.180213424310401e-05;3.161303584087517e-05;3.11409986820004e-05;3.024981342464095e-05;2.919223347498892e-05;2.84485276759671e-05;2.824715000073272e-05;2.854098494682224e-05;2.8978052024686133e-05;2.9237138806253812e-05;2.9150127146942847e-05;2.8843942579937616e-05;2.8542784980984998e-05
712.7301221683265;1.6183410606649837e-07;1.3345303874942394e-07;9.136062688793586e-08;5.6693204650961717e-08;4.8757039962531257e-08;7.0408163312688e-08;1.1752272325060629e-07;1.624086858117676e-07;1.7838453849694193e-07;1.557120664401155e-07;1.0411107807658426e-07;5.3441726437541296e-08;2.8645320492754663e-08;1.985415101669029e-08;1.658554730800862e-08;1.5400418376122346e-08;1.626901708461793e-08;1.899864693454877e-08;2.0160562165539633e-08;1.779330978552794e-08;1.3284375533774642e-08;9.491994701159826e-09;7.869172244278192e-09;6.4809367896350075e-09;4.5823128893074e-09;3.2637070166413502e-09;5.0930453295030005e-09;1.5508298456666638e-08;3.3169664466852384e-08;4.403509043471395e-08;3.967395244912231e-08;2.6361277221338377e-08;2.083264720593805e-08;3.5787089495081057e-08;5.6706688920087824e-08;6.3397670460208e-08;4.8032148572418576e-08;3.284874843280347e-08;3.2213954667829295e-08;4.4827283051205024e-08;5.4694918468370886e-08;1.359369865843785e-07;3.656998628611995e-07;9.16802698348491e-07;2.099580040810603e-06;4.1662086673655305e-06;7.1943705577502365e-06;1.106750249321428e-05;1.5541324508180326e-05;2.041977774301586e-05;2.5447991976512545e-05;3.0170188038993323e-05;3.4264667596590486e-05;3.752704925571051e-05;4.0063348740648975e-05;4.20127513786194e-05;4.3278335426864095e-05;4.401802614453276e-05;4.451406020713171e-05;4.513180815714118e-05;4.586083472127696e-05;4.645260858152127e-05;4.6393566160335256e-05;4.533082583338197e-05;4.3255369176395785e-05;4.070548436466766e-05;3.838020178289688e-05;3.660409831242265e-05;3.571980887147169e-05;3.5407554549529555e-05;3.524147781377987e-05;3.4915004473148394e-05;3.433148358744572e-05;3.3490017289808534e-05;3.269798306435528e-05;3.1923339550406644e-05;3.134325755115915e-05;3.0823910520680106e-05;3.0522628137467404e-05;3.028181974220658e-05;3.0149456092451925e-05;3.0175523161072787e-05;3.045512915507502e-05;3.0975315023108166e-05;3.151151209020614e-05;3.1984890969753214e-05;3.212848240520992e-05;3.19281343783441e-05;3.155292100495776e-05;3.110302070332033e-05;3.060085336913901e-05;3.010036625889836e-05;2.975231277342732e-05;2.979881199810417e-05;3.021132591790449e-05;3.064239802814534e-05;3.074025683277697e-05;3.038706749018072e-05;2.984169144939086e-05;2.9404050880901656e-05
714.6822793755564;1.1306068268566783e-07;8.247693946885535e-08;5.7878234143792014e-08;4.0731649518690764e-08;2.638553827181256e-08;1.8205107092157364e-08;2.4105396565220652e-08;4.5524777029366616e-08;6.64206374099102e-08;6.855915178005157e-08;4.9421624686894086e-08;3.0560934946386104e-08;2.5109913328512692e-08;2.2189632061561323e-08;2.0001907579046962e-08;1.5646591745017573e-08;1.0838617372645133e-08;6.823036277945365e-09;5.588162704897024e-09;6.170981296040872e-09;7.505959863812327e-09;9.817083828758264e-09;1.0381134025438334e-08;8.296976150345645e-09;4.779172779991618e-09;2.873912862818426e-09;6.270419508788385e-09;2.0723575492304123e-08;4.3363742148997815e-08;5.620558774431943e-08;4.895938143864282e-08;2.8331983763436572e-08;1.1373547854499214e-08;5.3877637202932906e-09;4.068257643466205e-09;3.2761459602798942e-09;3.6071553541587117e-09;1.160895737189329e-08;3.8593026878377575e-08;7.498836658043679e-08;9.986013361225557e-08;1.591252561333128e-07;3.8659058204108434e-07;1.0282936729272934e-06;2.4271273424634413e-06;4.843906953764442e-06;8.299074377714487e-06;1.2477197699285578e-05;1.6749595945139657e-05;2.101052996543979e-05;2.4934777473267538e-05;2.8526744360267957e-05;3.220677665937963e-05;3.568052017068506e-05;3.9119536347949394e-05;4.2391313304973736e-05;4.463153714863471e-05;4.580979349357497e-05;4.617561453023395e-05;4.6258735864159866e-05;4.626352502033775e-05;4.630791454739982e-05;4.580292389824754e-05;4.466305368493261e-05;4.29443773503164e-05;4.087745071242957e-05;3.894069380883509e-05;3.778695229124462e-05;3.731166579848918e-05;3.727039075269389e-05;3.721354787544873e-05;3.675765571227587e-05;3.5808302636324414e-05;3.456735624894767e-05;3.337153216719573e-05;3.252697857324088e-05;3.205217434216937e-05;3.180530387266027e-05;3.1548547384967855e-05;3.100504060294642e-05;3.011453316304715e-05;2.927274060926705e-05;2.9055934915688028e-05;2.9498999100052576e-05;3.045985358582778e-05;3.1489420211442326e-05;3.219685659346027e-05;3.247603724239732e-05;3.237167932493934e-05;3.201515743295534e-05;3.157971389721748e-05;3.108524258617588e-05;3.055825648747481e-05;3.0496771959677385e-05;3.059092306577455e-05;3.077767027221648e-05;3.086644807378233e-05;3.072995468550036e-05;3.0452717432355703e-05;3.0162396085970463e-05
716.6337686593179;3.974972173137637e-08;3.7421079387099354e-08;3.532433783215633e-08;2.9353095593903512e-08;2.0555155938467557e-08;1.5619501149546526e-08;1.9868789145564537e-08;2.50262226319186e-08;2.3549946906883804e-08;1.581716298497446e-08;7.991544381756366e-09;1.3807094119891369e-08;2.8557878290499717e-08;4.170000764698234e-08;4.4869031809509927e-08;3.636572205035023e-08;2.1443463367486413e-08;9.142441611544646e-09;6.476620646782977e-09;7.552249168945665e-09;9.789449679425582e-09;1.0458790031045793e-08;9.473713732626165e-09;6.6216176036399365e-09;3.7514346263625244e-09;2.4568784061919963e-09;4.73533400942583e-09;1.5644925648109018e-08;3.4985660856105064e-08;4.6764036320358574e-08;4.1967780938297735e-08;2.5050586490290964e-08;9.258116390981604e-09;4.046107083614278e-09;3.1982974023168762e-09;3.1462279235410717e-09;3.458760675177546e-09;6.336956921594851e-09;2.664415520437353e-08;7.097449164557809e-08;1.464615439676692e-07;3.1633141512738817e-07;6.608679303184248e-07;1.3903611379033096e-06;2.791657419043942e-06;5.1520974865406406e-06;8.170506953115108e-06;1.1772597393266296e-05;1.5474203670430925e-05;1.914944298240451e-05;2.2894156228083125e-05;2.6922567156767484e-05;3.1091442086600235e-05;3.526516962881571e-05;3.913918694854365e-05;4.223970480789229e-05;4.4604619778482817e-05;4.586901070989503e-05;4.641466970526659e-05;4.680089394425061e-05;4.704315502171173e-05;4.707180513940503e-05;4.658628248472399e-05;4.538002319098629e-05;4.355985437854562e-05;4.136485736614824e-05;3.911614563425215e-05;3.753753858869329e-05;3.6673535995189306e-05;3.649744345447967e-05;3.664341153775134e-05;3.681032991619749e-05;3.645843844776011e-05;3.5972890174917936e-05;3.515262517758679e-05;3.422192792038784e-05;3.332644266784567e-05;3.2524768901521774e-05;3.162715103435047e-05;3.0775498698158984e-05;3.003257552557041e-05;2.9438533257006293e-05;2.9346039845372085e-05;2.973954350262795e-05;3.053293801291513e-05;3.1467936110307816e-05;3.225960419806121e-05;3.282491957774355e-05;3.300762111265621e-05;3.276012010236458e-05;3.2142449998901936e-05;3.1279285926855655e-05;3.0348320918604125e-05;2.9715870787491518e-05;2.9412759814688044e-05;2.9499531747217174e-05;2.981530233544129e-05;3.0094071473932093e-05;3.0252694050193376e-05;3.029056017813757e-05
718.5845900218628;4.828287671829568e-08;3.77020802714658e-08;2.8430920735539214e-08;2.069623641478032e-08;1.496943250547405e-08;1.868036100883425e-08;3.163543464525124e-08;4.283726393194245e-08;4.1084456897223546e-08;2.83099573343507e-08;2.2242244495091945e-08;3.949471381439666e-08;7.138767212924781e-08;9.876869241864301e-08;9.475017430518976e-08;6.77157652875284e-08;3.7857546360119024e-08;2.3269158355609732e-08;3.0602170227336946e-08;4.767168037161645e-08;6.114637247392094e-08;6.095331180539758e-08;4.682220066664184e-08;2.795036248905504e-08;1.501633559224287e-08;8.466674708165285e-09;6.707962811657854e-09;1.1917686725082334e-08;2.3908403054848087e-08;3.274516222903381e-08;3.1302417266621674e-08;2.0769483764842747e-08;9.317049888948812e-09;4.289577983593889e-09;3.94201387342039e-09;5.025954584680774e-09;6.1730430116517105e-09;6.6940060624886105e-09;1.6109715163448512e-08;6.741770883248112e-08;1.993831209974071e-07;4.415141380781598e-07;8.262115773157333e-07;1.4270206022293929e-06;2.432981301996701e-06;4.052632012936961e-06;6.34581521124377e-06;9.261326669686562e-06;1.2788860584011847e-05;1.688401479884722e-05;2.1834005884131213e-05;2.731092305714734e-05;3.264356656094525e-05;3.711874754369335e-05;4.042782938601517e-05;4.2605987579201e-05;4.409453930600186e-05;4.511293789327112e-05;4.589807912659485e-05;4.658147822589548e-05;4.71222214100379e-05;4.7018454374750135e-05;4.6020680980992106e-05;4.414849851789087e-05;4.179475261232657e-05;3.963520571211252e-05;3.765487725568109e-05;3.620452064161571e-05;3.5279064509940506e-05;3.5053564038603846e-05;3.531327146507319e-05;3.567148798341869e-05;3.587727240022652e-05;3.5951111325398005e-05;3.576976867745959e-05;3.519196768598539e-05;3.423763447885619e-05;3.3070803946596016e-05;3.193980020922554e-05;3.116444868666378e-05;3.087876803531762e-05;3.104415892063498e-05;3.146239777768745e-05;3.200527963159644e-05;3.253188283687602e-05;3.283432614814549e-05;3.275865237819732e-05;3.2400808911810177e-05;3.157323474222348e-05;3.0718100215320234e-05;3.0019938433167856e-05;2.9486123887954984e-05;2.9127836781356622e-05;2.8793530374218065e-05;2.870418039649436e-05;2.885257964521666e-05;2.918788320698252e-05;2.946478463766452e-05;2.9642355245028976e-05;2.975414387500628e-05
720.5347434656178;1.4441147249660758e-07;1.0523184063722725e-07;5.483540586796338e-08;2.6141214950392342e-08;1.620597582865857e-08;2.0274739780329732e-08;2.87460326257041e-08;3.4513149793327006e-08;3.2915425230861696e-08;2.8695928765886004e-08;4.163766269632375e-08;9.468079531950669e-08;1.547984063161095e-07;1.8083852908662977e-07;1.564576206784283e-07;9.72711623641329e-08;4.9921989900800185e-08;4.2512744602774145e-08;7.212119180352546e-08;1.2591454020701416e-07;1.6603811582564125e-07;1.5747910188810364e-07;1.1416319593972599e-07;6.544847525941924e-08;3.323171367380588e-08;1.833703404138032e-08;1.3491788762590436e-08;1.595667366700189e-08;1.9690552187772898e-08;2.2689900727406684e-08;2.1754795617525737e-08;1.8498337549271944e-08;1.6215523933865707e-08;2.2071111053521625e-08;3.5379102018215544e-08;4.572025222939879e-08;4.56996571738773e-08;4.005264115693378e-08;5.953412273105039e-08;1.318433637546994e-07;2.76366531884675e-07;4.276237081664956e-07;6.459653063574777e-07;9.454866620265434e-07;1.58901228014926e-06;2.89424901624518e-06;5.245276891846172e-06;8.405551064576978e-06;1.2287885243901367e-05;1.675149290060775e-05;2.165974628510823e-05;2.6991489598218307e-05;3.1841778811583525e-05;3.5694217569048776e-05;3.880013448121732e-05;4.114559326412797e-05;4.283900666458673e-05;4.442790992385779e-05;4.579078572307187e-05;4.660964531354582e-05;4.675274231807085e-05;4.5982645113602425e-05;4.44459437631606e-05;4.256426668544915e-05;4.080172421331187e-05;3.926384884244785e-05;3.81217105906853e-05;3.6926719334750354e-05;3.601939668334129e-05;3.5366819847346506e-05;3.4973918001216255e-05;3.471703943307701e-05;3.48980544967413e-05;3.515870564224281e-05;3.534979260099749e-05;3.536140337732746e-05;3.485758315615113e-05;3.3839009343182504e-05;3.276402038412127e-05;3.210084567993025e-05;3.193145883007991e-05;3.227962015042383e-05;3.283030452883734e-05;3.347540259782999e-05;3.3939119128595296e-05;3.376970685306666e-05;3.28001823411041e-05;3.0877275392974425e-05;2.8849915383094405e-05;2.7427725450862434e-05;2.700493791497812e-05;2.748200678427176e-05;2.832302347151864e-05;2.868689187503611e-05;2.8488998890420007e-05;2.8081084263379963e-05;2.7479385628557785e-05;2.738641740938829e-05;2.7543491814834654e-05;2.7751255566867947e-05
722.4842289931803;1.747931668216993e-07;1.4239518987147442e-07;9.060606592762485e-08;4.4598133360668845e-08;3.333079940658502e-08;5.020553405213928e-08;7.068851536536944e-08;7.514335568353338e-08;6.075929360662357e-08;4.4004379926580816e-08;5.5619456624046895e-08;1.1599952165521147e-07;1.880522248358722e-07;2.1743493599847965e-07;1.952769963045759e-07;1.3323853199073882e-07;7.847089160284848e-08;6.824487968939904e-08;1.0198467222409085e-07;1.5163213596119206e-07;1.7753519845632228e-07;1.633898646905274e-07;1.1959959851527588e-07;7.347603071808243e-08;4.2404042156387455e-08;2.6407264364429048e-08;2.1429951285399885e-08;3.269099758047674e-08;7.771544292794179e-08;1.592322891517999e-07;2.19722825098597e-07;2.137228128489164e-07;1.604469702347701e-07;1.1909848432959413e-07;1.2340421383491494e-07;1.3432326416685044e-07;1.1733896945367634e-07;9.58269178886799e-08;1.3651558855302044e-07;2.738531444376359e-07;4.625599914456854e-07;5.971627704246384e-07;6.328092137855565e-07;7.533275500662252e-07;1.2610164861944412e-06;2.6886037594555137e-06;5.282700606965768e-06;8.902429695188662e-06;1.3073070972222157e-05;1.728247094505099e-05;2.134928847137932e-05;2.524116998655845e-05;2.8697406557189545e-05;3.217438439582663e-05;3.547883984165034e-05;3.860569673119469e-05;4.145046570950857e-05;4.381615314703261e-05;4.530425367185671e-05;4.55425990738635e-05;4.486774412272231e-05;4.377417305914519e-05;4.278565911313807e-05;4.218630626629221e-05;4.1816982557822384e-05;4.091110768968222e-05;3.963151739965513e-05;3.806340164537075e-05;3.6570115081781504e-05;3.525837252919269e-05;3.4317935608812915e-05;3.3962829278926613e-05;3.4215179170086384e-05;3.480638773270316e-05;3.544866447668784e-05;3.560608818037748e-05;3.507752517491852e-05;3.3957066373234884e-05;3.275190512266166e-05;3.199580459681071e-05;3.181543972398709e-05;3.21055836944346e-05;3.263562805918463e-05;3.312809017243077e-05;3.32464017747426e-05;3.2592874130535034e-05;3.1114583643112315e-05;2.916447999153677e-05;2.7380977605343973e-05;2.6213419094422246e-05;2.620086392955212e-05;2.721431530114248e-05;2.8470052003573096e-05;2.893758115602424e-05;2.8536992131857435e-05;2.742897151785656e-05;2.641532212003497e-05;2.6120628623484803e-05;2.623725201413345e-05;2.6493732454219467e-05
724.4330466073443;9.998422422257969e-08;1.1718421340614305e-07;1.1893945046909141e-07;9.427087676712605e-08;9.082801201103917e-08;1.400204061958059e-07;2.0782092245280886e-07;2.332305204744168e-07;1.897028394348854e-07;1.1296577448930576e-07;7.069609506946484e-08;8.383758139887045e-08;1.298732006098878e-07;1.6869677375880921e-07;1.7281006720885945e-07;1.457748325582953e-07;1.172147146610666e-07;1.196781268244043e-07;1.398918635865645e-07;1.475543986420489e-07;1.276917336829394e-07;1.0660455098899801e-07;7.992196117241195e-08;5.9328886724982e-08;4.941823213792942e-08;5.047915162375581e-08;6.646629968444817e-08;1.0261065688021583e-07;1.953256875208985e-07;3.55422070122374e-07;4.865638750021101e-07;5.117803034622618e-07;4.521183192050322e-07;3.816011389553676e-07;3.456709445590426e-07;2.8986450265155744e-07;1.993352420607134e-07;1.3181753643713526e-07;1.552338416949913e-07;2.760773828890611e-07;4.611508530626403e-07;6.075229086772942e-07;6.579703570026324e-07;8.589925675317876e-07;1.4534451934136048e-06;2.8359268923515923e-06;5.2141512077336895e-06;8.409579640393433e-06;1.2058398643144278e-05;1.5781870594861146e-05;1.942932417892529e-05;2.283002568664207e-05;2.6638524700656816e-05;3.09157200191038e-05;3.511058091622722e-05;3.913360130926184e-05;4.242980208182975e-05;4.439119474738779e-05;4.460372154294599e-05;4.346116591988602e-05;4.1202060660291815e-05;3.945667914561371e-05;3.887756611117001e-05;3.93365810032951e-05;4.013122871663198e-05;4.0380274611837565e-05;3.9797926415332616e-05;3.8547187194754335e-05;3.679687419855088e-05;3.5091968447987216e-05;3.384946652646219e-05;3.3417417628197875e-05;3.364664909889511e-05;3.4370364724134816e-05;3.510866231149211e-05;3.5262024793471654e-05;3.460043187742026e-05;3.336734533926844e-05;3.223385006449877e-05;3.1710340360590826e-05;3.178325477028491e-05;3.2217584867173186e-05;3.255431221728856e-05;3.239805402624997e-05;3.175993725771277e-05;3.0716654166121434e-05;2.958169660906487e-05;2.8738788478789443e-05;2.8039327074420425e-05;2.776473088906677e-05;2.76999396834734e-05;2.772869865761101e-05;2.7689463380638424e-05;2.7445730785142712e-05;2.7190990927374585e-05;2.6907170186933893e-05;2.698271187442512e-05;2.707297710697653e-05;2.71765373403141e-05;2.723875555163605e-05
726.3811963110675;5.6154661168536114e-08;1.0527837376845353e-07;1.3625073078163866e-07;1.311423738453743e-07;1.230308060675232e-07;1.6856264796760474e-07;2.490416887664465e-07;2.876612081576589e-07;2.408510079793275e-07;1.429109397489347e-07;6.754344998995612e-08;4.1051505838940454e-08;4.785970889364659e-08;6.614357753807412e-08;7.52118629019587e-08;7.780693191456731e-08;9.659886340285195e-08;1.3338900785347016e-07;1.5880245406165857e-07;1.5346483995177273e-07;1.1674986997214463e-07;7.481931508513755e-08;4.7091224614975486e-08;3.630261041626258e-08;4.094716804121939e-08;6.226174619661294e-08;9.939093454333941e-08;1.383704479703062e-07;1.877174476415304e-07;2.622306671133641e-07;3.418236665757409e-07;4.143817452275269e-07;4.736738847778426e-07;5.068705313963142e-07;4.877255049824174e-07;3.807680520373101e-07;2.3713955975062186e-07;1.3172177526839882e-07;9.861218508284453e-08;1.2477581335162226e-07;1.869677480878007e-07;2.678251597780234e-07;4.104588838169879e-07;7.665887972358828e-07;1.5688796441141203e-06;3.10895741550846e-06;5.306040708642801e-06;7.945504087589998e-06;1.082804106406934e-05;1.3721260116586097e-05;1.711030957586451e-05;2.1287013701889207e-05;2.6352120074560075e-05;3.188239253542741e-05;3.705670108794843e-05;4.122727193261385e-05;4.373215068562477e-05;4.443063221581928e-05;4.372103130130266e-05;4.2225785379822086e-05;4.02534139229593e-05;3.893568076902106e-05;3.835775560541242e-05;3.8384978231769965e-05;3.882702974035269e-05;3.951310072479028e-05;3.993549155336362e-05;3.973340210622753e-05;3.8750070965809394e-05;3.711296537990993e-05;3.529420591130182e-05;3.4000071453852546e-05;3.352510162566894e-05;3.386167443374364e-05;3.4374499350917915e-05;3.44604220983141e-05;3.386607869505696e-05;3.28050782744505e-05;3.180589343914952e-05;3.129170176843752e-05;3.1286085345362794e-05;3.147591606836852e-05;3.136309857942071e-05;3.084151530150469e-05;3.013191274082911e-05;2.96668243910952e-05;2.9701952381519228e-05;2.999137421288877e-05;3.0481246645359977e-05;3.0850306806818853e-05;3.051083708319012e-05;2.9475113178347944e-05;2.8132016521618432e-05;2.719020969025856e-05;2.686816884638902e-05;2.714465897459733e-05;2.7553770421751845e-05;2.7649263121024493e-05;2.762519233127644e-05;2.75099024026872e-05
728.3286781074785;5.8918309305827765e-08;1.0097010601604968e-07;1.2723768021849333e-07;1.164995185627587e-07;9.020514465405483e-08;8.766814149947167e-08;1.1003173398171494e-07;1.232517328561489e-07;1.0362412963676397e-07;6.355436500807098e-08;3.088847053563614e-08;1.3543942009401426e-08;9.204469557515665e-09;6.8254503737394396e-09;5.688700020069984e-09;1.0032363566935682e-08;3.066407848481391e-08;5.686074866580492e-08;7.579951295940647e-08;7.539375140002579e-08;5.643393115212077e-08;3.009219582539093e-08;1.58392804835241e-08;1.1087709857081524e-08;1.499871121433296e-08;2.7981794383257384e-08;4.662907864195732e-08;5.962327710480572e-08;6.156138048125661e-08;5.8454719001940846e-08;6.891410887610674e-08;1.1082761298860202e-07;1.75184970742792e-07;2.293390663876747e-07;2.363053409995741e-07;1.860108113611782e-07;1.1721921433190154e-07;6.640045414883558e-08;4.4289979744672495e-08;5.8524854630912586e-08;1.0218842228406155e-07;1.811943707379496e-07;3.515941853573576e-07;7.688177806902785e-07;1.6567752518807267e-06;3.2695660715362467e-06;5.453226379328057e-06;7.941449138709965e-06;1.053375032555896e-05;1.320096825509455e-05;1.6587217233931444e-05;2.1043310303648792e-05;2.655148340451216e-05;3.250198257325449e-05;3.762804679959556e-05;4.105894376324807e-05;4.252748740711263e-05;4.263082361776943e-05;4.2208987995131725e-05;4.16140052616112e-05;4.169815393880198e-05;4.190806196227246e-05;4.20163833586964e-05;4.1832468825764935e-05;4.122213814980021e-05;4.048064586755515e-05;3.988916587703623e-05;3.925873236453052e-05;3.855294084356494e-05;3.742454281729499e-05;3.6000616024458936e-05;3.468337218773288e-05;3.393312835008695e-05;3.3918211270933293e-05;3.41516233868824e-05;3.403361686988943e-05;3.3287461185971324e-05;3.217842070040221e-05;3.1143104974410176e-05;3.0493301072354853e-05;3.037062942172873e-05;3.0291637884012936e-05;2.997457356620849e-05;2.966490883523715e-05;2.952015200836138e-05;2.989439108431311e-05;3.077674257523502e-05;3.186411325333017e-05;3.28238253697431e-05;3.30761689108758e-05;3.2501913374294146e-05;3.1249650589555114e-05;2.965750563717177e-05;2.848509079075301e-05;2.788452221525317e-05;2.76179673867666e-05;2.755618844629772e-05;2.7338032031983597e-05;2.700227788346658e-05;2.6692145831702245e-05
730.2754919998988;6.350773377479214e-08;9.975458799770472e-08;1.1813765749739775e-07;1.1698119346475198e-07;1.0733059591567849e-07;8.420654662531016e-08;6.0531582047785e-08;3.641958693967953e-08;2.0539212238774933e-08;1.2297492891174826e-08;9.480521240026618e-09;9.579141914323832e-09;1.2805897219483746e-08;1.6105489643042613e-08;1.7269247047359164e-08;1.4860847123749398e-08;9.80975031490108e-09;5.434012894837193e-09;3.525714558207593e-09;2.769637225923327e-09;2.160561184512553e-09;2.055490039367549e-09;4.138262105190331e-09;9.63646581133198e-09;1.5828794256165768e-08;1.813303819729464e-08;1.50242029487255e-08;8.819199123173213e-09;4.097450975480217e-09;2.959467244638377e-09;4.092700619027546e-09;6.455148837494381e-09;8.569153145793926e-09;8.780133875515351e-09;6.9029810660531525e-09;4.9235539591703534e-09;4.409372303646214e-09;7.526780085879441e-09;2.298762153228872e-08;7.582141557951319e-08;1.9408995771286009e-07;3.7969237658111074e-07;6.326982183797885e-07;1.0303729456126135e-06;1.7321507549953349e-06;2.9907433670391942e-06;4.926367849097071e-06;7.4498449867095796e-06;1.0431264657280189e-05;1.3755562108086246e-05;1.7713509629797172e-05;2.2056021834500798e-05;2.674312278856085e-05;3.149579370186072e-05;3.550947770073997e-05;3.863564782178352e-05;4.0771176242676736e-05;4.181694461709663e-05;4.226338614849312e-05;4.239261699882726e-05;4.275917186514552e-05;4.313010757415769e-05;4.361635119836841e-05;4.392830450684408e-05;4.339648150566194e-05;4.181437432960845e-05;3.968364609675644e-05;3.753972748317753e-05;3.555629136538734e-05;3.4240367127034134e-05;3.365298410791935e-05;3.3730394318976184e-05;3.43448983978118e-05;3.514400736851299e-05;3.5594665134630274e-05;3.5324622917580584e-05;3.427706452977631e-05;3.2780172970669554e-05;3.146866643241349e-05;3.0748309815796896e-05;3.062652770493913e-05;3.079272004621504e-05;3.0828024576914814e-05;3.0706029194447194e-05;3.055494599113999e-05;3.06214488535206e-05;3.119067075348296e-05;3.195255010104781e-05;3.265774242153378e-05;3.2881721882533146e-05;3.240288050592347e-05;3.1284506662494885e-05;2.978437608371871e-05;2.8414533675009715e-05;2.7471135910843643e-05;2.7081900759445657e-05;2.705169597586961e-05;2.701459581586452e-05;2.698818125246004e-05;2.689282843936608e-05
732.22163799181;4.8678931335518224e-08;6.512552779518344e-08;8.337713302904759e-08;1.0891538430868329e-07;1.2574806680033554e-07;1.222068480387693e-07;9.653906218355532e-08;5.8666072621942326e-08;3.562471739925876e-08;2.6704159718486436e-08;2.317127650278144e-08;2.2035966544748192e-08;2.4713203096497877e-08;3.0077693933622834e-08;3.252018207528278e-08;2.826630119664028e-08;1.8693018740589278e-08;1.0432668970774712e-08;6.837759267027846e-09;5.2826576178675604e-09;3.969144349551674e-09;3.6556121144750294e-09;7.645647203942769e-09;1.830823193749253e-08;3.0286677818546546e-08;3.4687607154317706e-08;2.86885932220311e-08;1.6738988734273163e-08;7.2670004426188035e-09;3.976080402016545e-09;4.309119144727349e-09;6.0540146785434764e-09;7.351017791172933e-09;7.041903816208941e-09;5.153198090398159e-09;3.013274099770628e-09;1.9095070161187204e-09;2.344826976728917e-09;1.1197251868788557e-08;5.5700156214628136e-08;1.649753685487621e-07;3.95024874048902e-07;7.535497882999461e-07;1.238920359207656e-06;1.9540665757650114e-06;3.095369242468216e-06;4.866834576342802e-06;7.346243150989671e-06;1.0587416264906109e-05;1.4458614223770617e-05;1.8744232273605903e-05;2.3137121381909185e-05;2.718655392144961e-05;3.0810242523144496e-05;3.4183812836708194e-05;3.732920539921086e-05;4.010757102808928e-05;4.228419823211027e-05;4.368438600170124e-05;4.416309842334344e-05;4.392565714803061e-05;4.331878628107045e-05;4.260692260489806e-05;4.209214136269616e-05;4.1531014801288185e-05;4.070354588892484e-05;3.92767868498764e-05;3.756614726608754e-05;3.566167950207746e-05;3.4117929016727654e-05;3.350627377018614e-05;3.390026941140354e-05;3.507837321549808e-05;3.622282329124616e-05;3.687607755796045e-05;3.6585710376878906e-05;3.5623838931383056e-05;3.419842611989023e-05;3.268413569118099e-05;3.1334028927941445e-05;3.030301704155204e-05;2.983747455945797e-05;2.985083808793269e-05;3.0142458622521264e-05;3.0463369105577574e-05;3.061912236561062e-05;3.05986122560483e-05;3.0500466333445e-05;3.0427836404478875e-05;3.044188797707854e-05;3.0404170261859525e-05;3.013441061438804e-05;2.944917364378904e-05;2.8405353435267703e-05;2.729715914992279e-05;2.6623860218900505e-05;2.6595370739932866e-05;2.6765204084633035e-05;2.709367871447492e-05;2.7310620092278e-05
734.1671160868791;1.6162697058507908e-07;1.483236808603373e-07;1.2854413049646344e-07;1.093843811168254e-07;9.480800424359269e-08;8.294084275947879e-08;6.343583387938659e-08;4.328241086199293e-08;3.5633358173677965e-08;4.2832410074656585e-08;4.8284984903292776e-08;4.4010443770115315e-08;3.3467601409285884e-08;2.536039027949088e-08;2.219303021476037e-08;1.9629678842361644e-08;1.5554348930084147e-08;1.2061074247661082e-08;9.887733352365478e-09;7.707661786185917e-09;5.184585488620005e-09;3.765219207797199e-09;5.3049359742084924e-09;1.0533241740483513e-08;1.6466392039555806e-08;1.8524076451966162e-08;1.5183519134013223e-08;8.970190079691885e-09;4.07593119373636e-09;2.418872162493362e-09;2.68549607667287e-09;3.497473396786904e-09;3.8476563820740536e-09;3.3783174955846803e-09;2.35966943935748e-09;1.495843403236761e-09;1.589158593828282e-09;2.4838733279336203e-09;8.136254308933206e-09;2.7559003905421886e-08;8.784332591035161e-08;2.515415612340092e-07;5.802986408373576e-07;1.16370866084734e-06;2.115160281479096e-06;3.61434240141136e-06;5.708065324064797e-06;8.323054362433219e-06;1.1389075697077206e-05;1.4953032898504254e-05;1.8684979993049725e-05;2.2762824043678925e-05;2.6846496062401084e-05;3.063517872705476e-05;3.434739722846525e-05;3.745730063703984e-05;3.998330693659736e-05;4.206194866536362e-05;4.336794056111785e-05;4.38474775854665e-05;4.34513913451845e-05;4.23101698407679e-05;4.082338086292305e-05;3.951716904814273e-05;3.862351201584563e-05;3.8254583699511295e-05;3.807150917367488e-05;3.761065719198053e-05;3.7171816254693584e-05;3.649661228689404e-05;3.599372932246553e-05;3.5788268137445424e-05;3.587508124714974e-05;3.603572611788162e-05;3.58922050720833e-05;3.5610758081507365e-05;3.5068771858373295e-05;3.421041467011246e-05;3.291080956250667e-05;3.1184067947699826e-05;2.93843803153366e-05;2.8088505146759047e-05;2.776832616526807e-05;2.835318582864592e-05;2.9336034603302108e-05;3.001528687924192e-05;2.9801498715624243e-05;2.906461589049837e-05;2.8316404153708622e-05;2.8083852260930582e-05;2.844374652549837e-05;2.903437736711944e-05;2.9272211989256712e-05;2.88301102058871e-05;2.780364551867496e-05;2.6650651434282264e-05;2.5925708918604653e-05;2.5804112061703344e-05;2.5937415319507544e-05;2.611416891128489e-05
736.1119262889406;2.9955150949290814e-07;2.679910900184768e-07;2.071307102814968e-07;1.3178913277941848e-07;7.609435506702832e-08;4.3783107915709545e-08;2.859524895369372e-08;2.4957065363005327e-08;3.1626998864319244e-08;6.060084698603485e-08;1.111002691926591e-07;1.7339529552916058e-07;2.253711631176046e-07;2.328578032632471e-07;1.8865504782717805e-07;1.1829032088017453e-07;6.041744443634169e-08;3.60720326823014e-08;4.07234249557388e-08;7.00711729122952e-08;1.0825666445427397e-07;1.299691935823343e-07;1.2005068537279282e-07;9.491800660678892e-08;8.776872141727346e-08;9.695325075493389e-08;1.010511649179326e-07;8.506616159084001e-08;5.5286222457207415e-08;3.153601941406628e-08;1.8605259190723772e-08;1.297119844384416e-08;1.3279240373169042e-08;2.2779173239619752e-08;4.149181013072713e-08;6.205042747096779e-08;7.227595820014926e-08;6.573930696734555e-08;4.226094195870108e-08;4.092245010816161e-08;7.615185656897805e-08;1.657124056653269e-07;3.832619105060627e-07;8.93124881157641e-07;1.8581766492531156e-06;3.4274556405861835e-06;5.587125814463058e-06;8.193261680364827e-06;1.107394568086883e-05;1.4222755761915896e-05;1.7741265681880316e-05;2.1735500806406867e-05;2.6140927622658168e-05;3.066889171721234e-05;3.473517650379255e-05;3.7884300652269416e-05;4.003030706878012e-05;4.1284373856664464e-05;4.186360239564526e-05;4.184546582611066e-05;4.131965387582336e-05;4.052370556695432e-05;3.973886853654434e-05;3.894866082121763e-05;3.832257307283633e-05;3.7749461302466746e-05;3.725504026829728e-05;3.674347454260208e-05;3.627798962920099e-05;3.588557838776047e-05;3.552494726312439e-05;3.520464283513309e-05;3.498010493064999e-05;3.486901393717942e-05;3.476607183233462e-05;3.470988264689623e-05;3.441153666857059e-05;3.37069042413588e-05;3.25614939888121e-05;3.111376728468474e-05;2.986430057762828e-05;2.923151007854272e-05;2.930879375673647e-05;2.9773225876823004e-05;3.0137952668310565e-05;2.9986365679751163e-05;2.930836186461111e-05;2.8411759800939663e-05;2.7795873058758925e-05;2.784950314389104e-05;2.854468502554917e-05;2.9432084433279144e-05;2.9809618710915934e-05;2.954233958033041e-05;2.8658865587723892e-05;2.7541008911101196e-05;2.660389735903034e-05;2.625084797490058e-05;2.6241521741962363e-05;2.633529711736779e-05
738.0560686020181;2.498178715785545e-07;2.185955421214066e-07;1.673288124971956e-07;1.0535910733989263e-07;5.6582710811321196e-08;3.061203721477592e-08;2.000159252551396e-08;1.6390383241175012e-08;2.3000544785180443e-08;6.311066896880202e-08;1.5239402473455342e-07;2.844453445558837e-07;4.1003399746385924e-07;4.4505218901832813e-07;3.647028323160018e-07;2.249365743171936e-07;1.0806646905613497e-07;5.845487341776018e-08;6.869060060151e-08;1.3027967259330936e-07;2.1026412787632885e-07;2.560701289399047e-07;2.371013226231167e-07;1.8696739386328746e-07;1.72670092228595e-07;1.913188258988045e-07;2.003749079859983e-07;1.7088666896165008e-07;1.1947286202785722e-07;8.757635912796188e-08;8.171743284147606e-08;8.969956972759225e-08;1.0174925386902597e-07;1.1992382243889052e-07;1.447467356857496e-07;1.6677937447223182e-07;1.6812695900548794e-07;1.400934961070927e-07;9.755906376843389e-08;6.530406998847678e-08;5.8391484041254096e-08;1.0018966651864267e-07;2.632403754217496e-07;6.525117960176085e-07;1.4567726678650991e-06;2.7722605357923843e-06;4.597028860433175e-06;6.914983288414768e-06;9.712536250074042e-06;1.3084652587356392e-05;1.7084911456866078e-05;2.168164719852651e-05;2.646159890877366e-05;3.085551199135546e-05;3.440330041127942e-05;3.709813148177991e-05;3.881382123211325e-05;3.972466301731399e-05;4.001108595708144e-05;3.983776197710566e-05;3.942568654811336e-05;3.907854101389858e-05;3.901783070078795e-05;3.923628004114617e-05;3.922665499485945e-05;3.881612944026642e-05;3.790710354253127e-05;3.658653362515302e-05;3.516252769657036e-05;3.363329856051741e-05;3.261512062088444e-05;3.231725517537043e-05;3.278876949942735e-05;3.362396881041276e-05;3.455626234120064e-05;3.494784878851961e-05;3.475653213026602e-05;3.402215948370358e-05;3.3007596140712374e-05;3.205667724475085e-05;3.149309015409337e-05;3.1465388053191994e-05;3.170133558367412e-05;3.170859394743164e-05;3.1230146393284746e-05;3.03267385810642e-05;2.9394522426442594e-05;2.8925354285955463e-05;2.907233879137295e-05;2.9837793300243427e-05;3.0883777473304766e-05;3.170994548571081e-05;3.185965895564261e-05;3.1231124972955886e-05;3.005395123304643e-05;2.8850984374604222e-05;2.8130372444109804e-05;2.8032475423190903e-05;2.8318054591814263e-05;2.863423890535829e-05
739.9995430302879;1.848996724674501e-07;1.7439121756286725e-07;1.4169624741040729e-07;9.51545661849673e-08;5.1748230390077534e-08;2.7433717436287668e-08;1.8668941307854268e-08;1.5001985471156974e-08;1.8113256354125424e-08;4.2244496997105815e-08;8.891266142291934e-08;1.542524166737324e-07;2.227106926421845e-07;2.455948250446456e-07;2.0555694039431661e-07;1.294476507725638e-07;6.268031154866041e-08;3.295790049133454e-08;3.6688725829156615e-08;6.713058793718714e-08;1.069086179205438e-07;1.2993777165882066e-07;1.2247161892123253e-07;1.0329570065633929e-07;1.0352026082987973e-07;1.1468237781208435e-07;1.1482600491083353e-07;9.56561513778671e-08;7.704698501971157e-08;8.389024987906398e-08;1.137108036575033e-07;1.50639931748056e-07;1.755821839966819e-07;1.829445348085801e-07;1.7287650084256965e-07;1.550570026156301e-07;1.4196721931677284e-07;1.3790095192431424e-07;1.4884415345633998e-07;1.461347081066411e-07;1.221902024322494e-07;1.1765600921780864e-07;2.280265038527639e-07;5.694288436127911e-07;1.2933437682164164e-06;2.505036237937351e-06;4.252148004451696e-06;6.539377315196447e-06;9.525457515154355e-06;1.3322543113787935e-05;1.7847758863733022e-05;2.261718737047652e-05;2.709026598967301e-05;3.0855900585379195e-05;3.376794873000434e-05;3.585709175183472e-05;3.7286051926785065e-05;3.807965536116084e-05;3.831595181679499e-05;3.8424460779337046e-05;3.852498296766546e-05;3.869897444731417e-05;3.903581307685622e-05;3.9583514717974165e-05;3.992388800715478e-05;3.982261867076819e-05;3.899356830857968e-05;3.744871169798319e-05;3.5360741203505866e-05;3.306773279251936e-05;3.1620919116663826e-05;3.157738201097892e-05;3.289484364801336e-05;3.470374742292071e-05;3.572652777831452e-05;3.572754200117325e-05;3.489976440775451e-05;3.359073564152047e-05;3.2456163431127845e-05;3.179924114619596e-05;3.1551826901741345e-05;3.155436521115131e-05;3.1540057520663904e-05;3.1357320576432016e-05;3.091763234968656e-05;3.032776920458345e-05;3.012712791466088e-05;3.0389506454360413e-05;3.11701732061202e-05;3.214986650838014e-05;3.295988563664797e-05;3.321977032160511e-05;3.2895293674849646e-05;3.161536194337863e-05;2.9788009521245253e-05;2.812441024758941e-05;2.7284575816415974e-05;2.75170447681585e-05;2.8218038433644745e-05;2.884221758575921e-05
741.9423495781266;1.508482690977794e-07;1.5209567212187157e-07;1.398349503007225e-07;1.2013368911840064e-07;9.19606074186989e-08;6.812375120056498e-08;4.2330624768249006e-08;2.4954412728451142e-08;2.1991335702931552e-08;2.4523207353494762e-08;2.6240794594635863e-08;2.9155726191686916e-08;3.8087500090195975e-08;4.8140927710211266e-08;4.8255939932446495e-08;3.5452695073283946e-08;1.8555943182841196e-08;8.681855343266104e-09;5.804698530739012e-09;4.718974148297366e-09;3.971210048266671e-09;4.04202238339037e-09;7.98005567710148e-09;1.75927224521266e-08;2.6991548595577538e-08;2.8417379817831457e-08;2.1143050906643753e-08;1.2712962032146385e-08;1.445094208768048e-08;2.932047996766322e-08;5.2983033230526944e-08;7.822126057037086e-08;9.310373413880549e-08;9.021024024893432e-08;7.224345831443918e-08;5.352063691695588e-08;5.5870014739392054e-08;9.735446329850944e-08;1.69671608180715e-07;2.1203899668583386e-07;1.956754037196809e-07;1.5445235438232545e-07;1.938726021800894e-07;5.270212933958852e-07;1.3601813706233263e-06;2.8264440053207977e-06;4.903102792483905e-06;7.483794866255847e-06;1.0599697828434212e-05;1.4289078498350186e-05;1.845733822903722e-05;2.281744055368386e-05;2.6990390361866466e-05;3.077370747310925e-05;3.397722632886896e-05;3.655255494153002e-05;3.815628087479389e-05;3.896653400940587e-05;3.921242257037273e-05;3.924869715191956e-05;3.924559102813836e-05;3.926488089225339e-05;3.936361669068129e-05;3.925147367969492e-05;3.907131762939361e-05;3.8538905599157854e-05;3.770814121242683e-05;3.659663174665365e-05;3.524486866255304e-05;3.408836044176492e-05;3.357507397087917e-05;3.404079756727029e-05;3.5255524089905846e-05;3.65439541945076e-05;3.7093071608541625e-05;3.6607591440800615e-05;3.514614391482789e-05;3.325068175219555e-05;3.150543866605943e-05;3.0387555128641262e-05;2.987836774914668e-05;2.995340277256863e-05;3.0332789877041883e-05;3.05916773426901e-05;3.075210558390011e-05;3.084917242235112e-05;3.096493015358927e-05;3.122869154093588e-05;3.165457043338394e-05;3.209961163487295e-05;3.2365860486404874e-05;3.2304935069241005e-05;3.140112855920004e-05;2.9805473445680785e-05;2.79381680718261e-05;2.644688466656573e-05;2.582128288489866e-05;2.593077601887264e-05;2.6394057556386007e-05;2.6797172362582456e-05
743.8844882500634;6.343396244941827e-08;7.1000034988845e-08;8.881413071757363e-08;1.1289993228484805e-07;1.2340588256463733e-07;1.0687478358496241e-07;7.195984890093981e-08;3.894183648225838e-08;2.3224890116309098e-08;1.6242074060956522e-08;1.6774652794550893e-08;3.3233589349994004e-08;6.00432085195895e-08;8.51623149519053e-08;9.063613590425965e-08;7.081360423576668e-08;4.1883478544066354e-08;2.136626263360145e-08;1.1549802113801067e-08;8.101207545497191e-09;7.277189490968561e-09;7.993211820743159e-09;1.0788178198124212e-08;1.5002693050162324e-08;1.6050894711837792e-08;1.3379124083313921e-08;8.88018972120386e-09;5.0140695132034976e-09;3.8023327212553506e-09;3.982854279556009e-09;5.399060093065622e-09;7.131383922935787e-09;8.100164175948863e-09;5.732943693976586e-09;3.724902789418258e-09;5.501630299115195e-09;1.4536149417245443e-08;4.080058941092859e-08;8.619036335216194e-08;1.0774690979600813e-07;9.786010905883488e-08;7.333792518899314e-08;1.0109777201587549e-07;4.132411474943827e-07;1.3224270906833792e-06;3.0116307216370688e-06;5.425769980095988e-06;8.307741837819093e-06;1.1549292756446132e-05;1.492529448803402e-05;1.843388104797269e-05;2.2128905215440395e-05;2.583498838174448e-05;2.968356099241671e-05;3.3319392927338965e-05;3.6410603590231634e-05;3.8823598746780486e-05;4.028232704866752e-05;4.0888295904391504e-05;4.071182333497852e-05;4.0185313343732806e-05;3.949424014095511e-05;3.862261906827152e-05;3.762427469933175e-05;3.654191064109003e-05;3.552695329843683e-05;3.4783549064490524e-05;3.44195329606614e-05;3.4487049617769485e-05;3.495486361794939e-05;3.561016063825336e-05;3.629165551004778e-05;3.665222224265535e-05;3.6724424073039904e-05;3.657335648277112e-05;3.6224710226465934e-05;3.5531804308859406e-05;3.442596236940682e-05;3.299867620841301e-05;3.1473876481164585e-05;3.039782449949318e-05;2.9958898822576453e-05;3.000394849607267e-05;3.0314931384530435e-05;3.0407307889285463e-05;3.040856121095415e-05;3.0128092745517822e-05;2.993078855319735e-05;3.007003821306337e-05;3.056079292526205e-05;3.0820161759446325e-05;3.03887675448504e-05;2.9271807682886702e-05;2.7832400228653364e-05;2.6496955663414765e-05;2.5717871722528995e-05;2.5608364614209684e-05;2.5809690487489346e-05;2.6129337967633643e-05;2.6341309592197186e-05
745.8259590508133;6.665553790804346e-08;5.6162725909419465e-08;5.7630197675375454e-08;7.225807663743976e-08;8.404337566740622e-08;8.985247526522423e-08;8.834925142500863e-08;7.56977963484922e-08;5.5350426993497966e-08;3.4672759995240494e-08;2.3613539943886907e-08;4.1617149511242775e-08;8.362616484041355e-08;1.22389629587123e-07;1.329885887183666e-07;1.0672942355213569e-07;6.63731841569508e-08;3.527158524511828e-08;1.81320989797896e-08;1.1944527921482258e-08;1.0907378846083894e-08;1.2247335651462296e-08;1.3864853164753422e-08;1.3269394748372428e-08;1.0274764292670752e-08;7.274622842858128e-09;1.072730331639258e-08;2.5830885328401928e-08;4.4428084379709153e-08;5.501178071996073e-08;5.019747366213708e-08;3.4042784073185096e-08;1.3859734731021438e-08;5.714295518525498e-09;3.912805515710729e-09;5.601640728101571e-09;9.358092844666736e-09;1.1914918224487322e-08;1.1247367191856871e-08;7.734440553115514e-09;4.323645668982782e-09;6.871665363203389e-09;5.363703821817272e-08;3.062596614551973e-07;1.109789092961981e-06;2.667426288822802e-06;5.023436427199e-06;8.021184373512709e-06;1.1369221274554824e-05;1.486310354717165e-05;1.837057292979711e-05;2.1840990847824275e-05;2.540054267821671e-05;2.8979492580161316e-05;3.247653535834339e-05;3.5406095486947e-05;3.773213265688043e-05;3.9415863753562525e-05;4.03589346994542e-05;4.056157103416004e-05;4.016274092744845e-05;3.941672010562365e-05;3.838767119777272e-05;3.74631768011905e-05;3.666845298671954e-05;3.5982572645613446e-05;3.525199025602507e-05;3.445069101298386e-05;3.414183482103191e-05;3.4395584734136326e-05;3.5191053717734995e-05;3.613130163666756e-05;3.6581286194603336e-05;3.63199184674724e-05;3.557942946303892e-05;3.4953228527470224e-05;3.462277858123694e-05;3.436285956726548e-05;3.383358101636097e-05;3.2748704562433256e-05;3.176800212867565e-05;3.084906883242905e-05;3.009165607577858e-05;2.95899070370036e-05;2.915736254633593e-05;2.897433447577675e-05;2.9152897106833835e-05;2.9725822230060565e-05;3.0352410171364325e-05;3.06288768476045e-05;3.0220154096722584e-05;2.89682383105716e-05;2.7512813059688173e-05;2.6294291228791e-05;2.5740853181504677e-05;2.569947756938305e-05;2.6162774391529852e-05;2.6815522230429683e-05;2.734432724807276e-05;2.7632113439668797e-05
747.7667619852618;1.2848704008724677e-07;9.683953013641601e-08;6.465911231485761e-08;4.8625568430266886e-08;6.557161323641041e-08;1.0540820218032114e-07;1.4562400220781785e-07;1.5966731403624493e-07;1.3594585619132433e-07;8.969478022487263e-08;4.9854675795693166e-08;4.0345945980336036e-08;5.4060117070043513e-08;7.080352349675988e-08;7.537249757747458e-08;6.189129498638566e-08;4.082464351809466e-08;2.3695374083956276e-08;1.3413860866638016e-08;9.262739658430389e-09;8.243857536838161e-09;8.825166742915607e-09;9.513499755770252e-09;8.071784671381478e-09;5.737445673678344e-09;6.870453912329659e-09;1.861045477823557e-08;4.863182857013109e-08;8.634494200731951e-08;1.0739220732388313e-07;9.702114899912129e-08;6.460755381537783e-08;3.3183770132355986e-08;1.6869837078640474e-08;1.4256456911535244e-08;2.5119310027217783e-08;4.369261560006231e-08;6.083494346734722e-08;6.483982313014019e-08;5.278692912643784e-08;3.5327619190398585e-08;3.026858398964036e-08;1.1451182021392689e-07;4.692872699834251e-07;1.3986968986675516e-06;3.0449596219399237e-06;5.302688552096372e-06;8.02611833055249e-06;1.0920230053430276e-05;1.4221275518961952e-05;1.793619593043886e-05;2.2007061500163677e-05;2.623073668158677e-05;3.0084865137835152e-05;3.3186187813138845e-05;3.538191060431577e-05;3.683321962537246e-05;3.818997494547667e-05;3.949002824782876e-05;4.06190174768521e-05;4.120319792468401e-05;4.118991143993128e-05;4.08941839219757e-05;4.034894223320152e-05;3.962406996259056e-05;3.858733183006912e-05;3.7086870481616656e-05;3.546181145830883e-05;3.4102399320569984e-05;3.362351809661608e-05;3.431871250821833e-05;3.556441394344433e-05;3.648940683879638e-05;3.636928239398184e-05;3.539094104977264e-05;3.408538139408281e-05;3.30163348359292e-05;3.23088264264251e-05;3.18980396563713e-05;3.154112184525828e-05;3.115450790232541e-05;3.07641500884427e-05;3.0187741878353543e-05;2.9611323477756007e-05;2.9351289751002574e-05;2.959957417228212e-05;3.037363250640985e-05;3.1339292736171545e-05;3.1783834138712906e-05;3.1225535729574363e-05;2.9968094886492552e-05;2.857575022499399e-05;2.74766371019093e-05;2.69526406179106e-05;2.6887136561381403e-05;2.702563182391143e-05;2.7078219762230936e-05;2.73460656332007e-05;2.7426776746267652e-05;2.746279103315492e-05
749.7068970584696;1.2057664349650417e-07;1.0426997436813381e-07;7.669171298512393e-08;5.962799474983711e-08;8.539563224427078e-08;1.34047768297069e-07;1.8916113589929646e-07;2.2563742005978378e-07;2.203105433053957e-07;1.774704033228819e-07;1.1644072875236261e-07;6.243216989418235e-08;3.388988788094029e-08;2.3045465698899903e-08;1.881071360013505e-08;1.6588372998398756e-08;1.4167822902937854e-08;1.14874137152604e-08;1.0686908749645943e-08;1.5028772642443993e-08;2.5592805731606947e-08;4.0349387109783855e-08;5.2390708075833326e-08;5.3215526742265314e-08;4.2502700546936e-08;2.9048063236135792e-08;2.3022445432150762e-08;3.3581770332507775e-08;5.382521569099869e-08;6.565551966763697e-08;5.917304716728094e-08;4.560154301974436e-08;5.495578842074763e-08;8.47087576104245e-08;1.1142925205826718e-07;1.3133600936107176e-07;1.3849209884900556e-07;1.411751795635146e-07;1.3349952267413538e-07;1.0522998585368313e-07;7.160139039139544e-08;6.87828866715022e-08;1.999111782454554e-07;6.565841218161911e-07;1.753566929903654e-06;3.570731733191887e-06;5.812364053854609e-06;8.166757326840819e-06;1.0617956505933146e-05;1.367141340161824e-05;1.769282282690643e-05;2.2548512959831887e-05;2.761957964759989e-05;3.199350249751804e-05;3.50759309859385e-05;3.680992031123447e-05;3.7754228949967415e-05;3.860211554136999e-05;3.9784046495521447e-05;4.136632677913877e-05;4.282163528801404e-05;4.366038917859425e-05;4.378618448197935e-05;4.3023552100909e-05;4.155292150632836e-05;3.952416375038327e-05;3.741511296003376e-05;3.5754712853200985e-05;3.471160579423205e-05;3.480001786560752e-05;3.569642625951937e-05;3.667589199647566e-05;3.705384674534368e-05;3.647050187777165e-05;3.478331734963744e-05;3.269285433238518e-05;3.080924094313266e-05;2.967967969902702e-05;2.9551930984254226e-05;3.0376301583738124e-05;3.15900589924787e-05;3.2641843508078206e-05;3.3099247498207234e-05;3.3025803609118014e-05;3.262311193685676e-05;3.229746690619477e-05;3.2198786110776225e-05;3.1948091936925764e-05;3.155284255496267e-05;3.056711999392148e-05;2.942493637420173e-05;2.8600466499314608e-05;2.823785318611927e-05;2.822215311991677e-05;2.7988997005082744e-05;2.760742614469134e-05;2.6933532582925665e-05;2.6292955844760108e-05;2.5897274128966447e-05;2.5742745715844715e-05
751.6463642756644;1.3920338575567586e-07;1.6410075491849505e-07;1.4962689703411334e-07;1.0872779135727336e-07;8.332307588386758e-08;9.268039745095769e-08;1.3532345617487277e-07;1.9869749001914186e-07;2.3735542141166727e-07;2.260551407145589e-07;1.66066669257877e-07;9.038401827118261e-08;4.5140084590111886e-08;2.7145158410205285e-08;1.9614094197538512e-08;1.6086386058873842e-08;1.3558668834681841e-08;1.1659925861048036e-08;1.3546089353038005e-08;2.5515982583043445e-08;5.5464526013486096e-08;1.0309107239770381e-07;1.477861428243983e-07;1.5527967711186686e-07;1.2115757324741482e-07;7.039441033362246e-08;3.5954896634292926e-08;2.9765817982048925e-08;4.250291858127638e-08;6.024139701192567e-08;6.742953183223157e-08;6.76946645016457e-08;9.73569043745176e-08;1.6115003124540857e-07;2.1863199472526627e-07;2.323879675029259e-07;1.915984501669573e-07;1.3752311934574221e-07;9.91440362484476e-08;7.199996183855191e-08;6.727942878579631e-08;1.2133733858961448e-07;2.996626365090791e-07;6.791724983815445e-07;1.5286746229324195e-06;2.906565479528603e-06;4.854453720250677e-06;7.226330078435931e-06;1.0111336857942282e-05;1.3743116686034896e-05;1.835660171081957e-05;2.366382257447254e-05;2.886015289470412e-05;3.3169624522208545e-05;3.633770917292124e-05;3.837488305914787e-05;3.932576218707137e-05;3.974696263018933e-05;4.021566374932853e-05;4.090627766319183e-05;4.182893691420516e-05;4.263548567487403e-05;4.297111548253947e-05;4.2485737658738384e-05;4.119397783224016e-05;3.9367825229830574e-05;3.757608478972913e-05;3.632717538916537e-05;3.600755583526814e-05;3.640568754496802e-05;3.678868480987363e-05;3.66240583604784e-05;3.5684683157187144e-05;3.4047961145469306e-05;3.207300536205989e-05;3.018890142321181e-05;2.872622932517761e-05;2.831215584232852e-05;2.900613520485129e-05;3.0706490947097646e-05;3.285973660839161e-05;3.449560882150807e-05;3.51881191211421e-05;3.487660276072348e-05;3.400560135235112e-05;3.3167107991584834e-05;3.249406773189982e-05;3.191192526045598e-05;3.1191434248921435e-05;3.027579099944648e-05;2.9122724866775548e-05;2.7977596927209485e-05;2.7055622419577715e-05;2.6543079702111616e-05;2.6428535004882103e-05;2.6584844596557797e-05;2.6842234560164503e-05;2.6635076368559444e-05;2.6425827010559063e-05;2.6222387107867277e-05
753.5851636422594;1.2448536873462596e-07;1.95792995053878e-07;2.2458971784964666e-07;2.087990618165809e-07;1.612972499886497e-07;1.1694966301622648e-07;9.277417927234225e-08;1.031954914597548e-07;1.2234241749216204e-07;1.214952132849447e-07;9.474752470614396e-08;5.9002449812198845e-08;3.666910273522217e-08;2.563501836804051e-08;1.8261995564805083e-08;1.3239000179498516e-08;9.709989543920614e-09;8.836612484375995e-09;1.2285180411283288e-08;2.4920249549429897e-08;5.300466587784044e-08;1.07709744337913e-07;1.6645920593393008e-07;1.8131296892520656e-07;1.4215204478602528e-07;7.940820004902766e-08;4.0583587520465633e-08;3.9052714609094345e-08;6.362273248161407e-08;9.699342662093167e-08;1.1408487739262375e-07;1.077328218062347e-07;1.2194224447913086e-07;1.783274595877149e-07;2.484910169452488e-07;2.623867931432914e-07;2.0096932654712243e-07;1.1028762540653777e-07;4.950350991175418e-08;2.9352585301430616e-08;5.0977997585092565e-08;1.6534183619391788e-07;4.097528470795237e-07;8.035271251895856e-07;1.4594067418358336e-06;2.5353478215478404e-06;4.1440393658216194e-06;6.519286228715477e-06;9.793996787111337e-06;1.399690639389387e-05;1.8863726865768576e-05;2.394483123393852e-05;2.854797171345421e-05;3.228195032010725e-05;3.497610002197517e-05;3.670158368698095e-05;3.786580106649052e-05;3.845552706237853e-05;3.882549207213374e-05;3.9299312527173646e-05;3.99673135776628e-05;4.065825299603563e-05;4.105753158906144e-05;4.09793589625879e-05;4.020217695536747e-05;3.901546667653782e-05;3.793371555247686e-05;3.740872434749342e-05;3.730035280754744e-05;3.7270826116851685e-05;3.690345589191288e-05;3.597929476837136e-05;3.44783545763456e-05;3.2561007006906e-05;3.097183017428228e-05;2.984951440295446e-05;2.9274078463944775e-05;2.930827504271641e-05;2.998088914489885e-05;3.1095051682777523e-05;3.1981279524545435e-05;3.250588575549274e-05;3.2633378683768897e-05;3.233344579460173e-05;3.18674155330113e-05;3.152927615545704e-05;3.13258077815586e-05;3.1124334387545806e-05;3.067992400797008e-05;3.021836237804071e-05;2.9382962475568684e-05;2.8185578126966468e-05;2.698998674301023e-05;2.6221800561808545e-05;2.628311493615517e-05;2.703119676507145e-05;2.7719043094784197e-05;2.800328631746092e-05;2.783672133388638e-05;2.742379899102873e-05
755.5232951638282;4.561545642376808e-08;1.012764802002316e-07;1.7441703365483877e-07;2.266796375787823e-07;2.3130377466165258e-07;2.0053459627526104e-07;1.6965562644436057e-07;1.5125050305663596e-07;1.3172750933158745e-07;9.67620013347822e-08;6.056187109770396e-08;4.313892760459612e-08;3.5892875815393374e-08;2.985832954553942e-08;2.370852102225127e-08;2.0013078315740015e-08;2.048368672148405e-08;2.195317216402608e-08;2.277008536347093e-08;2.4872384034955673e-08;3.160304577849051e-08;5.295228913642712e-08;8.118042575271983e-08;9.178276859589329e-08;7.63273344898017e-08;4.770142029634379e-08;3.0514746569210486e-08;3.4261311658704245e-08;4.9859474883145776e-08;6.3931349814715e-08;6.562631031991908e-08;6.123932204856925e-08;8.700026678716034e-08;1.6857713538348125e-07;2.568366552230817e-07;2.787905822765013e-07;2.1830727235279947e-07;1.1834971998995013e-07;4.9136977576500114e-08;2.6526732282151082e-08;3.447829331961915e-08;1.1826640810065533e-07;3.367998315259292e-07;7.675743497550626e-07;1.5068263642815513e-06;2.754217176764932e-06;4.542737434724775e-06;7.018120978246853e-06;1.0308237364591516e-05;1.44553010360215e-05;1.9033972310726547e-05;2.3430774766041485e-05;2.7408656602548244e-05;3.062510227362819e-05;3.3011240332496674e-05;3.478198790573274e-05;3.610176731082554e-05;3.717710151962488e-05;3.817080713586498e-05;3.944352256152999e-05;4.075983449231016e-05;4.184317088968995e-05;4.2315404928024776e-05;4.205134334119217e-05;4.115915381551817e-05;3.993616973808148e-05;3.910171419177181e-05;3.8678047858451846e-05;3.846746533693698e-05;3.817160603473549e-05;3.772413799380456e-05;3.701700648984342e-05;3.593900599905337e-05;3.4472003763071416e-05;3.302472593017198e-05;3.192718408159027e-05;3.1256565585279024e-05;3.095844059377402e-05;3.076328095261618e-05;3.0579496227839106e-05;3.043294322355899e-05;3.0429595494496307e-05;3.083011817087288e-05;3.141457617630352e-05;3.1951737499338285e-05;3.208107161064785e-05;3.16879488554453e-05;3.0960719471416446e-05;3.037182208587525e-05;2.997246593405945e-05;2.98777235154542e-05;2.9736459671646827e-05;2.93033504308956e-05;2.877368801426814e-05;2.835443129303009e-05;2.814008754973195e-05;2.791131326260893e-05;2.740993072360389e-05;2.6818625983848554e-05;2.6347031669340284e-05
757.4607588461258;5.421947373643243e-09;1.6788127898285262e-08;5.7490662133765355e-08;9.402244749127817e-08;1.1911320348190281e-07;1.5322867568419654e-07;2.1896898614212973e-07;2.706317575478292e-07;2.731808845831428e-07;2.103561496027181e-07;1.2464964325792905e-07;6.921723160957497e-08;4.2786240591388114e-08;3.0574703157985524e-08;2.582189720110286e-08;2.7650894321396405e-08;3.4440736777799656e-08;3.758893831867358e-08;3.3422426771585886e-08;2.382918933451269e-08;1.543318314698015e-08;1.2997508777104058e-08;1.4903079492913952e-08;1.7706583415993306e-08;1.871205722229672e-08;1.8555631349620233e-08;2.2152329086288488e-08;2.8255558680336932e-08;2.9541724366740304e-08;2.4222189350502284e-08;1.9342306381126118e-08;2.573107815412242e-08;5.3141331563036533e-08;1.0685787745627545e-07;1.425667592828532e-07;1.4720196841217228e-07;1.1353020282707467e-07;6.19209920087988e-08;2.6266931626560244e-08;1.4482813638688877e-08;1.5803352172672026e-08;4.3385767204165854e-08;1.504305006729237e-07;4.481174135026952e-07;1.1948931959263165e-06;2.6684158427536707e-06;5.011488229651537e-06;8.110618754134283e-06;1.176892063164166e-05;1.564391092795048e-05;1.949049976037776e-05;2.306797675736964e-05;2.6159902114500456e-05;2.912244136236204e-05;3.209780271552288e-05;3.4952363723543275e-05;3.7449403485987406e-05;3.948759728007694e-05;4.120530987434472e-05;4.259001633801816e-05;4.35734907525168e-05;4.4054471000131673e-05;4.3877009477373205e-05;4.300930596977847e-05;4.184849931854294e-05;4.0681039804597456e-05;3.976395324201774e-05;3.907632185516514e-05;3.8615952887739954e-05;3.8326499856516976e-05;3.783825869728464e-05;3.705585299734013e-05;3.596019204277259e-05;3.4725543841209795e-05;3.3699350862788344e-05;3.299919895361412e-05;3.249067430466314e-05;3.221512166644698e-05;3.165075231957472e-05;3.080669513795042e-05;3.024217983731955e-05;3.0072535254276783e-05;3.0460438514870544e-05;3.1402535402066474e-05;3.2359748869847935e-05;3.268753508345204e-05;3.223261115047954e-05;3.12922403983104e-05;3.0488061781433305e-05;2.989872415288256e-05;2.971091115687645e-05;2.9243736405830024e-05;2.881534055657648e-05;2.8415246353227035e-05;2.812256994063646e-05;2.793862152148902e-05;2.77697004669601e-05;2.759666303822533e-05;2.7261125367848137e-05;2.7062711119618983e-05
759.3975546950751;2.211091087057743e-09;1.271981697005703e-09;7.692890574000836e-10;1.96295709202782e-09;9.918118753673882e-09;4.570443605681391e-08;1.1049528924792036e-07;1.7668111067283313e-07;2.020273327651461e-07;1.7258784937729157e-07;1.1165149479666403e-07;5.9373402056287147e-08;3.0588653893455384e-08;1.8365152530972564e-08;1.4642451637904552e-08;1.6442538219952177e-08;2.059052746051596e-08;2.2222564988263826e-08;1.9015848776311656e-08;1.2598300065344416e-08;5.912684445133308e-09;3.621131295302549e-09;3.678538286467787e-09;5.330902639858746e-09;7.378711990822516e-09;8.880970606378303e-09;1.2054184188520936e-08;1.4522333603635654e-08;1.2247773525727688e-08;1.0569757925502786e-08;1.7808529118450887e-08;3.3910461131712335e-08;4.51137610668817e-08;4.295578948381684e-08;2.9722355653376616e-08;1.6287404159792152e-08;1.0343677243459224e-08;7.317880234859514e-09;4.867676218797601e-09;3.869575550600788e-09;9.432782466760947e-09;4.732284893016435e-08;1.727133923818819e-07;4.6968690038593526e-07;1.214371773495681e-06;2.762364723665491e-06;5.1859645781879024e-06;8.401113760426814e-06;1.1995183698786535e-05;1.5549110983217543e-05;1.8871405075313864e-05;2.1925126740032536e-05;2.4935496500350688e-05;2.8232711500164287e-05;3.185628635353385e-05;3.5468028161358885e-05;3.864603656890152e-05;4.0981872346296496e-05;4.2498853177912784e-05;4.331894382768247e-05;4.359433706717519e-05;4.345725805717102e-05;4.312877768375797e-05;4.23603211058476e-05;4.1396916454515305e-05;4.068932246491552e-05;3.988671544558075e-05;3.898274959769952e-05;3.808005030382397e-05;3.7070532154705565e-05;3.609429041810789e-05;3.512395961084892e-05;3.425134532590248e-05;3.36650406267895e-05;3.3479234984163444e-05;3.3295179612678624e-05;3.3118070903033475e-05;3.2876937189073785e-05;3.23700909736926e-05;3.160894605882674e-05;3.073496513769391e-05;3.0137699172706916e-05;2.998118194916105e-05;3.018927741992207e-05;3.04297772669682e-05;3.0392596203064528e-05;3.00747033721751e-05;2.9850758234257384e-05;2.965037589507555e-05;2.933057349667815e-05;2.876442777698016e-05;2.79900381860462e-05;2.7281097696821653e-05;2.7001553151136357e-05;2.7203213316884563e-05;2.7726004207210147e-05;2.8248766726831206e-05;2.859653964552498e-05;2.870247627524142e-05;2.8686343388863144e-05
761.3336827167659;2.740733685280772e-08;1.6555844465157294e-08;8.124895541167426e-09;4.570748937580795e-09;4.517698697408286e-09;7.262902103811865e-09;1.4913877109896818e-08;3.7510596912980445e-08;5.518109883592921e-08;6.332488824181574e-08;5.5134703566323904e-08;3.5992934238082104e-08;1.923145823138075e-08;1.092599048811778e-08;1.3768083694779706e-08;3.837747084003103e-08;8.426236469070195e-08;1.2622651334668658e-07;1.4147557118678034e-07;1.213555058993853e-07;8.117099217957223e-08;4.7040834522373455e-08;1.9594011828129905e-08;1.1594981791507962e-08;1.0543047473776076e-08;1.0179219020571055e-08;1.0110841232379314e-08;9.720299407495004e-09;9.670546588362069e-09;1.0118216403367718e-08;1.3959223356584894e-08;2.0776546257291048e-08;2.310616758310268e-08;2.06023769831423e-08;2.7515709062798814e-08;3.389744468335401e-08;3.8500040435165433e-08;3.4083014776405976e-08;2.504040970095525e-08;3.153730095167732e-08;7.04410481991217e-08;1.6448244418637946e-07;3.554433135970656e-07;7.330001782071754e-07;1.526861483806509e-06;3.0022327480340787e-06;5.185225911092224e-06;8.01601828679085e-06;1.12186310922212e-05;1.4643613180921285e-05;1.827860424901953e-05;2.186038730630677e-05;2.5570689760283457e-05;2.922005751204565e-05;3.276456439050517e-05;3.600258554170814e-05;3.835481292670925e-05;3.985934704938298e-05;4.063227683391307e-05;4.098989949731314e-05;4.131270815328099e-05;4.159884862075755e-05;4.176578461545532e-05;4.188992651386274e-05;4.193120249962975e-05;4.1624716512511954e-05;4.077488120823093e-05;3.950097319974141e-05;3.786039182534919e-05;3.58176112489876e-05;3.407561694339186e-05;3.305511048797566e-05;3.284259363907278e-05;3.316791235048951e-05;3.3410218893081734e-05;3.321855559674123e-05;3.272041500678409e-05;3.18770939620943e-05;3.1165694875669473e-05;3.0741689247231605e-05;3.0621132192669155e-05;3.0620047104438915e-05;3.060887126466348e-05;3.054005039289362e-05;3.0345195906068835e-05;2.9975507790307385e-05;2.9396440923395635e-05;2.8756381169836092e-05;2.814503757315268e-05;2.776201041708774e-05;2.7612465909572024e-05;2.7954394022949363e-05;2.797621162550532e-05;2.8166749244382117e-05;2.8433255585626025e-05;2.8733999401034688e-05;2.8916214726687185e-05;2.867872540804683e-05;2.852906834900013e-05;2.836031311728501e-05
763.2691429174738;5.3222549935069904e-08;3.2152524959088257e-08;1.58096612353656e-08;8.659205583166761e-09;6.669568470241178e-09;5.512546533331128e-09;4.48547120783227e-09;5.033759063000117e-09;1.1626440489064721e-08;2.3313342129621903e-08;3.1264252929374776e-08;3.033922417893194e-08;2.231948188286793e-08;1.4462365938269918e-08;2.1813368365097173e-08;7.111849433937625e-08;1.6237256956329458e-07;2.478646594340137e-07;2.8529166910791825e-07;2.6216466528985975e-07;2.038291004249804e-07;1.45203141939377e-07;9.660029013241265e-08;5.978175653797544e-08;3.634736669215031e-08;2.34453555718106e-08;1.8888082253108115e-08;1.9021182062088e-08;2.079350168872462e-08;2.5173988809779658e-08;2.9340173168731867e-08;2.7961386221483795e-08;2.2277132547651422e-08;1.9185331026604894e-08;2.999526993733351e-08;5.19668016510724e-08;6.58977493252685e-08;6.318170992740865e-08;6.20269909872868e-08;1.0576053263724284e-07;1.8391437414504915e-07;2.779366352906145e-07;3.999133220076685e-07;7.217096700745397e-07;1.526366017948443e-06;3.042509287642188e-06;5.374422248781548e-06;8.355106221116723e-06;1.1721260767513684e-05;1.5285431214248587e-05;1.8951528350369296e-05;2.28065032844426e-05;2.66438112705064e-05;3.02896013373828e-05;3.3630210132041394e-05;3.640286963634676e-05;3.848934659835784e-05;4.003596500473158e-05;4.08348144481364e-05;4.109423234485025e-05;4.101779638852005e-05;4.078970550441285e-05;4.039361248324102e-05;4.0363061842932e-05;4.0460864792334506e-05;4.02686627009028e-05;3.979455752249291e-05;3.88558153294798e-05;3.734320069424391e-05;3.562234477306678e-05;3.399401698305015e-05;3.300724312891136e-05;3.2771854959823195e-05;3.3026342024919256e-05;3.315448621730966e-05;3.306518998720991e-05;3.264570304235214e-05;3.20078180376475e-05;3.161346924594314e-05;3.159145516856437e-05;3.175352903067863e-05;3.174794847773312e-05;3.147309980032132e-05;3.10891070853589e-05;3.0991233356760526e-05;3.103248560201255e-05;3.0606530137414204e-05;2.9570010144649257e-05;2.829465118994498e-05;2.7467181074965528e-05;2.737057668929917e-05;2.80558719983456e-05;2.8799582231136645e-05;2.9184242162725498e-05;2.9155262281661675e-05;2.8834951058034656e-05;2.8396938096874365e-05;2.7934382170235183e-05;2.755062013884582e-05;2.729171675586636e-05
765.2039353036344;2.6667237635927517e-08;1.6188788456444332e-08;8.137302218761463e-09;4.831275397992444e-09;4.149190586799631e-09;3.0552729191844323e-09;2.119158864947334e-09;1.8434514343988334e-09;3.4735623060982663e-09;7.505579422200192e-09;1.247765606874708e-08;1.6718604484850025e-08;1.6447405481845033e-08;1.2905305225626385e-08;1.5488377256451322e-08;3.7806476528979726e-08;8.279598904444258e-08;1.310306860952849e-07;1.6644708341385854e-07;1.8331294019592398e-07;1.9469856548996282e-07;1.9558637223834945e-07;1.7619276871530352e-07;1.2753416374878966e-07;7.050694721785367e-08;3.6333894585963846e-08;2.3601115948831972e-08;1.9539604427216103e-08;2.1866219931166783e-08;3.165917838221178e-08;4.308146137189074e-08;4.636785877881302e-08;3.8186791085394804e-08;2.49938897195904e-08;2.2698603877412776e-08;3.101915961705414e-08;3.909310577021212e-08;4.705879503645187e-08;7.25861982401585e-08;1.2708482818177032e-07;1.8417097954279416e-07;2.2898838304446838e-07;3.177573446137751e-07;6.641569883342999e-07;1.4943055628142247e-06;3.037917883253721e-06;5.239512295101665e-06;8.020364489412923e-06;1.1320341897470093e-05;1.499986742105438e-05;1.8964483759470745e-05;2.2838677689929826e-05;2.660853014268409e-05;3.0311899746286422e-05;3.368717284598154e-05;3.668635793746791e-05;3.915220550526397e-05;4.108547625751203e-05;4.2187369368938086e-05;4.222325342473934e-05;4.128886851683541e-05;3.98018402968061e-05;3.860027866907013e-05;3.799033157318389e-05;3.790851107954636e-05;3.830722849475808e-05;3.87959260562989e-05;3.880507616749985e-05;3.819590448223588e-05;3.723115394895333e-05;3.617088101679984e-05;3.519792546815004e-05;3.444583597643735e-05;3.404499420017835e-05;3.379567529602624e-05;3.358590905203975e-05;3.341328848276406e-05;3.3324412875784175e-05;3.338311781010809e-05;3.3443777197509113e-05;3.3248554639975424e-05;3.2703240705746786e-05;3.173533674218486e-05;3.091892645258518e-05;3.0695137022643554e-05;3.09453181516354e-05;3.113218878452127e-05;3.063446367139295e-05;2.982771008154832e-05;2.94146746146872e-05;2.94255149165301e-05;2.988564032019477e-05;3.0439059578976224e-05;3.026710973838998e-05;2.9445719317368036e-05;2.824606254075088e-05;2.719633412876628e-05;2.6443736966491397e-05;2.588177020170966e-05;2.55927776857796e-05
767.1380598818541;4.4563200211376884e-08;3.099145811991036e-08;1.8141406522311995e-08;1.0054338260559304e-08;6.9843427442257706e-09;1.0144045509889152e-08;2.0262510823162368e-08;3.02272550746293e-08;3.1356419121111534e-08;2.277173003712017e-08;1.241995429353848e-08;8.23225143446375e-09;7.754935794729546e-09;8.228437993066304e-09;1.1515221723390756e-08;2.4596612193605173e-08;4.2775278590329045e-08;6.026328022620523e-08;7.422016115397996e-08;8.753820949117323e-08;1.193079614674774e-07;1.4914796368583986e-07;1.539969836057471e-07;1.252756819862507e-07;7.721889115312272e-08;3.8797543187082854e-08;2.1728616664695353e-08;1.6408679367801652e-08;2.0539922436530197e-08;2.952022910315965e-08;3.6319263169979915e-08;3.5267532798394765e-08;2.6152310364252805e-08;1.5861113822490858e-08;1.0267637984724413e-08;1.1014294666472978e-08;2.1926532111341e-08;4.7988623509502384e-08;8.39656481563397e-08;1.0306332925522397e-07;1.1308863798102647e-07;1.3470989879312409e-07;2.83856841872162e-07;7.210635026189756e-07;1.530191275542116e-06;2.80566849219953e-06;4.511890977936122e-06;6.818771248733955e-06;9.905178731972584e-06;1.3842581052381832e-05;1.847570807392068e-05;2.3375459500734018e-05;2.7950684646590684e-05;3.194372607174711e-05;3.514058865002326e-05;3.765609694072736e-05;3.96565612606424e-05;4.122845096933724e-05;4.202604901740213e-05;4.1771545555847816e-05;4.058570484730551e-05;3.898509814528482e-05;3.777030128358516e-05;3.751219840989071e-05;3.818198652939425e-05;3.932856088689647e-05;4.021732531555734e-05;4.030105590434358e-05;3.9742069222453616e-05;3.883257826402191e-05;3.785423216989458e-05;3.679103674100216e-05;3.567646637479408e-05;3.451376972427504e-05;3.3459939144252816e-05;3.264424027718887e-05;3.210958482270949e-05;3.187555772095555e-05;3.194133287139731e-05;3.217505134050827e-05;3.229130111741385e-05;3.212153377239816e-05;3.159442306364795e-05;3.106243023977335e-05;3.062692747334112e-05;3.0329827569868164e-05;3.0249493231446145e-05;2.9984990433267244e-05;2.995081735789588e-05;3.038439447548448e-05;3.119165641894144e-05;3.206189805265704e-05;3.245808116980112e-05;3.207090233202752e-05;3.0983008719793115e-05;2.9507891151656297e-05;2.807851072965549e-05;2.6899642208360517e-05;2.613408615627001e-05;2.5695160407542823e-05
769.0715166589216;8.91004570951556e-08;6.321527730088058e-08;4.237579691559171e-08;3.88453668074603e-08;5.138089326982056e-08;6.933194798844169e-08;8.634960213402253e-08;9.137843984900868e-08;7.812334805009919e-08;5.5564654473791833e-08;3.8938599771227777e-08;4.1174201316637006e-08;5.7385949330866927e-08;6.116187477030932e-08;6.141745574156842e-08;7.256613992637707e-08;9.582309644665016e-08;1.1472680285260939e-07;1.1209735357047184e-07;9.451705395087526e-08;8.634329225731316e-08;9.672546901718193e-08;1.0530512156104598e-07;9.605301929368437e-08;8.263273786021297e-08;6.30789044218643e-08;4.6341311790372896e-08;3.608717838861884e-08;3.322394469394628e-08;3.5128337702380214e-08;3.3966862837434394e-08;2.576428695195945e-08;1.507529361271609e-08;9.549206272700038e-09;1.6534965387288895e-08;5.984555401761122e-08;1.1857258894135105e-07;1.7472307247209357e-07;1.943751997209446e-07;1.595117033693201e-07;1.0145352402471897e-07;9.6182820931982e-08;2.8680972785590284e-07;7.950012172935438e-07;1.6966667359856426e-06;2.94898288139228e-06;4.616081683170423e-06;6.797253190407484e-06;9.683212761637656e-06;1.3563121448237096e-05;1.8173258936862092e-05;2.357956956847033e-05;2.904003407147693e-05;3.358003144295462e-05;3.683630948953632e-05;3.894333741142483e-05;4.032921600136186e-05;4.125173033179702e-05;4.166138582527113e-05;4.151669955296602e-05;4.087200420075055e-05;3.998086269042263e-05;3.9328655518935154e-05;3.9226290977758354e-05;3.9569950716750185e-05;3.9868902714979866e-05;3.998309573557344e-05;3.967214164647819e-05;3.908693801894736e-05;3.842262999696994e-05;3.7770692406870174e-05;3.690770856414061e-05;3.576675968234308e-05;3.422078420079408e-05;3.269748087138697e-05;3.168101135536307e-05;3.1262073839366967e-05;3.131524492776807e-05;3.1562198453094134e-05;3.173770200389362e-05;3.171404227529011e-05;3.138465340390247e-05;3.101982561294789e-05;3.04954001177714e-05;2.9993567509237333e-05;2.952099305464233e-05;2.9128438675248e-05;2.9131220626414137e-05;2.95317843307944e-05;3.0070296384090148e-05;3.067957361926061e-05;3.107284058904248e-05;3.1113051065668504e-05;3.091364364928076e-05;3.059830069125405e-05;3.0344172153924044e-05;2.9974052203762487e-05;2.961038274596251e-05;2.9231517823356434e-05;2.891618433867169e-05
771.0043056417817;8.527744884564352e-08;5.889730664418918e-08;4.44647042963697e-08;5.5811061068621725e-08;8.834459153950453e-08;1.1413329379619417e-07;1.1671781785725993e-07;9.546617270207815e-08;6.444694494249797e-08;4.847830374265226e-08;5.377933163614897e-08;7.736781420511699e-08;1.0620279059930013e-07;1.177072211164357e-07;1.109005971985768e-07;9.565212087234017e-08;8.49332229502559e-08;7.728711337294786e-08;6.683778398415981e-08;5.7163121000976274e-08;5.750294289898146e-08;7.875483770373568e-08;9.690827303550853e-08;1.0373005225003741e-07;9.748405335154622e-08;8.7723593027134e-08;7.229014609900974e-08;5.340292005499074e-08;3.8561898038443595e-08;3.954673876985769e-08;5.7255744296359786e-08;7.079188500348352e-08;6.55621233178967e-08;4.819925266131507e-08;5.1999852074460325e-08;1.1112306198201787e-07;1.975751894870898e-07;2.517984003893057e-07;2.389955965705476e-07;1.6555920356808173e-07;8.007429589708263e-08;7.35363594299245e-08;2.657196066924269e-07;8.272240664575253e-07;1.9042098136072663e-06;3.5635816915012663e-06;5.694778935576503e-06;8.174627719131836e-06;1.090236546583812e-05;1.4092639090297554e-05;1.808644850352353e-05;2.275107793449476e-05;2.7759646063479363e-05;3.2444894875375126e-05;3.637246144660489e-05;3.949797574409568e-05;4.174254301130619e-05;4.29476953601213e-05;4.337854380079116e-05;4.316252404327555e-05;4.270740738322942e-05;4.218285838213416e-05;4.189613601344135e-05;4.146536950134711e-05;4.068870741371245e-05;3.9651692143781454e-05;3.848805778239133e-05;3.767037377693027e-05;3.7032651684783984e-05;3.676947044485289e-05;3.664617949073864e-05;3.63461295158969e-05;3.567982250502356e-05;3.475378408288068e-05;3.378920260136488e-05;3.3125687125132026e-05;3.284434023534812e-05;3.274630603830631e-05;3.276550300798958e-05;3.258998142589373e-05;3.216345782235782e-05;3.154479572072719e-05;3.089830047519807e-05;3.0312024661123604e-05;2.989393674620049e-05;2.9753004838154e-05;2.996127249447079e-05;3.0429366675147893e-05;3.0899077412057006e-05;3.099025745461851e-05;3.0598395662064256e-05;2.96887045790941e-05;2.896001327593994e-05;2.8642584269631152e-05;2.8968480504369296e-05;2.977819346850885e-05;3.068104488325166e-05;3.12893821556352e-05;3.144445536547751e-05;3.137078574733809e-05
772.9364268375612;7.663686155021513e-08;5.23549812584177e-08;3.462440880809867e-08;3.4643155170925294e-08;4.8398618993418266e-08;5.785694350574936e-08;5.310658102151911e-08;3.812150180013161e-08;2.6509304130091962e-08;3.433900054174086e-08;6.368242320783261e-08;9.210941909260023e-08;1.0430128358136778e-07;1.0207235574599297e-07;8.76629323361929e-08;6.73911534827188e-08;4.3962716914167326e-08;2.4597205876807546e-08;1.4163076373900516e-08;1.4250119363236769e-08;2.5428954696005733e-08;4.557832032067964e-08;6.331341308806982e-08;7.04696909898438e-08;6.092806422247894e-08;4.884511370352125e-08;3.8313521170729553e-08;2.7206291641285338e-08;1.9332200683430782e-08;3.3774158226001995e-08;7.913924844263078e-08;1.294648790012104e-07;1.506276333510667e-07;1.32347051534491e-07;1.0856887652576349e-07;1.0212824076130144e-07;1.1768451304666586e-07;1.2385791603555776e-07;1.0380794296582097e-07;6.41837628600359e-08;3.21731621467078e-08;4.7234157994662e-08;1.993497809659787e-07;7.150931320057708e-07;1.8512605514717015e-06;3.7477620381434574e-06;6.302189995169625e-06;9.286017211660403e-06;1.2333517840641538e-05;1.5385333014183794e-05;1.882382223299697e-05;2.264080114005273e-05;2.679893187113429e-05;3.112346659857651e-05;3.534773015210536e-05;3.907370965693449e-05;4.1876357786588615e-05;4.348871360579898e-05;4.393203757925019e-05;4.369389535669459e-05;4.345702002018707e-05;4.353828010137478e-05;4.383925113228032e-05;4.3345408981618136e-05;4.1905924552226566e-05;3.99461672657901e-05;3.784432253821753e-05;3.60098401418727e-05;3.495842724501452e-05;3.459494330711113e-05;3.4712842830279515e-05;3.5025376726706326e-05;3.5195596751145946e-05;3.505433435647441e-05;3.462967360781415e-05;3.400267263884254e-05;3.332066609942986e-05;3.269642514148278e-05;3.21812990298276e-05;3.178442270726679e-05;3.148381182777671e-05;3.123037891026212e-05;3.087464466375576e-05;3.0529834516004564e-05;3.013881719740208e-05;2.9964251899943023e-05;3.0293682504854864e-05;3.101357624668156e-05;3.1812677712981504e-05;3.211254869089122e-05;3.1875818841875784e-05;3.0852971603778554e-05;2.9581332905749154e-05;2.87336382279346e-05;2.8617686332025982e-05;2.913222861565934e-05;2.9935777830541866e-05;3.033421473429397e-05;3.035823674993264e-05;3.020684679638373e-05
774.8678802535505;6.017000972743565e-08;6.345545463681288e-08;6.73365419535389e-08;6.288561230338148e-08;4.8344298227660296e-08;3.0231559476650874e-08;1.3957637527334038e-08;9.766374330886489e-09;1.5987846270693606e-08;3.882619501282581e-08;7.582158925864308e-08;1.0179206499356435e-07;1.0140052940653301e-07;7.797753966052093e-08;4.986537485437904e-08;3.1185957396765666e-08;1.9176933589223027e-08;1.2129186410637814e-08;9.112403573310558e-09;8.651916957650121e-09;9.671036458741852e-09;1.4216912467658085e-08;1.8458808938127948e-08;1.8591624235584458e-08;2.2026485273903152e-08;4.31528345476131e-08;8.237729168008367e-08;1.0804767471138275e-07;1.0108521969278902e-07;7.773838462171275e-08;7.318480713345853e-08;1.0225422622800468e-07;1.394206138812399e-07;1.4768017582879705e-07;1.2500671704328294e-07;8.486742990668034e-08;4.4590348556157455e-08;2.6363455384264906e-08;3.0716647190087534e-08;4.9996421294964346e-08;6.3266378362492e-08;7.575833896020939e-08;1.6726609229164006e-07;5.863600128636448e-07;1.6837149863149078e-06;3.628818470576477e-06;6.331795837395156e-06;9.510939190041912e-06;1.2874676116990414e-05;1.632810605924911e-05;1.9879886625122296e-05;2.368403300578288e-05;2.768848323347697e-05;3.173161271117127e-05;3.5439414945011786e-05;3.837457355345314e-05;4.019451036782717e-05;4.106260917867714e-05;4.149951965058697e-05;4.207599546146805e-05;4.306707622179647e-05;4.429120762254621e-05;4.466148148802495e-05;4.388130779565136e-05;4.1721728898467424e-05;3.897252283948004e-05;3.664097133366846e-05;3.502738674922185e-05;3.432007363587758e-05;3.4157226348742374e-05;3.431687559429203e-05;3.445510709231007e-05;3.465640352365789e-05;3.453212764419363e-05;3.4099263466856025e-05;3.3479501045132124e-05;3.285923708294749e-05;3.238379364004854e-05;3.194452707798829e-05;3.1555270168224386e-05;3.118901235699764e-05;3.075115949982721e-05;3.0221484352677507e-05;2.968882004407167e-05;2.925515781286353e-05;2.9078021734583942e-05;2.9343628711604544e-05;2.9864668886701e-05;3.0403880503137693e-05;3.080759384658054e-05;3.087637476340169e-05;3.0437900179272872e-05;2.9526266774577047e-05;2.87440730841124e-05;2.8199210939692622e-05;2.7996727633986946e-05;2.793923764358407e-05;2.7734720476985342e-05;2.747234357589527e-05;2.7228841305430534e-05
776.798665897215;3.9215279120294816e-08;7.487618141827753e-08;1.049699404952891e-07;1.0923561667759605e-07;8.615059525795626e-08;5.293060394123596e-08;2.5622723522509305e-08;1.3260341816468765e-08;1.2244755505557272e-08;2.4118261648335113e-08;4.4134639452091e-08;6.81139520170673e-08;9.300399195998589e-08;1.0387647068297008e-07;1.0326921065720665e-07;8.863321884284717e-08;6.510680597556176e-08;3.7892783862765665e-08;2.2576269874106985e-08;1.6225673822839245e-08;1.2740390775189934e-08;1.0210529394634257e-08;8.183490291363813e-09;1.0135211393966529e-08;2.9035739011823583e-08;9.400669388858173e-08;1.958127579050157e-07;2.6271815675388044e-07;2.4703540584137125e-07;1.6414179542764614e-07;8.304526526325705e-08;5.73665587949714e-08;7.464295269350423e-08;9.90365128895477e-08;1.0836709225252765e-07;1.0226241059012687e-07;8.304650397503463e-08;6.349713112383594e-08;6.788499795895516e-08;1.025307541209478e-07;1.424664393512697e-07;1.970292549256443e-07;3.392060453035206e-07;7.995405810955945e-07;1.8676877716192115e-06;3.7304410036982775e-06;6.36636354143202e-06;9.538759039753555e-06;1.3037100697487752e-05;1.673707817358291e-05;2.0600072415223865e-05;2.4555266933276404e-05;2.8547214275042387e-05;3.237687754867182e-05;3.558879781467042e-05;3.801964558725339e-05;3.973864483223934e-05;4.095548063341986e-05;4.223983153015582e-05;4.3658499892858446e-05;4.485871882025982e-05;4.543306420937273e-05;4.450338499145971e-05;4.232665895180541e-05;3.9654505503774565e-05;3.721023479874087e-05;3.554805791838195e-05;3.48919364281715e-05;3.478864952019149e-05;3.493551759070098e-05;3.499864496501606e-05;3.481187352382019e-05;3.436413234442292e-05;3.400058286006273e-05;3.358967068645897e-05;3.3184278311403545e-05;3.283337950858534e-05;3.257940827735395e-05;3.238776687106418e-05;3.211996504480973e-05;3.159963159519202e-05;3.0811656707764374e-05;2.9919220855505944e-05;2.926162330047748e-05;2.9171689245295023e-05;2.9433967550697223e-05;2.9927858995452683e-05;3.027989274172445e-05;3.0242844433996445e-05;2.9848371166852746e-05;2.9051430934092115e-05;2.842043647456343e-05;2.787690301031657e-05;2.7608821558428862e-05;2.7438887687774616e-05;2.720040443876248e-05;2.6868210219680636e-05;2.645074532246221e-05;2.610427236431948e-05;2.5871004842913685e-05
778.7287837761833;1.8327793622158988e-08;3.898014976748861e-08;5.4090091483907e-08;6.261539721106435e-08;6.173483464735992e-08;4.892875912865008e-08;3.4663782225066496e-08;2.3215812414840293e-08;1.7430333489702773e-08;1.5307429333152323e-08;1.7143867230013972e-08;3.617643997428705e-08;7.91473371549585e-08;1.3454501283992373e-07;1.6777960223660274e-07;1.5823827475306952e-07;1.1883225615196477e-07;7.457567569451454e-08;5.014572448684079e-08;4.834502293408775e-08;5.35593269010882e-08;5.0310429829888775e-08;3.5792891677682715e-08;2.1494457918203128e-08;2.9788785332538687e-08;7.865681929750332e-08;1.583487837690788e-07;2.2565410942003825e-07;2.424931781215791e-07;1.938741185902941e-07;1.2836184063060684e-07;8.412826552856214e-08;6.693215082816748e-08;7.704710610215601e-08;1.0223933018986685e-07;1.247444359536611e-07;1.228606447271514e-07;9.781240057905385e-08;7.603796629509004e-08;7.907299008690854e-08;1.163380512053858e-07;2.2556698958335118e-07;4.732079947809146e-07;1.043101944121521e-06;2.129029107277667e-06;3.96027650391045e-06;6.577343065475857e-06;9.847093448324548e-06;1.3527416072668948e-05;1.7336826119796274e-05;2.1147932169176985e-05;2.4830351232966808e-05;2.8364162146233548e-05;3.1657111323050176e-05;3.4732404884549626e-05;3.768597940634504e-05;4.049890020020806e-05;4.323076467690101e-05;4.566941438032251e-05;4.7079459948239286e-05;4.705741917943536e-05;4.56350586275324e-05;4.3144680242948456e-05;4.042481917353912e-05;3.827850531621912e-05;3.665529553075779e-05;3.5560422986913255e-05;3.4974205010579965e-05;3.479172573295328e-05;3.490003019823678e-05;3.5183935687905844e-05;3.550441341738786e-05;3.547304344856201e-05;3.529707372050458e-05;3.474655218103465e-05;3.378593907319587e-05;3.2828474583731456e-05;3.192175854479647e-05;3.128105009046818e-05;3.092688979760466e-05;3.0701632925734666e-05;3.047787007847173e-05;3.0202052228385225e-05;2.991887879912325e-05;2.996638519292422e-05;3.0311151609572e-05;3.0582040231541195e-05;3.0889476385154816e-05;3.1139458944836136e-05;3.101850931810529e-05;3.046689319989989e-05;2.9726393178627612e-05;2.9029398486622195e-05;2.8538230605032137e-05;2.820586916213177e-05;2.7854924274065657e-05;2.742358535410185e-05;2.699645398394595e-05;2.6637486451575614e-05;2.639429399231813e-05
780.6582338982662;5.593148975294999e-09;2.8967989504465843e-09;2.780494815141557e-09;1.1487934531971744e-08;2.8428871842425787e-08;4.13348090684507e-08;4.4339409031740137e-08;5.19568724611641e-08;6.270375969014815e-08;6.961747558334494e-08;6.30012235941097e-08;5.2264733769740896e-08;5.568034734634117e-08;8.42130128707792e-08;1.1612580124470673e-07;1.2915867399122938e-07;1.1274805486252565e-07;8.695167428972585e-08;7.009712185513553e-08;7.574822444407807e-08;9.084349631429069e-08;8.733766109171065e-08;6.087539995413015e-08;3.0336340940529096e-08;1.9053294061610552e-08;2.7871069567194812e-08;4.7475330555853254e-08;7.935304450362678e-08;1.174142729600314e-07;1.409320831077111e-07;1.3683077973064012e-07;1.0375304920604441e-07;6.745490673462354e-08;5.174625477835879e-08;6.042463666207436e-08;7.43022261816904e-08;7.418942836760043e-08;5.8669345352608025e-08;3.698941287185017e-08;2.3599653593993307e-08;3.516435169655864e-08;9.81183587401474e-08;2.956920474844299e-07;8.797569422377922e-07;2.0692936854321622e-06;4.085388724308641e-06;6.8656362612043925e-06;1.0191822886596294e-05;1.3839223324697255e-05;1.7578823545021586e-05;2.1348103486937853e-05;2.5005804644646582e-05;2.834943688104072e-05;3.1402181425972764e-05;3.445638603342812e-05;3.770770658907178e-05;4.1186091269079854e-05;4.433326760741794e-05;4.656782000736869e-05;4.7232960502499054e-05;4.616309342393031e-05;4.395927645328352e-05;4.1472741044316255e-05;3.981912676561849e-05;3.8655654591764746e-05;3.815072628721709e-05;3.78927918795406e-05;3.732819697591096e-05;3.670979042915823e-05;3.6300702265481554e-05;3.6143989511886406e-05;3.641145452111389e-05;3.67569650247555e-05;3.659736219358805e-05;3.586351668336154e-05;3.463443832354488e-05;3.331566033875291e-05;3.2169027944159786e-05;3.139439628467722e-05;3.105789690566863e-05;3.100231969748321e-05;3.104227105527635e-05;3.1036238861829884e-05;3.083311462030824e-05;3.03889580014644e-05;2.998865138605071e-05;2.9659198144934144e-05;2.976496121643214e-05;3.0276963124992448e-05;3.097211041714608e-05;3.140779043496006e-05;3.139420580871794e-05;3.0906805909332214e-05;3.013852343933614e-05;2.9318843476863407e-05;2.8587584408154027e-05;2.8065011664689796e-05;2.777953884041861e-05;2.7749692311325734e-05;2.788373110844372e-05
782.58701627142;3.6570911131207262e-09;2.442614447128724e-09;1.732132109105002e-09;3.6940502685086366e-09;1.0637176048730364e-08;2.217142523252631e-08;3.4863934651737364e-08;5.739947835305257e-08;8.890947817415052e-08;1.0584539486534657e-07;9.423920052271337e-08;6.035153398755396e-08;2.935254631456381e-08;2.481485121161877e-08;4.797467206706305e-08;8.018047046760634e-08;9.752196889213905e-08;9.041526128692541e-08;6.869680477127649e-08;5.5273511188129216e-08;5.4210581516696196e-08;4.8968108193778844e-08;3.4058660914458866e-08;1.7851950213206042e-08;8.446035763975732e-09;6.322750614316521e-09;6.250482507384042e-09;1.1411404391044508e-08;2.516540270956112e-08;4.892878054364384e-08;5.919601838085628e-08;4.7480123210435385e-08;2.9218209867538127e-08;1.6571759867041418e-08;1.3342911878606589e-08;1.6386277637313768e-08;1.8468258277715743e-08;1.5966090923594642e-08;1.0218004898718953e-08;5.326971988035153e-09;9.61802341179098e-09;4.795985719046743e-08;2.563553412927393e-07;9.05505013789777e-07;2.2401968852436344e-06;4.372142320380629e-06;7.1476858409884685e-06;1.026006869818884e-05;1.3659289827677968e-05;1.7357851924241123e-05;2.133713933988793e-05;2.5382730459166703e-05;2.938746164897604e-05;3.324719332271769e-05;3.693981335484683e-05;4.0314190952286495e-05;4.336648434319345e-05;4.573611644939692e-05;4.701130436589143e-05;4.7088543541647394e-05;4.591663505461947e-05;4.387334271082329e-05;4.184814606146465e-05;4.050760140775748e-05;4.012878410986625e-05;4.042519296516515e-05;4.066641800929744e-05;4.024265620934965e-05;3.926603824938939e-05;3.794447817636415e-05;3.674395956193074e-05;3.6167245616936486e-05;3.5991439121583816e-05;3.593058138565898e-05;3.568145323715836e-05;3.518638641014479e-05;3.44444862723164e-05;3.383925666992872e-05;3.3375725700187875e-05;3.307794402119533e-05;3.288980720817605e-05;3.27109151521189e-05;3.247232929899239e-05;3.215468388502541e-05;3.145703378138102e-05;3.0640855724152506e-05;3.014989379949998e-05;3.00014695679161e-05;3.000092923656612e-05;3.023161129194429e-05;3.056174316932988e-05;3.0547345323383784e-05;3.023251424072108e-05;2.9750083537685814e-05;2.9160761766439023e-05;2.8677630075961285e-05;2.855926430917115e-05;2.878941372876793e-05;2.9205383075673886e-05;2.9592838070294837e-05
784.5151309037974;3.139262321225074e-09;8.42580852763624e-09;2.1275875032006888e-08;3.779612750818983e-08;4.7812208361437136e-08;4.7340715725055344e-08;4.0881648467509593e-08;3.8571062579612544e-08;4.9011368737266126e-08;5.386434317964037e-08;4.7336588081064914e-08;3.1506214234186623e-08;1.3463559096017742e-08;1.1559422732833734e-08;1.9235421795960896e-08;3.2991057084937985e-08;4.619438393630447e-08;4.5813116198720254e-08;3.1401183577853136e-08;1.6993886293553472e-08;9.351296837378832e-09;6.083140642328752e-09;4.312409216341646e-09;3.2900199965966412e-09;2.2244749466949124e-09;1.6794804326176984e-09;1.5572238345941955e-09;1.735180142443587e-09;1.9176879703706262e-09;1.90434416678289e-09;1.622680003313242e-09;1.204579460540205e-09;9.784765471551154e-10;1.5625676996184954e-09;3.698579790807841e-09;6.592300983220694e-09;8.24470546143624e-09;8.034305211814018e-09;7.276575197380501e-09;8.267941478682711e-09;4.27069949522114e-08;1.6132933641897802e-07;4.774455982899797e-07;1.2032448984475235e-06;2.5247624892415794e-06;4.570288513199588e-06;7.194698877416882e-06;1.0188291961299526e-05;1.3527145769373947e-05;1.729043406178951e-05;2.1483264058222825e-05;2.6140874636394205e-05;3.1100833811044336e-05;3.620350361282438e-05;4.109382295665476e-05;4.5024121236228055e-05;4.735144465795936e-05;4.833696840818701e-05;4.836125051163584e-05;4.78715420800872e-05;4.6858152291850427e-05;4.541994088403288e-05;4.414974498583698e-05;4.292007153193794e-05;4.232607173534328e-05;4.188620899428606e-05;4.13485284270859e-05;4.070399479130213e-05;3.950548045027684e-05;3.7929825753966624e-05;3.6628127534249765e-05;3.584169195024905e-05;3.557789617902121e-05;3.569713611866138e-05;3.5770048604891655e-05;3.564745895903826e-05;3.526804715828432e-05;3.476150766480005e-05;3.425928312880863e-05;3.38093165029891e-05;3.349602323950417e-05;3.321555082521923e-05;3.2825114947672066e-05;3.246520010943228e-05;3.2119193940959336e-05;3.1856252352183544e-05;3.1743179666445686e-05;3.168631889901846e-05;3.141864222678838e-05;3.082949967629232e-05;3.0070402619236028e-05;2.9314121803416133e-05;2.8914073304509403e-05;2.8869010755878587e-05;2.9111236053036885e-05;2.9462004066297023e-05;2.982368869022127e-05;3.01383484638837e-05;3.028390067014339e-05;3.0277496933064063e-05
786.4425778037039;8.684858063456742e-08;7.99771510833174e-08;8.57158469844004e-08;1.01688681688859e-07;1.0910290155533217e-07;9.746416525541354e-08;6.793802215124142e-08;3.610212134508924e-08;1.968705871139878e-08;1.5947445810033056e-08;1.66549780118577e-08;1.6538349552242126e-08;1.4258408568285082e-08;1.0975990866221036e-08;8.425678707134796e-09;6.816438610842081e-09;4.837405537270853e-09;3.1392538267297652e-09;2.2864607030027593e-09;1.939610366664023e-09;1.7302855061084247e-09;1.654832146590267e-09;2.827559326154664e-09;8.041876096045283e-09;2.055480702907772e-08;2.7591851158191978e-08;2.3814831760961606e-08;1.4412716871434784e-08;6.592780316540311e-09;3.191557751765226e-09;2.2345498433387363e-09;1.8016123048103e-09;1.537824294838798e-09;2.336290393215849e-09;8.056881846826775e-09;1.9944173708905212e-08;3.5382426694325535e-08;5.0759983157645183e-08;6.380714358016297e-08;7.966249530170318e-08;1.2765167288349018e-07;2.73537462391744e-07;5.832896099121317e-07;1.2187662960474023e-06;2.3515141585160567e-06;4.214512741823523e-06;6.829475760124907e-06;1.0103924868704764e-05;1.3897028961798904e-05;1.809763835399928e-05;2.272271220218316e-05;2.781378140450381e-05;3.319188422815575e-05;3.863834787057023e-05;4.366009331112056e-05;4.761494140335494e-05;4.981355363332661e-05;5.005360918258718e-05;4.901695206171723e-05;4.7733850048139177e-05;4.680094597438614e-05;4.622535796712456e-05;4.562838458287421e-05;4.475280396304903e-05;4.357526959298764e-05;4.222964840002362e-05;4.0942112345385336e-05;3.978114536747264e-05;3.875141922785235e-05;3.7809829242236445e-05;3.694892198772831e-05;3.645820518588797e-05;3.618226156543203e-05;3.607668620774874e-05;3.596187368276496e-05;3.5735825731450124e-05;3.532583500314199e-05;3.47093723862379e-05;3.399315233438611e-05;3.3268225515952084e-05;3.2626628313216365e-05;3.2151515028004684e-05;3.187567529926818e-05;3.187676316807102e-05;3.212173704307498e-05;3.2449871089266285e-05;3.257572960709362e-05;3.2351673165950184e-05;3.185828086472719e-05;3.083906298417946e-05;2.960346654376218e-05;2.8696025394966272e-05;2.8406903717758632e-05;2.870104657293138e-05;2.9437976807361996e-05;3.0192675269524127e-05;3.057609654603022e-05;3.0397187327813493e-05;2.991288006049386e-05;2.9489273269058683e-05
788.369356979616;1.6837542735231934e-07;1.385728212736991e-07;1.0998147294040257e-07;9.120399698678293e-08;7.773046350899244e-08;6.293667336644877e-08;4.434869995523567e-08;2.5219715031955908e-08;1.835180511897433e-08;2.4476493178888463e-08;3.3148404834639985e-08;3.4643732616905176e-08;2.7962992180691663e-08;1.814811685007119e-08;1.1241117279071916e-08;8.399551845360125e-09;5.92327027391659e-09;3.917593549771155e-09;2.873508274328845e-09;2.3359199179545598e-09;1.9723825054944e-09;2.3325661099641647e-09;7.513165247286839e-09;2.3347029650618706e-08;4.3932125458632484e-08;5.457319378759917e-08;4.693103985482471e-08;2.7913964350264276e-08;1.219547304335967e-08;5.911752306493994e-09;4.761450296144562e-09;4.070007414235353e-09;3.2145706757745283e-09;5.138059926175582e-09;2.57728992649798e-08;7.664997471695224e-08;1.4238891180275918e-07;1.9135405454374962e-07;2.0503444679375718e-07;1.9155321105441445e-07;1.8009322949323404e-07;2.517818445600103e-07;5.012887589743863e-07;1.0820862116369714e-06;2.2508583320308065e-06;4.325753507014852e-06;7.418842384196932e-06;1.1355244800737446e-05;1.5770240365248335e-05;2.038863484740017e-05;2.52007768479682e-05;3.012296695148433e-05;3.5150210724061024e-05;4.008194340880739e-05;4.452352414681318e-05;4.810558397430428e-05;5.046591359294815e-05;5.131668953941029e-05;5.080883270857375e-05;4.967319268188104e-05;4.855485973091597e-05;4.738503577577636e-05;4.557795823337246e-05;4.360519028161304e-05;4.160321694966596e-05;3.993222485909811e-05;3.887017429124624e-05;3.827643840388596e-05;3.8009707324310825e-05;3.765354441212743e-05;3.704744905252886e-05;3.635368650351458e-05;3.582427749896344e-05;3.551189714811707e-05;3.526480526587223e-05;3.490442134452601e-05;3.430797553317518e-05;3.34800984882266e-05;3.2606917007542463e-05;3.1850804802391297e-05;3.1302495815400766e-05;3.114441259268766e-05;3.1416131985778323e-05;3.193313975364379e-05;3.2653231772940345e-05;3.309450479889075e-05;3.302405671309208e-05;3.219669611562458e-05;3.115310399301565e-05;3.0307916680547773e-05;2.980855436829078e-05;2.951545999864045e-05;2.9367299965401685e-05;2.939928638188417e-05;2.9639319086867225e-05;2.977550746060446e-05;2.9738126893959084e-05;2.939940388951545e-05;2.892224756734452e-05;2.851545897508352e-05
790.2954684401811;9.243155590318605e-08;7.009430740210313e-08;4.6169073676763114e-08;2.7887250244121007e-08;1.6249438925675727e-08;1.01229487927436e-08;8.807258942195246e-09;1.5162110997399062e-08;3.148830540557092e-08;5.4771404939579785e-08;7.349914078625859e-08;7.32484758876079e-08;5.6160353136294455e-08;3.3816496922865844e-08;1.76925972457782e-08;1.0696273204465604e-08;7.262029524864032e-09;5.674565526657652e-09;6.333308391093443e-09;1.3283738796066964e-08;2.640582283769847e-08;4.1381667174734165e-08;5.1412281189265996e-08;5.590254288474356e-08;4.977615493203192e-08;4.3810812276721343e-08;3.22091684767059e-08;1.8812736556322448e-08;9.545676321842507e-09;6.679693871601971e-09;6.542315443499843e-09;6.488376091025626e-09;6.020441031074268e-09;8.469692196442336e-09;3.317678777639779e-08;1.0117961820393321e-07;1.9190660134195126e-07;2.558893192681756e-07;2.636468755846325e-07;2.191466689259478e-07;1.6131365480649858e-07;1.529981087075132e-07;3.3130382502177575e-07;9.88020986568221e-07;2.45599350571478e-06;5.0386482097645965e-06;8.619530905909475e-06;1.2806736748991227e-05;1.7234946680956457e-05;2.163012410805928e-05;2.615194052726701e-05;3.092757139486496e-05;3.5941841471721126e-05;4.088394591246738e-05;4.5183378146645376e-05;4.8572088420394414e-05;5.070350405133334e-05;5.1790895462457525e-05;5.208801278075525e-05;5.1694404811014296e-05;5.055639102762716e-05;4.8595387336227e-05;4.592891930090898e-05;4.2863928251101255e-05;4.0133467449362994e-05;3.8406886710749725e-05;3.789735034972233e-05;3.8184266857394925e-05;3.842832201258904e-05;3.809281484061358e-05;3.717879524762592e-05;3.5954779566665346e-05;3.5036925993899405e-05;3.467582148510168e-05;3.4537254660282646e-05;3.448348837846104e-05;3.423916534171331e-05;3.367889683978387e-05;3.295049041566942e-05;3.22734786387087e-05;3.183976678184541e-05;3.171294230304177e-05;3.179845528110136e-05;3.200847498954877e-05;3.220889545456671e-05;3.206438194015891e-05;3.1615001208933034e-05;3.103983831551197e-05;3.0630285012299064e-05;3.062643509528446e-05;3.0718836220519505e-05;3.065019338631315e-05;3.0231912405271595e-05;2.9461848957521237e-05;2.8802841480685214e-05;2.8445790513385582e-05;2.830531959890895e-05;2.8345247126993044e-05;2.840328559101349e-05;2.8347664278450017e-05
792.2209121942069;1.6948714605480766e-08;1.4769439432954408e-08;1.2910046407711367e-08;1.0169127113843366e-08;4.918207935239713e-09;2.552460082679391e-09;4.286941879008433e-09;1.7246409307397712e-08;4.469068961813709e-08;7.97957935475998e-08;1.0539745866608035e-07;1.0496121576547995e-07;8.272827799429167e-08;5.295817710082337e-08;2.9588618810072223e-08;1.6796568428224097e-08;9.953203644533785e-09;7.910507084578798e-09;1.113044275531967e-08;2.4276633075877355e-08;5.102597855010202e-08;8.062709018180292e-08;9.420722732251054e-08;8.447579965862563e-08;5.8717142839415125e-08;3.3485753441462154e-08;1.7529674546830912e-08;9.526381953533109e-09;7.169084310296834e-09;7.226403557785123e-09;8.23066271511853e-09;9.08659285798226e-09;9.007529272874436e-09;1.1024652077988156e-08;2.5054456487065164e-08;5.6451884173507524e-08;9.761563982662774e-08;1.2914579591216645e-07;1.4180028759883905e-07;1.3466533142859746e-07;1.1072654894681083e-07;9.43909839634007e-08;2.064039726617823e-07;8.267546129788158e-07;2.400539948474295e-06;5.064949195879617e-06;8.551250375691305e-06;1.2526852473329548e-05;1.6680991329955654e-05;2.1005820713060486e-05;2.5621098632597797e-05;3.0649985973991496e-05;3.603921369491242e-05;4.1404380684762426e-05;4.593510579813223e-05;4.903900347733402e-05;5.061273718878737e-05;5.096036037237645e-05;5.076016475552655e-05;5.032530158608719e-05;4.9607066986182526e-05;4.844793178390744e-05;4.66648144264842e-05;4.458587601703744e-05;4.254360249048921e-05;4.093083122967535e-05;4.000555426657217e-05;3.960562818361885e-05;3.927155016846081e-05;3.865948159178019e-05;3.770940943864576e-05;3.66384088086194e-05;3.580500647499735e-05;3.540594515940809e-05;3.5392409695182845e-05;3.552952601825751e-05;3.532363592353284e-05;3.4967984228533315e-05;3.435772089425645e-05;3.3699302074709e-05;3.3286625369831365e-05;3.327509583551313e-05;3.319407961386358e-05;3.285104007350209e-05;3.2113350356548504e-05;3.110174647751115e-05;3.008951740969759e-05;2.956957754493828e-05;2.95511086387447e-05;3.0151238191737963e-05;3.0758380101676844e-05;3.088460599617517e-05;3.045813945572161e-05;2.9448236198446835e-05;2.8179879206587284e-05;2.7395188689743813e-05;2.7004226668192636e-05;2.703199687253853e-05;2.721118536588831e-05;2.736473213487654e-05
794.1456882506827;1.2276711046518861e-08;1.9812170506769943e-08;2.6672897280304593e-08;3.0069909752022226e-08;2.68602123937786e-08;1.9007254684398023e-08;1.2078202691076682e-08;1.3898358086594487e-08;2.4925119103766613e-08;4.2791325065074276e-08;5.865731852627458e-08;6.55488368331565e-08;6.171029594720208e-08;4.88778101655176e-08;3.3128810935658015e-08;1.9277952382955266e-08;1.0635951515858442e-08;9.897156680578896e-09;1.4403757912678244e-08;2.2800624639287734e-08;3.473822079982894e-08;4.7086432448832185e-08;5.489772584750522e-08;5.385068970693983e-08;4.239217759808343e-08;2.4494444248441037e-08;1.3750778839011438e-08;9.199283523312345e-09;1.1253830539300066e-08;1.5319220632301797e-08;1.7426648924873576e-08;1.3915543322687573e-08;1.0964636047063886e-08;1.35466846444276e-08;2.1172760879950375e-08;2.7714873133159002e-08;2.8801289181910745e-08;2.6432892634236342e-08;2.786226324013544e-08;3.738075964366796e-08;5.2008414003489734e-08;9.881829851218645e-08;3.0488027572949014e-07;9.648618382024228e-07;2.4540421724799774e-06;4.854211833440504e-06;8.157251129686826e-06;1.2115207162123056e-05;1.642279454921518e-05;2.1198631024682285e-05;2.636477972750339e-05;3.1892678239812355e-05;3.763359376397876e-05;4.324175788704888e-05;4.800211315878968e-05;5.106033745596405e-05;5.24433185771032e-05;5.229815660293032e-05;5.109599270483268e-05;4.9525466650756446e-05;4.804738379662912e-05;4.661677014523399e-05;4.545422139727619e-05;4.441230252167384e-05;4.333573854596492e-05;4.2202499070213256e-05;4.112890167869398e-05;4.01857815363972e-05;3.939238226616393e-05;3.869999881951324e-05;3.805649452669235e-05;3.739477917292917e-05;3.681530767307316e-05;3.610956661593023e-05;3.544810461597048e-05;3.479351920977927e-05;3.404316573947915e-05;3.337054295600064e-05;3.299017542940377e-05;3.30288604512495e-05;3.347525134615556e-05;3.404376833708657e-05;3.4306238948513624e-05;3.39143883609729e-05;3.297037784622855e-05;3.1614915923568475e-05;3.021294631643084e-05;2.919353100937445e-05;2.8903131015218928e-05;2.954932947307596e-05;3.05240430171116e-05;3.115946481348316e-05;3.103235942063887e-05;3.024122039068909e-05;2.9032570511254445e-05;2.7977080632989065e-05;2.740056658270096e-05;2.723386921011744e-05;2.7264487777854927e-05;2.7340072941411892e-05
796.0697966187545;4.618998482970341e-09;1.1006308353469206e-08;2.3498555937902957e-08;4.1877551752978414e-08;5.523552197869932e-08;6.467481784958703e-08;6.514748012270478e-08;5.211251184514449e-08;4.228507793800517e-08;5.1131570110446505e-08;7.731164836383775e-08;1.001860428126348e-07;1.015563078217352e-07;7.757102042805398e-08;4.6457585910513026e-08;2.492389294547947e-08;1.551697516361765e-08;1.9379651561925287e-08;3.5015551917044435e-08;5.398544482997409e-08;6.380016747822671e-08;5.885883446533303e-08;4.5483672784533894e-08;2.7819999459922026e-08;2.0316864174007062e-08;1.463112328152567e-08;9.992626904592362e-09;9.767979933656797e-09;2.101090448383145e-08;4.8210888785546506e-08;8.835315353850185e-08;1.425369598280529e-07;1.9753915448187104e-07;2.213585629218625e-07;1.970838592385136e-07;1.400716615668792e-07;8.12327220315169e-08;4.757638322795172e-08;4.4735832326917875e-08;7.6149939402338e-08;1.4302115789597002e-07;2.684926308291884e-07;5.684559773781073e-07;1.2962583297337106e-06;2.751395391135734e-06;5.051702991310844e-06;8.409786602325217e-06;1.2727779126736552e-05;1.7888136691157768e-05;2.359832669392941e-05;2.9535922479595425e-05;3.559477307159289e-05;4.155587763577717e-05;4.70892102351129e-05;5.174667191183938e-05;5.506167387679766e-05;5.670916202262699e-05;5.659483756940467e-05;5.4752519704288285e-05;5.1692812349506855e-05;4.837097238883077e-05;4.575020692000636e-05;4.410954174825361e-05;4.303676259968708e-05;4.215148161689305e-05;4.1178065205806816e-05;4.009352922423346e-05;3.902607819183327e-05;3.814890202366061e-05;3.751134080240227e-05;3.704673736263103e-05;3.654255636955109e-05;3.583381314932951e-05;3.492291685585655e-05;3.3976503033417e-05;3.3309185894688154e-05;3.319688796854565e-05;3.328197160611003e-05;3.358132361318783e-05;3.393293152224606e-05;3.41769182002329e-05;3.4027517190996184e-05;3.388383851489237e-05;3.317693526747463e-05;3.230463399456661e-05;3.123277086703262e-05;3.017383329277191e-05;2.939353561253424e-05;2.924548781197123e-05;2.970276922485701e-05;3.047477994349343e-05;3.114249249638408e-05;3.124781374255471e-05;3.0704695923926575e-05;2.988747681275348e-05;2.906536028347529e-05;2.863326245997392e-05;2.846367769765677e-05;2.8424820995877084e-05;2.837586207946494e-05
797.9932373077354;4.2671973171416616e-10;3.0002360108322684e-09;1.2737561032913069e-08;3.3432920446394145e-08;6.512073048665119e-08;9.353587476123423e-08;1.03221667127684e-07;9.31100946245961e-08;8.335584324918172e-08;1.1215540691463457e-07;1.773778760977518e-07;2.226607585035925e-07;2.113269671562035e-07;1.46727939088968e-07;7.667508941671074e-08;3.9472788267689137e-08;3.1162543968385454e-08;4.735042153828425e-08;8.44565905711035e-08;1.240376247763311e-07;1.423557339020394e-07;1.2720510520887106e-07;8.964215209527438e-08;5.179187310816389e-08;2.8388558645329354e-08;1.6913527622187575e-08;1.2037005592505513e-08;1.2412445968584553e-08;2.5642221794397814e-08;6.618610341338745e-08;1.4598826062949706e-07;2.715437122928344e-07;4.074744338255882e-07;4.678139456864093e-07;4.154606780831986e-07;2.833131355451486e-07;1.5089773285775968e-07;8.335735181967537e-08;8.979045008905207e-08;1.6151595986734764e-07;2.761287993746096e-07;4.266643544121627e-07;6.92324489055532e-07;1.3559811299438925e-06;2.917261675567223e-06;5.804870280237247e-06;1.0159519598530316e-05;1.5820490328724466e-05;2.212286948540513e-05;2.864419607603693e-05;3.498090423890936e-05;4.102082882370278e-05;4.6716368975991536e-05;5.191482961206354e-05;5.6297780724033904e-05;5.950410535448456e-05;6.113620899883285e-05;6.083302296370894e-05;5.869570099341268e-05;5.524355068916009e-05;5.14753856057616e-05;4.862871945525156e-05;4.6547210248106536e-05;4.487809137730861e-05;4.3149568282334354e-05;4.132993943585034e-05;3.96403647739639e-05;3.8236270677082817e-05;3.734177755720492e-05;3.703335192323293e-05;3.6866602327406914e-05;3.6410198586717056e-05;3.56457349271541e-05;3.498817034178818e-05;3.480425091892501e-05;3.5363988767670354e-05;3.65003490976672e-05;3.765093884506554e-05;3.810342381775006e-05;3.754114171307539e-05;3.612322795918212e-05;3.458459672504547e-05;3.353297369648544e-05;3.301298548326752e-05;3.255845699821897e-05;3.2065413276487046e-05;3.1375785398954616e-05;3.061830671780481e-05;3.003644193237909e-05;2.978978281415809e-05;3.005624880146808e-05;3.0504027540623195e-05;3.078740716085228e-05;3.068601944615464e-05;3.0284298113622834e-05;2.97387885757129e-05;2.925892199041609e-05;2.894226086880006e-05;2.8758341073559347e-05;2.86709473004533e-05
799.9160103271097;6.201799221794511e-08;8.774161817027695e-08;1.0656565143418386e-07;1.1215850298023624e-07;1.1437664687845683e-07;9.705271597166903e-08;8.110061804855662e-08;6.526843269369549e-08;6.193835250756815e-08;9.543099636405249e-08;1.6050486839404546e-07;2.0012670329877842e-07;1.8544337854052438e-07;1.2517015079561457e-07;6.33624176061386e-08;3.3830172071043626e-08;3.388393010076052e-08;5.8912016895930985e-08;9.905416684904537e-08;1.35165983233684e-07;1.4630973347596277e-07;1.3002627985077626e-07;9.974281062824003e-08;8.368293974716666e-08;7.372066228215764e-08;6.472037309025102e-08;5.113915427280388e-08;3.4617297310972976e-08;2.4984842226805166e-08;3.880605144485184e-08;7.878061858211071e-08;1.557965064921439e-07;2.4976119809886853e-07;3.052543370436401e-07;2.925084957935994e-07;2.1983060732354817e-07;1.2976561240419925e-07;7.494731353470192e-08;7.500691166451303e-08;1.389461208505704e-07;2.571319355802119e-07;4.1957351683299363e-07;7.29276766234642e-07;1.5334141566077454e-06;3.525501248879664e-06;7.309308394365663e-06;1.2979608648092967e-05;2.003051643995024e-05;2.74694630649614e-05;3.4648375225929406e-05;4.134952010311366e-05;4.758272394540388e-05;5.336278338778008e-05;5.8610133597463126e-05;6.29450732861461e-05;6.570395464785067e-05;6.643865531260319e-05;6.521469121892578e-05;6.26442933790182e-05;5.951918108490613e-05;5.6281116544516325e-05;5.3175846016113175e-05;5.03066288559808e-05;4.766126729699121e-05;4.511221769036207e-05;4.273734166433092e-05;4.095884060939342e-05;3.989417382224067e-05;3.941070575730028e-05;3.923475839578893e-05;3.883624709885079e-05;3.7912263302165714e-05;3.6839338511782025e-05;3.617236604530369e-05;3.627460451670167e-05;3.700982910982733e-05;3.802559095064102e-05;3.858221788684624e-05;3.818594896668804e-05;3.68498618345209e-05;3.518897027643634e-05;3.4006372409984645e-05;3.3585751815255705e-05;3.405378779033449e-05;3.466465054310675e-05;3.4637747607598137e-05;3.3857200392075646e-05;3.2585291492272215e-05;3.13306970133264e-05;3.0574529880447864e-05;3.047841817530829e-05;3.0751714795748664e-05;3.107966133889674e-05;3.1199831724156755e-05;3.10817074350515e-05;3.068184440524891e-05;3.020015134842616e-05;2.9776370944979876e-05;2.937630242481292e-05;2.9174814428734585e-05
801.8381156865325;1.2326236409183074e-07;1.7220190787613555e-07;2.037134214317036e-07;1.988967611468554e-07;1.6313706049838846e-07;1.128891073616796e-07;6.653601291184482e-08;3.744280088496387e-08;3.1599345584660546e-08;4.586133582528057e-08;6.69508568340867e-08;7.597421013875225e-08;6.56786393248074e-08;4.26272837075017e-08;2.1805433594202038e-08;1.333153067173866e-08;1.568025829733488e-08;2.74232774303266e-08;4.421763440545437e-08;6.041120648872811e-08;7.093065207173434e-08;7.526503904065512e-08;8.047814632844867e-08;9.325548303925418e-08;1.075100846572811e-07;1.0676852423852567e-07;8.575038168662035e-08;5.2699956248070316e-08;2.4369975125762017e-08;1.3428615535616972e-08;1.3451635819442131e-08;2.3411928945096312e-08;4.014338502609804e-08;6.189405491853504e-08;7.868441122374599e-08;7.837226827497187e-08;6.214567738018097e-08;4.372767362430044e-08;4.643959591725094e-08;1.0257684055049493e-07;2.3179752033436242e-07;4.5641778235344907e-07;8.731928590398224e-07;1.7685875081515027e-06;3.959538224716696e-06;8.189413173106631e-06;1.4624052652684873e-05;2.2659674605125774e-05;3.122981535472386e-05;3.961587284119045e-05;4.762084742953935e-05;5.515529963177071e-05;6.208584245180984e-05;6.828535236621123e-05;7.337397149606958e-05;7.64259371604601e-05;7.673976965510984e-05;7.44175548252027e-05;7.043163116925555e-05;6.599188640962268e-05;6.148715117335582e-05;5.7046768534622405e-05;5.2878159877751504e-05;4.9376953036208215e-05;4.669798033724064e-05;4.476115283319897e-05;4.350554179261396e-05;4.266704412524268e-05;4.186606655051728e-05;4.077714531346276e-05;3.960781231344435e-05;3.838072745814216e-05;3.72434318494914e-05;3.641352251914009e-05;3.5974293270488614e-05;3.58384309641354e-05;3.576029053356368e-05;3.539783148530102e-05;3.4710065163071416e-05;3.388353086222541e-05;3.3401359278574855e-05;3.343988368713538e-05;3.393835772670344e-05;3.4584464843365466e-05;3.510595082153904e-05;3.4977929541382235e-05;3.4183443813090934e-05;3.3034829848254684e-05;3.207693368628156e-05;3.164913258021828e-05;3.1700271548917736e-05;3.205495297061052e-05;3.231542090246912e-05;3.230735362083967e-05;3.2065072512373193e-05;3.15625501977344e-05;3.097343738521804e-05;3.039889826881852e-05;3.0003505212627745e-05;2.9744093444104937e-05
803.759553395812;7.201752177206956e-08;9.338445836697647e-08;1.1771783013735153e-07;1.4629294501868193e-07;1.5546152774229798e-07;1.4967028308477353e-07;1.1580933744026329e-07;7.554179735690345e-08;4.2982885924353054e-08;2.8684621533784923e-08;2.2247872359661688e-08;1.72420937079188e-08;1.3832644187334056e-08;1.1750541204354353e-08;9.944239965738426e-09;8.384281627946718e-09;6.365794994779274e-09;4.353335638827363e-09;4.5445571708876635e-09;9.01947239246504e-09;1.8807639658650192e-08;2.9424722080095457e-08;4.1248379681740746e-08;5.0101938532064634e-08;5.521398535135424e-08;5.3660396600896647e-08;4.290638603974343e-08;2.620324594523244e-08;1.22273565875001e-08;5.517138216807124e-09;1.0266073129386131e-08;1.5206884415498352e-08;2.397721712154334e-08;2.780698257338137e-08;2.7944660415299017e-08;2.1128020823084836e-08;1.8513101161055137e-08;2.1543766302981163e-08;4.355858159749867e-08;1.0770043546956965e-07;2.3495746337786875e-07;4.4880057187708075e-07;8.365469503740675e-07;1.688102613623589e-06;3.7855743135619777e-06;8.210894373306253e-06;1.5264671936018763e-05;2.44035688732224e-05;3.442980285696989e-05;4.440078225712237e-05;5.4111085080686485e-05;6.341074612695405e-05;7.198587229331622e-05;7.953090672245021e-05;8.560214638966883e-05;8.927236005021923e-05;8.952349639895532e-05;8.62390377084476e-05;8.042981066868843e-05;7.375802247692044e-05;6.732849045743152e-05;6.157115074328787e-05;5.662460093259815e-05;5.268166607616225e-05;4.969677238562783e-05;4.751828678376286e-05;4.572893042995663e-05;4.374357964794331e-05;4.183635021934112e-05;4.0179796147980966e-05;3.898437578795814e-05;3.823879394659157e-05;3.7810949221485206e-05;3.748333522780209e-05;3.699345607088063e-05;3.642167903673074e-05;3.572033262636852e-05;3.504955935895985e-05;3.464265045471006e-05;3.4583354056226846e-05;3.480980425971585e-05;3.507331990294078e-05;3.511246391925421e-05;3.496654157698888e-05;3.434706918940983e-05;3.360673322727546e-05;3.295670011129504e-05;3.248854395087973e-05;3.218326261676667e-05;3.210002371932643e-05;3.218132702061255e-05;3.229604884367924e-05;3.2206494161583326e-05;3.1833007826427364e-05;3.1249707591849085e-05;3.065747162344668e-05;3.02874237263298e-05;3.0168081579226108e-05;3.018953041171377e-05;3.026476458526768e-05
805.6803234649378;1.805765539524349e-08;1.527051583909229e-08;2.8879463199719462e-08;7.485180931297028e-08;1.377217014037046e-07;1.759178235110953e-07;1.6642716823072626e-07;1.1875555794945943e-07;6.757185017531707e-08;3.6624715659955415e-08;2.1111396307706804e-08;1.4042232982384111e-08;1.2330648729612312e-08;1.2929873197156426e-08;1.3497797919914277e-08;1.5194412709507152e-08;2.193118084206477e-08;3.1112327415068864e-08;3.956408806214423e-08;4.410400633065223e-08;4.449071670725333e-08;4.044076180140736e-08;2.9341089044216096e-08;1.794902512039615e-08;1.0048901178547378e-08;7.053105239490185e-09;6.709490481038755e-09;5.684876571313933e-09;4.41996324921639e-09;4.612680254630208e-09;1.1454367471655516e-08;2.4996441491818348e-08;3.586858739453637e-08;3.786291754090981e-08;4.000057517961981e-08;4.2265951025811526e-08;4.8400825897886355e-08;5.592550231342664e-08;6.896693192166188e-08;1.0505070341398469e-07;1.7520779634140408e-07;2.878153836307361e-07;6.333036406130637e-07;1.7593751074792634e-06;4.591439680415853e-06;1.0030862722645504e-05;1.804674721162417e-05;2.82639580574781e-05;3.976979307616373e-05;5.135367269688336e-05;6.277244204738836e-05;7.391353650412302e-05;8.439519540332242e-05;9.335497408139604e-05;9.96848010182114e-05;0.0001026338238076;0.0001016535615792;9.715095313771196e-05;9.022984091676464e-05;8.257097881927607e-05;7.572267244382254e-05;7.009389039223525e-05;6.536247243798561e-05;6.092643668812726e-05;5.6390405938741816e-05;5.174138669382114e-05;4.726333069599847e-05;4.359082430655308e-05;4.1081379786480864e-05;3.970148575726615e-05;3.928312300807751e-05;3.962186935328869e-05;4.02440100187518e-05;4.066644173727666e-05;4.059921729234161e-05;4.0010181313970976e-05;3.90243735515152e-05;3.796366573799391e-05;3.7145441643834857e-05;3.6745297990178365e-05;3.674942728199354e-05;3.65454341047918e-05;3.608434512281384e-05;3.534374031333594e-05;3.444965769907209e-05;3.3822728575243616e-05;3.33728205928116e-05;3.303960878633435e-05;3.270529139344158e-05;3.231020235667245e-05;3.1809258190235366e-05;3.122199817104868e-05;3.0496841978484063e-05;2.964222399965568e-05;2.8810392462242653e-05;2.832011793879548e-05;2.848467541761645e-05;2.9230001057886224e-05;3.0097904000878583e-05;3.075491710089101e-05
807.6004259040492;1.3803440532355593e-08;1.6933148477616932e-08;2.396036781270177e-08;3.704008912180745e-08;6.909449625377314e-08;9.083996272198515e-08;8.814232747154748e-08;7.011963994862492e-08;4.8677994628615416e-08;3.3388860780137895e-08;2.103223180078948e-08;1.4475280634715644e-08;1.28786265070514e-08;1.29998479486557e-08;1.3120471762179341e-08;2.0629725236567374e-08;4.3796551436649724e-08;7.9252507805655e-08;1.130111501079854e-07;1.300359231619785e-07;1.2462143779302857e-07;1.0315511305125521e-07;7.319472903423527e-08;4.533399340056683e-08;2.5608221963667734e-08;1.7605501840280413e-08;2.291883569302129e-08;3.2538588417536724e-08;4.1433627083955413e-08;4.3863028984824094e-08;4.1840361322289725e-08;4.0899638638794363e-08;3.5556271174413555e-08;3.7293688904221174e-08;4.982531529446518e-08;7.287931505890016e-08;9.187564107013273e-08;9.905391328911969e-08;9.829832900829513e-08;1.146329851361841e-07;1.7142706852614698e-07;2.955370675562716e-07;8.285347555886307e-07;2.738646218395428e-06;6.76381752362863e-06;1.3689174839243685e-05;2.335055678699224e-05;3.524820752488639e-05;4.872382822352016e-05;6.306108363504005e-05;7.764697757938194e-05;9.17533334505427e-05;0.0001045922093957;0.0001146968814382;0.0001205076481557;0.0001217048083019;0.0001187315931485;0.0001128793482541;0.000105340183842;9.711978166852292e-05;8.928064437270321e-05;8.229489636974268e-05;7.607900985469996e-05;7.004825504905421e-05;6.391673418626131e-05;5.7806700558916754e-05;5.1918414345805726e-05;4.713946568465403e-05;4.378476302893294e-05;4.2016860293607e-05;4.173604080632251e-05;4.247017014375717e-05;4.331337752684216e-05;4.359537874117722e-05;4.323252226802096e-05;4.239009919770176e-05;4.1296271221703536e-05;4.018467564638969e-05;3.922258575307807e-05;3.857850228436223e-05;3.831939739433025e-05;3.795615305619622e-05;3.738537206960636e-05;3.662338823729727e-05;3.5584212054781046e-05;3.482584892342501e-05;3.421528361905764e-05;3.346081955382874e-05;3.294938816997533e-05;3.251629147334815e-05;3.2118305840676345e-05;3.18557538476573e-05;3.1284214972189214e-05;3.053816191881594e-05;2.979259676286157e-05;2.9354958268173563e-05;2.944893586613505e-05;3.0003538018594978e-05;3.079204429292662e-05;3.130975505779324e-05
809.5198607234743;6.317283631052746e-08;1.2994174560415553e-07;1.8405744042948922e-07;1.8790083593814597e-07;1.372577802635983e-07;7.112033247927671e-08;2.6449221000252543e-08;2.058237773019919e-08;2.2338431213621692e-08;2.3212677071258192e-08;2.5837408927490863e-08;3.351402215395316e-08;4.549142875354996e-08;5.248239796103868e-08;4.699769925965059e-08;4.0605032639503955e-08;7.127056533194824e-08;1.373940451799241e-07;1.9576257159579946e-07;2.117380303650445e-07;1.857575723473188e-07;1.448865488207593e-07;1.0679221132912637e-07;6.989066777033247e-08;4.097175336130107e-08;3.2149682014918776e-08;4.9670055229232495e-08;9.133479524879179e-08;1.3704544099686217e-07;1.5568958858465896e-07;1.375655044615383e-07;9.76386524275662e-08;6.148314862086053e-08;4.6302387203720127e-08;4.4483544275928576e-08;5.1255252565665926e-08;5.565522494242734e-08;6.30634104913288e-08;8.50071070863581e-08;1.572259539911273e-07;3.349067093341967e-07;6.870167660255549e-07;1.5636499691498986e-06;3.923239479333072e-06;8.575405578374764e-06;1.6882875873141097e-05;2.943089063881374e-05;4.59105342900626e-05;6.476789998058483e-05;8.396102580150941e-05;0.0001019386505733;0.0001176800064702;0.0001306595682739;0.0001400202851963;0.0001448025752455;0.0001450342496825;0.0001412477937807;0.0001344346944716;0.0001255340825338;0.0001152617258451;0.0001044528151942;9.392698696962992e-05;8.442196526123788e-05;7.621857381851925e-05;6.930598690389957e-05;6.346797651249112e-05;5.8286266289881534e-05;5.367810356958362e-05;4.99683045257632e-05;4.754218095161474e-05;4.634367377805009e-05;4.591770617786821e-05;4.563604347946259e-05;4.497718746002518e-05;4.3886898731079e-05;4.260774248619826e-05;4.151640574645952e-05;4.082087682902583e-05;4.047827895648934e-05;4.027062189881824e-05;3.987591454849577e-05;3.946957182310283e-05;3.883243157960793e-05;3.791950769667479e-05;3.682828746860333e-05;3.545935519765927e-05;3.411078210085425e-05;3.312502817685378e-05;3.2723257607803367e-05;3.2813511414820424e-05;3.3126002631210795e-05;3.336621544036399e-05;3.332872841413641e-05;3.312261248584858e-05;3.299310093488292e-05;3.3150152643645946e-05;3.335612555416246e-05;3.3286517162116e-05;3.3107126553788126e-05;3.291064341829999e-05
811.4386279336795;1.5980047070847718e-07;2.8575108662713334e-07;3.813455640890422e-07;3.783571886146061e-07;2.723299422681756e-07;1.4903795147972205e-07;6.850059895278252e-08;3.7326060243876845e-08;3.8498488150763694e-08;5.18695075754924e-08;7.293341298062723e-08;9.935832426759039e-08;1.1666635134761072e-07;1.0961120704553933e-07;8.245912533140806e-08;6.006882332594324e-08;9.1801232984797e-08;1.721765526430451e-07;2.329677005016365e-07;2.316948841238581e-07;1.7971499603785849e-07;1.2530974599925345e-07;9.01820830859544e-08;6.282589707121868e-08;4.60105959426798e-08;5.965284364088344e-08;1.0666196792958019e-07;1.8572365788457416e-07;2.5673467743651856e-07;2.741278249343854e-07;2.2916383685891035e-07;1.5409377080718816e-07;9.444731463680509e-08;6.42604166934318e-08;4.464361578827276e-08;2.8719215047681456e-08;1.994657493114644e-08;2.643092211872801e-08;6.366625641807365e-08;1.585253307474039e-07;3.781908552781605e-07;8.648400005095128e-07;1.9186237139984702e-06;4.33553414185703e-06;9.522005390006088e-06;1.959613159885844e-05;3.583586523297766e-05;5.762236031247544e-05;8.200837064731173e-05;0.0001054461232857;0.0001259695606361;0.0001428383897377;0.0001556915110724;0.0001643294206922;0.0001685934496167;0.0001688138785438;0.0001651757955018;0.0001576485533556;0.000146714060072;0.0001335719235427;0.0001197847630568;0.0001063499072398;9.397031361332765e-05;8.322711644294655e-05;7.448326575455988e-05;6.766643871040852e-05;6.237881028988436e-05;5.8249298387134544e-05;5.506562306727931e-05;5.274037592377029e-05;5.094604787831272e-05;4.941249113044012e-05;4.799040458042356e-05;4.6551896400758473e-05;4.519336136253092e-05;4.429415315015567e-05;4.407357104362726e-05;4.3862139904972286e-05;4.34972898160672e-05;4.261731230708371e-05;4.115471796821294e-05;3.9919938101558594e-05;3.894044723791291e-05;3.821652111169175e-05;3.7763186432776325e-05;3.70200694267439e-05;3.5992463174510265e-05;3.517522642632955e-05;3.448995446325636e-05;3.403283066615973e-05;3.385936612156597e-05;3.356641048923052e-05;3.3255284275275865e-05;3.314879077065438e-05;3.336629879329852e-05;3.386079517100596e-05;3.43225121875763e-05;3.440508372827227e-05;3.419587730536771e-05;3.393353998329998e-05
813.356727545317;1.8479819084348905e-07;2.385663289445458e-07;2.641440101402227e-07;2.462586398084866e-07;2.0810092964367685e-07;1.6634604491941212e-07;1.516999980746568e-07;1.2391521687777066e-07;1.0513653378648553e-07;1.2162269313531468e-07;1.675012196284527e-07;2.0074928206955544e-07;1.9137763826803917e-07;1.375889692210799e-07;8.046578615465758e-08;5.29401526900068e-08;6.217807534352036e-08;9.474710621641503e-08;1.2181218218004678e-07;1.2311565588992608e-07;1.0318172519042365e-07;8.217666075398845e-08;6.52867388319961e-08;5.072943796686136e-08;5.005289334182436e-08;7.83672881795691e-08;1.4133006158922533e-07;2.2193221639356917e-07;2.735658037526396e-07;2.656660256366683e-07;2.0474393876798933e-07;1.2736266438385206e-07;7.567365939297326e-08;5.276678455805405e-08;3.902966357294104e-08;2.7578919467920157e-08;2.7097694558446017e-08;4.8824334792029495e-08;8.407470740053525e-08;1.2938239562056396e-07;2.2243045466093146e-07;5.284810608147627e-07;1.58036061063847e-06;4.367127829324604e-06;1.0554509574015245e-05;2.2391737875589137e-05;4.1019801188869725e-05;6.537410408451782e-05;9.246701108807838e-05;0.0001190304684694;0.0001430822682968;0.0001636173851476;0.0001795507409733;0.0001901828125809;0.0001953705733802;0.0001956949479716;0.0001916893187379;0.0001833323053169;0.000170924276642;0.0001557343310166;0.0001395233378343;0.000123418373245;0.0001080707894579;9.412878296689176e-05;8.232318655334599e-05;7.301753482390791e-05;6.618303361134744e-05;6.142294902084319e-05;5.8212488906018295e-05;5.612553377278655e-05;5.4536929976043935e-05;5.299430181215012e-05;5.118329187699735e-05;4.956426840865739e-05;4.8466441709596e-05;4.8001766349528246e-05;4.787766646250861e-05;4.761102729479327e-05;4.673269901318984e-05;4.514086335930133e-05;4.3235990032456165e-05;4.170180460200392e-05;4.07780728952637e-05;4.0461080145082334e-05;4.045602244262078e-05;4.027412442042343e-05;3.9848439681811794e-05;3.911020619527229e-05;3.8155208161332894e-05;3.720148090565431e-05;3.622845078462413e-05;3.529870054384228e-05;3.438015195007708e-05;3.3700384410858376e-05;3.332710521055232e-05;3.316175928435413e-05;3.322784337379722e-05;3.345767363601905e-05;3.360879421542679e-05;3.36657825804214e-05
815.2741595691914;9.989545973187178e-08;8.128852554885459e-08;5.90394215779302e-08;5.263156599736759e-08;9.40021498511778e-08;1.6462942499775157e-07;2.060138553949972e-07;1.9137105389050798e-07;1.4293823339518677e-07;1.3847569984175598e-07;1.880593784462175e-07;2.2327953329088747e-07;2.0522222782221598e-07;1.378153022428771e-07;6.955328346893355e-08;3.5237014606551285e-08;2.2350159509686872e-08;1.6982055453104705e-08;1.5312111893951092e-08;1.9590460664384768e-08;3.035749490401537e-08;4.1999073322690566e-08;4.5577576945792387e-08;3.910891851742995e-08;3.5665592322251275e-08;4.344981329922739e-08;6.992869769932368e-08;1.024064484211591e-07;1.1840518096862361e-07;1.0826616242662867e-07;7.896708764923043e-08;4.803205994873515e-08;3.2704850084429854e-08;3.167447585331848e-08;3.316809809834255e-08;3.534257817742511e-08;5.504192387939194e-08;9.810293615793377e-08;1.3649250169481426e-07;1.436619258997352e-07;1.3132140355592405e-07;2.53458035658956e-07;1.3499342630941548e-06;4.66827434573833e-06;1.2292802142696075e-05;2.572205471001009e-05;4.569085381804325e-05;7.146278540304338e-05;0.0001007935558766;0.000130927659357;0.0001593713716155;0.0001842563586341;0.000203765297103;0.0002166874971207;0.000222582933282;0.000222319212404;0.0002170014775235;0.0002071426074819;0.0001932013912951;0.0001762537918914;0.0001576570374393;0.0001387436317418;0.0001206507484007;0.000104369047416;9.07736444243683e-05;8.012224552477398e-05;7.21867458726174e-05;6.654649473535558e-05;6.265502848862219e-05;6.007699308048254e-05;5.8236067430231486e-05;5.681629528822376e-05;5.542800777344146e-05;5.389768391201428e-05;5.230176518876561e-05;5.062410198333866e-05;4.903930135030539e-05;4.809189604998433e-05;4.7362443212104304e-05;4.666971324780503e-05;4.582480851308423e-05;4.478075702167436e-05;4.384435961239462e-05;4.309558920070494e-05;4.259676158810733e-05;4.188651369627211e-05;4.122887591344625e-05;4.062083407601376e-05;4.008218823660507e-05;3.971569392803199e-05;3.904694409654745e-05;3.817892001636435e-05;3.728639419373606e-05;3.6226994096887966e-05;3.51496524569933e-05;3.421791264328251e-05;3.359710419820719e-05;3.334827283641791e-05;3.3376577276084655e-05;3.348613572376538e-05
817.1909240162822;1.8092260859923483e-08;7.797112726372994e-09;3.491035443874748e-09;6.2435036426832005e-09;2.6601502280596537e-08;7.91867364893542e-08;1.0087397640643449e-07;9.298181590608669e-08;6.5036512938474e-08;5.69746465929682e-08;7.80718644486815e-08;9.636156257343257e-08;9.200154850450915e-08;6.38656897818838e-08;3.0702276907881215e-08;1.3154348284064787e-08;8.431776814872055e-09;1.492683832356018e-08;2.507435940110189e-08;3.897091993980005e-08;5.2351038818199465e-08;5.7856780325358394e-08;5.2545556758582e-08;3.4546901709681654e-08;1.9776605233316763e-08;9.926471813943782e-09;6.636792235816493e-09;5.817305532976728e-09;4.906312761536938e-09;3.881495455051751e-09;3.867522722451757e-09;7.250598356729493e-09;1.5693530981213826e-08;2.804143252278896e-08;4.248611896630792e-08;6.488801108515306e-08;1.0476959589685129e-07;1.4204208933608465e-07;1.5645981645644266e-07;1.3891214445798244e-07;1.2087801533927582e-07;2.987975519853268e-07;1.5964649827980182e-06;5.749364106168186e-06;1.4810382655683533e-05;2.996362940687772e-05;5.107079454384348e-05;7.775760826020565e-05;0.0001085571420936;0.000141442590759;0.0001739762242634;0.000203392139224;0.0002254699417699;0.0002388572274139;0.0002430005799077;0.0002406311813143;0.0002336106509605;0.0002224389870187;0.0002075922111388;0.0001898763013207;0.0001699737891975;0.0001489113838285;0.0001284683042652;0.0001106676597878;9.66660824535832e-05;8.640563724162241e-05;7.89243417316553e-05;7.278320600911782e-05;6.772424659736871e-05;6.366557365414724e-05;6.059873343540611e-05;5.851013672057535e-05;5.71245302817032e-05;5.553225346552701e-05;5.340023134672803e-05;5.096980465112249e-05;4.88938232661639e-05;4.773230322272304e-05;4.742516838731001e-05;4.753612820945776e-05;4.728912304592309e-05;4.644504838080959e-05;4.523107127779042e-05;4.3798044966111214e-05;4.235878443892765e-05;4.115058555912972e-05;4.028770308444167e-05;3.971138700215703e-05;3.939745664907884e-05;3.929524612485651e-05;3.938808960959504e-05;3.919894529435139e-05;3.878851037538736e-05;3.8061367142635365e-05;3.692754419845674e-05;3.553327918706191e-05;3.4407553708560994e-05;3.356835261206263e-05;3.311746234598585e-05;3.2936970594683283e-05
819.1070208977253;1.348523396849892e-10;1.1768958370685714e-10;1.2963161545495738e-10;1.763041702588466e-10;2.440684064812942e-10;2.943047035942037e-10;2.92327481651596e-10;2.5715385432791807e-10;2.9596076758072625e-10;4.734972784057365e-10;6.917681055810003e-10;8.234579810266767e-10;8.47374653480646e-10;7.520714975483553e-10;6.661244986637722e-10;1.2036956633802932e-09;5.267644306488315e-09;2.1563839355633426e-08;6.440219364842322e-08;1.308234904749774e-07;1.7347638661242937e-07;1.7300017635659796e-07;1.302592518831805e-07;7.001169620769535e-08;3.1149313783777824e-08;1.5543515305941618e-08;1.1662964080305214e-08;1.1176399850455884e-08;1.3634055480499956e-08;2.3947949493368333e-08;4.4820359884219076e-08;6.721960782720968e-08;7.967372133435803e-08;8.62256234021718e-08;9.988563280809629e-08;1.2665956074339798e-07;1.6425307771145862e-07;1.8973459200562996e-07;1.885037468884191e-07;1.67476423057975e-07;1.962878173076747e-07;5.679667099603028e-07;2.095506970485797e-06;6.703206482815916e-06;1.6363242560068787e-05;3.2523286232525285e-05;5.519472878706935e-05;8.331831620923011e-05;0.0001153948881688;0.0001500324722292;0.0001849214192819;0.0002160298752381;0.0002388922718357;0.0002518125702059;0.0002554010288172;0.0002522071702544;0.0002447487995601;0.0002335667293398;0.0002188882513304;0.0002009672081484;0.000180028292916;0.0001572808268865;0.0001351679992511;0.0001160635085428;0.0001011912773164;9.03957715499624e-05;8.241411943694715e-05;7.58475519639909e-05;6.996808100445575e-05;6.467289148056258e-05;6.0269163694824285e-05;5.707562551754201e-05;5.495222613636963e-05;5.336568247383349e-05;5.184361127396891e-05;5.034931222099841e-05;4.913179371455488e-05;4.839799965251582e-05;4.814126357441186e-05;4.805155420705271e-05;4.769328206295347e-05;4.693181381402623e-05;4.583407337406227e-05;4.448671494440047e-05;4.295448338933082e-05;4.165130509057208e-05;4.043629332214077e-05;3.941238415985324e-05;3.877094361217074e-05;3.8499925446090446e-05;3.857149466932085e-05;3.881302819380941e-05;3.887763560289638e-05;3.850001970452735e-05;3.766284938438025e-05;3.647163252486435e-05;3.532681494266761e-05;3.448309772232725e-05;3.397445109771602e-05;3.371070356379414e-05
821.0224502248275;5.543762108464783e-08;5.0684117184943516e-08;4.1315048486778425e-08;3.861140498311784e-08;4.20040536217402e-08;4.838525295544264e-08;4.3617663060307696e-08;3.372288788791649e-08;2.166957906382285e-08;1.1728179780170471e-08;4.746477103450388e-09;3.735357656333346e-09;3.714185981686592e-09;3.575891068475861e-09;3.254704418885764e-09;4.719966848959517e-09;1.5003597325062523e-08;4.2680416329224616e-08;1.0038437833546277e-07;1.760244038455604e-07;2.273962882804889e-07;2.336178643937142e-07;1.8893247030733418e-07;1.3181246887823978e-07;8.300349283627726e-08;5.087701787991726e-08;3.127870747699204e-08;2.6821759153002737e-08;4.3866749761040105e-08;9.53299270469617e-08;1.800944969242389e-07;2.59184882970355e-07;2.844685562587674e-07;2.5132472299417573e-07;2.0151945367693719e-07;1.779562108241417e-07;1.913937184092561e-07;2.149947487444237e-07;2.285266940746e-07;2.3683092232416945e-07;3.2426070749108746e-07;7.713859906684404e-07;2.2754281410312832e-06;6.510134638976219e-06;1.597059694015417e-05;3.274859943420802e-05;5.738922808900117e-05;8.815137303307783e-05;0.0001223359784878;0.0001576376881884;0.0001916596196152;0.0002203265234907;0.0002420229057881;0.0002552148317628;0.0002606782872411;0.0002602949103938;0.0002545798016271;0.0002435336263066;0.0002276034045223;0.0002078670695992;0.0001854438123064;0.0001618407193058;0.0001393082962527;0.0001197567789444;0.0001041786995244;9.238933650308e-05;8.330434782390751e-05;7.59333423826945e-05;6.959403883820359e-05;6.407458374511318e-05;5.955971210884506e-05;5.6086714733979376e-05;5.390499507667795e-05;5.263591904850414e-05;5.1739307814161896e-05;5.086083872152213e-05;5.0167954010186736e-05;4.95916686678164e-05;4.898663557488739e-05;4.829385092980346e-05;4.7684759669356446e-05;4.6884693370429296e-05;4.595345856208736e-05;4.511148420195736e-05;4.426784301574494e-05;4.316826018530853e-05;4.190356076482377e-05;4.062711628285459e-05;3.948984385215405e-05;3.8597554476341824e-05;3.790091826074301e-05;3.7612919823144496e-05;3.76076065409235e-05;3.7681683128049686e-05;3.779212448802546e-05;3.779968253466454e-05;3.750395098654594e-05;3.70612835186863e-05;3.6617635165897016e-05;3.630537463336686e-05
822.937212009052;1.1613116054256577e-07;1.1421458475851053e-07;1.0858875586655017e-07;1.0260208917885373e-07;9.924051579746393e-08;9.677259106246093e-08;8.868300751578156e-08;7.847776284947713e-08;7.640041720818246e-08;6.916492714451168e-08;5.9456945489845665e-08;4.4696699942724833e-08;2.360370083565832e-08;2.0606082264382904e-08;4.5714901611002466e-08;7.913709522661999e-08;1.0660028508075477e-07;1.2104965556052914e-07;1.2170506058373238e-07;1.2229297686718374e-07;1.2986031239114933e-07;1.5176608458700508e-07;1.712330971302878e-07;1.7038429676516297e-07;1.4774145617828197e-07;1.0274603001798529e-07;6.111624568076745e-08;5.4207427013378353e-08;1.0196444207556823e-07;2.1225125510334886e-07;3.556825657600429e-07;4.6197520166667e-07;4.6879066181640325e-07;3.7212659089123817e-07;2.460990615549229e-07;1.6519866827424297e-07;1.5726361831945968e-07;1.891250345796087e-07;2.1595423443308517e-07;2.443891890375557e-07;3.4843915837787657e-07;7.815212329157387e-07;2.282365636785308e-06;6.370903019337576e-06;1.5660893720505333e-05;3.290432013851901e-05;5.826942730779698e-05;9.015724349393244e-05;0.0001246117431886;0.0001583276194533;0.0001898588712681;0.0002171769215661;0.000238676192896;0.0002538453608797;0.0002626377708641;0.0002650628964449;0.0002604579480916;0.0002488553693029;0.0002312508236853;0.0002098467865706;0.0001868992378898;0.0001635761184319;0.000141315455361;0.0001216702754619;0.0001057453511799;9.339809011455327e-05;8.379071694760969e-05;7.604150294820066e-05;6.96422984400634e-05;6.431348923736211e-05;6.013929066733856e-05;5.703251881472029e-05;5.499187685191706e-05;5.364226771023378e-05;5.2680934731513664e-05;5.190040491558124e-05;5.13476072527631e-05;5.093216637395256e-05;5.024689895056154e-05;4.934560735276378e-05;4.835927805566384e-05;4.743855945556577e-05;4.6671995145368495e-05;4.603612568059293e-05;4.5472504734296047e-05;4.485749199562864e-05;4.411218923336555e-05;4.316201120673026e-05;4.198139072126382e-05;4.06000666229837e-05;3.919033783355444e-05;3.7864805077378e-05;3.6997750299563234e-05;3.681851103542479e-05;3.723464210652746e-05;3.783171597621478e-05;3.812033203876264e-05;3.796750078607072e-05;3.758981233117311e-05;3.726504692760449e-05
824.8513062620332;9.764568175352237e-08;1.331863985872826e-07;1.6784203781804349e-07;1.6538701251569686e-07;1.2950537419880276e-07;9.041724542901117e-08;7.282983485889271e-08;7.625693913646108e-08;9.785603818166253e-08;1.1476498916234397e-07;1.215050214575987e-07;1.1159474504253176e-07;9.328779059913193e-08;9.060618446148685e-08;1.2026207421083873e-07;1.657964654080303e-07;1.911321832459528e-07;1.7864646425386918e-07;1.2619638652871873e-07;6.842589120593889e-08;4.674573135534393e-08;6.480116644920561e-08;1.0897041661191808e-07;1.3654489506663166e-07;1.3104253646949229e-07;9.720173777693972e-08;6.273207234622107e-08;6.589225745249012e-08;1.3100847464554377e-07;2.561194091433343e-07;3.8347038235118763e-07;4.400051394020313e-07;3.9870941301013723e-07;2.8243381894275217e-07;1.5930172695038078e-07;9.612195875376097e-08;1.0411198538588317e-07;1.4994637198619308e-07;1.858755431829441e-07;1.983982341697076e-07;2.764794012329668e-07;7.524090369500651e-07;2.5102621075671074e-06;7.218028169277572e-06;1.699357647333063e-05;3.388700616232315e-05;5.8299120696888063e-05;8.816390569421298e-05;0.0001208814850539;0.0001538044442763;0.000185650529571;0.0002147129407678;0.0002389310588331;0.0002567173840573;0.0002673665098555;0.0002697272044764;0.0002639487573392;0.0002512407149446;0.0002328242777418;0.0002106767943593;0.000187697150761;0.0001648224541589;0.0001430068354561;0.0001236491140201;0.0001076896256692;9.497370781172556e-05;8.495856986355781e-05;7.722415121632415e-05;7.111050130362149e-05;6.631696685579697e-05;6.250711360539705e-05;5.935821764050902e-05;5.653980571974297e-05;5.396339590799082e-05;5.2082070563551225e-05;5.082816968315961e-05;5.016043838124487e-05;4.9875998233046265e-05;4.967746189991653e-05;4.932885291093097e-05;4.859512262682847e-05;4.802139152570851e-05;4.754612785973774e-05;4.704174929305102e-05;4.66744330409606e-05;4.653722003795924e-05;4.6004652525649496e-05;4.515425709063239e-05;4.399880439971183e-05;4.2714388151952086e-05;4.138308694193474e-05;4.0148533307428095e-05;3.907525208572772e-05;3.8199587040953925e-05;3.753879690582564e-05;3.711998245482293e-05;3.6954043626070617e-05;3.686722654416754e-05;3.680960028454034e-05;3.679089685890295e-05
826.7647329955616;5.5140222165282016e-08;1.3673995256834524e-07;2.029483596828033e-07;2.167313308172114e-07;1.7450767299491234e-07;1.1512043959971373e-07;7.97647235922479e-08;6.657672015363553e-08;6.720781320464542e-08;7.724135596215175e-08;1.0011574547693165e-07;1.3122585128729658e-07;1.5747075155036793e-07;1.6556621376269265e-07;1.549957026901655e-07;1.4745845235401622e-07;1.2204640320196697e-07;9.923997726027197e-08;6.806829027181916e-08;3.0630433705028005e-08;2.006501972924052e-08;2.3212672901800373e-08;3.538419966568874e-08;4.984896393424495e-08;4.767396155476005e-08;3.684482411626617e-08;2.728029038896033e-08;3.5414485636590193e-08;7.025716488282638e-08;1.253019202840915e-07;1.721424562928694e-07;1.8002939890750484e-07;1.481596678085249e-07;9.472365869433237e-08;4.4478529803052624e-08;3.033844226342285e-08;4.7932212344369864e-08;7.896746846749748e-08;1.1077154245861268e-07;1.373041919971751e-07;2.2526132190683402e-07;7.20481449031616e-07;2.5433271452910862e-06;7.16223582754765e-06;1.6669591049392628e-05;3.289192745948789e-05;5.614080446773859e-05;8.511981121745054e-05;0.000118119709156;0.0001523401715161;0.0001863130883917;0.0002183276839462;0.0002454518303501;0.0002645573829114;0.0002745000157738;0.0002756910978133;0.0002686815197219;0.0002545808630577;0.0002345586549651;0.0002113963406298;0.0001877101703148;0.00016512361907;0.0001441461042844;0.0001254025704594;0.0001094727288102;9.66177616434018e-05;8.639492917695754e-05;7.827601058669976e-05;7.211753299019884e-05;6.770644563448559e-05;6.442204269597467e-05;6.142865036265683e-05;5.844039168926842e-05;5.552788582107341e-05;5.277092685094085e-05;5.042722304619028e-05;4.866068301440325e-05;4.738863693309562e-05;4.661938036231156e-05;4.619642455359525e-05;4.6053302370802266e-05;4.612327731885825e-05;4.640274885162728e-05;4.683834052265265e-05;4.723449480622067e-05;4.71828329021761e-05;4.630760791223649e-05;4.4635501136279455e-05;4.258808138865129e-05;4.093793456675711e-05;4.00781531779323e-05;3.992608048038539e-05;4.005585730249199e-05;3.9986830996932094e-05;3.953201357159708e-05;3.887526403878152e-05;3.822328595029195e-05;3.773205392464189e-05;3.742886022672351e-05;3.727108713812653e-05
828.6774922215991;1.8492364605864828e-08;6.814794695531983e-08;1.078481804144081e-07;1.3152122057449237e-07;1.3353125002446656e-07;1.1408349585893285e-07;9.189062303064088e-08;6.464548754114104e-08;3.610470798898557e-08;2.5722053031316923e-08;4.0816520467455375e-08;7.909198514216572e-08;1.2058019895637414e-07;1.371180601125567e-07;1.2264592170653057e-07;8.573085244246487e-08;4.909269230986215e-08;2.743186076479987e-08;1.7540943790959852e-08;1.1195875358591572e-08;8.724863384385639e-09;7.505254972148065e-09;6.404705586077446e-09;5.825544353100082e-09;6.5390276955275035e-09;1.0355216633712964e-08;1.4729078980963733e-08;1.7119649213890518e-08;1.6985701688082557e-08;1.2511832655161344e-08;9.711398232214312e-09;9.653769280978862e-09;9.984191371182728e-09;9.42345061213497e-09;8.104894798220931e-09;7.158699182339378e-09;1.0465421826266937e-08;2.0657502930395308e-08;4.2382210703612094e-08;8.972424640758276e-08;2.062013487009512e-07;5.813266097612784e-07;2.051490587937424e-06;6.288176523913722e-06;1.5287635374858485e-05;3.136346821287181e-05;5.4665194237698495e-05;8.483435857088972e-05;0.0001197516603659;0.0001564134307944;0.0001918779929122;0.0002243094804445;0.0002512253594084;0.0002702814804465;0.0002802474968354;0.0002809241119351;0.0002729153006049;0.0002575042354891;0.0002364910724751;0.0002123737460939;0.0001883204136317;0.0001658685349132;0.0001452875657954;0.0001267381970615;0.0001104376649083;9.672298445461256e-05;8.568102793825983e-05;7.716577189381254e-05;7.08826341420185e-05;6.648866413229814e-05;6.37071612696212e-05;6.179447954561822e-05;5.990612848096214e-05;5.813022935005674e-05;5.566439980340619e-05;5.2820213460819454e-05;4.960750116585373e-05;4.681958538742201e-05;4.4873580337633074e-05;4.379802458189563e-05;4.395766953935895e-05;4.489463992774981e-05;4.624777133637647e-05;4.744457384375668e-05;4.789347693276658e-05;4.713110686755756e-05;4.543816031616769e-05;4.303876769716469e-05;4.052125855398534e-05;3.874093256342694e-05;3.8070711396721655e-05;3.836333099126634e-05;3.909517711443246e-05;3.961423393471455e-05;3.967364311515713e-05;3.9251069247248886e-05;3.8337165285239606e-05;3.745305365774475e-05;3.678010963764925e-05;3.636055834926571e-05
830.5895839522673;5.519597213673954e-10;1.468516723433166e-09;5.869798045628855e-09;1.6444491460280188e-08;3.1360071663869494e-08;4.096642549538938e-08;4.006364814940998e-08;3.0329327375361024e-08;1.3394144061114468e-08;7.192485241681894e-09;8.473725859773476e-09;1.880066957414228e-08;3.6424562151907534e-08;4.634658780567581e-08;5.059035118289067e-08;4.2208621182917294e-08;4.5969251054104094e-08;4.9064861172193257e-08;5.477630974714024e-08;6.113408998589127e-08;6.483876262784533e-08;6.34488684200242e-08;5.715824640805276e-08;4.7010310745087584e-08;3.8202523525563554e-08;3.512395446234694e-08;3.3764843753236335e-08;2.9477813629703825e-08;2.1040256803400805e-08;1.2607894932221338e-08;1.440211584568753e-08;2.8301377800651776e-08;4.3948253924190616e-08;5.124363386020917e-08;4.6124928995263794e-08;3.1781114285073566e-08;1.6005211723252222e-08;1.7527204560134716e-08;2.74032195679969e-08;4.4770194255437706e-08;1.0284905579265362e-07;2.630117842513362e-07;1.6339542050939357e-06;6.587260812534204e-06;1.7117104961136122e-05;3.458423668321566e-05;5.896257701164694e-05;8.942654633973979e-05;0.0001242914965093;0.0001617201714014;0.0001979544948766;0.0002300148562573;0.0002562087640747;0.0002754027275861;0.00028579674077;0.0002859004207684;0.0002767855610463;0.0002605594090822;0.0002398884354364;0.0002166783394876;0.0001932242750251;0.0001705404215856;0.0001491568851105;0.0001294717027947;0.0001116006179342;9.63980363835118e-05;8.45116865829674e-05;7.58938748187868e-05;6.98419954549323e-05;6.570438573750093e-05;6.332379095164523e-05;6.212594247246423e-05;6.123970531812769e-05;5.9854053325412526e-05;5.775669324842558e-05;5.496290905173139e-05;5.162794541982312e-05;4.823493481933636e-05;4.5541014806995694e-05;4.408051784035006e-05;4.419793011178984e-05;4.566427259045595e-05;4.769810824555506e-05;4.901060903005434e-05;4.887194908299335e-05;4.731261893895847e-05;4.495714875098441e-05;4.2620663120517205e-05;4.078160390256438e-05;3.976977915251117e-05;3.934782044453329e-05;3.926169297545263e-05;3.917788839081718e-05;3.876952909874889e-05;3.798349720536231e-05;3.6982457838928986e-05;3.5992525330109766e-05;3.5251461148579926e-05;3.481683504826871e-05;3.4595106450974754e-05
832.5010081998371;2.4207732983991413e-08;2.3954574233566872e-08;1.86786436275159e-08;1.0579864403643836e-08;4.671894965833304e-09;2.56241689015829e-09;2.026710034174958e-09;2.0935066475018503e-09;2.8003484796542662e-09;2.783691620978971e-09;2.28702973955473e-09;1.4499667401100052e-09;1.491764382676838e-09;5.685358866846143e-09;1.7286192393148035e-08;3.9405492408285523e-08;7.03126166829676e-08;1.0043609389665639e-07;1.1920590326273537e-07;1.283315562432738e-07;1.292026801913944e-07;1.2372449848250793e-07;1.1078693782765757e-07;9.062706491840659e-08;7.025602054572544e-08;5.419432294528132e-08;4.2619934333683295e-08;3.3576674079213594e-08;2.3925854413208587e-08;1.5768630444897992e-08;2.2819081045994766e-08;4.891146177290948e-08;7.82292232653899e-08;9.300629468173948e-08;8.976782584222218e-08;7.910802649804326e-08;7.628641289801657e-08;7.815008690846912e-08;6.182898770400759e-08;3.867202007311097e-08;2.1663410588897786e-08;9.866120545028966e-08;1.547518254302711e-06;6.9329237601297866e-06;1.8510878681311523e-05;3.709367964316526e-05;6.22856044912342e-05;9.274570142824796e-05;0.0001272083733122;0.0001641862842537;0.0002015137762668;0.0002364874206167;0.0002661595384682;0.0002876073829946;0.0002980325005567;0.0002967189301913;0.0002853928955731;0.0002671880844053;0.0002457267627777;0.0002232809868211;0.0002001636168612;0.0001771139305119;0.0001548709232819;0.0001337251680656;0.0001143702716082;9.831834068947806e-05;8.603943122466806e-05;7.725906497571667e-05;7.119670245797105e-05;6.685537462162462e-05;6.402569777072049e-05;6.198550779669643e-05;6.062008578586268e-05;5.895863252792708e-05;5.70821097347574e-05;5.503839601108205e-05;5.2880644587490624e-05;5.066986443444747e-05;4.8578301328493605e-05;4.678870720064513e-05;4.583044458670988e-05;4.594578537127631e-05;4.679534243149244e-05;4.768606961504141e-05;4.7882046575975214e-05;4.714878195687457e-05;4.5753413900744855e-05;4.451053550593906e-05;4.356168983215733e-05;4.294156523797305e-05;4.247379158555732e-05;4.185759602315881e-05;4.0954694725602175e-05;3.978451244489196e-05;3.848627858566827e-05;3.750044269350612e-05;3.6901378151821256e-05;3.660719994437805e-05;3.653425805944209e-05;3.652037269248773e-05
834.4117649767722;4.774585745738893e-08;4.693086239716809e-08;3.637824811863142e-08;2.0467137291459026e-08;9.01322503877485e-09;4.932027851710253e-09;3.770226028575289e-09;3.106033564321342e-09;2.5909950530730772e-09;2.155688378505611e-09;1.7565259893798812e-09;1.415174533529749e-09;2.843365368172591e-09;1.0825053229888904e-08;3.0562009734243614e-08;6.261617011771503e-08;9.724872310856965e-08;1.1590152267028621e-07;1.1317533445653321e-07;9.705197325857476e-08;8.058403864654364e-08;7.01166666367742e-08;6.076591160167553e-08;5.040438835035577e-08;4.1607649196595886e-08;3.6468661518601456e-08;3.227932284419206e-08;2.6585605409983068e-08;1.88560006901674e-08;1.192572381577764e-08;1.3521256703268144e-08;2.622075579214961e-08;4.228473740928352e-08;5.498370211785341e-08;6.966155160032633e-08;9.915308588053157e-08;1.4012846797428352e-07;1.67389399010486e-07;1.5065952835940697e-07;1.036166644641754e-07;5.11203360331576e-08;1.5135601176203106e-07;1.4494533155253023e-06;6.454657938983925e-06;1.7548601951159717e-05;3.597523754281457e-05;6.144136939394951e-05;9.251770236509672e-05;0.0001278020534335;0.0001664137288688;0.0002056269019816;0.0002429239414624;0.0002751034656652;0.0002973639067429;0.0003065880067353;0.0003036619889015;0.0002903052634195;0.0002711216152543;0.0002491964923206;0.0002262033172283;0.0002028654465328;0.0001797263039241;0.0001572038197765;0.0001356981131827;0.0001161485127404;9.994476191531889e-05;8.756884579556282e-05;7.870405785238998e-05;7.26143978097781e-05;6.82582980079094e-05;6.464767304242914e-05;6.160105113978874e-05;5.912238579290063e-05;5.713384347875346e-05;5.553206444250065e-05;5.436573078155868e-05;5.336705495820574e-05;5.256891514438681e-05;5.135729724414693e-05;4.962091875263497e-05;4.758530627674473e-05;4.609700307818829e-05;4.546095701736019e-05;4.561931526298935e-05;4.612859537499804e-05;4.6557394211675545e-05;4.6645484414534735e-05;4.635202112805877e-05;4.575450408291162e-05;4.489104508602423e-05;4.398312849560472e-05;4.296254197395245e-05;4.18778396450059e-05;4.085702081158292e-05;4.008350851454744e-05;3.961407775346365e-05;3.938038963318046e-05;3.923292222772721e-05;3.90924669823846e-05;3.891158203696438e-05
836.3218542956711;3.838254699213728e-08;3.141740184128005e-08;2.1611682716873e-08;1.2423291021757684e-08;5.946691826910622e-09;3.707607519893687e-09;4.3295527740985905e-09;8.022653955917355e-09;1.1993527643602649e-08;1.342702822927592e-08;1.0877736700391234e-08;7.472787713216535e-09;1.2309636556097777e-08;3.162860019923381e-08;6.293329531934243e-08;9.67379201011324e-08;1.1551152178916187e-07;1.1027415945102325e-07;8.688580128136806e-08;5.5668263593095316e-08;2.995990024583134e-08;1.575051987216882e-08;1.0165529889892653e-08;9.011461084419769e-09;1.0342992134017622e-08;1.3810561041336471e-08;1.5404470336875456e-08;1.386187681206648e-08;1.0853148043425557e-08;8.743432461202334e-09;7.67133763819385e-09;8.294318773047314e-09;1.0124131781478916e-08;1.8069694912658384e-08;3.9003451068432576e-08;7.9271275201993e-08;1.3376985396652622e-07;1.8298091404122218e-07;2.1775312063060803e-07;2.1662189154526525e-07;1.8908840971158418e-07;2.804788041122548e-07;1.4423010927517749e-06;6.287587165886436e-06;1.7546023121799398e-05;3.639768135682673e-05;6.225974936933227e-05;9.38560214365451e-05;0.0001296707704253;0.0001683460729671;0.0002073665697466;0.0002431304368019;0.000272882515041;0.0002938124596368;0.0003031693184187;0.000300717735679;0.0002882106745989;0.0002703905351091;0.0002492517407365;0.0002262241201847;0.0002024035503207;0.0001788402199831;0.0001560987844669;0.0001347947236372;0.0001156276125259;9.960232397616988e-05;8.738541518522389e-05;7.887382844610797e-05;7.32028848301181e-05;6.931117928505234e-05;6.603572604605944e-05;6.340237231458442e-05;6.112549471793256e-05;5.912008376893064e-05;5.740025051131917e-05;5.5967921991285607e-05;5.488079258407031e-05;5.3609169018314e-05;5.183736885603915e-05;4.9956390378292186e-05;4.802938549880316e-05;4.638632272332215e-05;4.545034781232639e-05;4.520574628001346e-05;4.544125122414013e-05;4.5906071819651616e-05;4.626474147470753e-05;4.610967877792681e-05;4.540210395739691e-05;4.427289958063148e-05;4.307488233772819e-05;4.204574341395143e-05;4.130066432613629e-05;4.085360604906164e-05;4.0613754211455285e-05;4.03078804183838e-05;3.9809988214189066e-05;3.91794036107933e-05;3.8560695785556046e-05;3.810828418618235e-05
838.2312761693101;2.098984489052938e-07;1.4538910549829724e-07;8.736144273388806e-08;5.057047602234023e-08;3.186201851843841e-08;2.8726232537175983e-08;5.3133482977072e-08;1.0894317888887297e-07;1.7164029035793586e-07;2.061611007935484e-07;1.8958591034140754e-07;1.3603785423404681e-07;9.244508751511152e-08;8.564770510870699e-08;1.0786543361226866e-07;1.3427550480285052e-07;1.479455297388874e-07;1.419362510438452e-07;1.1994689906103745e-07;8.49316196006295e-08;5.0540119902177356e-08;2.7046219979189545e-08;1.7167449396882047e-08;1.5209118745741153e-08;1.858708067749053e-08;2.8583389922418648e-08;4.200259330267482e-08;5.2365672487061403e-08;5.392614463081227e-08;4.6686011536944825e-08;3.147166980663041e-08;2.199411883345649e-08;2.000734328364933e-08;2.8304910513292565e-08;5.1467641058292387e-08;8.154057412591766e-08;1.2397404183729584e-07;1.665088375928915e-07;2.219578039312622e-07;2.663123247845296e-07;3.184638792299173e-07;5.556205114868925e-07;2.0367635977486925e-06;7.330770395802287e-06;1.9124454766031255e-05;3.863648504068883e-05;6.501038259740108e-05;9.65586719689298e-05;0.0001317522003135;0.0001685484137511;0.0002052479537256;0.0002383289272268;0.0002657346439877;0.0002859259898066;0.0002963382001003;0.0002959482990265;0.0002862709343086;0.0002695357403137;0.0002486982485201;0.0002254914621418;0.0002011127282833;0.0001768385606621;0.0001539481906402;0.0001332465681175;0.0001151200455752;0.0001001848505113;8.85862497207558e-05;8.014236993251312e-05;7.401698776736862e-05;6.929660159836107e-05;6.595772849968398e-05;6.37460127346472e-05;6.222575424305802e-05;6.09567642880874e-05;5.948323673299216e-05;5.753448038012627e-05;5.5325545068440825e-05;5.3181963156921045e-05;5.128157440898923e-05;4.9695700631951095e-05;4.844944159076642e-05;4.724868231281594e-05;4.594703215902081e-05;4.491896218750329e-05;4.418187934979439e-05;4.398472083773414e-05;4.3994042024019965e-05;4.393367349687763e-05;4.363035939778593e-05;4.31037796172654e-05;4.2430028357863175e-05;4.1917156631047696e-05;4.153117036693882e-05;4.1162759399392514e-05;4.066324335715489e-05;3.986751747497508e-05;3.899651300788268e-05;3.816311687342268e-05;3.754357177953824e-05;3.7231261410079736e-05
840.1400306106152;3.819327853830075e-07;2.710734627439649e-07;1.664840198593363e-07;9.613589185306005e-08;6.077381253154882e-08;5.5111639385533576e-08;1.0054134365731976e-07;2.000419599798233e-07;3.113691865938424e-07;3.750401104474308e-07;3.489913936509548e-07;2.5201001987615617e-07;1.5371820063620913e-07;9.74866571937192e-08;8.39586707800162e-08;9.566618412684135e-08;1.0872172551108576e-07;1.1255842922921053e-07;1.0147635062500757e-07;7.708282836208819e-08;4.8777748785161685e-08;2.723083477155881e-08;1.7787407141224172e-08;1.652257799847718e-08;2.4472966199944168e-08;4.5573315728963667e-08;7.411039071043531e-08;9.702237734217161e-08;1.0133722259051997e-07;8.510641052263052e-08;6.069669873412514e-08;3.985110696396007e-08;3.1832261200226185e-08;4.18948526998987e-08;7.029408779937508e-08;1.1403852073908013e-07;1.512416563650465e-07;1.6866144057469755e-07;1.7673388669184188e-07;1.6271534848840465e-07;2.114383755459266e-07;6.537981130083667e-07;2.653410095344485e-06;8.342326014649395e-06;2.0234014709932477e-05;3.96752786626718e-05;6.612346171243783e-05;9.76314352128734e-05;0.0001320253767305;0.0001673941076267;0.0002016625634499;0.0002332415611856;0.0002595821719837;0.0002783563934416;0.0002879307360101;0.0002882351534352;0.0002805290914168;0.0002653746669655;0.0002447946231892;0.0002208522953039;0.0001957969699494;0.000171335250672;0.0001491244715713;0.0001299796742415;0.0001137425971314;0.0001004036370273;8.96866366195973e-05;8.083382424465097e-05;7.361770894665298e-05;6.782601145936344e-05;6.383356520194065e-05;6.146765944526508e-05;6.022313514239704e-05;5.937596284600299e-05;5.814142576126712e-05;5.61965929475845e-05;5.392118248198252e-05;5.182271213047379e-05;5.03827550000261e-05;4.9709456152451824e-05;4.934582650486204e-05;4.885501913120119e-05;4.775025241431221e-05;4.6071142844136056e-05;4.427658370642217e-05;4.295577365612559e-05;4.236028541550984e-05;4.210183527929115e-05;4.2287201175734346e-05;4.25094126043146e-05;4.2699599417777606e-05;4.277783470876817e-05;4.253995904489519e-05;4.183907927186088e-05;4.074811354674838e-05;3.943191241183396e-05;3.8419630363891286e-05;3.7896642713698646e-05;3.776918990540738e-05;3.783936571235596e-05
842.0481176326794;1.866075359938681e-07;1.3373552222072216e-07;8.287974646813448e-08;4.861637620902062e-08;3.1800411171868883e-08;2.9490933478591844e-08;5.131613252666472e-08;9.84651931250149e-08;1.5129351052209938e-07;1.81923453289922e-07;1.6987956514619685e-07;1.2321771434684557e-07;7.343255016989124e-08;4.4297908527316696e-08;3.7969307829529226e-08;5.191645979901682e-08;6.614044758002312e-08;6.999703355279934e-08;5.841437467450815e-08;4.2324419866042187e-08;2.604998197585145e-08;1.587167767802318e-08;1.1502481796318327e-08;1.0025735959480965e-08;1.3406931970860788e-08;2.3651219080351423e-08;3.8872382823949554e-08;5.502459398920216e-08;7.06644433916111e-08;7.949422968003318e-08;8.052511274695935e-08;7.360413143105549e-08;6.127773049391194e-08;5.453851596492621e-08;6.511287867086979e-08;1.0855444925692359e-07;1.5709771698263868e-07;1.7171210960090078e-07;1.3679317519278684e-07;8.213402459769905e-08;9.117792946308079e-08;5.065051050233418e-07;2.5112406866282365e-06;7.789474314621883e-06;1.8754495590705183e-05;3.6941469743934896e-05;6.238915083158183e-05;9.409850297258291e-05;0.0001288686568109;0.0001641258186418;0.0001979186121826;0.0002289054309501;0.00025485826796;0.0002732649180248;0.0002827439658073;0.0002832949165043;0.0002763092900233;0.000262642616261;0.0002426749762617;0.0002180849631791;0.0001919224779347;0.000166951520734;0.0001441870082489;0.0001245306646508;0.0001088586512679;9.648156078321494e-05;8.722328405322182e-05;7.935041714398082e-05;7.253163241845642e-05;6.727644996498294e-05;6.362336078523004e-05;6.107618522282834e-05;5.921993604696889e-05;5.775636751761896e-05;5.628911709246084e-05;5.478312311249318e-05;5.327265313799836e-05;5.175369971322239e-05;5.077952852666171e-05;5.034030143287876e-05;5.01403325174935e-05;4.972951795960764e-05;4.886873775036966e-05;4.733112139709917e-05;4.553734739888365e-05;4.381582741357047e-05;4.263391143047317e-05;4.211995747014811e-05;4.2149005016397744e-05;4.239917253797849e-05;4.277297257989782e-05;4.292118715769669e-05;4.267113728916555e-05;4.193040239005192e-05;4.077106674200948e-05;3.958144070799801e-05;3.868405144757425e-05;3.8255190657158334e-05;3.816632605231317e-05;3.825848025341872e-05
843.955537248763;2.4703451096133307e-08;1.2200188821824802e-08;5.875653972017987e-09;4.23757579370449e-09;4.130116371940432e-09;4.344740034621355e-09;3.9383901164401275e-09;3.458488884057946e-09;4.180660533839405e-09;6.636922753314093e-09;9.992474518632396e-09;1.2032674117921576e-08;1.2839992912364375e-08;1.77900046342467e-08;3.5498487610835114e-08;6.201124663197924e-08;8.028530519819528e-08;7.971799975383843e-08;6.099678776867182e-08;3.522171738363576e-08;1.8192683371709283e-08;1.2169506773975344e-08;1.025055874043872e-08;8.669375116047296e-09;6.4567383488037484e-09;4.410693433881945e-09;5.740729444055442e-09;1.619947491179308e-08;4.1508208940082644e-08;8.087584014985756e-08;1.2042002361743026e-07;1.3665246968184157e-07;1.2174680911669076e-07;8.901089954722027e-08;6.944584690749635e-08;8.660037448677345e-08;1.224488977727899e-07;1.4209057734677828e-07;1.2276737125876806e-07;9.340304910269103e-08;1.107597768359592e-07;5.429321041529647e-07;2.450754454271079e-06;7.207603294616812e-06;1.6955840645898205e-05;3.342244011694309e-05;5.728492460423243e-05;8.81338055935196e-05;0.0001234824115476;0.0001599722028408;0.0001949141583351;0.0002268147141047;0.000253551232472;0.0002725176825021;0.0002824168869511;0.0002834655440466;0.0002766816903688;0.0002633306220681;0.0002438287380326;0.0002195168720867;0.0001930278766721;0.0001667582364915;0.000142238492343;0.0001207384552118;0.0001039533069013;9.190101453216424e-05;8.356935013241372e-05;7.750984982200845e-05;7.238501913188337e-05;6.804008688338745e-05;6.42725281388102e-05;6.108072824418515e-05;5.8501608144925885e-05;5.669750026337176e-05;5.545131692083306e-05;5.442652578553346e-05;5.360190025406658e-05;5.286350572489271e-05;5.21246109651956e-05;5.134132835128167e-05;5.056516694615485e-05;4.95760302097709e-05;4.8460104767611694e-05;4.721594265081909e-05;4.584843298175751e-05;4.446475969554469e-05;4.323639738738362e-05;4.2454011137903625e-05;4.1816436221423527e-05;4.146982748404264e-05;4.1221573666389976e-05;4.101825140851992e-05;4.075892020280131e-05;4.033001738717676e-05;3.970307631746189e-05;3.905928962647611e-05;3.8493836777503874e-05;3.811686721446158e-05;3.792445378039009e-05;3.785882853839966e-05
845.8622894722757;5.606645302567814e-08;3.4320319668155283e-08;1.7800737877601576e-08;1.0483137345226245e-08;7.8736459617023e-09;8.750053263160321e-09;1.1924320614508067e-08;1.6847884773358272e-08;1.7525467176995313e-08;1.9316813492934626e-08;2.2521957591941773e-08;2.3948740674164456e-08;2.2121341658431985e-08;1.7492149612993006e-08;2.175398941984444e-08;3.4403941079014555e-08;4.35527541152459e-08;4.3922745577371496e-08;3.4998059072512164e-08;1.9831261806005677e-08;1.1432469227087492e-08;8.909679687057345e-09;9.504008340992141e-09;1.2888883596409387e-08;1.61733349620519e-08;1.7269744770026412e-08;1.7718022906016894e-08;2.4043646664318745e-08;4.0311728229198675e-08;7.059883368605845e-08;1.1336337914243846e-07;1.340367473557947e-07;1.2888100417738888e-07;1.110355290362017e-07;1.0827801512023469e-07;1.3931826664121886e-07;1.723229808640146e-07;1.760952376009263e-07;1.5174806894842155e-07;1.09932856337387e-07;1.4486967958679518e-07;7.276566576019827e-07;2.9150863690955413e-06;7.99309449712454e-06;1.7385003490141522e-05;3.2763542451375496e-05;5.5162548535241465e-05;8.405815487688021e-05;0.0001183594804203;0.0001552135377839;0.0001915013950232;0.0002251756424204;0.0002532710597408;0.0002725852854566;0.0002815466013234;0.0002812361141498;0.0002729548772993;0.0002586790392939;0.0002391289645508;0.0002156536452016;0.0001903727865085;0.0001651367072446;0.0001413224053243;0.0001203697251745;0.0001032463683365;9.066379782922652e-05;8.125409460118843e-05;7.473859937184763e-05;6.982332981696023e-05;6.564996192788554e-05;6.205768100462368e-05;5.92901182767823e-05;5.722826348225329e-05;5.588980411386452e-05;5.5267258772567865e-05;5.476846311273928e-05;5.428682924064049e-05;5.377172890655831e-05;5.284990819419128e-05;5.170256415004035e-05;5.0542095803481066e-05;4.922334273831311e-05;4.7999374401474605e-05;4.69822669195867e-05;4.61108983365843e-05;4.5273148143710005e-05;4.41824912476074e-05;4.280808477979514e-05;4.1308600613937327e-05;3.996299764398926e-05;3.9022358101410335e-05;3.860966007062809e-05;3.858296945934499e-05;3.866294950066469e-05;3.861534236456298e-05;3.835538317410263e-05;3.799347629027358e-05;3.7650748585167656e-05;3.739110864204149e-05;3.71640874172895e-05
847.7683743167981;6.815681807757843e-08;6.340674695043612e-08;4.9662966401754584e-08;3.3537982705493106e-08;2.1652969479014743e-08;2.0913432222191852e-08;2.6577961119692776e-08;3.01280914511364e-08;2.8423687702571594e-08;2.412238195696437e-08;1.9535728060036342e-08;1.6627958327059765e-08;1.3568898269645317e-08;9.716390093615394e-09;6.179813538827003e-09;4.807543893830112e-09;5.2766402730766775e-09;6.4090356835852785e-09;7.041646130416873e-09;6.6348523674442445e-09;5.43092920719972e-09;4.293066812710198e-09;5.729196458793804e-09;1.3896494541765356e-08;2.7326255858381175e-08;3.7282743429634114e-08;3.854096582931416e-08;3.257693527875308e-08;2.631452092355792e-08;2.943372326092406e-08;4.0601546227417735e-08;4.968551902477971e-08;5.656010742872865e-08;7.518540725478935e-08;1.2313571173573145e-07;1.9329487015955646e-07;2.439331010307918e-07;2.391279845406604e-07;1.856619824659182e-07;1.19010410511918e-07;1.6229863919213707e-07;7.661618880955917e-07;2.9679870128264925e-06;8.068390456201481e-06;1.7392932889725686e-05;3.260933156285573e-05;5.4473684737287065e-05;8.242008839488938e-05;0.0001150880862975;0.0001506092542637;0.0001867959045676;0.0002208568853246;0.0002492512553892;0.0002682037812758;0.0002764687844986;0.0002750897299174;0.0002657512454235;0.0002508617582195;0.0002315723097001;0.0002093126745376;0.0001860464089401;0.0001634260174154;0.0001419599058965;0.0001227728162083;0.000106066111644;9.20415222594249e-05;8.090827970560528e-05;7.269417085525432e-05;6.694550228423873e-05;6.301147818828988e-05;6.0442958678891793e-05;5.8413443847564006e-05;5.668525512055336e-05;5.532588997644001e-05;5.434383556502493e-05;5.384046757506395e-05;5.344408709998059e-05;5.306642222356454e-05;5.2555625292644697e-05;5.150724906141831e-05;5.004410258545262e-05;4.851987028746413e-05;4.735526491394652e-05;4.678620829812207e-05;4.672069601338573e-05;4.659299703787479e-05;4.578813864131503e-05;4.414268701648118e-05;4.208554479623567e-05;4.016679269290457e-05;3.8772114656868514e-05;3.8222022319634735e-05;3.825155523735301e-05;3.8456696417532e-05;3.854436565934655e-05;3.827564320988216e-05;3.780703102030338e-05;3.724751034808887e-05;3.67347113257807e-05;3.635097869352566e-05
849.6737917960672;7.49123203924284e-08;8.771631121772346e-08;9.044486076242839e-08;8.864723901339644e-08;7.295504064261595e-08;5.87195357929428e-08;4.18312693401648e-08;2.9854831571772075e-08;2.225422408782781e-08;1.6050715572826446e-08;1.0783594261820712e-08;7.432054519641845e-09;5.5533420521953986e-09;4.862113489848946e-09;5.416186511226485e-09;8.083543655728265e-09;1.0753921802412244e-08;9.798532283569384e-09;8.469471614206699e-09;6.339452675509466e-09;3.921132054722881e-09;2.3247507549561144e-09;2.903019955629099e-09;1.1976292705420375e-08;3.2525461091974166e-08;5.7725642588071776e-08;7.042333507871622e-08;6.445920663039972e-08;3.9133672625525215e-08;1.8224343371789053e-08;8.955743973968014e-09;7.613842238791611e-09;1.1210080666677752e-08;2.5451281166166507e-08;5.7910100691842356e-08;9.697347162319849e-08;1.2281930479909885e-07;1.2061651293295221e-07;9.529607487209072e-08;6.831275519817427e-08;1.338927359938208e-07;6.194729425404366e-07;2.300696959632896e-06;6.649635248023307e-06;1.5741928278965692e-05;3.1527771065938514e-05;5.43204997964124e-05;8.337144774644086e-05;0.0001168845929289;0.0001525814824859;0.0001877393376516;0.0002198412340998;0.0002459431102782;0.0002635616400104;0.0002719593932441;0.0002714652873196;0.0002626971473766;0.0002479568869038;0.000228744588435;0.0002070106338712;0.0001848627643066;0.0001633749933199;0.000143246160057;0.0001249971640947;0.0001089565546913;9.492823820973234e-05;8.330015139476817e-05;7.426461532073159e-05;6.787647242768516e-05;6.372303143061072e-05;6.094475861291686e-05;5.858322026801892e-05;5.650343181981933e-05;5.4772244815251015e-05;5.342142598871906e-05;5.261615826455845e-05;5.233201095328671e-05;5.2031594482573984e-05;5.134154123293759e-05;5.007014070614323e-05;4.839593948941783e-05;4.6957789690292193e-05;4.6296963872549896e-05;4.646646969064601e-05;4.707521295457126e-05;4.730861199602884e-05;4.669463096787736e-05;4.5138708510969146e-05;4.307019166287284e-05;4.1213833622075015e-05;3.99965425695664e-05;3.940782669367735e-05;3.919831324789592e-05;3.9003540124292445e-05;3.872792069489711e-05;3.839183396243862e-05;3.797301765121732e-05;3.755624738498152e-05;3.72599200826956e-05;3.703810288141207e-05
851.5785419239801;4.2047282191341126e-08;6.095139028707053e-08;8.722958976382478e-08;1.066980913840071e-07;1.064303401422547e-07;8.703116487491279e-08;5.5209779906081826e-08;2.698630667828821e-08;1.3996607303774152e-08;9.01051064011856e-09;7.2678497568625975e-09;6.459347445546858e-09;6.926998029774811e-09;8.049210941964726e-09;1.2761762926232146e-08;1.941017681932753e-08;2.299144480562665e-08;2.117984932833244e-08;1.5414335963431092e-08;8.484066368739395e-09;4.064356147996877e-09;2.5330140261121354e-09;2.921608180378477e-09;1.3198650698523662e-08;4.195812525912746e-08;7.685337302923429e-08;9.999900684950053e-08;9.967517689043137e-08;7.517674052640471e-08;4.515789278680487e-08;2.4131148698720807e-08;1.2823107946665781e-08;8.790807457071353e-09;7.103488562690337e-09;5.940126241218888e-09;4.876057209204981e-09;3.8347050474530625e-09;4.369322193286385e-09;1.2028730310933698e-08;3.416416913914582e-08;1.0875508286216122e-07;4.791149030410785e-07;1.765695307591481e-06;5.5604933845673775e-06;1.4251933203105545e-05;3.027952870974937e-05;5.4545951343372976e-05;8.594798286013683e-05;0.0001216066166404;0.0001584372486746;0.0001934935481689;0.0002240841143475;0.0002484533524877;0.0002653868741164;0.0002739611830948;0.0002739205950642;0.0002655478417524;0.000250432998868;0.0002304480783933;0.0002083627982534;0.0001859694532074;0.0001642939153323;0.0001439293889402;0.000125494749576;0.000109502526362;9.594986886395204e-05;8.458030237676429e-05;7.53274437429738e-05;6.838690188585072e-05;6.358668523010537e-05;6.023299440220612e-05;5.785247528976701e-05;5.631213301217525e-05;5.5212881370341096e-05;5.484861068611572e-05;5.4333615266302814e-05;5.356587897222701e-05;5.226007519972475e-05;5.035899166641065e-05;4.828741611031563e-05;4.656105773928643e-05;4.555069299062263e-05;4.541206981673948e-05;4.5863145820547e-05;4.627298808101361e-05;4.620063127479574e-05;4.540738517493078e-05;4.4057722727667774e-05;4.260656247804673e-05;4.146282592006157e-05;4.086272389920229e-05;4.064483526253667e-05;4.046135802159161e-05;4.007940908005164e-05;3.952258230595243e-05;3.894686649335013e-05;3.855666081545903e-05;3.836870464828955e-05;3.8325242307123e-05;3.834153168120994e-05
853.4826247145975;1.4582290694582986e-07;1.2339176703255285e-07;1.061935531966202e-07;8.65148184530625e-08;7.717274105027012e-08;6.878863178651492e-08;6.523394026070928e-08;7.832776839978252e-08;1.0411444694993901e-07;1.2177157703760044e-07;1.1592199226417557e-07;8.802349971650296e-08;5.7551815835017595e-08;3.2063331105871763e-08;3.03694743348211e-08;3.423540031873216e-08;3.444859178017108e-08;4.1380710746114224e-08;8.445172789938786e-08;1.268871293501852e-07;1.4867981148484508e-07;1.358172115016578e-07;9.388923021405705e-08;5.715539075716504e-08;5.261434263803378e-08;6.778097315221358e-08;8.52415848375221e-08;9.65219963803805e-08;9.392953916905353e-08;8.479732111306708e-08;6.534366751138741e-08;4.1131671918082585e-08;2.2906624278645544e-08;1.1995343771195225e-08;8.728592202253706e-09;1.3100869494861742e-08;3.781568412662959e-08;9.291225823313927e-08;1.7050618494446337e-07;2.414021958477079e-07;2.940923164077846e-07;4.908361987120334e-07;1.6505962156326587e-06;5.569550247342782e-06;1.4630624137734033e-05;3.137557855302567e-05;5.675839557887051e-05;8.946879111333473e-05;0.0001259484451446;0.0001624581326839;0.0001971006208327;0.0002276257281344;0.0002529078335235;0.0002709297013334;0.0002801347971504;0.0002801777615757;0.0002711931291534;0.0002556910689067;0.0002355566404303;0.0002132312283446;0.0001902638212696;0.0001676077925181;0.000146117192642;0.0001267356039938;0.0001096364849909;9.49800658706608e-05;8.300697183603311e-05;7.364779214489876e-05;6.693209080703186e-05;6.249013741478819e-05;5.97857436734972e-05;5.856443804309983e-05;5.818375270377936e-05;5.802964358972348e-05;5.754892301346054e-05;5.650337512963948e-05;5.470196877257187e-05;5.250574508364138e-05;5.026334444543384e-05;4.835141454727026e-05;4.697935291465151e-05;4.61087889303937e-05;4.56796069420851e-05;4.55736856433028e-05;4.5286389414340095e-05;4.473672525738632e-05;4.391179516760312e-05;4.297831255229442e-05;4.2146271228143785e-05;4.1521031495790376e-05;4.1203918202480064e-05;4.11175546879821e-05;4.103025581110808e-05;4.07573630175631e-05;4.026618785484086e-05;3.97657918656732e-05;3.9262939329283726e-05;3.88854505796204e-05;3.8622663498530136e-05;3.859142073779962e-05
855.3860401821294;2.8385945827354844e-07;2.1773881248678774e-07;1.429342109812693e-07;8.134800022359459e-08;5.0084783259904955e-08;4.6777815191302346e-08;7.23255642900585e-08;1.3128066278288088e-07;2.0119352047307388e-07;2.508604922212977e-07;2.556346429890629e-07;2.159304676830593e-07;1.6469280564976118e-07;1.2480450764950494e-07;9.640385123789146e-08;7.366957065315385e-08;5.6874779427778615e-08;7.593114116134739e-08;1.5232784772982218e-07;2.463635452369439e-07;2.954426338112732e-07;2.716087643067733e-07;1.870611769175133e-07;1.0088535435475294e-07;5.516313609464724e-08;4.0366472079535736e-08;4.7110374977268944e-08;7.13733025222983e-08;9.658295660632905e-08;1.0746528507642027e-07;9.580086129591744e-08;6.568011286228457e-08;3.7158740505397956e-08;2.0610626423310342e-08;1.6117561791788156e-08;3.1936808799647656e-08;8.34696017678868e-08;1.8659195328419138e-07;3.245113091367678e-07;4.2139434426112445e-07;4.354706853767366e-07;5.46581187862548e-07;2.019362281048074e-06;7.073487927468309e-06;1.7681516720595276e-05;3.570106741031667e-05;6.154989966199558e-05;9.42977123561062e-05;0.0001309866296964;0.0001681684802585;0.0002026884984038;0.0002326786423121;0.000257458420145;0.0002752684417724;0.0002845863153977;0.0002851903560779;0.0002773409123281;0.0002628495910803;0.0002438347123074;0.0002212468790391;0.0001964987647018;0.0001719545333341;0.0001489342522381;0.0001280764025156;0.0001098823193953;9.47407198691007e-05;8.292710965924363e-05;7.443667202228639e-05;6.876291523781182e-05;6.509156515878805e-05;6.315992006472909e-05;6.228897350913729e-05;6.169745573554227e-05;6.068873160822002e-05;5.872717794529894e-05;5.639547152775164e-05;5.399775589514576e-05;5.191270704758777e-05;5.031023396403145e-05;4.9115902428779625e-05;4.832306343265703e-05;4.7555826992005707e-05;4.676840045258568e-05;4.5970451855252645e-05;4.51788219737984e-05;4.4418974201990285e-05;4.370352965529875e-05;4.302602312133076e-05;4.239799445877622e-05;4.1859850849512543e-05;4.149070198724023e-05;4.117537169259232e-05;4.098350824646423e-05;4.082634051626965e-05;4.05546997665179e-05;4.0237561455980986e-05;3.974932468713913e-05;3.924360787684777e-05;3.884314732790051e-05;3.8577986872701946e-05
857.2887883409603;1.4252508560444417e-07;1.117394439187915e-07;8.209618730467984e-08;6.274284970591239e-08;5.542946086019225e-08;6.472295341465601e-08;8.267751951431067e-08;1.1122689263147087e-07;1.4085846702498898e-07;1.6541636599152465e-07;1.8593975229077626e-07;2.013738853915491e-07;2.1141498164189846e-07;2.2473716273323295e-07;2.2533343325099066e-07;2.0479488373435186e-07;1.6796558070595248e-07;1.4411181482996206e-07;1.443183144661686e-07;1.651484881021282e-07;1.7015008186065808e-07;1.505686485661723e-07;1.0639443771547924e-07;6.199889832600694e-08;3.606256559903817e-08;2.1579412348359283e-08;2.1025264311041125e-08;3.2132109504727734e-08;5.06512828714276e-08;5.732365300533816e-08;5.2366278412450534e-08;3.870476393108637e-08;2.7846855147740097e-08;2.6599325884414685e-08;3.424848572690056e-08;6.114750069991289e-08;1.0461034017356977e-07;1.5600457061183257e-07;2.0819644255634499e-07;2.315449411436716e-07;2.295341394121636e-07;5.698315320116929e-07;2.561067000648384e-06;8.312892278028092e-06;1.9423090181222035e-05;3.752003517209902e-05;6.325371152700963e-05;9.609956837640286e-05;0.0001339453104871;0.0001726446343988;0.0002075957170312;0.0002367838925994;0.0002595648557011;0.0002755086814401;0.0002849649149422;0.0002877255437276;0.0002840245873622;0.0002725628768576;0.0002545250676341;0.0002308066990134;0.0002037003618954;0.0001766138659571;0.0001512537002463;0.000128681742515;0.0001100793681041;9.54450409344766e-05;8.468884478630574e-05;7.724751570537753e-05;7.21868696864937e-05;6.866031983426436e-05;6.649589722491835e-05;6.477269496703497e-05;6.288622161621344e-05;6.05708796776004e-05;5.789285760260173e-05;5.517907942892253e-05;5.2869913786511714e-05;5.112880102526213e-05;5.004641184622797e-05;4.931535719161689e-05;4.875174655723999e-05;4.8266969701224864e-05;4.773876845800102e-05;4.702082929076711e-05;4.630363210686434e-05;4.559776741223807e-05;4.48412803949013e-05;4.389985610006194e-05;4.30651485306218e-05;4.24137978336102e-05;4.192584713681652e-05;4.1732573236287607e-05;4.174392806240553e-05;4.1559123660730906e-05;4.106976409912816e-05;4.0145696539279816e-05;3.9160343775600405e-05;3.828828136510958e-05;3.766776618569895e-05;3.724613339191364e-05
859.1908692056168;4.584788555201871e-08;7.816061229740755e-08;1.0031309734550109e-07;1.1079794667829244e-07;1.1189971157393493e-07;1.0727153501653681e-07;9.873138211737539e-08;7.902400714682299e-08;5.773405148590404e-08;4.334569015621668e-08;5.139437774159768e-08;8.32834670676654e-08;1.3223036450649718e-07;1.9175611230672518e-07;2.453785090530418e-07;2.6464018884208936e-07;2.4044119715487934e-07;1.8467000927800395e-07;1.1953685209524106e-07;6.79431756692401e-08;3.8554691427211034e-08;2.5859102283806472e-08;2.0318132432774457e-08;1.7185927656570726e-08;1.3979414851585228e-08;1.1675783306480752e-08;1.0536477573269846e-08;1.2284243054611069e-08;1.6820750683393546e-08;1.7636152048114263e-08;1.5564823610348914e-08;1.382651300166239e-08;1.9194982953711044e-08;4.3269563631708926e-08;9.17228647398065e-08;1.4782735408477945e-07;1.7882425745276152e-07;1.655543145672525e-07;1.0877552487818675e-07;6.080661960605667e-08;9.636967433217029e-08;6.901543313458978e-07;2.9167252234506457e-06;8.371461360358429e-06;1.8972513962318848e-05;3.679620750369775e-05;6.240151901157717e-05;9.493773615476063e-05;0.0001317952862796;0.0001694319871421;0.0002039393361724;0.0002334590361319;0.000257052829976;0.0002746716546449;0.0002865201140807;0.0002927363240571;0.0002912306790703;0.0002805351456311;0.0002614533024254;0.0002363021752091;0.0002084352506926;0.0001806800871779;0.0001545086761954;0.0001313230138145;0.0001122242549474;9.747649647626768e-05;8.671575975032724e-05;7.902627399098987e-05;7.365056554698946e-05;6.987388626774498e-05;6.699835274201767e-05;6.457692191399407e-05;6.22544185701521e-05;5.997538017584847e-05;5.775082371907101e-05;5.5723565677421065e-05;5.393141125760281e-05;5.236003568135693e-05;5.096956117106795e-05;4.985028200426295e-05;4.874345133493549e-05;4.79598955695157e-05;4.743739763763746e-05;4.705830063484121e-05;4.671681320031684e-05;4.6262232770695485e-05;4.556963046743634e-05;4.46201345154687e-05;4.351199061700727e-05;4.250997396225664e-05;4.1910139900192136e-05;4.179024362715863e-05;4.185764764299674e-05;4.170069894258276e-05;4.105267489504281e-05;3.985835528637242e-05;3.854583325874184e-05;3.7518793594645255e-05;3.687410145177701e-05;3.6569748091995775e-05
861.0922827908034;9.841970071301788e-08;1.496184745698613e-07;1.74254920919454e-07;1.6141617908521446e-07;1.3041768281255085e-07;9.670109957328053e-08;7.130914338124125e-08;4.311448702871559e-08;2.5367410392334666e-08;1.5210443567801986e-08;1.2016618044081153e-08;1.6593184436556282e-08;3.540867495942693e-08;6.841306727908949e-08;9.815126981850653e-08;1.1499093988032765e-07;1.132297051934427e-07;9.68249350752274e-08;6.574868705548462e-08;4.2953648319267625e-08;3.3616876035589846e-08;2.4749958934807808e-08;1.6752106266452538e-08;1.0410241436039628e-08;6.9643706398460695e-09;6.278672936500009e-09;1.0635476765156796e-08;2.1821590242164605e-08;4.1047569056452426e-08;5.783306245559521e-08;6.82347214803128e-08;6.736760273070362e-08;6.68958748633754e-08;9.804065947550589e-08;1.7040208494695878e-07;2.449051321247111e-07;2.666402188538368e-07;2.2158603887557834e-07;1.3983996065023948e-07;9.739379914942873e-08;2.730819857901474e-07;1.0902825155392988e-06;3.467217010356205e-06;8.918065053793785e-06;1.970103607478508e-05;3.777700749404421e-05;6.325282544980345e-05;9.478141511530206e-05;0.0001301619697234;0.0001674858661784;0.0002038114904702;0.0002366131664575;0.0002631839632534;0.0002829248137372;0.0002950581591622;0.0002993119384967;0.0002945327379808;0.0002810662591364;0.0002600752802665;0.0002348505626129;0.0002080964704415;0.0001815352131229;0.0001564980021547;0.0001345584947596;0.000115893967089;0.0001010223473894;8.977287821097286e-05;8.151267082084393e-05;7.567568629734573e-05;7.151450045656883e-05;6.819625297083862e-05;6.519167051312611e-05;6.268075342362713e-05;6.057536512163427e-05;5.884126725791111e-05;5.7417282939726e-05;5.611056363032622e-05;5.449371376052453e-05;5.250824876121633e-05;5.041022280410012e-05;4.822830352423344e-05;4.654958780196805e-05;4.557854667595925e-05;4.5227735060892734e-05;4.543312927799423e-05;4.5487176412091146e-05;4.52237085190211e-05;4.492772208794448e-05;4.424376810274836e-05;4.328142563937314e-05;4.234868333722399e-05;4.155755792804655e-05;4.101117724227087e-05;4.070494092269904e-05;4.039748682885593e-05;3.987971235903609e-05;3.932421398775622e-05;3.8811252951942885e-05;3.8498505288897816e-05;3.835464303673846e-05
862.9930291113742;1.1173930842625501e-07;1.3146363620365229e-07;1.4025846076889626e-07;1.2970362944413316e-07;1.0461578367818305e-07;8.004728218371477e-08;5.2701861912123065e-08;3.2135434056895927e-08;1.8716985078580805e-08;1.2050323358616557e-08;9.002568772838993e-09;8.23778407485756e-09;7.96531250303866e-09;7.277048305174838e-09;6.392576571832467e-09;7.667141788109527e-09;1.2233878231176126e-08;1.8700242520469916e-08;2.5862386639823533e-08;3.1304317125017946e-08;3.7218671859316025e-08;4.3752234647725534e-08;5.1392223952099056e-08;5.469567145430811e-08;5.0360439784596746e-08;3.9209143693910096e-08;3.057460870719452e-08;3.444383657009583e-08;5.286062710836512e-08;8.188952177442278e-08;1.0896373912299122e-07;1.1629338152545989e-07;1.1311887238708772e-07;1.3230262042601153e-07;1.7926802812963507e-07;2.223125480246797e-07;2.3061343707041446e-07;2.020163059752269e-07;1.6702561097261865e-07;1.898887720756645e-07;4.436425918598572e-07;1.2683231453103709e-06;3.343820302531573e-06;8.393626768522381e-06;1.90172068613967e-05;3.6983969684802975e-05;6.245275963707063e-05;9.4482573679679e-05;0.0001313946865357;0.0001713409646611;0.0002121429134006;0.0002485462827358;0.0002762246823403;0.0002944976110653;0.0003033368408555;0.0003027009832898;0.0002938832457496;0.0002775019003978;0.000255165122866;0.0002299763194946;0.0002038893379877;0.0001780063772667;0.0001540798070577;0.0001334153778285;0.0001163117430978;0.0001025836094837;9.17164413354526e-05;8.334842690397361e-05;7.708282289431388e-05;7.251308294975073e-05;6.870557403608039e-05;6.530315565481218e-05;6.235553637175332e-05;5.987282018057851e-05;5.786764924168992e-05;5.638641579510143e-05;5.51601394426985e-05;5.37769757412909e-05;5.197007169438929e-05;4.9787098939296754e-05;4.759633658068827e-05;4.592173141958794e-05;4.499849752945473e-05;4.473931389858225e-05;4.488038183091955e-05;4.512398676986245e-05;4.536639269987167e-05;4.552289399226576e-05;4.545110289245704e-05;4.5033627383248537e-05;4.422011060205138e-05;4.310928143909139e-05;4.1977859548585365e-05;4.104523335538487e-05;4.0435291604203696e-05;4.011062698192089e-05;4.008141691435917e-05;4.010114767423124e-05;4.012506084268133e-05;4.011809985159483e-05
864.8931081823357;1.215159414153829e-07;1.095792285353142e-07;1.1078480537406049e-07;1.2796180493817596e-07;1.453563021237815e-07;1.357950360238037e-07;1.0752611221562509e-07;7.015815816988208e-08;4.050256483071288e-08;2.2619591419514017e-08;1.6710803972001584e-08;2.1290577788958988e-08;3.569414483785203e-08;4.560355810610959e-08;4.88729317999326e-08;4.6771224857751846e-08;3.5955871018456414e-08;3.0540585907719244e-08;2.985938473981253e-08;3.496586169244632e-08;5.608252879879416e-08;9.497426664508309e-08;1.3955267938195384e-07;1.676853474817299e-07;1.6239117532275837e-07;1.2652917731049786e-07;8.160443915245284e-08;5.1665276235486186e-08;4.31109017711034e-08;5.5934681310532256e-08;7.137589412356423e-08;7.53721730235795e-08;7.081176290660489e-08;7.333161772420565e-08;8.511990121795973e-08;9.428645792858421e-08;1.000518958494874e-07;1.2145157254713916e-07;1.620040365218224e-07;2.151536155246205e-07;3.329169203434333e-07;7.890707432312332e-07;2.2623609191761955e-06;6.584296387616722e-06;1.6678238291256293e-05;3.451107147403115e-05;6.053855231305944e-05;9.406900380479736e-05;0.0001328876300644;0.0001743379918394;0.0002155064379146;0.0002510646964875;0.0002779141438636;0.0002951662044408;0.0003028264347684;0.0003016867806585;0.0002919876777835;0.0002743815835072;0.0002512540112563;0.0002251471579486;0.0001983567576234;0.0001726501077278;0.0001497397829665;0.0001303279188256;0.0001146040318148;0.0001020009739799;9.165636019352733e-05;8.32327914417384e-05;7.649734273537241e-05;7.105403945569574e-05;6.646063199130159e-05;6.27241341372014e-05;5.986982181227565e-05;5.7558054626076605e-05;5.5718815496501054e-05;5.433199086417088e-05;5.33486427670132e-05;5.258375005964679e-05;5.179936043592646e-05;5.061939950883146e-05;4.9313729488189466e-05;4.795734111948988e-05;4.6662585571329295e-05;4.552050091906091e-05;4.458300019674079e-05;4.400956519823264e-05;4.394087875347517e-05;4.415995609070297e-05;4.461787876223996e-05;4.506996140257535e-05;4.510224223203687e-05;4.449289534696589e-05;4.322099781703989e-05;4.1823444431109504e-05;4.069267334892344e-05;4.022786807858321e-05;4.024052738567008e-05;4.0733543549737085e-05;4.12139220152763e-05;4.150081684849789e-05
866.7925200188656;8.903474899581668e-08;8.93576002063763e-08;1.0684158930532507e-07;1.443875170308482e-07;1.7977679688389485e-07;1.951647362763978e-07;1.864432859453745e-07;1.5064754787400717e-07;1.0143837601220605e-07;6.064674150165054e-08;4.0601716957959076e-08;4.4304724139990297e-08;6.528732635047514e-08;8.579669944309703e-08;9.211010121631417e-08;8.296633162877762e-08;6.247394541720477e-08;4.080795091677028e-08;3.0198354380457386e-08;3.621167127342452e-08;6.447416376608225e-08;1.1646282592589765e-07;1.7245660914533826e-07;2.0383568885632805e-07;1.929410712082364e-07;1.470851482723568e-07;9.257666893606773e-08;5.285630963664897e-08;3.6732912997696346e-08;3.8843931324305465e-08;4.172576175526247e-08;3.8108743230891707e-08;2.897007194944594e-08;2.3673057419646428e-08;3.893169471267154e-08;7.47572304123134e-08;1.1039990932179992e-07;1.3659684877512606e-07;1.5018522913039146e-07;1.3264026050637881e-07;1.2373874228624606e-07;4.366448010321418e-07;2.0361468450777088e-06;6.610317003632321e-06;1.676844257920848e-05;3.4749002982052406e-05;6.134740854554952e-05;9.57418342311403e-05;0.0001354139053867;0.000176365088173;0.0002144346532698;0.0002478526050038;0.0002741210427435;0.0002917984759054;0.0003002742002482;0.0002997865750868;0.000290228068991;0.0002728323535042;0.0002496022856672;0.0002230729270065;0.0001958664757247;0.0001705213233489;0.0001483643192042;0.000129841407983;0.0001144500850925;0.0001016835775961;9.112812178280392e-05;8.221385394189702e-05;7.485494462525455e-05;6.876272037740014e-05;6.404599567194963e-05;6.05747265876515e-05;5.81418482813957e-05;5.646373710963733e-05;5.534240304866475e-05;5.474634989063773e-05;5.457149249726669e-05;5.462831470814292e-05;5.448488859316455e-05;5.365348962650991e-05;5.183451537337853e-05;4.948967656316046e-05;4.691210816445397e-05;4.4735051862223566e-05;4.318534567694379e-05;4.2275489871899024e-05;4.171684531317371e-05;4.1593058851580726e-05;4.180991275612899e-05;4.216727703451584e-05;4.23159176717709e-05;4.197906394557687e-05;4.121136551012771e-05;4.039150581456509e-05;4.0013516968344745e-05;4.036700285419536e-05;4.112144713425604e-05;4.202254731883111e-05;4.271249030090374e-05;4.307170942114953e-05
868.6912646362871;2.63528527395213e-07;2.3398681318530693e-07;1.926386445290633e-07;1.6231582466559625e-07;1.698133274971247e-07;2.092845916231185e-07;2.273878968627943e-07;2.0874324448170694e-07;1.544877461310786e-07;1.0147251896117893e-07;7.106070170737884e-08;6.33198054480986e-08;6.664109576091047e-08;7.650764124399552e-08;8.272463575620213e-08;8.291262028035604e-08;8.49924034102355e-08;7.160180835744997e-08;5.303797998941022e-08;4.1593311176704245e-08;4.914739221666085e-08;7.096202214324125e-08;9.230649376745541e-08;1.0026198518153864e-07;8.897344523611946e-08;6.481351666571189e-08;4.233706126463448e-08;3.2559726106615707e-08;3.7516715586819214e-08;5.6288090223158456e-08;6.882802686375854e-08;6.526508995494832e-08;4.890167781117746e-08;3.8535467131889555e-08;7.074434555454393e-08;1.46217321632234e-07;2.1037884738722737e-07;2.198422896830224e-07;1.6920473273406521e-07;9.342646088646033e-08;7.751244524605035e-08;5.738005928606972e-07;2.646960505953381e-06;7.791683029605206e-06;1.8162314176018995e-05;3.6140895413013805e-05;6.278032447447771e-05;9.731489439368753e-05;0.0001368011285061;0.0001768324153611;0.0002137586235957;0.0002465187849675;0.0002734436509006;0.0002925119089562;0.0003022290465745;0.0003022118965241;0.0002925368715321;0.0002747130062159;0.0002507303691435;0.0002232992269253;0.0001960053843498;0.000171304142142;0.000149734576535;0.0001311474140898;0.0001151038692226;0.0001013876267456;8.979729624528757e-05;8.010727554392708e-05;7.240769536579076e-05;6.67975770624876e-05;6.306809168368701e-05;6.0555888637878335e-05;5.874239451149188e-05;5.7540822641575216e-05;5.675339318894961e-05;5.623234959916906e-05;5.5896645105575846e-05;5.567229747467519e-05;5.498012323415504e-05;5.357605536844723e-05;5.137485838174913e-05;4.869037202410069e-05;4.61323681083219e-05;4.447104447650137e-05;4.337775626000727e-05;4.282794299400395e-05;4.2334219715145246e-05;4.1733667604400325e-05;4.108637627477709e-05;4.03771291854045e-05;3.981792038917202e-05;3.940933536579028e-05;3.9168307941954605e-05;3.907672363567923e-05;3.93021807618943e-05;3.97685155446552e-05;4.054382051258577e-05;4.129954783037601e-05;4.191930926618156e-05;4.228797174370868e-05
870.5893420500906;4.990319698589298e-07;4.0914162326120054e-07;2.8822266321730804e-07;1.7323366355499393e-07;1.2607635858170898e-07;1.2950130074470564e-07;1.350329441263279e-07;1.235619993871652e-07;9.625088794824581e-08;7.389032320189569e-08;6.515058638821359e-08;6.210577503729195e-08;5.678287984431523e-08;5.161381356011261e-08;6.269910841603187e-08;9.496109170274937e-08;1.284726974667921e-07;1.37755342073616e-07;1.14674035862044e-07;7.379965269038068e-08;4.273651988774709e-08;2.9859778355868173e-08;2.3620867573489812e-08;1.9098324600364923e-08;1.4839534469333476e-08;1.1148779207639202e-08;1.0426215920262316e-08;1.6888082712909646e-08;3.6890627967880474e-08;6.829327302855553e-08;8.9757859470493e-08;8.864252315863459e-08;6.90122249418309e-08;4.8761112349390256e-08;6.202289796587774e-08;1.1616674768732133e-07;1.81522395862942e-07;2.0969801981564417e-07;1.758809826161635e-07;1.1308893808948586e-07;1.0803305540926518e-07;5.740323396411744e-07;2.5443167584921723e-06;7.789381055939924e-06;1.843819003081025e-05;3.644202010923236e-05;6.265532660065509e-05;9.591470562326062e-05;0.0001335531498088;0.0001722936969839;0.0002091613227255;0.0002420907771017;0.0002698402091372;0.0002904140201311;0.0003017630756457;0.0003028633130569;0.0002937492182922;0.0002762270115357;0.0002522402211327;0.0002250348728305;0.0001979379841337;0.0001730447331183;0.0001508124125744;0.000131367946938;0.0001140830333022;9.927850505268786e-05;8.702513486207953e-05;7.747940574787191e-05;7.048667365315962e-05;6.573542717368098e-05;6.271137762909733e-05;6.0754934574820034e-05;5.9304662626901e-05;5.817990148771265e-05;5.708289148299442e-05;5.593755048113397e-05;5.488116493424564e-05;5.388270515916135e-05;5.287796473287319e-05;5.161883043902711e-05;5.015548211190263e-05;4.837622490242907e-05;4.670915266065359e-05;4.538492454119127e-05;4.467585967513577e-05;4.4216522345073904e-05;4.388909111111336e-05;4.339011205848863e-05;4.277391531614054e-05;4.218403649825135e-05;4.172083964297472e-05;4.13658472293446e-05;4.098525796217013e-05;4.029016855793173e-05;3.940105311597861e-05;3.846039402407672e-05;3.7624546840134485e-05;3.720339672042567e-05;3.71647038180076e-05;3.731054514579439e-05
872.4867522759232;3.362527294273476e-07;2.6279442636819585e-07;1.748061891520245e-07;9.661332470970923e-08;5.31897283072181e-08;3.347995974655467e-08;2.7827758052624984e-08;2.3897746902300343e-08;2.1769024627105583e-08;2.31289259441409e-08;2.7033142724606825e-08;2.9083266942489258e-08;2.631905818879701e-08;2.2579398315975312e-08;3.513431999911549e-08;7.314953439162472e-08;1.121606432091608e-07;1.290887342867068e-07;1.1380037202399646e-07;7.621106740215917e-08;3.7584216075453315e-08;1.8477567665853092e-08;1.1195377756892976e-08;8.082098925852651e-09;6.834441308760978e-09;6.3548095352788885e-09;6.524056107251795e-09;8.768957831610191e-09;2.0038302430817664e-08;3.4475536377815924e-08;4.4930601336574605e-08;4.5197992956287455e-08;3.75856498613704e-08;2.8334450198287493e-08;3.1169590900850624e-08;5.927211463160583e-08;1.0817516517593515e-07;1.506701636609001e-07;1.556161522459865e-07;1.229105321320251e-07;1.0218239371869454e-07;3.613828280632807e-07;1.9068764753608564e-06;6.755791193683504e-06;1.697971309221384e-05;3.4458453386179655e-05;5.9544850294336986e-05;9.113720001364876e-05;0.0001269920961008;0.0001644235245736;0.0002005616452114;0.0002332458267323;0.0002602757190429;0.0002799999660477;0.0002908695590405;0.0002922533312141;0.0002846076335118;0.0002693869091451;0.0002484099461597;0.0002234994411021;0.0001972620650885;0.0001719393043059;0.000148927891431;0.0001287015585693;0.0001111775730424;9.639326933012868e-05;8.4661870173682e-05;7.605330680338084e-05;6.994976107339737e-05;6.561166184195031e-05;6.267973930863471e-05;6.060697035029485e-05;5.891613790680424e-05;5.73338493273378e-05;5.5806433216441575e-05;5.4379289235104e-05;5.309413154393959e-05;5.2160676505467566e-05;5.157142717449966e-05;5.09166993261515e-05;4.990647234586544e-05;4.852436924184223e-05;4.70555193242862e-05;4.573868611826475e-05;4.498286448327389e-05;4.4660149663123145e-05;4.45002796813808e-05;4.4215275445095256e-05;4.373216589146524e-05;4.3297771334248e-05;4.2881482278944514e-05;4.24724252323387e-05;4.193939835160201e-05;4.1049250474244535e-05;3.960957745720554e-05;3.788464492864118e-05;3.611499789438832e-05;3.4707381854383046e-05;3.37879206753783e-05;3.334799976873394e-05
874.3834953295809;1.403987967320714e-07;1.0262638059440685e-07;6.186920958857318e-08;3.2524011594273764e-08;2.4669565722104536e-08;3.0178577923003844e-08;4.40155629608006e-08;5.4022876438048634e-08;5.235491903772022e-08;4.0413993819738126e-08;1.8452223983638732e-08;8.69819564254699e-09;5.822116610969731e-09;6.937834545717889e-09;1.4202122630508873e-08;3.151269425356564e-08;5.307262898981117e-08;6.513989825288039e-08;6.155760196690187e-08;4.13726959068648e-08;2.0992122142755548e-08;9.766336304061569e-09;6.1163044714447346e-09;4.705345855491896e-09;3.8512807453259285e-09;3.756065864219537e-09;5.080153206130794e-09;6.250616624362343e-09;7.502624457410064e-09;8.331927695327836e-09;1.0583956949202074e-08;1.7261867196759235e-08;2.9342335431717774e-08;4.058556004578438e-08;4.62659659165759e-08;5.50507107473864e-08;6.521917510007134e-08;7.412247132664606e-08;8.120241787401193e-08;7.251605173305991e-08;1.1487565660727625e-07;4.948380626283944e-07;2.018742217810066e-06;6.323586483587854e-06;1.5450966607114225e-05;3.183161199680812e-05;5.596883183733364e-05;8.707252996742785e-05;0.0001227001960607;0.000159519084368;0.0001948054425745;0.0002265884573646;0.0002525352096811;0.0002709578311672;0.0002809451454414;0.0002822532331812;0.0002752166104173;0.0002607477588245;0.0002405743947782;0.0002160353222106;0.0001906871621445;0.0001664762332442;0.000144584909597;0.0001252743585902;0.0001090739370032;9.54044122592653e-05;8.435576534126693e-05;7.594862450431528e-05;6.989432730417647e-05;6.556193433726846e-05;6.263169154943922e-05;6.041712689212414e-05;5.854395720202442e-05;5.6758813635887215e-05;5.510588832540222e-05;5.352247483773146e-05;5.18987024004639e-05;5.050846200593129e-05;4.942264189750622e-05;4.85897126227547e-05;4.777924801008608e-05;4.692474911529288e-05;4.62560079539186e-05;4.586808285969092e-05;4.559738410035526e-05;4.5443598901567965e-05;4.5015336002047456e-05;4.41302271616761e-05;4.278104362035112e-05;4.1615952004377424e-05;4.101491091320433e-05;4.0971016972461954e-05;4.105003303828047e-05;4.077185052562376e-05;3.977707999475779e-05;3.815283930343406e-05;3.646634149337139e-05;3.5001345591394734e-05;3.399381113340865e-05;3.342961921334223e-05
876.2795712270272;1.2445131068901497e-07;9.895463364900465e-08;6.503103703033256e-08;3.614743830176188e-08;3.043669036120097e-08;4.714927458833284e-08;7.484135596905121e-08;9.518761092067553e-08;9.242617259154659e-08;7.005682346290779e-08;4.0359851646076406e-08;1.9038939233341956e-08;1.1046816516870351e-08;8.775218733472612e-09;1.1798832272219844e-08;2.365012482404785e-08;3.8655073747678244e-08;4.6075390751532185e-08;4.09888995068306e-08;2.635307410089157e-08;1.2507289443634102e-08;6.1372617432855166e-09;4.893660963996644e-09;4.320233154970555e-09;3.740403423368992e-09;3.7144462748850452e-09;5.778561370352754e-09;1.0171040661933453e-08;1.4205840931945266e-08;1.7781323416038188e-08;2.4287621486801273e-08;3.8755384926700494e-08;6.247399445129285e-08;8.345349628128712e-08;8.684070256741834e-08;7.07920723422119e-08;4.4966935037534244e-08;2.5268902129631618e-08;2.157406572756208e-08;3.3703301251946834e-08;1.6286148621708378e-07;7.636567451385726e-07;2.493107820713354e-06;6.868726237922199e-06;1.6176570869154414e-05;3.274186820859291e-05;5.677952977499001e-05;8.753568741526311e-05;0.0001224812571075;0.00015844924065;0.0001929214374932;0.0002242895890234;0.000249831887882;0.0002681532871852;0.0002786443099902;0.0002807501577667;0.0002738468568402;0.000259192380583;0.0002382809033841;0.0002137637042353;0.000188475859157;0.0001642420671412;0.0001425557448103;0.0001239274637359;0.000108243625199;9.534547238693472e-05;8.46370156963966e-05;7.588565767102483e-05;6.923965127287561e-05;6.449225784966061e-05;6.130268571887998e-05;5.9140049308126246e-05;5.757926630512049e-05;5.625785238017681e-05;5.484932681474718e-05;5.3244090336938105e-05;5.154820028142401e-05;4.98545960519293e-05;4.849034232452056e-05;4.750637258931417e-05;4.683185461651009e-05;4.641254413871628e-05;4.621957390951446e-05;4.620550259754878e-05;4.624601337352945e-05;4.6025240643233375e-05;4.5196423165510966e-05;4.367572550124829e-05;4.1823670132003365e-05;4.053250256598798e-05;4.020112380208772e-05;4.0742366265420666e-05;4.1473072367012354e-05;4.165189562124228e-05;4.093291106823717e-05;3.949499765951792e-05;3.785642077313072e-05;3.636927054183247e-05;3.533700993845117e-05;3.473747499895437e-05
878.1749799843783;6.287703444958532e-08;4.968413868975692e-08;3.2540567933356686e-08;2.062844258712737e-08;2.7567870784858258e-08;4.884135789208515e-08;7.241303344428788e-08;8.16724327558687e-08;7.307258185627799e-08;6.246439083988173e-08;7.245405018248829e-08;1.1694044740523897e-07;1.6137845669043095e-07;1.7648039988157127e-07;1.5131726071640132e-07;1.076677589957582e-07;6.744995916424969e-08;4.4074405308762496e-08;3.1550411808634525e-08;2.28224568782466e-08;1.3794061361722069e-08;1.1398553117690328e-08;2.7694309913750446e-08;6.03302967969642e-08;1.0701257145927609e-07;1.464270806323377e-07;1.5292280941345734e-07;1.2661768084992978e-07;8.485081434173357e-08;5.041860461613544e-08;4.161259326535937e-08;5.534355513660314e-08;8.128699736002886e-08;1.0613047964200776e-07;1.1459432845166997e-07;9.82536353246538e-08;6.524538380225705e-08;3.9691939011983074e-08;3.600114567410824e-08;6.853153866921634e-08;1.841497650040062e-07;7.297616360224478e-07;2.425463358564074e-06;7.053774847620587e-06;1.7144537966734803e-05;3.452582396556411e-05;5.923818454305564e-05;8.989770263400822e-05;0.0001239020957539;0.0001590512869638;0.000193635576827;0.0002250885783286;0.0002504993884104;0.0002686608347446;0.0002790160928291;0.0002813738007549;0.000275024209236;0.0002610251432163;0.0002408394292593;0.0002169634445557;0.0001914456268224;0.000166445759354;0.0001436219580666;0.0001242020229681;0.0001083195620111;9.562378553006354e-05;8.504061788491802e-05;7.604875502758586e-05;6.87676880643085e-05;6.335676012025806e-05;5.966442187531509e-05;5.761581363241712e-05;5.678698769723793e-05;5.6442527873543406e-05;5.578813837463101e-05;5.460725947906264e-05;5.323269121985485e-05;5.19584255925667e-05;5.095605514666357e-05;5.015225202845078e-05;4.9467137361166426e-05;4.873055243880572e-05;4.793661007477488e-05;4.7286328895845015e-05;4.684425298481337e-05;4.6398744200368985e-05;4.578116215399565e-05;4.475697808153895e-05;4.3655321473146566e-05;4.2682609846655646e-05;4.215506569944268e-05;4.216448288623284e-05;4.245031698004031e-05;4.264687642395069e-05;4.234214055138098e-05;4.1429089764220334e-05;4.006310067509684e-05;3.855229500224657e-05;3.720037387331259e-05;3.624383381557011e-05
880.0697216179105;6.7950215311653655e-09;4.223804776890781e-09;2.3759397041581276e-09;6.9468224149732245e-09;2.6384338791287057e-08;6.305764499285434e-08;1.0531050526808217e-07;1.328267752602647e-07;1.348114036291417e-07;1.3510824149152866e-07;1.6909192098877525e-07;2.438177891151561e-07;3.2542313501455494e-07;3.519870669573515e-07;2.972326452437492e-07;1.9759125596785085e-07;1.0471764778754117e-07;5.9138721530109295e-08;5.5467342223765934e-08;6.491657533981178e-08;7.171753761689708e-08;7.525935684143806e-08;9.35568837438342e-08;1.4322065857796593e-07;2.226699705423303e-07;2.936937678739376e-07;3.025866031186746e-07;2.435248722955173e-07;1.5365556135290376e-07;7.99338950862822e-08;5.810030197577048e-08;7.584109077745854e-08;1.0673417372747202e-07;1.3414084133566972e-07;1.432239475636115e-07;1.265194711023262e-07;9.787869589783756e-08;7.889347950697289e-08;8.860222399410218e-08;1.4011735665637338e-07;2.1823900785889506e-07;6.142223659649847e-07;2.0288864999223287e-06;6.372703558368336e-06;1.663834752475661e-05;3.481520327806427e-05;6.078622901707083e-05;9.280347831903215e-05;0.0001276864175235;0.00016333138282;0.0001984765972071;0.0002303316456317;0.000256116878449;0.0002746727821431;0.0002850398845473;0.0002866487407184;0.0002796545238113;0.0002643334956285;0.0002427515902921;0.0002182416034925;0.0001931629710275;0.0001687409770453;0.0001461300148206;0.0001266108431961;0.0001105005209994;9.733433607184344e-05;8.65378522124217e-05;7.752136623910957e-05;7.02741772622578e-05;6.488849429661902e-05;6.1237163431325e-05;5.895725067163463e-05;5.7826181400677e-05;5.743901391401538e-05;5.706850410750558e-05;5.626385154525999e-05;5.5138635288206616e-05;5.406606481575188e-05;5.319246095497118e-05;5.244469458645968e-05;5.1642548255351726e-05;5.067191526017122e-05;4.954784919284367e-05;4.84109904251547e-05;4.737521831145737e-05;4.6596965979250215e-05;4.604852833374458e-05;4.558100907579789e-05;4.504800227377543e-05;4.429276773290969e-05;4.353411945273004e-05;4.298049819047244e-05;4.275353314218215e-05;4.277929122933098e-05;4.279958069186396e-05;4.25280308199986e-05;4.160663704364093e-05;4.024539201039668e-05;3.886244893462091e-05;3.777694166207385e-05
881.9637961440421;4.376888199931583e-09;3.878902233130419e-09;4.100749046283166e-09;8.273213820014271e-09;2.0684076128192725e-08;6.206508868449993e-08;1.37581595719313e-07;2.2178456901801834e-07;2.736718570302587e-07;2.807162908603091e-07;2.6192671504288497e-07;2.394729237613163e-07;2.2830727280455037e-07;2.102123732452409e-07;1.7134705332774475e-07;1.2700185121271316e-07;9.644804240647161e-08;9.349730962730653e-08;1.206738879624509e-07;1.46357315266943e-07;1.5481794195552384e-07;1.4277249306242674e-07;1.2573370474404014e-07;1.2193340834105777e-07;1.385625979518771e-07;1.6145545231008165e-07;1.6270291047757953e-07;1.3381432988733256e-07;8.934692895549672e-08;5.4514441783885866e-08;5.149582921424355e-08;7.015201936288336e-08;9.208612212156749e-08;1.071286189447701e-07;1.0867727469190475e-07;9.4281160039806e-08;8.016748303598422e-08;8.536796648207339e-08;1.1769162785434357e-07;1.802400607474445e-07;2.750507674907464e-07;6.731277207010829e-07;2.031364244453422e-06;6.333484203997929e-06;1.7057599798244664e-05;3.683287840331234e-05;6.548462131591762e-05;0.0001005310155672;0.0001377831225344;0.0001743716563748;0.00020902931103;0.0002403947639901;0.0002669375440062;0.0002877477261954;0.0003008649647463;0.0003041467213145;0.0002971288559309;0.0002800717100113;0.0002555533390117;0.0002281935343636;0.0002013272393107;0.0001756493675607;0.000152109272244;0.0001316792977215;0.0001144683192243;0.0001003257253368;8.902144973299919e-05;8.00134012909128e-05;7.304776370351428e-05;6.78345004087932e-05;6.402035462136642e-05;6.115112354906465e-05;5.9020176476909584e-05;5.7372942630197455e-05;5.619232166751598e-05;5.535173861622494e-05;5.477700960341257e-05;5.436369993685e-05;5.395156030727219e-05;5.34253224308289e-05;5.269133561780642e-05;5.168199961628404e-05;5.042186992543262e-05;4.90140383743604e-05;4.762937376550941e-05;4.647767653767779e-05;4.564146753971526e-05;4.496349564133861e-05;4.428540562899604e-05;4.355386602220026e-05;4.2838567344634447e-05;4.2306540505457406e-05;4.209303251338153e-05;4.218965311039282e-05;4.236218720322533e-05;4.2255197998115e-05;4.162956147587913e-05;4.0637884055553193e-05;3.9568965411085565e-05;3.8764775624859495e-05
883.8572035793732;3.2508300933612404e-09;5.766963150796043e-09;7.980128457997372e-09;9.047539091073988e-09;1.0312687153311942e-08;2.9417604061387636e-08;9.1692904878161e-08;1.8096718150306266e-07;2.505826778547608e-07;2.666677228075027e-07;2.174252012882265e-07;1.3751760697078888e-07;7.37120521895277e-08;3.7379272068007985e-08;2.4633754068055896e-08;3.331335135472349e-08;5.950362099225765e-08;9.626339139486743e-08;1.291607473003422e-07;1.4072320978916778e-07;1.2709619782851796e-07;9.781817946336656e-08;6.543524391298121e-08;4.051370110648901e-08;2.381922433533568e-08;1.4789595045578769e-08;1.2609685843850844e-08;1.3617907926172261e-08;1.480915909455628e-08;1.7474047988416166e-08;2.453797308556692e-08;3.2587200224236974e-08;3.753169098672318e-08;4.0547290891131996e-08;4.0867838211350695e-08;3.8323394982398896e-08;4.2218422971223743e-08;6.193264969710167e-08;1.0180467422808869e-07;1.6933015260827433e-07;2.970372589987839e-07;8.2138314442043e-07;2.5263431059627235e-06;7.545423846781382e-06;1.9367976078225454e-05;4.062383112319603e-05;7.161155285531986e-05;0.0001096143229066;0.0001499639648988;0.0001892025420632;0.0002257303089236;0.0002584554188996;0.0002863784247612;0.0003085907168286;0.0003230716919538;0.0003276735484311;0.0003209863503012;0.0003034100828702;0.0002775736480017;0.0002478984926844;0.0002180199441824;0.000189262471268;0.0001627579204285;0.0001398618450132;0.0001210241554955;0.0001060040550401;9.404793344320754e-05;8.419493585307193e-05;7.629247870149023e-05;7.01984414147753e-05;6.554992412199942e-05;6.201826613618132e-05;5.942042192474782e-05;5.750625398724821e-05;5.625701551963234e-05;5.571344912723569e-05;5.5687785220944944e-05;5.5771001976232415e-05;5.5565669219541695e-05;5.509950937609958e-05;5.439329978248996e-05;5.347335388473506e-05;5.234765214054168e-05;5.089614168893598e-05;4.9281701483054855e-05;4.767479756710152e-05;4.6233356591895256e-05;4.504231783862579e-05;4.407359743265104e-05;4.327695260179246e-05;4.2686077879476486e-05;4.233292668766693e-05;4.2123781324191845e-05;4.199122647393165e-05;4.1916869302891305e-05;4.152638016521629e-05;4.090136228433225e-05;4.018473008560107e-05;3.952686323340856e-05;3.903663820325009e-05
885.749943940631;2.9347639991367868e-08;2.0942324175451997e-08;1.3982192486291013e-08;9.392919269698784e-09;6.833185920352026e-09;9.308317568918409e-09;2.7610410372957072e-08;6.057266674877862e-08;8.698835465591973e-08;9.529922212932738e-08;7.945593766899172e-08;3.912917913040685e-08;1.7774636410211484e-08;8.521045593349339e-09;5.623242624813465e-09;8.501149136772537e-09;2.0061974247311068e-08;4.065997975103103e-08;5.0781316100019945e-08;4.882335420817835e-08;3.6586950834257274e-08;2.2105174846137886e-08;8.391249382165479e-09;4.4601369879509445e-09;4.068218069691484e-09;4.087929965380797e-09;3.991609716209581e-09;4.022526395268318e-09;4.319572454434803e-09;5.6652313945039605e-09;8.672297592952886e-09;1.2948078006031842e-08;1.6346037769743813e-08;1.91932522106338e-08;2.0706893239505157e-08;1.98935682213132e-08;2.4888554644969223e-08;4.522910013106359e-08;8.650145936676505e-08;1.458346344578011e-07;2.4434082356901e-07;8.387702631179378e-07;2.8973163806099424e-06;8.754906069473821e-06;2.157927532848359e-05;4.369079160151858e-05;7.533332128121561e-05;0.0001147749918639;0.000158210322094;0.0002024161423492;0.0002446744496836;0.0002826797008769;0.000314466862082;0.0003380902746325;0.0003513746255478;0.0003533457758051;0.0003438408751259;0.0003242926386284;0.0002975958359244;0.0002668466466036;0.0002347609300406;0.0002035630080239;0.0001751000159305;0.0001507411878112;0.0001308420784739;0.0001149512120638;0.0001020805658646;9.11823719012478e-05;8.192116105758322e-05;7.440813260934292e-05;6.879423140902747e-05;6.50033864492976e-05;6.276296334184678e-05;6.161868608435352e-05;6.100777241881833e-05;6.066053743078921e-05;6.0167537136228896e-05;5.946214710142174e-05;5.861364408720057e-05;5.7646173785857046e-05;5.639819338072999e-05;5.513510809868107e-05;5.394591099712852e-05;5.270607853504901e-05;5.128628626433332e-05;4.971708747543987e-05;4.815765574656229e-05;4.689155159373099e-05;4.615715527795665e-05;4.591300045958478e-05;4.587897264938918e-05;4.570035220919784e-05;4.500304982858184e-05;4.396326479406652e-05;4.279906151971228e-05;4.166178019867855e-05;4.0647850375775146e-05;3.973858295619791e-05;3.904674288443722e-05;3.856737307007559e-05
887.6420172447215;6.152871700096812e-08;5.685650866463879e-08;7.908102836293698e-08;9.068732931994421e-08;8.86850471991697e-08;6.97765687898326e-08;4.273392171991602e-08;2.1265032163835322e-08;1.1064842367668853e-08;8.421874285665905e-09;6.6157497385026584e-09;4.882412912374294e-09;3.497945163005237e-09;2.6643200040839555e-09;2.2209023097390955e-09;1.9529733048306102e-09;1.7249189687023815e-09;1.907748440937853e-09;3.2961756616324502e-09;5.303171326555777e-09;6.3112773387882055e-09;6.070482559031737e-09;6.486206574204205e-09;1.22069135703046e-08;2.9660736665163524e-08;4.10787243853842e-08;4.3570544711208865e-08;3.5753199239859504e-08;1.791932809748194e-08;8.834132215389327e-09;9.09423651250696e-09;1.3702652383141734e-08;1.8681821567441537e-08;1.991317111930313e-08;1.7645928979677524e-08;1.4285191352014382e-08;1.790499848506372e-08;3.6360832013154524e-08;7.160240840011183e-08;1.0693791723784913e-07;1.6825931705337389e-07;7.637740418157197e-07;3.146769590110511e-06;9.98531597841324e-06;2.3934700154947744e-05;4.677097938495528e-05;7.904039213453108e-05;0.0001198122538127;0.0001664229736568;0.0002160492776903;0.0002648803112091;0.0003094380627349;0.0003465638979053;0.0003732567260194;0.0003869068224816;0.0003872179749159;0.000375120736974;0.000352772116152;0.0003230551248102;0.0002886920844497;0.0002525212644646;0.000217866108603;0.0001869458110616;0.000160688354095;0.0001390487622599;0.0001214584742013;0.0001072273431552;9.578922540796772e-05;8.678094297220254e-05;7.983422855442966e-05;7.476513339980549e-05;7.13071462038608e-05;6.905899958814885e-05;6.746975933727344e-05;6.611453562592454e-05;6.474441272471068e-05;6.316700483105342e-05;6.169473832005938e-05;6.016389005244487e-05;5.8581393278268594e-05;5.700444856965776e-05;5.5497166996248766e-05;5.415853768564072e-05;5.304316961280952e-05;5.218832726328264e-05;5.157207699515868e-05;5.085076374965791e-05;5.024723643983594e-05;4.995309541963232e-05;4.990708055162384e-05;4.977866501052878e-05;4.928005325506955e-05;4.838570589311493e-05;4.722249298285359e-05;4.5900277960097584e-05;4.457177893739071e-05;4.325038061377365e-05;4.198672448328871e-05;4.092309969412852e-05;4.0217436451917926e-05
889.5334235086957;4.885999692801885e-08;8.135161355509147e-08;1.3090587598748394e-07;1.6623636215548814e-07;1.6652492788119785e-07;1.301151214385397e-07;7.738843384500917e-08;3.9472722021414875e-08;2.5309506330460505e-08;2.066902956225519e-08;1.682035529113577e-08;1.2367119272348564e-08;8.552416837980812e-09;6.3402168319454486e-09;5.178503196805866e-09;4.333551419897704e-09;3.6380571925398236e-09;4.333210485138004e-09;8.750380263093705e-09;1.551605302100617e-08;1.9793042553740733e-08;1.9890379758467308e-08;2.0431633711205324e-08;3.2385293532597336e-08;5.746942577879989e-08;7.94604332403758e-08;8.502349616840245e-08;7.330158996882887e-08;5.1131195827062136e-08;3.3408031004381566e-08;2.57309664488836e-08;2.1944888462557893e-08;1.8391947917062888e-08;1.517171448493337e-08;1.1300033917793209e-08;9.646904647482437e-09;1.5525593239745743e-08;3.2592443660334184e-08;5.87183207925123e-08;8.698344373291897e-08;1.4769713579372058e-07;7.390318826070576e-07;3.4263618446110377e-06;1.0987689670562428e-05;2.607861925729809e-05;5.061310782319342e-05;8.525483849387223e-05;0.0001292222825511;0.000179844593905;0.0002338595304784;0.0002868467365295;0.0003350921455267;0.000375130573434;0.0004041765849414;0.0004198888107905;0.0004208108973898;0.0004087166196263;0.0003855171572061;0.000353438457383;0.0003154954995952;0.0002749721664874;0.0002357887001111;0.0002004850633205;0.0001702865175322;0.0001452603475696;0.0001249787506878;0.0001090752231956;9.710300180940231e-05;8.86209478960657e-05;8.295306041942075e-05;7.912921472869318e-05;7.61464069813416e-05;7.34788969844447e-05;7.077013506587586e-05;6.7988886746629e-05;6.541048117131338e-05;6.31643346173131e-05;6.122362600623008e-05;5.957024916233078e-05;5.8129293425637885e-05;5.696602513880529e-05;5.590022334122994e-05;5.489865205173273e-05;5.403344924091789e-05;5.3313726559553565e-05;5.258330108548784e-05;5.2011087832104966e-05;5.155855153036e-05;5.133494954535427e-05;5.113355923330817e-05;5.065664947951045e-05;5.000462230546243e-05;4.961572414305673e-05;4.935050922442784e-05;4.909521237158065e-05;4.852226116627088e-05;4.744821002596312e-05;4.607198318000541e-05;4.476682818350309e-05;4.3791825265502746e-05
891.4241627497577;1.2176051346664356e-07;1.2600747352381994e-07;1.1984506135520166e-07;1.2189807693472876e-07;1.042101820898345e-07;7.956713464535027e-08;5.5132661484346386e-08;4.505515299840491e-08;6.255063490973138e-08;8.753708979855229e-08;1.0402925872432769e-07;1.0031751895820869e-07;7.909082902777988e-08;5.106451672606775e-08;2.408457672485748e-08;1.2745687481389894e-08;1.0151491755995089e-08;1.2116889315923412e-08;2.1458446511780813e-08;3.749948932205183e-08;5.43028624448198e-08;6.38435971126083e-08;6.295951752707431e-08;5.92654962324514e-08;5.549965863850613e-08;5.8022171748698636e-08;5.9535807326711724e-08;6.800574657834786e-08;7.883289556907247e-08;8.282784216410877e-08;7.617879839118846e-08;5.79628558414537e-08;3.351267547020276e-08;1.6673024884623933e-08;9.896681392064885e-09;8.140310493236169e-09;1.1816847595910861e-08;2.0497407199101644e-08;4.2297580715715065e-08;9.492275960869369e-08;2.2604815987393795e-07;9.815520952131004e-07;3.82522440514776e-06;1.1474681579691772e-05;2.703100850686832e-05;5.318203495830636e-05;9.091834049127904e-05;0.000139064342007;0.0001938328369093;0.0002509237537349;0.0003055058079744;0.0003542102816684;0.0003941367843912;0.000423149809893;0.0004390311435866;0.0004412131883786;0.0004301367429555;0.0004072884929178;0.0003744787043385;0.0003349996187543;0.00029245653403;0.0002507983537298;0.0002126366239146;0.0001796162493767;0.0001521355198497;0.0001298791829965;0.0001124196676265;9.940357714964956e-05;9.026964689605834e-05;8.425658252693888e-05;8.019819148609274e-05;7.708987574885579e-05;7.411303818601072e-05;7.105657978996447e-05;6.812994222537216e-05;6.562972790036114e-05;6.374687202565418e-05;6.225073639449215e-05;6.123809104763346e-05;6.03841279855901e-05;5.951781404669056e-05;5.8507387018788586e-05;5.727787524948749e-05;5.591632877156544e-05;5.436472415354913e-05;5.266326293845929e-05;5.131876065857325e-05;5.041658176248802e-05;5.008631181112833e-05;5.005854424980518e-05;4.998816365565252e-05;4.9716581000320144e-05;4.9307401663531897e-05;4.894065721897135e-05;4.881305806309528e-05;4.864573005918526e-05;4.8053215071244026e-05;4.70479453703594e-05;4.593990171391183e-05;4.504281146468548e-05
893.3142349852787;2.130237874879147e-07;1.6831349848862354e-07;1.1463246649291919e-07;6.448692817636084e-08;3.4040772165636426e-08;2.338816022373456e-08;2.6557575540711382e-08;4.823208326216919e-08;9.224369256658802e-08;1.4979265569337997e-07;1.9730978437042225e-07;2.086435122593813e-07;1.8391173648923946e-07;1.357253027119073e-07;8.46842645550617e-08;4.9589962719883836e-08;3.016828733844763e-08;2.5022158090856706e-08;3.940097281835996e-08;7.271452451684151e-08;1.1412227531726757e-07;1.436583314501865e-07;1.430319506021161e-07;1.132417162364421e-07;7.243302246757419e-08;3.984895652945239e-08;3.016747375302797e-08;5.1196397166773926e-08;8.497483781471792e-08;1.0632101312894053e-07;1.0584647058580169e-07;8.521819162511224e-08;5.6696532792407195e-08;4.316702174875227e-08;4.6953035662451e-08;5.1136685243271593e-08;4.755961195230299e-08;3.8891372968450296e-08;4.5316526720645165e-08;1.199031940510678e-07;3.43846355309526e-07;1.2943189569712624e-06;4.191195651251567e-06;1.1870094897969604e-05;2.750585202325977e-05;5.3990054333442296e-05;9.286966528632157e-05;0.0001433747465758;0.0002013729474977;0.0002615510896056;0.0003178382482094;0.0003663511558951;0.0004044964439311;0.0004309287785684;0.0004441845192342;0.0004458769145229;0.0004340864464486;0.0004103976748974;0.0003770450715671;0.0003374980335452;0.0002952855207261;0.0002540536598457;0.0002162260164073;0.0001832558765224;0.0001556448724783;0.0001331988357173;0.0001150534414154;0.0001010071353019;9.103672335351734e-05;8.427196721607235e-05;7.967713734955217e-05;7.637067214590656e-05;7.332268460997556e-05;7.054665631527861e-05;6.82274546270837e-05;6.635839160578291e-05;6.511440271197625e-05;6.437931860138883e-05;6.376965037716568e-05;6.295131181977187e-05;6.179397818199157e-05;6.011204390948629e-05;5.814622737048828e-05;5.6281064960628096e-05;5.46330254957327e-05;5.32308393114175e-05;5.178317530106968e-05;5.0419400002171874e-05;4.914141095050563e-05;4.8153471325510153e-05;4.7710741470411005e-05;4.766220210449967e-05;4.7671430567669136e-05;4.763010147519753e-05;4.733531589459426e-05;4.669728644988332e-05;4.579957507903955e-05;4.482682498986424e-05;4.403726440040848e-05;4.351393655403272e-05
895.2036402327685;1.0656347247664089e-07;8.487844519602427e-08;5.7786366801940006e-08;2.6754679763470947e-08;1.5504278307763016e-08;1.1641283379925098e-08;1.1982216550519736e-08;2.5898334887152132e-08;4.9964939410624e-08;8.984058420301601e-08;1.3777116963630873e-07;1.770991553838438e-07;1.9305547890031046e-07;1.758988123164352e-07;1.3436106979064676e-07;8.46372022194428e-08;4.547209390046167e-08;2.769231098004969e-08;3.5514491865316376e-08;6.761531293546453e-08;1.1036112643445365e-07;1.421988002731534e-07;1.4433505488186552e-07;1.1460050706001687e-07;7.054637190305499e-08;3.452699562316559e-08;2.094767182460896e-08;2.782163555830669e-08;4.636114408820097e-08;5.545218516177111e-08;5.53032299660631e-08;4.862834549873494e-08;4.3971523768730206e-08;5.5732045404084985e-08;8.036958111328307e-08;9.642943038873372e-08;9.108609431130996e-08;7.073072293491039e-08;5.5783001157004804e-08;9.682934167481645e-08;2.778600955212144e-07;1.1906308851603715e-06;4.228245082095651e-06;1.199001924873388e-05;2.7527541813749725e-05;5.389137955674215e-05;9.278019611421652e-05;0.0001435399860269;0.0002023339108622;0.0002634839159311;0.0003203602846283;0.0003686394033553;0.0004054574704675;0.0004296599516333;0.0004407121161704;0.0004385208593289;0.000423673554057;0.0003981166607392;0.0003641560935959;0.0003250636679135;0.0002845655766932;0.0002459521260913;0.0002110904441827;0.0001808030127293;0.0001549647486899;0.0001332314478802;0.0001153135706802;0.0001011078959803;9.06279390005098e-05;8.342095442007331e-05;7.873798761153817e-05;7.550981605177764e-05;7.29432732882435e-05;7.064473917304064e-05;6.855560718267324e-05;6.686609092797246e-05;6.563114335870655e-05;6.46149307589461e-05;6.34744141416408e-05;6.191051427044416e-05;5.992143448156253e-05;5.7782740299322064e-05;5.589718739363448e-05;5.460563082076722e-05;5.393820494306871e-05;5.345104255465777e-05;5.264838905174085e-05;5.123728701292475e-05;4.938911506763996e-05;4.763907567784376e-05;4.6721660269084296e-05;4.673068151289344e-05;4.723392576005624e-05;4.753359260710929e-05;4.698216468348787e-05;4.540499936558379e-05;4.375496589270901e-05;4.248323306790225e-05;4.191226460923554e-05;4.170400353995515e-05
897.0923785099039;1.3792551470919408e-07;1.3447951376155388e-07;1.1259228657135703e-07;7.870237558070495e-08;4.6002259753327986e-08;2.438129271653441e-08;1.6831952005621023e-08;1.4613612898638092e-08;1.6176467335456446e-08;2.9434132479658677e-08;5.958811421685886e-08;9.960014914195365e-08;1.285016666491324e-07;1.311867904450738e-07;1.0592748469588865e-07;6.744453599219364e-08;3.784643166271091e-08;2.29123205779848e-08;2.1937901760775373e-08;3.1437689408380296e-08;4.382822620892567e-08;5.2851417707651113e-08;5.336767893980513e-08;4.2353016183481134e-08;2.6682505259042487e-08;1.5388707986790792e-08;1.542503683505643e-08;2.241668582148944e-08;3.511134859565303e-08;4.171605972942265e-08;3.786795010492612e-08;2.666218943552544e-08;2.2236882855048332e-08;2.985509665704389e-08;4.741721432531674e-08;5.996152178226456e-08;5.9418641238299444e-08;4.7822985919619643e-08;3.4255971399748676e-08;3.795177257172434e-08;1.7206391441233805e-07;9.890528388353915e-07;3.982498063914488e-06;1.136426778083416e-05;2.6304811797995275e-05;5.222575226493906e-05;9.034841570357388e-05;0.0001394469751547;0.0001954502285796;0.0002524428365503;0.0003053876811439;0.0003509539168125;0.0003862390374705;0.0004098736880524;0.0004213276625615;0.0004189734642424;0.0004042581680857;0.0003789006855929;0.0003452552046592;0.0003070886647336;0.0002689645873047;0.0002334451117319;0.0002016055953409;0.0001739323687267;0.0001500451305393;0.0001295304527688;0.0001126174543406;9.92846086225075e-05;8.942615712399134e-05;8.262081276234086e-05;7.807949525629462e-05;7.468020925549443e-05;7.173647988858803e-05;6.881232670341815e-05;6.593652126910346e-05;6.365669287556166e-05;6.228958249970457e-05;6.155937828549796e-05;6.077504925487185e-05;5.95051335098468e-05;5.770375676753622e-05;5.583707574800917e-05;5.437750171062655e-05;5.3443176399545656e-05;5.299154708914698e-05;5.282789947026969e-05;5.238946614899163e-05;5.147528590943373e-05;5.0490397700219016e-05;4.9639165225454646e-05;4.920845761045359e-05;4.908428721241416e-05;4.885586775419605e-05;4.810308771862876e-05;4.667058700509984e-05;4.48409875354931e-05;4.328104993382051e-05;4.231584991295584e-05;4.1954041522819774e-05;4.193408179021034e-05
898.9804498345111;2.8246993215040137e-07;2.842639617150441e-07;2.5258916367391084e-07;1.952756640593633e-07;1.3407850238656586e-07;9.816333332607495e-08;9.017630869876027e-08;8.97561028740327e-08;8.980820472170442e-08;9.14005679957374e-08;9.609058659752205e-08;9.8953763223898e-08;9.144591693867014e-08;7.44187745139541e-08;5.363187372731098e-08;3.405969069568225e-08;2.432928152857111e-08;2.1069932290277226e-08;1.9136514894884888e-08;1.5959840616196905e-08;1.1935638679632485e-08;9.468548454418687e-09;1.1716684366170798e-08;2.069164375370897e-08;3.3165483566761145e-08;4.416192818123145e-08;5.7661842992812585e-08;7.707929733041403e-08;9.151789198027112e-08;9.156132076168369e-08;7.650515747922383e-08;4.956966793709769e-08;2.561568657543761e-08;1.7197950023568252e-08;1.8190724829032172e-08;1.9738360694339896e-08;1.8573571305601563e-08;1.57539759137868e-08;1.3573630451138709e-08;3.3851641165175804e-08;2.236003956173887e-07;1.0696043848286376e-06;3.840954491237042e-06;1.0566872319199147e-05;2.444716493166849e-05;4.8502601537149286e-05;8.353873007855632e-05;0.0001282419761477;0.0001785000332716;0.0002289551092791;0.0002758271067046;0.0003162467765693;0.0003480829526182;0.000370482544931;0.0003826795581344;0.0003837439445333;0.0003732382171637;0.0003521150774859;0.0003226853729782;0.0002887389671248;0.0002544015092159;0.0002214966220693;0.0001910032488943;0.0001636203833407;0.0001396963480307;0.0001197034275112;0.0001040842924609;9.266702753252934e-05;8.483465360787124e-05;7.953916244072274e-05;7.552382311819774e-05;7.164760560758341e-05;6.764404413679505e-05;6.379428995670445e-05;6.065784298431872e-05;5.873202607960598e-05;5.799891155596798e-05;5.80195541774579e-05;5.809864162475803e-05;5.7733874880585415e-05;5.679506267368062e-05;5.546300473462198e-05;5.413310956064507e-05;5.311471311450093e-05;5.252449147968221e-05;5.2213140714562814e-05;5.198119268028039e-05;5.17157315961871e-05;5.118089605563957e-05;5.065410517091528e-05;4.9870416603092175e-05;4.8982092745963226e-05;4.812311278190551e-05;4.7232393280313424e-05;4.607904059588976e-05;4.4914242407080734e-05;4.387305807766319e-05;4.303143770268e-05;4.240703771011864e-05;4.203379723703081e-05
900.8678542245652;1.9876404981701498e-07;2.020203106841911e-07;1.9295236763800925e-07;1.7650956380117997e-07;1.627971679714407e-07;1.594418736304496e-07;1.680651476496276e-07;1.7329784994188865e-07;1.7069981355043186e-07;1.602341592455378e-07;1.4300439140744057e-07;1.198921060136827e-07;9.03026330842207e-08;6.011215043643239e-08;3.5960692755821834e-08;2.2797630089836805e-08;1.7836033516451654e-08;1.6649983059351127e-08;1.4065653978980261e-08;1.0544213887653474e-08;8.770267593636552e-09;1.079844317599221e-08;2.3586629228369214e-08;5.3197801522650785e-08;9.216119437359701e-08;1.245349368845647e-07;1.4317124751822966e-07;1.511790807975615e-07;1.4112601216511224e-07;1.202656496667704e-07;9.459091755054184e-08;6.486207302202712e-08;3.611933919619077e-08;2.583971671012767e-08;2.4937520255811627e-08;2.9589222239626907e-08;3.712645348889917e-08;4.542203919507073e-08;5.0006194942589745e-08;6.814943957265235e-08;2.275029099265801e-07;9.979570497222412e-07;3.585840479804658e-06;1.0023536745935462e-05;2.2730207006980934e-05;4.3742818723644906e-05;7.397146326230947e-05;0.0001125689139521;0.0001563699316032;0.0002015870702814;0.0002445956419311;0.0002822161083519;0.0003125581894461;0.0003342402067689;0.0003458774144629;0.0003472362008611;0.0003385121831141;0.000320849073918;0.0002964755786375;0.0002679527814899;0.000237709607507;0.000207407240042;0.0001783967474754;0.0001517019226933;0.0001285426194639;0.0001099383438296;9.609694150905012e-05;8.636716593467557e-05;7.962013153618063e-05;7.461645331932319e-05;7.006249454816717e-05;6.548802899827796e-05;6.152399691236262e-05;5.846308490788596e-05;5.66444915598162e-05;5.603292005970125e-05;5.5957254802465416e-05;5.6207476093048976e-05;5.6396389619870526e-05;5.618772004358518e-05;5.541642389452639e-05;5.4200225219972334e-05;5.282691600320785e-05;5.172640622876434e-05;5.117686725396291e-05;5.096107089909311e-05;5.087818011388786e-05;5.052425350104765e-05;4.939628932328405e-05;4.77882874953485e-05;4.621661690664808e-05;4.51437697318919e-05;4.4584719808502495e-05;4.432148785270756e-05;4.403800344370958e-05;4.348472826334605e-05;4.239304043053133e-05;4.117306429736788e-05;4.01033244535719e-05;3.930838931802741e-05
902.754591698209;1.2756167589102874e-07;1.170549675130881e-07;1.0589743753640048e-07;1.0630587065563676e-07;1.1559747120589089e-07;1.2817960637111065e-07;1.408520994389094e-07;1.4470412402178764e-07;1.3575929378933626e-07;1.2186362769590637e-07;1.1425130658013937e-07;1.0769729948469688e-07;9.174347728151648e-08;7.57593390868887e-08;5.5527736577930826e-08;3.5714110244374094e-08;2.1556291955172235e-08;1.4173127268522442e-08;1.031480917668295e-08;8.091443343265053e-09;7.455222409441565e-09;1.1286863201804206e-08;2.6967933319196474e-08;5.9416649790765686e-08;1.0058288662733e-07;1.3573884918749114e-07;1.5400156840708464e-07;1.5223354317914058e-07;1.3700889675429449e-07;1.1720901641349841e-07;9.445695538557405e-08;6.893900748833976e-08;4.5878078410436234e-08;3.0895593462576895e-08;3.346803583541837e-08;5.7217258226261735e-08;8.585740226805591e-08;9.943745815972365e-08;9.14279163553906e-08;8.225578355138353e-08;1.70289455916902e-07;7.759526545314353e-07;2.982766069392727e-06;8.665363553114102e-06;1.9976035457159093e-05;3.8777824019901993e-05;6.57711464669132e-05;0.000100073461485;0.0001392648008663;0.000180516881262;0.0002208119257233;0.000257355846376;0.0002878266168692;0.0003097276537883;0.000320946054053;0.0003212128911646;0.0003115241239802;0.0002940450330643;0.0002712961883513;0.0002452375793232;0.000217706284689;0.0001904316074637;0.0001645352785492;0.0001408874499497;0.0001206267848338;0.0001044700304671;9.23345963999668e-05;8.343350988104678e-05;7.657871160434893e-05;7.089776989921955e-05;6.589188629089866e-05;6.153826519600842e-05;5.813536562321021e-05;5.587163728748451e-05;5.465028210633802e-05;5.4116780316917305e-05;5.387195522800496e-05;5.36887874322553e-05;5.344425863830706e-05;5.307146328100785e-05;5.24406453027184e-05;5.147387444497066e-05;5.031162483481307e-05;4.916778658660153e-05;4.823154517310708e-05;4.757472951027116e-05;4.700267496543381e-05;4.623586495848805e-05;4.5322046775574256e-05;4.4171906392549646e-05;4.320269601498439e-05;4.2511785241884e-05;4.203026919329808e-05;4.164030363870099e-05;4.120580893316408e-05;4.071518705992451e-05;3.981476331084782e-05;3.871670870975522e-05;3.762968815964124e-05;3.6864886340525976e-05
904.6406622737233;2.100063842641815e-07;1.7391079611923622e-07;1.3401631930928637e-07;1.0117585613207595e-07;7.703559823456322e-08;6.799565969598093e-08;6.445835777111798e-08;6.067579373517928e-08;5.3234448209951095e-08;4.9246259219427375e-08;5.978494345956836e-08;7.898218953705651e-08;9.220179450610869e-08;9.156786069243673e-08;7.574723379407914e-08;5.01162142663589e-08;2.7777988751407323e-08;1.611187708379052e-08;1.068719204997072e-08;8.223775749675568e-09;8.330115215969224e-09;1.0935582997061504e-08;1.8794247902404545e-08;3.277255215108142e-08;4.804032935277569e-08;5.987442631258997e-08;6.58541018809836e-08;6.541747907119015e-08;6.077917535541251e-08;5.489047809963615e-08;5.683304191688488e-08;6.990220816189612e-08;1.0542266562840345e-07;1.4540363054162606e-07;1.796685460105633e-07;1.9411922868482225e-07;1.7851624466140498e-07;1.3694036715614538e-07;9.088445838057246e-08;6.355098102268311e-08;1.461274751374341e-07;6.743628025626735e-07;2.488843610863604e-06;7.255005149193664e-06;1.7308305922807985e-05;3.457362300545092e-05;5.961409782729108e-05;9.15458076018238e-05;0.0001280651598959;0.0001663279707185;0.0002035688846373;0.0002374143931179;0.0002655952230141;0.0002857872237558;0.0002961880319336;0.000296335578863;0.0002870460960404;0.000270431311053;0.0002488458973599;0.000224371238358;0.0001991634783916;0.0001750175610684;0.0001526358304154;0.0001324455918515;0.0001148747664437;0.0001002843141425;8.885840305448579e-05;8.029418508793563e-05;7.367920005417082e-05;6.848503787788496e-05;6.445530306039882e-05;6.103528374477675e-05;5.809999526707661e-05;5.5760965395045936e-05;5.3977339035791766e-05;5.2621446736726926e-05;5.158482354695351e-05;5.0504584074234646e-05;4.9680705948139984e-05;4.932114356483135e-05;4.9207482118007055e-05;4.890191452624301e-05;4.809916279131881e-05;4.6728315467547176e-05;4.503014867956038e-05;4.3661352954656713e-05;4.2807495144439866e-05;4.254177020936186e-05;4.279570626915072e-05;4.286456746558143e-05;4.254842648319952e-05;4.1799825160859737e-05;4.062843336553624e-05;3.96703009501738e-05;3.90544156466461e-05;3.8846233045425473e-05;3.886874634190364e-05;3.8608922908037625e-05;3.824932931990416e-05;3.7875404851539296e-05
906.5260659695524;2.4742985049757645e-07;1.804508729341733e-07;1.1846263439925293e-07;7.317700864679036e-08;4.574325516887747e-08;3.0881747935176136e-08;2.3004023619317512e-08;1.8257595963905442e-08;1.5508495384001478e-08;1.5869424672500853e-08;2.2351303851701462e-08;3.49775735406998e-08;4.915622368872749e-08;5.043641915837368e-08;4.4084821309608065e-08;3.1791449549179315e-08;1.9721009604612787e-08;1.1924747210833437e-08;7.443086782825316e-09;5.8249194073666844e-09;7.113496670227298e-09;9.300496100478684e-09;1.1247722725572625e-08;1.2245218468491245e-08;1.1215418289208818e-08;8.710690493562e-09;6.29208769701772e-09;4.321605299229196e-09;3.620131610884533e-09;5.891214504297041e-09;2.6713702308026705e-08;9.022817001938768e-08;1.908170864309004e-07;2.967357396108073e-07;3.601499565186826e-07;3.444344369445428e-07;2.623749518554537e-07;1.6227721467586577e-07;8.23069850374868e-08;4.51438810122017e-08;9.783633080353956e-08;5.329332023895062e-07;2.123070744911326e-06;6.503008481043831e-06;1.5703341653718197e-05;3.142191186925452e-05;5.427416659071181e-05;8.348639566898634e-05;0.0001169374377667;0.0001519856939083;0.0001857818115109;0.0002161191875531;0.0002411394324669;0.0002591384699851;0.0002687623851994;0.0002696468303919;0.0002620871385103;0.0002475203350399;0.0002280437707823;0.000205885497814;0.0001829854850481;0.0001609656799912;0.000140757480009;0.0001230122996419;0.0001079749633044;9.552676825031008e-05;8.545225712952215e-05;7.755544858424942e-05;7.148503786099107e-05;6.686422990569243e-05;6.33779463045979e-05;6.059654079935776e-05;5.815916742017807e-05;5.592098994040384e-05;5.379623115355006e-05;5.172763412170629e-05;4.9805121896355546e-05;4.828966648185221e-05;4.7426960588675e-05;4.723842631292899e-05;4.737818597585045e-05;4.728532608984513e-05;4.650429165317239e-05;4.50035159864319e-05;4.326730482281421e-05;4.202283525874818e-05;4.156965149109398e-05;4.178064031539252e-05;4.228751514104704e-05;4.253935884851283e-05;4.2133175080766086e-05;4.107435349477503e-05;3.96873546615476e-05;3.853358189897962e-05;3.806606708731734e-05;3.831640253463147e-05;3.889701468014544e-05;3.939455069865661e-05;3.959283598997333e-05;3.954492701533339e-05
908.41080280429;1.160357257648093e-07;7.50415412736516e-08;4.092114821681798e-08;2.28039502300259e-08;1.4670695429583122e-08;1.0153282691289491e-08;8.2360204643247e-09;6.692665400909961e-09;5.175238065235689e-09;3.898920061431871e-09;3.541695130158197e-09;5.6049129516562504e-09;1.0125479913389254e-08;1.5463420136738106e-08;1.8641045473195276e-08;1.7586825386715024e-08;1.2780848898562397e-08;6.953811816271063e-09;3.666852615881956e-09;3.2689795761070083e-09;4.776757509009983e-09;6.835726472097287e-09;7.220127760559441e-09;6.311377121749787e-09;4.4060988713961324e-09;2.7148585481307453e-09;2.003936574139678e-09;1.6938256720468856e-09;2.7781705294024268e-09;7.726013859097257e-09;2.3535293311821785e-08;7.31626993835769e-08;1.4132476926219808e-07;2.0934287909203443e-07;2.467644361695547e-07;2.317541397529067e-07;1.733088511179899e-07;1.0556234281988256e-07;5.0003103309548426e-08;3.0868273822649813e-08;8.850244617763449e-08;5.005932021890993e-07;1.895020011766583e-06;5.700891107132321e-06;1.3789946538296535e-05;2.771992993820856e-05;4.7862735059216494e-05;7.365903628768125e-05;0.0001039312284675;0.000136696153499;0.0001689990908736;0.0001980347712724;0.0002215574141548;0.0002382613505043;0.0002469258342373;0.0002474531563252;0.0002403228929731;0.0002267529998728;0.0002087054786702;0.0001885515288369;0.0001678103628567;0.0001476218395282;0.0001291200216218;0.0001132375757123;0.0001002633127449;8.999169124966235e-05;8.189358462225174e-05;7.531590218757528e-05;6.986622215802304e-05;6.537078032630827e-05;6.174549313247242e-05;5.8771951223078166e-05;5.603453017971518e-05;5.357128833222812e-05;5.133588684109165e-05;4.934606109077828e-05;4.771069394042138e-05;4.666158495333625e-05;4.614344576175652e-05;4.596353366587899e-05;4.5864954630565895e-05;4.556224716768689e-05;4.483481179720922e-05;4.3876611469650167e-05;4.291822111175916e-05;4.215406153799e-05;4.181875427485856e-05;4.175857135969152e-05;4.16833707931129e-05;4.1526868511622906e-05;4.1031076102122346e-05;4.016267745797007e-05;3.931990762915526e-05;3.871063687584325e-05;3.8400848531663714e-05;3.834151091034912e-05;3.842445603760073e-05;3.840171399997744e-05;3.828338317826861e-05;3.813260398158288e-05
910.2948727966868;7.246005032452889e-09;4.282940458913544e-09;2.1325945323454467e-09;1.2625317641070394e-09;1.1579090154740903e-09;1.2126713843234124e-09;1.2347355140394183e-09;1.0957569029741444e-09;7.574912805979112e-10;4.833492327502133e-10;9.624571750826696e-10;4.707927149119742e-09;1.3017965446378626e-08;2.1679210767846033e-08;2.5525270419437436e-08;2.2866972884245186e-08;1.507170136746856e-08;7.0540127321438934e-09;3.286434714974045e-09;3.2881264096250343e-09;4.441820632280111e-09;5.164116586987e-09;5.015934645057986e-09;3.970997373387026e-09;2.4923603597109796e-09;1.5527598230465715e-09;1.4550238325658135e-09;1.7607657929562845e-09;2.4159633402659886e-09;5.069826670541954e-09;1.0668443874046208e-08;2.0354004595963964e-08;3.2073395433806087e-08;4.3189526811311185e-08;4.909185463083672e-08;4.642305378047348e-08;3.73871971593127e-08;2.818545745669693e-08;2.2375228411139612e-08;3.6350162571986165e-08;1.5587227796437653e-07;6.153736695728947e-07;1.8860672502076944e-06;5.271646237599047e-06;1.262236533776234e-05;2.5388798550964623e-05;4.381443840162496e-05;6.753821989831496e-05;9.535665674475316e-05;0.0001259348198182;0.0001570726516216;0.0001855395016515;0.0002082062924064;0.0002237560560595;0.0002312190363711;0.0002306988894235;0.0002230493055268;0.0002095896453904;0.0001923200425446;0.0001739459046485;0.0001556938293742;0.0001379679075336;0.0001214931096663;0.0001070549983422;9.496188011530324e-05;8.524333258412624e-05;7.765790624921702e-05;7.162418908484184e-05;6.667513962974518e-05;6.24338581581822e-05;5.853793461352867e-05;5.483423931812203e-05;5.1653455280096014e-05;4.901163543831652e-05;4.7066515084941353e-05;4.583627014650831e-05;4.519341839658395e-05;4.50820384901451e-05;4.487563326529393e-05;4.459103881032536e-05;4.423679708122693e-05;4.385253486001875e-05;4.347872589469405e-05;4.3179252720476376e-05;4.28550745662511e-05;4.231716672645564e-05;4.154602990847393e-05;4.0580381988654135e-05;3.964965100269421e-05;3.905896589584401e-05;3.889774066711037e-05;3.892811346848055e-05;3.878245114103102e-05;3.8263571256066494e-05;3.729686058110602e-05;3.621906977048095e-05;3.5351989612595945e-05;3.477015324408392e-05;3.445006899531571e-05;3.429242231755229e-05
912.1782759656344;4.321848993476212e-09;1.0285694193333868e-08;2.2284223904919345e-08;3.575207379052415e-08;4.220608168398941e-08;3.8043257865134085e-08;2.6175017240721112e-08;1.4000306299996473e-08;7.012838901408218e-09;4.1008860776035984e-09;3.160173070198458e-09;4.5962066763221105e-09;8.683146970758821e-09;1.2893829152739772e-08;1.4538355025155016e-08;1.2777673070495545e-08;8.437858195371754e-09;4.1600835519587354e-09;2.0586466285319333e-09;2.059231176163435e-09;2.4863801838376087e-09;2.508296915617046e-09;2.347333112425093e-09;2.073528177217068e-09;1.6691304582864654e-09;1.3385402448782444e-09;1.124620312422225e-09;1.112481370503603e-09;1.3093324131580623e-09;2.218769993735545e-09;3.296303879169333e-09;4.849706465491368e-09;4.998337279580408e-09;3.922471542121932e-09;3.555807683499724e-09;3.1822327385614104e-09;7.558927540641557e-09;1.6847026308258845e-08;4.008963714579709e-08;9.641611668183477e-08;2.248378735900531e-07;6.569222619160371e-07;1.8709448309547096e-06;5.246445758379667e-06;1.2718433168240232e-05;2.541304555910224e-05;4.332873351600131e-05;6.587963441664915e-05;9.161293648088072e-05;0.0001193466529752;0.0001472858732336;0.0001726040854278;0.0001927540034307;0.0002068476264213;0.0002141050957241;0.0002142051171071;0.0002074661571832;0.0001950961711281;0.0001792350231301;0.0001626432029409;0.0001463551894694;0.000130698800546;0.0001161287252747;0.0001029807196375;9.14005909850948e-05;8.15583246137562e-05;7.353960066269829e-05;6.7191723426074e-05;6.224123319157657e-05;5.819834420214327e-05;5.457134619612708e-05;5.118178734968782e-05;4.832200785184995e-05;4.629392330590324e-05;4.508745875087889e-05;4.452983375939755e-05;4.444953049007547e-05;4.445488186354815e-05;4.4253304724582086e-05;4.381686282587121e-05;4.330383435918975e-05;4.2934653713688696e-05;4.27521748622188e-05;4.260919130351825e-05;4.223577595629618e-05;4.1311873566654016e-05;3.988319811818802e-05;3.82900737943138e-05;3.699456263821457e-05;3.64882401309158e-05;3.65874288632634e-05;3.6870081344395166e-05;3.6812322735514494e-05;3.6054768188799766e-05;3.4870261773303226e-05;3.3631010389186694e-05;3.2713909035417764e-05;3.241782337829564e-05;3.2463311507817084e-05;3.258007960733277e-05
914.0610123301922;6.059470073048703e-08;6.657737099571291e-08;7.88791722770518e-08;9.103521524927213e-08;9.310940575723716e-08;7.998134461333916e-08;5.4692377543290667e-08;2.9852446802336195e-08;1.5685134858021106e-08;9.664532282705724e-09;6.933594923311982e-09;5.799792676934222e-09;5.299954543263189e-09;4.851085675335202e-09;4.165511062691833e-09;3.2003388672557e-09;2.2185431743062877e-09;1.6010007076603494e-09;1.2871037416263576e-09;1.085110709744908e-09;9.258698295148601e-10;8.341783077637591e-10;9.399961523634383e-10;1.239180251978889e-09;1.4965952170273323e-09;1.5877249421766115e-09;1.5778740319063523e-09;1.4624235895366786e-09;1.4354098692111163e-09;2.5339658030557156e-09;4.979260286253415e-09;6.954766059945441e-09;8.149571832278496e-09;8.306502240772523e-09;7.316583904624369e-09;6.656133839029712e-09;9.902035809040761e-09;2.3965114032346623e-08;6.232097504452228e-08;1.3375502403716442e-07;2.548828166839287e-07;6.285053112079201e-07;1.7928760623651413e-06;5.093135389736013e-06;1.2129848345471048e-05;2.370095601903366e-05;4.00057944850176e-05;6.0795549525050704e-05;8.478714064883302e-05;0.0001105846300394;0.000135872047513;0.0001579113752468;0.000175331163882;0.0001878820807742;0.0001950799070919;0.0001964262491336;0.0001917427108377;0.000181817048446;0.0001683479713254;0.0001534251698361;0.000137991819418;0.0001228407094764;0.0001088330137963;9.631247252905138e-05;8.53574223238511e-05;7.612371868865683e-05;6.858306419470052e-05;6.257486243923418e-05;5.797685205369471e-05;5.447711493996661e-05;5.187735860657955e-05;5.001644991747213e-05;4.869045340904648e-05;4.759452962341242e-05;4.659693871023044e-05;4.571672729716669e-05;4.494459316138403e-05;4.394480284856534e-05;4.301242364895348e-05;4.209401994108053e-05;4.132467791690615e-05;4.086982346504218e-05;4.0681702552622224e-05;4.053724382594418e-05;4.010021303154405e-05;3.914423124599018e-05;3.780444392497602e-05;3.647895871677329e-05;3.548985630732306e-05;3.494695396423097e-05;3.482845240945247e-05;3.472937370633939e-05;3.436096329346895e-05;3.383410572004184e-05;3.346419305152928e-05;3.332143455778693e-05;3.363820379786524e-05;3.4298065411857763e-05;3.502157079783904e-05;3.554713913641707e-05
915.9430819095614;1.1742722226537221e-07;1.138343606621849e-07;1.0337477561360557e-07;8.695723172469245e-08;7.025627048386359e-08;5.3935272659814896e-08;3.664533754372257e-08;2.250848436102708e-08;1.4656635797595009e-08;1.0957686570711256e-08;9.813147319748731e-09;1.0047320284452757e-08;1.0232419345712949e-08;9.975722448595908e-09;9.007892931301692e-09;7.291745827667641e-09;5.499963018974411e-09;4.338918610662381e-09;3.5109215914442867e-09;2.6288932770412533e-09;1.8803197303339103e-09;1.470169306452904e-09;1.3357248692386991e-09;1.3410414352479083e-09;2.0816929675579782e-09;5.5568651647699325e-09;1.1391372276094744e-08;1.4549810481821581e-08;1.4393027019412606e-08;1.1392034823344837e-08;7.929455256554104e-09;5.794417669779901e-09;7.82859762521679e-09;1.3214516630329146e-08;1.8513736859357573e-08;2.5277365650942738e-08;3.515595988991431e-08;5.2606334073173934e-08;7.88508843039648e-08;1.121933697310319e-07;2.0358220246535558e-07;5.00078850557998e-07;1.597487834602226e-06;4.585185105969934e-06;1.0563335287429951e-05;2.0266236333594044e-05;3.43313346372583e-05;5.29398061315454e-05;7.497828040134777e-05;9.901315863212327e-05;0.0001226257369529;0.0001431073115267;0.0001593968544247;0.0001711813134164;0.0001780384119096;0.0001798027307537;0.0001764760462403;0.0001685558411295;0.0001572383156855;0.000143832469381;0.0001292316711189;0.00011459893204;0.0001011575976889;8.937507383574526e-05;7.924091294614889e-05;7.062966165963632e-05;6.345254503080242e-05;5.783095464968711e-05;5.370937905525885e-05;5.109885803454953e-05;5.0070452543583085e-05;5.003398648921703e-05;5.015755825960551e-05;4.976191000594347e-05;4.851737265403488e-05;4.661682989495909e-05;4.443274014746847e-05;4.208553709739544e-05;4.017156334412368e-05;3.8814691468849245e-05;3.810038109303168e-05;3.805189962400208e-05;3.842344956451335e-05;3.866565158935418e-05;3.854455238302616e-05;3.797746599827656e-05;3.7060222562939176e-05;3.607747752233543e-05;3.527980006913514e-05;3.47404919626205e-05;3.436602512910028e-05;3.399333775713773e-05;3.3535560094104475e-05;3.307693181188451e-05;3.285524004748532e-05;3.3121075849987976e-05;3.3913787972122405e-05;3.501473015166818e-05;3.591181533827544e-05;3.649136171218845e-05
917.8244847231;1.195237589477953e-07;1.1259507975782745e-07;9.281494521011114e-08;6.400909180675387e-08;4.2024814988530636e-08;3.61560309832265e-08;4.55914823552846e-08;6.549841587198048e-08;8.81116240985539e-08;1.0510392733312673e-07;1.1053884409819257e-07;1.0316535461989317e-07;8.565141672381034e-08;6.335340476881714e-08;4.2883747388897335e-08;2.8494842297677154e-08;2.0508892607226873e-08;1.6473250992476864e-08;1.3390277798707382e-08;9.965430595235736e-09;6.994999815593885e-09;5.0217489957239755e-09;3.310635119116149e-09;2.553198773666964e-09;4.0928318068542104e-09;1.1069776377227474e-08;2.0733232878502245e-08;2.6731524127135782e-08;2.6700614117785743e-08;2.0572010856747582e-08;1.1443841636923024e-08;6.271165602666735e-09;7.350167693068314e-09;1.4711799577694354e-08;2.8386635706334873e-08;4.882785557648656e-08;7.49808499525617e-08;9.749801326788912e-08;1.1296546837224555e-07;1.2392291764549954e-07;1.5081140085769556e-07;3.16174816292721e-07;1.2361986244498107e-06;3.848674792121451e-06;9.09585941242907e-06;1.7852138239194127e-05;3.06810267083124e-05;4.745473604858972e-05;6.750153593805468e-05;8.943776121004953e-05;0.0001110893587792;0.0001302779000447;0.0001459329279602;0.0001573131214477;0.0001637750279527;0.0001652387478387;0.0001618870877476;0.0001543958418362;0.0001440588243843;0.0001319634315463;0.0001190826244569;0.0001066124381444;9.54079550836996e-05;8.548950188501454e-05;7.653372986401858e-05;6.847441411874245e-05;6.148725734912196e-05;5.5737394195919096e-05;5.147455089440047e-05;4.884095665049042e-05;4.7863764285229857e-05;4.813394005726888e-05;4.848562809181444e-05;4.819205614301069e-05;4.697157478878999e-05;4.5041002137948704e-05;4.283419014468692e-05;4.078388312371379e-05;3.934222748440361e-05;3.840574459640532e-05;3.7796584611140126e-05;3.766068220545896e-05;3.795647568809684e-05;3.840413407317056e-05;3.8577672583410536e-05;3.835308047319375e-05;3.779499435544767e-05;3.697371440967436e-05;3.60247132937362e-05;3.5198412159507496e-05;3.4470361497059385e-05;3.4048750780451775e-05;3.3728312250513734e-05;3.335834024718756e-05;3.2896858876576296e-05;3.245235259298919e-05;3.2072840720387026e-05;3.188962264198023e-05;3.184180425257525e-05;3.18434713239997e-05
919.7052207903145;1.3039014886008538e-07;1.2716388830094684e-07;1.2321847124061564e-07;1.24613794337864e-07;1.208745379749499e-07;1.1678939187575237e-07;1.22420857880438e-07;1.4362649337719492e-07;1.7272419282242628e-07;2.038238923900569e-07;2.1530208964359785e-07;2.0972401553445614e-07;2.134397966942977e-07;2.0822845166985578e-07;1.9691477259114345e-07;1.7678706544657097e-07;1.527721282638919e-07;1.2847215395278786e-07;1.0723961064409557e-07;8.744349044670875e-08;6.440345813397649e-08;4.275365170440462e-08;2.7002066706932325e-08;1.6215104799270563e-08;1.1124151917410512e-08;1.4084359688107065e-08;1.7212975492196736e-08;1.8867395359379225e-08;1.824851055229114e-08;1.5119550007882066e-08;1.0583998669217686e-08;7.729671909640601e-09;8.145945262626693e-09;1.611193367767077e-08;3.913840610842093e-08;7.747399418203425e-08;1.1542945895970288e-07;1.4082062381531124e-07;1.458213750353685e-07;1.374033082781627e-07;1.504151428745712e-07;2.672154141040136e-07;1.0334492671634289e-06;3.3689488020443712e-06;8.22436269406718e-06;1.6486257089212028e-05;2.8631829662606985e-05;4.434743680382304e-05;6.275683820174599e-05;8.262639382233778e-05;0.0001024233377934;0.0001206640157873;0.0001360561465448;0.0001472728005481;0.0001535398223253;0.0001548059464321;0.0001513604336143;0.000144085150135;0.0001341960517949;0.0001228665832963;0.0001113234987935;0.0001005600049501;9.10410185788246e-05;8.268034534617698e-05;7.513918063419215e-05;6.81248889040864e-05;6.161494689156771e-05;5.591111597275402e-05;5.137227812064978e-05;4.816866229630864e-05;4.609356802162162e-05;4.508728532667065e-05;4.459058517047911e-05;4.38865335289335e-05;4.298751273007562e-05;4.198446660419023e-05;4.109394714008524e-05;4.0759668122332464e-05;4.038873640410022e-05;3.999167141479845e-05;3.944332579489524e-05;3.873343991765685e-05;3.8244996254665165e-05;3.824962439813201e-05;3.861430975844828e-05;3.88940721815122e-05;3.867406761921285e-05;3.77120011067252e-05;3.6140674215092416e-05;3.4586760118847894e-05;3.3594682370130165e-05;3.323260345883577e-05;3.329299522251695e-05;3.3226462575782525e-05;3.266492468092568e-05;3.172506036515126e-05;3.063256422195397e-05;2.966444908444525e-05;2.903208348473909e-05;2.8720302765692182e-05
921.585290130868;1.003633579523736e-07;1.1204310481947833e-07;1.416192771037366e-07;1.7148256337981289e-07;1.8014526246261197e-07;1.645944353274855e-07;1.3419650565705606e-07;1.1178573676733232e-07;1.0957138283006517e-07;1.1734368697151337e-07;1.3133108407636276e-07;1.6049729270343488e-07;2.11034741607487e-07;2.69429592382287e-07;3.0390649809828057e-07;2.9798820415054e-07;2.65661818078194e-07;2.245578533509212e-07;1.879637076267062e-07;1.5450756280225494e-07;1.1451878673386945e-07;7.749430925916945e-08;5.3038393438568095e-08;3.833360421191183e-08;3.0199212978560845e-08;2.393764721511569e-08;1.588062775212242e-08;1.1566592542341137e-08;9.530496143273773e-09;8.43722474657605e-09;7.634980078895076e-09;7.456159614777307e-09;1.0557292299939224e-08;2.82523352267963e-08;7.749800002850705e-08;1.458368801386923e-07;1.9275264622483586e-07;2.0147098250751517e-07;1.6651945208146727e-07;1.1693177284709089e-07;1.1245043671072969e-07;2.537924560672552e-07;1.028652685981357e-06;3.255122421505528e-06;7.902049002740976e-06;1.575271746733996e-05;2.7142290422155548e-05;4.161650894702719e-05;5.844977719154931e-05;7.674348645950962e-05;9.54213961540046e-05;0.0001132810336386;0.000128764463134;0.0001402773897527;0.0001471036805246;0.000148843715563;0.0001458467469653;0.0001392509705108;0.0001300829940085;0.0001194882244663;0.0001086126436186;9.81288087534352e-05;8.857089577581233e-05;8.013885954369831e-05;7.287001865511857e-05;6.63844975510753e-05;6.044100110644253e-05;5.523186759676308e-05;5.0957438510923055e-05;4.771619825730045e-05;4.5363756502732615e-05;4.364461463182405e-05;4.238239471700914e-05;4.14155430523116e-05;4.065210461820211e-05;4.0138878135237934e-05;3.998065414832072e-05;4.023197165905788e-05;4.040337665680209e-05;4.040264276908264e-05;4.021173620401553e-05;3.979313900213519e-05;3.941716627521787e-05;3.9403076166122416e-05;3.981934282085973e-05;4.017479446048781e-05;3.9803427002337445e-05;3.848803146382455e-05;3.648049875124605e-05;3.435950776323012e-05;3.2697862269990444e-05;3.188291340791036e-05;3.165782167088975e-05;3.163237450254647e-05;3.1529377850781936e-05;3.125821479007598e-05;3.097664199388093e-05;3.081108341740952e-05;3.079382791949013e-05;3.086018873122314e-05
923.4646927645664;1.1854785530937106e-07;1.6196755592975528e-07;1.807205329988243e-07;1.666295665027671e-07;1.4205713687842216e-07;1.0249337880801024e-07;6.799533298030395e-08;5.259144902516623e-08;6.010694797208455e-08;9.434453586420773e-08;1.1552654075246657e-07;1.3327464708056297e-07;1.3985477556430974e-07;1.5664536349158177e-07;1.7062102691450277e-07;1.786656677592793e-07;1.710472102972827e-07;1.57252481687104e-07;1.352081784855371e-07;1.0497518767817285e-07;7.22999330287765e-08;5.086668211952608e-08;4.3657948520534155e-08;4.97060040242411e-08;6.216693252006605e-08;6.572289961638944e-08;5.769172729749058e-08;4.15390423953285e-08;2.225848120263903e-08;1.0988880933965133e-08;8.075487578921373e-09;8.842310618042788e-09;2.1377147294779497e-08;6.770599213774882e-08;1.4486495275733944e-07;2.2668858053050106e-07;2.673362067201276e-07;2.476974553994014e-07;1.839805396214862e-07;1.0972844939215494e-07;7.236830083589734e-08;2.053925484441345e-07;9.876100205895023e-07;3.2088052542184387e-06;7.753228177052745e-06;1.5303664212599593e-05;2.6153792104892594e-05;4.002538058326779e-05;5.61490462979688e-05;7.380093289079508e-05;9.199219879635104e-05;0.0001095227590944;0.0001247813480262;0.0001361435481789;0.0001425026664177;0.0001438020136566;0.0001407087085073;0.0001348510486521;0.0001269277810225;0.0001176954478088;0.000107777463147;9.756394152909232e-05;8.755678842574135e-05;7.831882046900412e-05;7.025211771102987e-05;6.341973987616646e-05;5.77594710908664e-05;5.313140249894142e-05;4.969567764996273e-05;4.727397703338392e-05;4.5569298295950464e-05;4.422920090235432e-05;4.305928644302916e-05;4.198759157607631e-05;4.103691427651352e-05;4.034906495481478e-05;4.004647582100984e-05;4.010767770393727e-05;4.042096000593196e-05;4.0567908495523405e-05;4.044062000914257e-05;4.01576264896003e-05;4.0006429936113007e-05;4.021992912863738e-05;4.071897167999504e-05;4.1121852082745685e-05;4.068621938019505e-05;3.93531975319869e-05;3.724762861156354e-05;3.4766177698961874e-05;3.2430190851329016e-05;3.077103814161185e-05;2.997791853203132e-05;3.0044116553340945e-05;3.0811617027001975e-05;3.163663285884616e-05;3.272333053808874e-05;3.342632415853545e-05;3.384770198232793e-05;3.404799611957869e-05
925.343428711374;2.1987055161588714e-07;2.521176461347734e-07;2.4056175501047535e-07;1.8023102542765257e-07;1.1214759736018821e-07;6.188692751780306e-08;3.733239070437181e-08;5.090523272933996e-08;1.0376344335315917e-07;1.6171092630803526e-07;1.8799124781885282e-07;1.697473755818327e-07;1.151800367518452e-07;6.217693819887214e-08;4.435300294342063e-08;5.9328429773155245e-08;8.356469605881183e-08;9.64307529781885e-08;8.919777177209785e-08;6.301569983854772e-08;3.577619120687276e-08;2.4568404302264652e-08;2.6324714461919522e-08;4.345839351459809e-08;7.2765130577007e-08;9.78935067747775e-08;1.0302960821725292e-07;9.063915023087237e-08;6.423456651838687e-08;4.069383525379665e-08;2.5689196786946556e-08;1.956950111495496e-08;3.746295955338778e-08;9.073404348255396e-08;1.6552877574655994e-07;2.3384869408107407e-07;2.695515159453905e-07;2.4980356500944906e-07;1.979109907860007e-07;1.315544351658129e-07;8.4546837799159e-08;1.9804274848197586e-07;9.04439184448536e-07;2.992839228121964e-06;7.344540633013768e-06;1.473790615697884e-05;2.536581385457708e-05;3.9224327605532514e-05;5.560876251872527e-05;7.366729721120428e-05;9.212468891484974e-05;0.0001095391332104;0.0001241406185969;0.0001343332334301;0.0001393253412924;0.0001395496392046;0.0001361766323717;0.0001307279296063;0.0001239169575357;0.0001160416508691;0.000107131138518;9.745560435037247e-05;8.763279687902422e-05;7.813853775254706e-05;6.959499594268573e-05;6.225926236552524e-05;5.6432917816545216e-05;5.2150085692144834e-05;4.939130753814418e-05;4.7886086392775294e-05;4.689068588027783e-05;4.5924174917433175e-05;4.492618590378225e-05;4.402300265662013e-05;4.336707747260439e-05;4.299331854869589e-05;4.273483264232447e-05;4.232660346732876e-05;4.155470339322156e-05;4.050114247976065e-05;3.93202547058625e-05;3.830584221569181e-05;3.79018915091541e-05;3.81861103255319e-05;3.896553064333141e-05;3.9618217278552286e-05;3.953360767276301e-05;3.850513246720415e-05;3.6690600391904605e-05;3.450565775360125e-05;3.242340172529428e-05;3.071892112276778e-05;2.9896295511258757e-05;3.004759964780318e-05;3.1047219325529244e-05;3.247546494195182e-05;3.37543920107031e-05;3.45729028923516e-05;3.489681819323315e-05;3.492599447063725e-05
927.221497991406;3.167717096648316e-07;2.630205601590537e-07;2.070419793959998e-07;1.428310233858328e-07;9.6980132780561e-08;9.948214686285185e-08;1.1828343457108352e-07;1.4035187268885626e-07;1.657681043165813e-07;1.5398530221059017e-07;1.3501575227325576e-07;1.020217089256647e-07;6.579147255570285e-08;3.5531406185365987e-08;2.862543317716697e-08;4.4522160878828524e-08;8.790504691195642e-08;1.359436094999628e-07;1.5651417296346097e-07;1.4012705890824004e-07;9.694225470912041e-08;5.281418755204616e-08;3.0513341181158784e-08;2.961112553919141e-08;4.2892039632848114e-08;6.28493563557829e-08;8.259563356932708e-08;9.512048803183101e-08;9.677256030016777e-08;9.567384015683939e-08;8.353929161127873e-08;6.514453780223264e-08;5.163215746890512e-08;6.078824445908634e-08;8.722231000234711e-08;1.2271849998481166e-07;1.5372290663256612e-07;1.6648235036255286e-07;1.5911386304413204e-07;1.3858245124304312e-07;1.1749168111262465e-07;2.1286923148164177e-07;8.412974534912916e-07;2.809056085368149e-06;7.01183499485673e-06;1.4107230959876358e-05;2.434030701953024e-05;3.769173706447808e-05;5.3699152929828376e-05;7.166835872539099e-05;9.022881604686266e-05;0.000107541518028;0.0001216152798064;0.0001311859244051;0.0001358790928431;0.0001364465056813;0.0001339531169942;0.0001290099031847;0.0001225915246617;0.0001151796715436;0.0001070021268072;9.810196115252804e-05;8.879802645806364e-05;7.966185735598397e-05;7.130735397554798e-05;6.417210705093723e-05;5.8487767437069566e-05;5.42518796004e-05;5.125585550904257e-05;4.911169642384443e-05;4.762378611744619e-05;4.652061158422664e-05;4.572497705051111e-05;4.521414466315036e-05;4.496641369207551e-05;4.448915586824608e-05;4.3646064320037146e-05;4.237208785804745e-05;4.075279817183378e-05;3.923488259815916e-05;3.790053322361165e-05;3.712692389260633e-05;3.701446107210872e-05;3.732678687401682e-05;3.767369816075628e-05;3.776711229385589e-05;3.72822985337102e-05;3.639898771691653e-05;3.534534328751294e-05;3.4346467602110325e-05;3.362163212723236e-05;3.3103142252861764e-05;3.278344675181717e-05;3.2695743013749497e-05;3.286415256963303e-05;3.33862411318676e-05;3.367749869463403e-05;3.399378253356496e-05;3.4120816254231495e-05;3.415607538139366e-05
929.0989006249148;3.658261105376537e-07;2.6083274532278805e-07;1.636616578438743e-07;1.0882122431652205e-07;1.1814719617525774e-07;1.833869464093764e-07;2.5444211859253655e-07;2.816161452549818e-07;2.525460703533622e-07;1.887021632925659e-07;1.413648480604006e-07;1.2134483750739266e-07;1.105767288661158e-07;8.792588938194724e-08;6.043639474077147e-08;5.867889618517357e-08;1.0801528160585633e-07;1.8144424931422429e-07;2.243042384054458e-07;2.1502364107004298e-07;1.6179618475743124e-07;1.0048503566718425e-07;7.661499172102758e-08;7.78108808999067e-08;7.992435665017905e-08;7.73767980472497e-08;7.709618466157332e-08;7.54491117343538e-08;9.175450286797545e-08;1.1049872788802685e-07;1.1433782058625534e-07;9.787156781851035e-08;6.697385312217125e-08;3.721268491771407e-08;2.7045569074771222e-08;3.608783892716586e-08;5.0774342665316016e-08;7.43600624112886e-08;1.0658385779437257e-07;1.4621636926977952e-07;2.047522215478599e-07;3.885524873362508e-07;1.1007299377652197e-06;3.0491870389511665e-06;7.002717043728018e-06;1.3610052180596427e-05;2.322264171476756e-05;3.583058247679889e-05;5.091217026114248e-05;6.79521816568003e-05;8.573645330301635e-05;0.0001025703424493;0.0001165966173836;0.0001268115606342;0.0001326174919458;0.0001345327035266;0.0001331082548633;0.000128568967415;0.000121813217706;0.0001137185454028;0.0001051981268044;9.648509056134984e-05;8.775730558918023e-05;7.97145979696423e-05;7.241141504430389e-05;6.625204255474212e-05;6.125936032614279e-05;5.701945747227471e-05;5.3209628259546666e-05;4.970697491606487e-05;4.698309021199402e-05;4.527280196985638e-05;4.45262117143151e-05;4.4241801603842805e-05;4.376559273481924e-05;4.268705100580535e-05;4.12008423786619e-05;3.970053717885362e-05;3.846095442430942e-05;3.762272915852886e-05;3.732051097457819e-05;3.7398459312749554e-05;3.778680042050837e-05;3.818286149950925e-05;3.826876499026846e-05;3.794615597491288e-05;3.706971029127159e-05;3.594483976457656e-05;3.50605532964297e-05;3.472529664743355e-05;3.5035946255728605e-05;3.547343061899271e-05;3.5661761673548915e-05;3.5356864069190207e-05;3.456445199076684e-05;3.35983574832892e-05;3.271053299001847e-05;3.200949749051671e-05;3.1574645163400886e-05;3.13340531840791e-05
930.9756366323236;3.365757293720893e-07;2.736331645506915e-07;2.2582916667415574e-07;1.9509965850770975e-07;1.957845836150529e-07;2.2525553690904886e-07;2.4287575283672774e-07;2.3732765448626646e-07;2.119461417061372e-07;1.863257054888372e-07;1.8627760238938802e-07;2.134526786321273e-07;2.3276703363382866e-07;2.2661790977582978e-07;1.904006836469365e-07;1.528721980638655e-07;1.3646637216004166e-07;1.3409260920556877e-07;1.3666658129186937e-07;1.2583373497221886e-07;1.0501216228102737e-07;9.57626465805168e-08;1.1266321377842645e-07;1.35916869855117e-07;1.4336668967140617e-07;1.281015022676387e-07;9.699326139803537e-08;6.527262236254137e-08;5.554354513233484e-08;5.864389043154456e-08;7.399943180021467e-08;8.699004685542317e-08;8.995448442763491e-08;7.800798265032571e-08;6.6611144242343e-08;5.4925154187341976e-08;4.432542697669367e-08;5.0055491437038926e-08;9.044476562131368e-08;1.6509772403417759e-07;2.702754138456467e-07;5.083667565790216e-07;1.250719366731289e-06;3.1361565374953185e-06;6.924745484666663e-06;1.3512900738936507e-05;2.346319248630559e-05;3.663938080129646e-05;5.241160563946664e-05;6.948513531024083e-05;8.634395220162463e-05;0.0001017161119344;0.0001145091746635;0.000124047737227;0.0001305746067513;0.0001334114178826;0.0001326002718363;0.0001283419194726;0.000120941590401;0.0001113630800917;0.0001004263076704;9.017304395134908e-05;8.13273335266983e-05;7.431204504797421e-05;6.89763397213747e-05;6.480674214509916e-05;6.133074119204196e-05;5.772186122190545e-05;5.377721757851517e-05;4.9918971024345016e-05;4.647618634632107e-05;4.399772465329454e-05;4.271214952363341e-05;4.235469743196046e-05;4.211187091837851e-05;4.152820908866144e-05;4.051893165919232e-05;3.911062648727674e-05;3.77783710995683e-05;3.6726976030431634e-05;3.615651471898456e-05;3.615793590364832e-05;3.667165461612192e-05;3.753128602206117e-05;3.835348026652181e-05;3.852041311890496e-05;3.798152680863101e-05;3.69430083059005e-05;3.589438691734425e-05;3.53000266760489e-05;3.51505743116582e-05;3.512008200584662e-05;3.489260136898878e-05;3.428238420516951e-05;3.337080396824394e-05;3.232856245605972e-05;3.1420076399384846e-05;3.053954610397111e-05;2.992243738081384e-05;2.951156545650041e-05
932.8517060341946;2.80040774848139e-07;2.876825151875188e-07;2.804382584022553e-07;2.5090785375435564e-07;2.0843016906269947e-07;1.681218045683711e-07;1.379402645853675e-07;1.268064229256475e-07;1.2662018991990814e-07;1.4696239651272977e-07;1.7115891407607214e-07;2.037917074871388e-07;2.396905054844556e-07;2.716173431071504e-07;2.633956701413147e-07;2.1714142970468225e-07;1.4412026141618725e-07;7.861594493189358e-08;4.7340065824516115e-08;3.6947346920476015e-08;4.125708996925125e-08;5.664826159349036e-08;7.869427344404524e-08;9.47474451452891e-08;9.538290236159719e-08;7.974464612473483e-08;5.5178335524580114e-08;3.3838073840912454e-08;1.7479589820388632e-08;1.7765235870280603e-08;3.924546768162674e-08;7.774943891200726e-08;1.127561551901035e-07;1.2410893058164538e-07;1.0511785924316212e-07;6.994522622598963e-08;4.0204092964275896e-08;2.998920173801441e-08;4.787062110968888e-08;8.854295744588017e-08;1.4145444138362276e-07;2.875671780431832e-07;9.263142373531928e-07;2.9074044548366582e-06;7.030983247772533e-06;1.4249330863603102e-05;2.498365422077336e-05;3.889628273793754e-05;5.521051805418783e-05;7.242998307778882e-05;8.869594904774026e-05;0.0001027672571102;0.0001140980220903;0.0001226731385048;0.0001285632956835;0.000131634390627;0.0001316448575044;0.0001284367059375;0.0001214141904385;0.0001110818762888;9.878331818598694e-05;8.66483344272261e-05;7.667353618593536e-05;6.939845671878175e-05;6.475615925136347e-05;6.163209252859307e-05;5.875142069497497e-05;5.577790513170959e-05;5.272333987405819e-05;4.952574349033584e-05;4.637218132005176e-05;4.406791391719611e-05;4.26544158330239e-05;4.204321527351748e-05;4.1890666013022056e-05;4.166515481212055e-05;4.089709114644331e-05;3.946039137062878e-05;3.7680596740631686e-05;3.610060398429492e-05;3.518961079649954e-05;3.5225721077783044e-05;3.603140746038605e-05;3.71402169662435e-05;3.803647086386835e-05;3.83742302401707e-05;3.819100699012082e-05;3.757652652426842e-05;3.668461109427596e-05;3.572460813805113e-05;3.478937852838714e-05;3.4010285169507936e-05;3.319616544974262e-05;3.251061738290305e-05;3.20543403085641e-05;3.1938486761850484e-05;3.1984288781383074e-05;3.197014891463055e-05;3.185716214554328e-05;3.1702112515082255e-05
934.7271088512352;1.2446616546237865e-07;1.4332843608403098e-07;1.364690714752458e-07;1.1933276484593198e-07;1.0447929191263625e-07;9.893073620905184e-08;1.1227092835857017e-07;1.4167402205967366e-07;1.6776090554708782e-07;1.8061900397218362e-07;1.7722701298549514e-07;1.6511707828630772e-07;1.643276294230789e-07;1.7566245073609846e-07;1.826072925715898e-07;1.7013250064224933e-07;1.316300884208325e-07;8.884226388617645e-08;6.395228091788288e-08;4.96752625523127e-08;4.2054775689388555e-08;4.13282799269609e-08;5.089489489444059e-08;6.627635200686144e-08;7.628650591171007e-08;7.434958655395176e-08;5.81332014620496e-08;3.804556983504172e-08;2.3415272956534163e-08;1.9292889446026672e-08;3.1108741687579946e-08;5.4457809082189154e-08;7.744221916954185e-08;8.162174913058477e-08;7.009003203270419e-08;5.3634467816903663e-08;4.046277942527913e-08;3.3082852483333866e-08;2.6390548408136783e-08;1.7951356533160985e-08;1.7740640615427085e-08;1.4759117194293306e-07;8.566433797343081e-07;3.049063373942643e-06;7.628123515485587e-06;1.5144048345827824e-05;2.5433962694025783e-05;3.823432116486331e-05;5.282211710962185e-05;6.85949143259428e-05;8.458510529387856e-05;0.000100114667045;0.0001129095458117;0.0001226726117264;0.0001287175851488;0.0001312738636395;0.0001307746885308;0.0001274738690855;0.0001208081502648;0.0001112232578101;9.999878460751016e-05;8.852515197581606e-05;7.850585207761197e-05;7.069400821098969e-05;6.492990180791478e-05;6.054775156055408e-05;5.685243776376106e-05;5.3612411483649327e-05;5.064666033334052e-05;4.803200720215019e-05;4.5955649379235256e-05;4.438083501684158e-05;4.334574404078678e-05;4.263648144592187e-05;4.216298928875155e-05;4.1668435588035e-05;4.0694742405771625e-05;3.948269213507747e-05;3.8103005449807175e-05;3.693303007321894e-05;3.658089497115363e-05;3.6886191514576745e-05;3.749059038017722e-05;3.795560519356837e-05;3.80376144051769e-05;3.774605570484331e-05;3.745448818074019e-05;3.6980705743357406e-05;3.6425607057414426e-05;3.5605671183796186e-05;3.456795431696346e-05;3.365901879563188e-05;3.2906220572224974e-05;3.2526869803943606e-05;3.249852468481365e-05;3.2673963965970025e-05;3.277304225217802e-05;3.2852600319559366e-05;3.283193933421295e-05;3.273372918660507e-05
936.6018451043165;1.1173552936316914e-07;1.4516952176484738e-07;1.6389765786667826e-07;1.603312960829877e-07;1.4620121599113545e-07;1.393396293712302e-07;1.496511559525671e-07;1.6665982390002124e-07;1.7299129181849242e-07;1.5620084741115917e-07;1.342483850150257e-07;1.3257811963634072e-07;1.7816640534672856e-07;2.572821025440859e-07;3.207580813163335e-07;3.334931881261079e-07;2.872373867098552e-07;2.015713221730928e-07;1.312975688390079e-07;1.0152508774586464e-07;9.428481026074015e-08;9.946983817996055e-08;1.120078632887063e-07;1.2876397110475249e-07;1.4030147664232013e-07;1.3601373750769862e-07;1.0913001877668887e-07;7.282788006725413e-08;4.484414314502312e-08;3.302037049668484e-08;3.335265841316856e-08;3.6423642864017553e-08;3.508578836499676e-08;3.3013612987344315e-08;4.1791689837502256e-08;6.594798995656062e-08;9.115335616210457e-08;9.94189667357401e-08;8.420103611772384e-08;5.5178746358952955e-08;6.970614866524583e-08;3.3887968115436745e-07;1.3172047366371938e-06;3.735212011619248e-06;8.439952442195867e-06;1.5575917138361356e-05;2.505291824562432e-05;3.6827965076928553e-05;5.0345320984070114e-05;6.558582412075992e-05;8.209168730543583e-05;9.867518119574524e-05;0.000113669649701;0.0001249781787787;0.0001313657233169;0.0001329693411776;0.000130530608249;0.0001253080408205;0.000117714293385;0.0001084211878803;9.829924417434852e-05;8.852755621855372e-05;7.981879690723017e-05;7.250095625434836e-05;6.658823273570987e-05;6.150337358205706e-05;5.694376100851925e-05;5.288376391504418e-05;4.932177468108416e-05;4.627998127968583e-05;4.411087669061944e-05;4.23858764035747e-05;4.1305795654916096e-05;4.0962020122585806e-05;4.091043174461799e-05;4.0714542763514095e-05;4.007183693636852e-05;3.900252099093392e-05;3.7710495197969954e-05;3.695628796719564e-05;3.690397423398392e-05;3.732712964746221e-05;3.7672273158100686e-05;3.7594578811093625e-05;3.696540124775607e-05;3.603889765417859e-05;3.526173548325504e-05;3.4818351387880115e-05;3.4507426734550765e-05;3.415200448113048e-05;3.3644169538441125e-05;3.2978332246124576e-05;3.259216141944017e-05;3.2337152888470634e-05;3.216772969309375e-05;3.1815767933007426e-05;3.15545442874304e-05;3.1216222007132134e-05;3.088982581070158e-05;3.0624784208715134e-05
938.475914814444;2.2293040395565722e-07;2.900154732015204e-07;3.2698373182325585e-07;3.104404960149704e-07;2.4945479765863496e-07;1.8099310085460723e-07;1.4251845904508738e-07;1.173645470649034e-07;9.839815527252026e-08;8.142538058827828e-08;7.883327213449997e-08;1.2045248525957056e-07;2.407410555483138e-07;4.022958072118736e-07;5.05572534262349e-07;5.029444614271077e-07;4.064092034391516e-07;2.592266605488264e-07;1.523395012685636e-07;1.2700566816728128e-07;1.4311958617400728e-07;1.611930994670052e-07;1.6603822000781793e-07;1.549576609296767e-07;1.307935770594035e-07;1.0174100033712365e-07;7.655667531717882e-08;5.7871534218978e-08;4.7315438307755344e-08;4.4623385096809396e-08;4.3152777873557044e-08;4.138839255000394e-08;3.5793986630673976e-08;3.157248230473977e-08;4.612286443270319e-08;8.19892335827489e-08;1.2042703692324092e-07;1.328574122610194e-07;1.1516128472370363e-07;8.228741076004105e-08;1.313423407073271e-07;5.111362204845805e-07;1.6500587726396713e-06;4.173636625519771e-06;8.759126297200844e-06;1.5694098653232446e-05;2.517606239589217e-05;3.725499069020066e-05;5.144919951040101e-05;6.714678752498576e-05;8.335519421271236e-05;9.833536457677346e-05;0.00011189731236;0.0001223633920445;0.0001285569695706;0.0001305600271271;0.0001283007701857;0.0001223804900986;0.0001141492958296;0.0001044078242871;9.445150535826468e-05;8.495618807326057e-05;7.684237525196716e-05;7.02027979030805e-05;6.473698274529165e-05;5.995531353707561e-05;5.55130974677901e-05;5.171368694948019e-05;4.868405875205089e-05;4.613472380553073e-05;4.381852102369807e-05;4.17226974291084e-05;4.003237909313951e-05;3.892782017813648e-05;3.836185231490858e-05;3.801426599132539e-05;3.741155056141564e-05;3.626869167329874e-05;3.4924951056100755e-05;3.408911401696014e-05;3.417530709684736e-05;3.4970830513572525e-05;3.5859078253636044e-05;3.622204522045552e-05;3.580621287903675e-05;3.489180813873746e-05;3.385208125143112e-05;3.297595081874414e-05;3.243223615165277e-05;3.223823516354673e-05;3.2275262745895535e-05;3.235233300526398e-05;3.2449885034101914e-05;3.224073033697752e-05;3.16994371674037e-05;3.097110836719209e-05;3.0278124760704545e-05;2.9770075718323116e-05;2.9387369896570074e-05;2.9168801550784536e-05
940.34931800278;1.1143545471304716e-07;1.4496841137903138e-07;1.6341086697900473e-07;1.5451648777511262e-07;1.2248352000430436e-07;8.675136746935014e-08;6.413064474006089e-08;4.89562072507212e-08;4.5129143967873145e-08;5.088946438960318e-08;7.010300090710454e-08;1.1468329906150617e-07;1.977907239381e-07;2.745679778723057e-07;3.0474397935210804e-07;2.7382854538134855e-07;1.9916813829654809e-07;1.146546270543588e-07;6.5626343404155e-08;6.04347730139908e-08;7.788890893847226e-08;9.473910339133313e-08;9.597547867725365e-08;8.292292561796374e-08;6.569262135204507e-08;4.866085415195632e-08;4.417558741051856e-08;4.612381578416968e-08;4.77035181021888e-08;4.613205318942764e-08;4.2049759517703456e-08;3.2542137279900405e-08;2.25704379345273e-08;1.8064226978625995e-08;2.3970434449016716e-08;3.9053656695665714e-08;5.358224981558017e-08;5.990859463140874e-08;5.57775859095641e-08;4.9091089331325286e-08;1.201943580677397e-07;4.451143031207437e-07;1.3772603156757911e-06;3.521104525258388e-06;7.732407039251171e-06;1.4726882281859063e-05;2.469637154117039e-05;3.733124114200964e-05;5.176432923265423e-05;6.673925179272991e-05;8.129257024291259e-05;9.46912069310627e-05;0.0001062587095534;0.0001155804988865;0.000122365733111;0.0001257554921111;0.0001249990330271;0.0001200744251243;0.0001119961459736;0.0001020463198542;9.171098602399588e-05;8.186131141454803e-05;7.334874016785373e-05;6.640949806968443e-05;6.0715236943155984e-05;5.613456236121498e-05;5.266207687142934e-05;5.011957994877591e-05;4.809952454600311e-05;4.666142208043711e-05;4.509372391722712e-05;4.307536783326164e-05;4.077243176490805e-05;3.825392031846982e-05;3.62960492925596e-05;3.503284924347948e-05;3.417065547588469e-05;3.354733174149148e-05;3.31918353224672e-05;3.3292922498933e-05;3.41619443698947e-05;3.535956362903121e-05;3.631480918650949e-05;3.671239013131187e-05;3.635139093709115e-05;3.5300989301832726e-05;3.372235273490457e-05;3.199472526770789e-05;3.0767793641287995e-05;3.0454862248663416e-05;3.106752243014196e-05;3.230996629414464e-05;3.326029061711524e-05;3.340811981867408e-05;3.263937468048478e-05;3.131614362834276e-05;3.0002928069082676e-05;2.909811953916169e-05;2.879150557773821e-05;2.8825002713193645e-05
942.2220546906356;2.307683466876965e-08;1.5038416985106702e-08;7.505662981029277e-09;2.973772033586869e-09;3.3640736709427236e-09;8.890251610038985e-09;1.49161842532373e-08;2.004713315009861e-08;2.377183948946316e-08;3.190572490856776e-08;5.315627455306876e-08;8.485444154220033e-08;1.07296753744118e-07;1.0524372565875935e-07;8.333003484598913e-08;5.274555882503469e-08;2.5992075541745133e-08;1.2587225131644656e-08;8.477980498483851e-09;7.73709339713975e-09;1.030603198404212e-08;1.536563029371381e-08;1.7733297168330632e-08;2.2506681345598143e-08;3.371114748950216e-08;4.459431617715697e-08;5.0470192768531895e-08;5.3599728607294336e-08;5.3901994519024415e-08;5.888722895426448e-08;6.349493284558218e-08;5.769045013624313e-08;4.42687000953787e-08;2.942363620361648e-08;1.748977150721411e-08;1.0590681677869055e-08;9.704924183574252e-09;1.7057090242585588e-08;3.7217481267696616e-08;7.44963522476333e-08;1.7185461529889178e-07;4.1783849370699725e-07;1.0829726671180077e-06;2.713808635275634e-06;6.265897890004828e-06;1.290407320483104e-05;2.2872214535094897e-05;3.562488047866599e-05;4.999319884294375e-05;6.463751038335577e-05;7.881242219628893e-05;9.189291176965716e-05;0.0001034423731858;0.0001127830155727;0.0001195741370979;0.0001231098097565;0.0001228527037416;0.0001187740510888;0.0001112210872282;0.0001016155951898;9.154342706282833e-05;8.184981199415915e-05;7.310542725361396e-05;6.58272642240622e-05;6.013692148368095e-05;5.589931089490098e-05;5.278860826159344e-05;5.036830213855792e-05;4.831985064083218e-05;4.652401930883031e-05;4.468735933157544e-05;4.2698111515069006e-05;4.063509068588667e-05;3.858049300830327e-05;3.689804105260462e-05;3.566745086365251e-05;3.4957491236191106e-05;3.4806966675744685e-05;3.514743905582762e-05;3.59082930426518e-05;3.6886572954595896e-05;3.776989584793461e-05;3.8255173724517646e-05;3.8171659217313086e-05;3.734139619381473e-05;3.5765597030511374e-05;3.354493096742683e-05;3.119737744472147e-05;2.9419989633076094e-05;2.901619512876217e-05;3.0066684934757128e-05;3.2023393936227776e-05;3.3751955183175234e-05;3.426585752959594e-05;3.342465294533469e-05;3.170637634064113e-05;3.0039504442463012e-05;2.905387177788982e-05;2.8805618106361832e-05;2.894745670278416e-05
944.0941248994714;6.337009227933645e-08;6.189140293973474e-08;6.471953139963036e-08;5.3468222477445093e-08;3.896051168481887e-08;2.5409042204985652e-08;1.7486379458200097e-08;1.5089299664464624e-08;1.4049340224105624e-08;1.6271545950008006e-08;2.5138267370985706e-08;3.4153680680464626e-08;3.7289114847449264e-08;3.4180273155283695e-08;2.6533642624998973e-08;1.7227315319597466e-08;1.1248033194375764e-08;1.4360678827827448e-08;2.5517573687868505e-08;4.1754467449951615e-08;5.234337962869845e-08;5.236981289754734e-08;4.2604943143737714e-08;3.070168674742971e-08;2.4892834215180263e-08;2.7964346844596876e-08;3.078046858063393e-08;3.7739164660535295e-08;5.48310811660954e-08;7.588590240250456e-08;9.304731165425037e-08;9.579093723346089e-08;7.996771070485915e-08;5.3888620259065766e-08;3.3405344461166814e-08;2.484969225962371e-08;2.7744071076996793e-08;4.20817727927083e-08;7.243514677376858e-08;1.311537928264751e-07;2.475897712646605e-07;5.054938117825075e-07;1.2145915266173737e-06;2.889195722238117e-06;6.536683149154533e-06;1.307262393107952e-05;2.2706528005853252e-05;3.5028643130437554e-05;4.908732957399854e-05;6.38027833920079e-05;7.850185615957738e-05;9.22716643797214e-05;0.000104051231471;0.0001129997470187;0.0001187174788458;0.0001206960134947;0.0001195052964383;0.0001153885256218;0.0001087132906776;0.0001002881513451;9.13179606294195e-05;8.260739930178812e-05;7.425279911500791e-05;6.730989915691989e-05;6.186495014152095e-05;5.761025527116726e-05;5.413431202890479e-05;5.123922527084515e-05;4.875509863937112e-05;4.660606443171976e-05;4.475978354098334e-05;4.3216059363150505e-05;4.187695087419888e-05;4.084447889923832e-05;3.994318606328784e-05;3.900569447363256e-05;3.813034645954864e-05;3.755797977088139e-05;3.75216449907296e-05;3.773977210273132e-05;3.8060697162356976e-05;3.835461648222129e-05;3.829740868200432e-05;3.776370952013156e-05;3.672382327255367e-05;3.526193719482684e-05;3.3569238387534854e-05;3.195033781422916e-05;3.087477057142422e-05;3.070349741203717e-05;3.1434275628980066e-05;3.26211807132067e-05;3.356164861799808e-05;3.3582176480558857e-05;3.266161004989604e-05;3.123446714002278e-05;2.9906026164286505e-05;2.929717647716076e-05;2.9171662319835507e-05;2.9315723845521696e-05
945.9655286508896;7.970006275570734e-08;1.0397529660386485e-07;1.1544667944495094e-07;1.0849383741371045e-07;7.959514558111512e-08;4.704009023565783e-08;2.616807794676628e-08;1.6324306997394152e-08;1.3019257975546736e-08;1.3196086264588256e-08;1.4437416868612909e-08;1.4821397266638949e-08;1.3368187129058737e-08;9.750315783218282e-09;5.885339801640103e-09;4.450216397075471e-09;6.618449388085254e-09;2.2942063072003e-08;6.328551091310264e-08;1.1434755218592977e-07;1.489461380542793e-07;1.5146394306525758e-07;1.1624490946843384e-07;6.63492261500369e-08;3.679099850578319e-08;3.824955229537423e-08;4.9938697195289786e-08;6.487889586202785e-08;7.962492816540214e-08;8.241908563987805e-08;7.927554896291578e-08;6.662258758495359e-08;4.900734396949666e-08;3.3501080060438675e-08;2.6035672466523563e-08;2.887878020554269e-08;3.696356256487668e-08;4.741876653809988e-08;6.732510592433496e-08;1.0514384371290797e-07;1.944670361475863e-07;4.464718289335769e-07;1.226184587042857e-06;3.170805970489862e-06;7.304748091984775e-06;1.4274283080281464e-05;2.406518440151636e-05;3.616015104454953e-05;4.966462666687247e-05;6.401798081846931e-05;7.868221508034804e-05;9.276131435258184e-05;0.000104691471053;0.0001134084722757;0.0001183481499278;0.0001194855759921;0.0001171540210597;0.0001121823500266;0.0001053724390058;9.733558591025485e-05;8.915542022297744e-05;8.134635717225968e-05;7.410733035547578e-05;6.757830128878901e-05;6.176098702777316e-05;5.671110255499459e-05;5.262122585743514e-05;4.960299758256436e-05;4.761967683421e-05;4.635652347809648e-05;4.5490217741940336e-05;4.457686418509825e-05;4.3418710122265214e-05;4.216538835396327e-05;4.086817788448444e-05;3.974397407912592e-05;3.888080666457462e-05;3.82916386143928e-05;3.789551482342002e-05;3.759624838619467e-05;3.728138619517126e-05;3.6851337982035686e-05;3.626580814325538e-05;3.556524570756666e-05;3.495151396143362e-05;3.4488753907334374e-05;3.423590367440302e-05;3.4225506838151233e-05;3.4295147664437504e-05;3.429832084749072e-05;3.41730409590732e-05;3.3833913708430775e-05;3.31741913883035e-05;3.2284411363880505e-05;3.116163747385464e-05;3.0091097147425365e-05;2.937630094142557e-05;2.909881957519176e-05;2.9135322504843585e-05;2.9304176106946252e-05
947.8362659666454;1.5051434697743542e-07;1.381464054263707e-07;1.160113839275449e-07;1.0010804238687329e-07;8.030602651949975e-08;5.570987757588918e-08;3.373545819529196e-08;2.0117473033663372e-08;1.664010076406824e-08;2.146421604697938e-08;2.7385228326412173e-08;2.945644848187092e-08;2.609382313843e-08;1.801717031824181e-08;9.748740840234009e-09;6.515159178734201e-09;8.6748417930743e-09;2.6149642669209055e-08;6.69750255102093e-08;1.174536450258898e-07;1.525636171205887e-07;1.5882816897103044e-07;1.349667075348095e-07;9.719108639002607e-08;6.96559510162142e-08;7.503106918625413e-08;9.591963121548125e-08;1.0989970925844369e-07;1.0565149924698114e-07;8.171459635181723e-08;4.9413600453999575e-08;2.6814735641890442e-08;1.5686502849771296e-08;1.1255664586887036e-08;1.1758664429961074e-08;1.5768037010288444e-08;2.1378714007364026e-08;3.0771128891987215e-08;5.066300672757204e-08;9.214479385712209e-08;1.644408045530778e-07;3.484077850990627e-07;9.83960838943022e-07;2.6953554594670908e-06;6.5730638034045725e-06;1.3557555531097965e-05;2.3666725140621123e-05;3.632817876023231e-05;5.041597991814832e-05;6.477092845743385e-05;7.893418246640645e-05;9.205432855479502e-05;0.0001032861107888;0.0001119301827281;0.0001173247289408;0.0001194927268877;0.0001176495289981;0.0001130198951907;0.0001063068097764;9.854179693233371e-05;9.047807596171234e-05;8.264436617370235e-05;7.535084203832179e-05;6.822438253251557e-05;6.135488289325084e-05;5.53392472052e-05;5.06243689889412e-05;4.7464583271228914e-05;4.616687698930871e-05;4.595995965537373e-05;4.598178644025844e-05;4.540652498158953e-05;4.403619772651729e-05;4.211349898663079e-05;4.014538751691674e-05;3.873925526153742e-05;3.789163562107011e-05;3.751528725295231e-05;3.740289799225252e-05;3.723991061429208e-05;3.689236790321829e-05;3.619089030281433e-05;3.5446003471651575e-05;3.477824216085439e-05;3.437451589259769e-05;3.432593099505818e-05;3.458441050132835e-05;3.4876942164150045e-05;3.506333164807818e-05;3.493315355865067e-05;3.446783828857161e-05;3.374320987774343e-05;3.2865634433107054e-05;3.196113845347859e-05;3.108652831136079e-05;3.02175203546196e-05;2.9498639435725836e-05;2.9061519085308352e-05;2.881587666580977e-05;2.8611585429739944e-05
949.7063368686504;2.2166735781212894e-07;1.596385067252331e-07;1.0979860473421416e-07;8.444204134771188e-08;8.451324031418488e-08;1.1261424344365185e-07;1.3586914402069117e-07;1.5152398575067368e-07;1.5518259831167614e-07;1.445789331420712e-07;1.2140625074258762e-07;9.254304003108869e-08;6.374077332276594e-08;3.964225846323821e-08;2.388716054065556e-08;1.7761563071745405e-08;1.7669279759004132e-08;2.297542776567633e-08;3.9602920961382046e-08;6.373717254466013e-08;8.82221387422881e-08;1.0681705368815352e-07;1.2098462265174738e-07;1.2598749743594886e-07;1.1281648897593685e-07;1.0181141824841122e-07;8.992988773015472e-08;7.440951912679259e-08;6.030852904432093e-08;4.461118172487117e-08;2.24979501516532e-08;1.445864053223946e-08;1.5321686779655284e-08;1.5588816018415253e-08;1.7418477539736188e-08;1.852149619257744e-08;1.7171700709991957e-08;2.405236572517462e-08;4.800871493008713e-08;9.718011711983817e-08;1.7506139356273616e-07;3.284371270517829e-07;8.259792072069287e-07;2.318702127249136e-06;5.884658721871783e-06;1.2575096739138202e-05;2.274549209505189e-05;3.6018364858744745e-05;5.131922873304473e-05;6.681279851040832e-05;8.11610889183155e-05;9.355128183782116e-05;0.0001034773050962;0.0001111437827848;0.000116606190745;0.0001191171025764;0.0001186009790936;0.0001153412478117;0.000109687591019;0.0001024413887999;9.44042011999558e-05;8.600053077351871e-05;7.756143296221878e-05;6.938585200427647e-05;6.184225135875623e-05;5.550400209619194e-05;5.096974033808935e-05;4.841659251421592e-05;4.752693533367911e-05;4.745791324458996e-05;4.727277295712724e-05;4.639597379087341e-05;4.477620201459064e-05;4.269986479418404e-05;4.065224086718888e-05;3.904274559499365e-05;3.814499034074862e-05;3.802076555444007e-05;3.833273927092844e-05;3.8623703637792576e-05;3.847916063816e-05;3.75831911667667e-05;3.6423200096946526e-05;3.539606810962436e-05;3.4576172534341776e-05;3.419421294029083e-05;3.414885264453146e-05;3.412911964638091e-05;3.4008953184236046e-05;3.376237510658411e-05;3.348480581930494e-05;3.325490870761682e-05;3.302985089845387e-05;3.2871813295014096e-05;3.250503750202888e-05;3.186528619077995e-05;3.094867211990038e-05;2.9921673195493146e-05;2.894260643735378e-05;2.826256942893128e-05
951.575741378947;1.8497361083581785e-07;1.442958113581897e-07;1.0321004347708358e-07;8.675115955392523e-08;1.0771466726643173e-07;1.6383095842610065e-07;2.300703074812453e-07;2.772935973758956e-07;2.8912627729868165e-07;2.614456841291584e-07;2.0726057912722483e-07;1.469198602642819e-07;9.38922507158143e-08;5.655963485525037e-08;3.717015539457529e-08;3.46047347229463e-08;4.570499983172663e-08;6.05020675156004e-08;7.159534105722383e-08;8.01191139858351e-08;8.988714665524092e-08;1.053180095086197e-07;1.3064787068320904e-07;1.601013332057457e-07;1.8547609605708601e-07;1.8410013159599624e-07;1.544599412238964e-07;1.0726671843477437e-07;6.030044127264692e-08;3.089146417790424e-08;1.8905694519982574e-08;1.7096175251172873e-08;2.322566546200785e-08;3.1712001871514386e-08;3.5634589482921044e-08;3.50308063324061e-08;3.5572775946446215e-08;4.198853052195816e-08;5.9119705878545846e-08;8.316431653588926e-08;1.1866677748381613e-07;2.188852778673409e-07;7.041338272013773e-07;2.3247224744938346e-06;5.967558382820942e-06;1.2721568863409488e-05;2.3219924364808315e-05;3.689959831056784e-05;5.261278481438418e-05;6.867048009294948e-05;8.33096179333453e-05;9.599234103726688e-05;0.0001065982654448;0.000114623098318;0.0001197559952455;0.000121867001084;0.0001212748727948;0.0001176143283589;0.0001114243479801;0.0001036192325648;9.491975728613428e-05;8.57705237539097e-05;7.672036991064675e-05;6.818935199409606e-05;6.079801304724906e-05;5.508252513639377e-05;5.154573445786355e-05;4.99599364815501e-05;4.92928094152236e-05;4.8790250867692856e-05;4.778671031589075e-05;4.6108081108953294e-05;4.394824529395509e-05;4.185305213963696e-05;4.01489508699052e-05;3.8978861233197536e-05;3.867549582003449e-05;3.9084485626574266e-05;3.982583187041136e-05;4.0228042632798233e-05;3.965190111730165e-05;3.833357330599244e-05;3.6506998438070433e-05;3.4864190908012696e-05;3.398496685017828e-05;3.375744595500175e-05;3.3874006256294434e-05;3.40222341256405e-05;3.3981904811389975e-05;3.386106723838719e-05;3.3781986250002944e-05;3.367398799539332e-05;3.3611671168751355e-05;3.356504083034545e-05;3.3413895227635485e-05;3.308584449893552e-05;3.2572289765378656e-05;3.206003144203837e-05;3.1478058125280535e-05;3.1058438689826164e-05
953.4444795197378;1.878750159375918e-07;2.0594638425817562e-07;1.979111204332347e-07;1.659598168831049e-07;1.436290893066537e-07;1.3621125562008648e-07;1.4493594410024368e-07;1.6437206180712877e-07;1.854780660989464e-07;1.902799874969353e-07;1.7181815720798846e-07;1.3529766202171778e-07;9.131912923895963e-08;5.594215002055991e-08;3.785832248808879e-08;4.016892794554933e-08;6.441161232371217e-08;9.60175425724319e-08;1.1202008023914217e-07;1.084839528116039e-07;9.164342217868327e-08;8.177496662615019e-08;1.060764460749628e-07;1.6571842863759676e-07;2.4131469031452975e-07;2.840268287329765e-07;2.727358932928837e-07;2.098010908628389e-07;1.2522694615696437e-07;6.989739431446456e-08;5.422345331727456e-08;5.8483673722240054e-08;6.524779411787354e-08;6.524562015706812e-08;5.1764765434555055e-08;3.8991986307105935e-08;4.3203489313751526e-08;5.8682373804246546e-08;7.108511060986382e-08;7.435505658525086e-08;6.935745592465404e-08;1.312138710489258e-07;6.330418316147432e-07;2.3208000640764685e-06;6.146914464793937e-06;1.3297218194857546e-05;2.4175709876428668e-05;3.796750049911819e-05;5.321281397724149e-05;6.852105797470136e-05;8.290987292270407e-05;9.620705515182624e-05;0.0001084923424814;0.0001185170567191;0.0001247016494614;0.0001267870310202;0.0001247447689933;0.0001193519335741;0.0001116997043227;0.0001024382739445;9.267881627037368e-05;8.321014704798476e-05;7.439992332770599e-05;6.636734789227885e-05;5.943616093747707e-05;5.4068216171680245e-05;5.045984623203784e-05;4.8420097133314345e-05;4.73624530476296e-05;4.645843356797474e-05;4.530658940641974e-05;4.383699901683071e-05;4.216507904789006e-05;4.053883229822023e-05;3.919484596190138e-05;3.839507615462684e-05;3.829071644978893e-05;3.879283967004747e-05;3.949580262862073e-05;3.985482405330415e-05;3.9464342668556535e-05;3.84552499628354e-05;3.6986867252564936e-05;3.557663392000114e-05;3.4734096227094e-05;3.446918011035733e-05;3.4615572716738536e-05;3.494203185463878e-05;3.5247185968440554e-05;3.536358316385666e-05;3.5183522270398795e-05;3.470513130817557e-05;3.409606394909187e-05;3.352078090527994e-05;3.309620054349095e-05;3.304137497490113e-05;3.325208329058759e-05;3.357010384075984e-05;3.382476328527817e-05;3.395427077778635e-05
955.3125513133637;1.7990692005330174e-07;2.3066634500715006e-07;2.491245275739435e-07;2.157503661327708e-07;1.541362128418523e-07;9.234873885950845e-08;4.8954662724047815e-08;3.9166196737720815e-08;5.899163579496644e-08;8.793479596867705e-08;1.074980764607592e-07;1.0665516155609236e-07;8.342787624567289e-08;5.2738267646825945e-08;3.13780709608422e-08;2.5670674366139614e-08;3.5283812974903476e-08;5.0054052460358664e-08;5.707074838955314e-08;5.223366313746762e-08;3.850042725562659e-08;2.9492971366485072e-08;4.9461557326862336e-08;1.0558899204513836e-07;1.7422314243791217e-07;2.165146531817303e-07;2.0948542191748602e-07;1.593667404943979e-07;9.84161912256718e-08;6.8714761458165e-08;7.703121779231728e-08;9.421286448325273e-08;9.802132525393084e-08;8.42008588995058e-08;5.7766567805320977e-08;3.5950118123008724e-08;3.3080901330104094e-08;4.0285618853993485e-08;4.572746106507603e-08;4.3487542588107256e-08;5.79394052165962e-08;2.001541888320591e-07;8.17962554300537e-07;2.642440015592913e-06;6.6775882279973415e-06;1.386408645474866e-05;2.437943780037436e-05;3.757921058083003e-05;5.229371874054261e-05;6.738054830189921e-05;8.216027056213838e-05;9.618623175297032e-05;0.0001086295241421;0.0001186056195922;0.0001250653553468;0.0001274446340898;0.0001255639465885;0.0001199132118468;0.0001117228679543;0.0001020769781592;9.228258170072914e-05;8.319483094650391e-05;7.50294660967138e-05;6.782533467899283e-05;6.149637599625743e-05;5.6092401356736384e-05;5.169688315595265e-05;4.832834290178144e-05;4.5866321048264285e-05;4.416865330268132e-05;4.2927847657394015e-05;4.206910518271096e-05;4.144640480144098e-05;4.074737920129564e-05;4.002948573595695e-05;3.934187421762211e-05;3.885107740946344e-05;3.869643245360893e-05;3.8622514470223046e-05;3.861026602225858e-05;3.844808355671252e-05;3.7972715934616965e-05;3.743176795650941e-05;3.691458668550972e-05;3.634494722023025e-05;3.609011859349912e-05;3.6183278192391705e-05;3.656174581333948e-05;3.679048912762091e-05;3.664986901392723e-05;3.60192002518156e-05;3.51831888495133e-05;3.423584929353078e-05;3.372046700508556e-05;3.362404820706745e-05;3.384841357229841e-05;3.398672341527274e-05;3.3695591473878415e-05;3.349395179417078e-05;3.3107332365600746e-05
957.1799567823256;8.952946542625592e-08;1.3353167081500772e-07;1.6017746205801718e-07;1.530135848811949e-07;1.170623061603754e-07;6.417237470311982e-08;2.9028389840780122e-08;1.7653188170931063e-08;2.101668617501612e-08;3.111083712405564e-08;4.200221664507407e-08;4.769151649272366e-08;4.1205342321335727e-08;2.686982180667237e-08;1.4257782390944549e-08;7.348777720910702e-09;4.716372911160299e-09;3.6076017022481515e-09;2.688752231076809e-09;2.1083517196991402e-09;2.222083017702587e-09;4.438225289003089e-09;1.2541808095061158e-08;2.9795870507594793e-08;5.1324372209230045e-08;5.897136973977777e-08;5.422102369666925e-08;4.19369200988341e-08;3.701125355331599e-08;4.886175056000557e-08;8.157626623932156e-08;1.018424640875577e-07;9.792468379820299e-08;7.711111877600596e-08;4.951475056779251e-08;3.1544236446029316e-08;2.7887559223536137e-08;2.5572820314385773e-08;2.172727095847817e-08;1.7446316072054192e-08;4.565272133712382e-08;2.639231850338604e-07;1.0872337507540696e-06;3.1915788263670737e-06;7.431040648264672e-06;1.449278824057039e-05;2.4501437604995868e-05;3.7074163014926174e-05;5.13272360126687e-05;6.625311280624812e-05;8.119452821963185e-05;9.537959244305418e-05;0.0001076502488659;0.0001170765019147;0.0001232290842248;0.0001258681468737;0.0001250458262235;0.0001209405829302;0.0001136469231278;0.0001045966938627;9.48973365124202e-05;8.563632900448553e-05;7.737129846922976e-05;7.035894208404694e-05;6.442912682359491e-05;5.9302674713936735e-05;5.480915601279781e-05;5.086632606095392e-05;4.754055110022849e-05;4.500026668764145e-05;4.329954828695209e-05;4.223793806381782e-05;4.161231631863893e-05;4.11947307213533e-05;4.067550822868617e-05;4.004393404213997e-05;3.936761516773549e-05;3.874956120131574e-05;3.824599552872769e-05;3.7835603982496896e-05;3.7535029420560544e-05;3.7361228765500965e-05;3.716292636205538e-05;3.696736446616728e-05;3.674434117639439e-05;3.653818581765632e-05;3.631861593095911e-05;3.602313017840537e-05;3.554918780647567e-05;3.487922286006027e-05;3.410430939584289e-05;3.3484127482243755e-05;3.3334141040194826e-05;3.36824235369445e-05;3.449865400750134e-05;3.4974978000074244e-05;3.4669129730474874e-05;3.36522524432942e-05;3.236036330372177e-05;3.119566221442254e-05
959.0466959492552;3.6649348601566986e-08;7.078368116434349e-08;9.728349959993809e-08;1.014534656960344e-07;8.101601561790806e-08;4.73758023722073e-08;2.2509335154187413e-08;1.167507369469672e-08;1.1933851038546282e-08;2.196828373739677e-08;3.8571813779054443e-08;5.5208409029551995e-08;6.418501963975508e-08;5.968262968610306e-08;4.4499693076819787e-08;2.747738261191269e-08;1.2520899581765944e-08;5.132631251808298e-09;4.1449556395605795e-09;4.517416383697178e-09;5.1394679119773925e-09;5.942500642518434e-09;5.8589393913040945e-09;4.6407119843391855e-09;3.4304375044335558e-09;2.3129205203957742e-09;2.321269311362264e-09;5.554728465688348e-09;1.7862615844346753e-08;4.9251659797066934e-08;8.876206071683976e-08;1.0858764304568853e-07;1.0024681406978897e-07;6.952453562240799e-08;3.6602182406645825e-08;2.524080794974512e-08;2.6258484374002926e-08;2.6876461171227465e-08;2.3014724993783506e-08;1.6449184996236007e-08;2.5286353159770424e-08;2.0692774610977e-07;1.0305974480859128e-06;3.275821502309825e-06;7.745235082876772e-06;1.4998237074930394e-05;2.496817192366716e-05;3.7310526123925575e-05;5.119261945860437e-05;6.585025782139684e-05;8.05045563669522e-05;9.447992965350122e-05;0.0001067670085356;0.0001164895509214;0.0001228425778563;0.000125392997681;0.000124342627772;0.00012024876248;0.0001134099312647;0.0001045301544233;9.515663650958032e-05;8.611876997709469e-05;7.79270516912907e-05;7.08612605861884e-05;6.472361422810833e-05;5.941904132962193e-05;5.5100669227651456e-05;5.163297905663047e-05;4.884950919199703e-05;4.667559562351801e-05;4.50369629123553e-05;4.366514708520712e-05;4.243131437026608e-05;4.133639958974531e-05;4.037334381160501e-05;3.957226266491234e-05;3.8905133564976646e-05;3.837430851436679e-05;3.797039300804247e-05;3.764069816054663e-05;3.750802730212564e-05;3.747589883292663e-05;3.749111341262986e-05;3.747314853057976e-05;3.731756326892061e-05;3.675041240268417e-05;3.5785727403411305e-05;3.4629346172847166e-05;3.3395434319118106e-05;3.22804979633001e-05;3.148109468061251e-05;3.113896692600657e-05;3.143520964414941e-05;3.201630295970936e-05;3.266090900523974e-05;3.3002133991697946e-05;3.276174501771323e-05;3.202129921298156e-05;3.09267795310881e-05;3.0227783973651622e-05
960.912768836948;2.189642512256832e-08;4.1265911411522065e-08;5.5139770272405944e-08;5.6226878969503984e-08;4.473160269748248e-08;2.9779990314369664e-08;2.2056872293739663e-08;1.7420847221667975e-08;2.061163962956877e-08;4.0100843389245774e-08;7.202039615639963e-08;1.0434044002970235e-07;1.2392798334117589e-07;1.1644123331835269e-07;8.776621579936387e-08;5.472470332758714e-08;2.8535290151881184e-08;1.4995548485582372e-08;1.2950066175216631e-08;1.6553187326860696e-08;2.0917116984462685e-08;2.337656237830453e-08;1.905794400208681e-08;1.3270325448032616e-08;8.218079079980088e-09;5.035043511879547e-09;3.996816829675997e-09;4.4846576692905395e-09;8.141845641327116e-09;2.6457348398379075e-08;4.751919773448058e-08;5.976154473469135e-08;5.7366364645182874e-08;4.1175375869194526e-08;2.548570386474217e-08;2.145781967737285e-08;2.1994283681868943e-08;2.146386856663202e-08;1.7222510163149806e-08;1.195920280991384e-08;1.7045732351772717e-08;1.44310432394913e-07;8.737625857442614e-07;3.137290301218927e-06;7.809162836472624e-06;1.5327536444035505e-05;2.557168300610528e-05;3.798806273706e-05;5.1843996507824566e-05;6.66333167823068e-05;8.15020890198037e-05;9.557498337554005e-05;0.0001079275901915;0.0001176534498578;0.0001238027674542;0.000126007926693;0.0001240697943936;0.0001186217545939;0.0001110389572174;0.000102180460109;9.34040838236953e-05;8.50546403365127e-05;7.719253930171054e-05;6.977718223262652e-05;6.297516646943291e-05;5.7193241985996304e-05;5.284799629968097e-05;5.000827954822151e-05;4.8346351404641165e-05;4.7214206523218285e-05;4.6050125773799424e-05;4.467348633545954e-05;4.314325660238848e-05;4.170247852244895e-05;4.0661870829748544e-05;4.002248453807444e-05;3.960723771047823e-05;3.92131891870628e-05;3.873540027866497e-05;3.823133656367309e-05;3.788627323747097e-05;3.7842097223232016e-05;3.80253359074027e-05;3.8130372456073445e-05;3.800886914267681e-05;3.751307249992502e-05;3.658282845741651e-05;3.53370242989014e-05;3.4006231724411746e-05;3.28486759544424e-05;3.201932935249316e-05;3.1500424104152255e-05;3.1107479007045304e-05;3.089362584939207e-05;3.0748957868388697e-05;3.052978502819594e-05;3.0330131560461187e-05;3.0121723830161534e-05;3.000230130190118e-05;2.995645171906486e-05
962.7781754683238;8.816128132778812e-08;8.096893168502146e-08;6.28617283152334e-08;3.8175475648262616e-08;2.2462010229589047e-08;2.1415036484866023e-08;2.5216611174123125e-08;2.6821081841339713e-08;2.8684323823736363e-08;3.49215396476702e-08;4.728350430623643e-08;6.30264832105462e-08;7.444109348941164e-08;7.05138967913943e-08;5.319117025669145e-08;3.8878254738506144e-08;3.77419142820255e-08;4.8202098224604466e-08;5.853416715807664e-08;6.316417155173866e-08;5.903063640747042e-08;4.870084306802608e-08;4.332640816366247e-08;5.391540527345494e-08;7.970143866690375e-08;1.0496441348227475e-07;1.1267095272767065e-07;9.656411340609147e-08;6.25744303818161e-08;3.140705417668271e-08;1.8347724099914552e-08;1.993865739645338e-08;2.946617967302644e-08;4.7102022598882497e-08;6.622501135969872e-08;7.581135225270261e-08;7.153239865896607e-08;5.4465437665068395e-08;3.302348533697653e-08;2.9111149200726734e-08;8.41169695980042e-08;3.209965505058477e-07;1.2173971508969662e-06;3.5522869923517072e-06;8.109347403532961e-06;1.5462177267010453e-05;2.559423242576148e-05;3.788820944676218e-05;5.158446114615163e-05;6.591682872365232e-05;8.059913417547988e-05;9.458934679630893e-05;0.0001069376069173;0.0001169069755165;0.0001236372349136;0.0001266338180527;0.0001251762763929;0.0001197474373424;0.0001114443010591;0.0001019419333947;9.241956691837264e-05;8.371374085499934e-05;7.580580608693559e-05;6.841584822288325e-05;6.164762441466891e-05;5.582162060175082e-05;5.130222337544358e-05;4.831371403818572e-05;4.690004217739487e-05;4.6124946467579184e-05;4.533858162979461e-05;4.407128078822467e-05;4.2348052806707095e-05;4.055564735575327e-05;3.913086064112476e-05;3.850803356191725e-05;3.858528314959642e-05;3.8945542454326535e-05;3.914505305662922e-05;3.902513206802984e-05;3.870943114194041e-05;3.846256061401031e-05;3.837523139910844e-05;3.8359662552976976e-05;3.825619524067516e-05;3.796175825405751e-05;3.7449143837833625e-05;3.670329018410589e-05;3.605999309060319e-05;3.5554304429324365e-05;3.514918896221549e-05;3.469075348644324e-05;3.3999204762789946e-05;3.303873176527128e-05;3.194215497139251e-05;3.0978526263442384e-05;3.037838617092842e-05;3.016601809603845e-05;3.020692727597247e-05;3.031354473718205e-05
964.6429158664724;2.0150580354095323e-07;1.608974573975715e-07;1.0555195740743389e-07;5.3344981820197484e-08;2.70406427523012e-08;2.3582863815354053e-08;2.5894088932186644e-08;3.2748042903557133e-08;4.2744008333753935e-08;6.487507359735719e-08;7.116913798572239e-08;6.557678626025513e-08;4.9029031090614726e-08;2.850408526652135e-08;1.6921575950153396e-08;1.9138488400465222e-08;4.2522684066377136e-08;7.63345755854435e-08;9.890603448894265e-08;1.0018424660714928e-07;8.138752000873086e-08;5.9082445961901155e-08;6.50786643105484e-08;1.1454639277529089e-07;1.894248799671176e-07;2.471129853372768e-07;2.529358818478511e-07;2.069198581924211e-07;1.3020806888654953e-07;6.228212360127238e-08;3.1951435696738084e-08;3.183361216952094e-08;5.283532182229641e-08;9.61823001459898e-08;1.4175067841436754e-07;1.6117181618368124e-07;1.4601485779221878e-07;1.0376264473392957e-07;6.615770040224137e-08;8.627247635772614e-08;2.436711100762261e-07;6.881880125998331e-07;1.7645271424011387e-06;3.911022025176294e-06;7.643726513823581e-06;1.38444404283249e-05;2.2891866895153123e-05;3.464225388965479e-05;4.841246349195025e-05;6.338338614360975e-05;7.820940833772958e-05;9.217817143621944e-05;0.0001045203019537;0.0001145416456808;0.0001215865683809;0.000124971858554;0.0001242614581842;0.0001196728459816;0.0001119247346864;0.0001026482318499;9.337225536410965e-05;8.487293183802373e-05;7.724290038261199e-05;7.030870977296088e-05;6.383532001466447e-05;5.786045374784798e-05;5.277180287809739e-05;4.899619703106983e-05;4.664229509630508e-05;4.538958733043827e-05;4.453784236995315e-05;4.3226892172521607e-05;4.120110439303397e-05;3.882985651296307e-05;3.686293295712958e-05;3.596523758990649e-05;3.622061155822682e-05;3.71616726311973e-05;3.801314912290147e-05;3.8245572064826056e-05;3.798094680236509e-05;3.754922381323375e-05;3.732227488025751e-05;3.739497229016536e-05;3.759490609244425e-05;3.7653413693541616e-05;3.750496691463783e-05;3.725095808356465e-05;3.699267288270239e-05;3.685816555285013e-05;3.684814039091808e-05;3.680888598837112e-05;3.651676855761256e-05;3.559973384051873e-05;3.419128615243419e-05;3.284600342162303e-05;3.1858899993742894e-05;3.137722456582232e-05;3.125477147292501e-05;3.133751344383248e-05
966.506990054615;1.702439119446435e-07;1.2360206682256494e-07;7.64915126239705e-08;4.082836850342008e-08;2.2335424914972167e-08;1.6905346004952783e-08;2.0047070742490053e-08;3.7869576449199536e-08;7.309908597694963e-08;1.1102367967137093e-07;1.266122126494887e-07;1.1090914101560217e-07;7.24792331819872e-08;3.643265585267341e-08;1.934803359186025e-08;1.6603241406509194e-08;2.9365414570509342e-08;4.614821422433752e-08;5.588839169448794e-08;5.390736992230189e-08;4.3693560315991675e-08;4.07218662550261e-08;6.599753632877849e-08;1.2019822752117922e-07;1.792483099508248e-07;2.0634623474856705e-07;1.860426578958069e-07;1.3552596768940377e-07;8.005139239372509e-08;3.94473614043737e-08;2.3793777721273025e-08;3.0065849055193104e-08;5.844228784340385e-08;1.1017931154830327e-07;1.5718337032252622e-07;1.6687577730202381e-07;1.3923133728315262e-07;9.184449583718793e-08;6.328388640580329e-08;1.0937957664644457e-07;3.155549036049591e-07;8.143155077790686e-07;1.8211384901609323e-06;3.590742200463088e-06;6.527786623375643e-06;1.15846399788421e-05;1.9619408062005443e-05;3.108371221824029e-05;4.552495976702521e-05;6.18009737925596e-05;7.805012011164792e-05;9.31371776929802e-05;0.0001058529051901;0.0001150524994519;0.0001202590333594;0.0001217620216061;0.0001198774577678;0.0001155245379006;0.0001095313190806;0.0001026650419792;9.53871997173799e-05;8.813926547194345e-05;8.080533841180309e-05;7.341338523739656e-05;6.624281334357223e-05;5.975421581841217e-05;5.425709052144906e-05;5.027392847090094e-05;4.773642098791888e-05;4.627199665764674e-05;4.530206811358099e-05;4.418030026256419e-05;4.256182895326904e-05;4.071618058438724e-05;3.912677624297495e-05;3.819577904922558e-05;3.793852451225419e-05;3.7960048435004985e-05;3.776836902427645e-05;3.713436030497906e-05;3.60773697035414e-05;3.510416815879637e-05;3.469608391343531e-05;3.494358830311593e-05;3.5564409412716864e-05;3.605229618222027e-05;3.604053179166657e-05;3.558407569827324e-05;3.497369934247311e-05;3.461619601078775e-05;3.465632021708493e-05;3.494402627161084e-05;3.512530884661244e-05;3.483312032922546e-05;3.3997005227465955e-05;3.2816438855850395e-05;3.168482380623294e-05;3.0873155894697414e-05;3.043348514290929e-05;3.0262704073105945e-05
968.3703980561186;5.575096213602606e-08;3.5304362589037127e-08;4.2289574902583016e-08;1.0152655398921333e-07;1.8338850613087266e-07;2.3215661571425853e-07;2.275237070413693e-07;1.804758466560235e-07;1.3300276799932364e-07;1.0632912902586089e-07;9.843295782826601e-08;8.100659090536437e-08;5.22830627826071e-08;4.2358768924755567e-08;8.12923722727413e-08;1.3862956442692885e-07;1.727286434866833e-07;1.647107841855033e-07;1.1694882790296693e-07;5.77034678039794e-08;2.916425715671397e-08;3.499638716337352e-08;6.048975073680806e-08;8.878956665327117e-08;1.0147951367818897e-07;8.993778473962982e-08;5.989198197531012e-08;3.1727604315004007e-08;1.6499827368840546e-08;1.4566090552082908e-08;3.1158859601850704e-08;7.288974308355057e-08;1.410068333915569e-07;2.0892926889382701e-07;2.3505432309871781e-07;2.0451176744869585e-07;1.3919820212030133e-07;7.663218031014634e-08;4.7747713778439415e-08;7.131115872572446e-08;1.909478392130005e-07;5.220539823497228e-07;1.3653870867169749e-06;3.124207801852428e-06;6.344156589481614e-06;1.1630427846769632e-05;1.975010121519992e-05;3.104677893859454e-05;4.519892707963177e-05;6.076705400408278e-05;7.642209928220467e-05;9.083717868777424e-05;0.0001028773536506;0.0001114941017681;0.0001162138980978;0.0001173997017088;0.0001156221552459;0.0001116652852218;0.0001064649405985;0.0001006070893058;9.390116880978988e-05;8.663318392566647e-05;7.88701345699285e-05;7.08449272053872e-05;6.328466988914982e-05;5.7008076806349136e-05;5.244285623766661e-05;4.966489723421895e-05;4.804834834897595e-05;4.692485689547569e-05;4.595050528749878e-05;4.475047945548588e-05;4.34910650135883e-05;4.2131366505354894e-05;4.083156027310891e-05;3.978506824408031e-05;3.904764173656708e-05;3.851124812651445e-05;3.787084591012736e-05;3.689140797549327e-05;3.543949925294838e-05;3.383896256216768e-05;3.2728883781327075e-05;3.256958921028198e-05;3.322556697545295e-05;3.4114277613652016e-05;3.464421931906126e-05;3.437859998761537e-05;3.372515616712879e-05;3.306256328832773e-05;3.269883255129187e-05;3.275257692399336e-05;3.283967292424913e-05;3.274408786958971e-05;3.228625075992643e-05;3.146114916456421e-05;3.0463408170210277e-05;2.9552256694255367e-05;2.8985439170248264e-05;2.863746642819105e-05
970.2331398944988;4.605300833476594e-08;5.9420676574737884e-08;9.638568956776569e-08;2.148364279847115e-07;3.709443704081453e-07;4.631050004147627e-07;4.422424174808287e-07;3.1742601932424534e-07;1.644357458560417e-07;7.686097255409239e-08;5.253631422117942e-08;4.150251648248577e-08;3.019617326207593e-08;5.057020389684685e-08;1.4082886013576214e-07;2.639472154473636e-07;3.4167631206798185e-07;3.4122511298846e-07;2.6238885745361345e-07;1.535855054564779e-07;9.06887238990757e-08;7.423127171163465e-08;7.270931464169242e-08;7.166361587246668e-08;6.299678869892408e-08;4.6582371846006935e-08;2.887052099401253e-08;1.7275608868581035e-08;1.2350165721672783e-08;1.8964823074364528e-08;4.9992318314263104e-08;1.2221811867777072e-07;2.28033980936585e-07;3.1415335433285285e-07;3.2747625333037533e-07;2.676373074978239e-07;1.7068160691779878e-07;9.327659914345417e-08;6.669889919951694e-08;7.29668539804118e-08;1.0620473844119009e-07;2.5470711103269376e-07;9.28448300455911e-07;2.844547561302095e-06;6.730164776974648e-06;1.2956065552653193e-05;2.1884557188386287e-05;3.325144265596911e-05;4.634166800576695e-05;6.023828045387314e-05;7.379775086805295e-05;8.618973795391454e-05;9.699909468419504e-05;0.0001056595979689;0.0001115026134465;0.0001141540152019;0.0001139787237885;0.0001108206934818;0.000105575926532;9.87546455903254e-05;9.08962429284617e-05;8.253310634350009e-05;7.44130933152834e-05;6.674177980557546e-05;5.983793926189156e-05;5.4332726698028976e-05;5.066665491656672e-05;4.854411757423435e-05;4.732656492245628e-05;4.635788649168625e-05;4.533478775650728e-05;4.413642407877899e-05;4.2960606995801125e-05;4.164432043667455e-05;4.018919980161911e-05;3.88804564386265e-05;3.79459621933476e-05;3.7587765471415845e-05;3.7325240797855606e-05;3.6652442736978136e-05;3.548968280519259e-05;3.4069841192985645e-05;3.295779869885066e-05;3.278437637189117e-05;3.359754469179987e-05;3.487401666665169e-05;3.582969024496894e-05;3.590092572404543e-05;3.527248950293668e-05;3.426405480750902e-05;3.3358618706659325e-05;3.276316397445784e-05;3.247427060659546e-05;3.2332767694171194e-05;3.211570303583861e-05;3.1719338938978594e-05;3.1156255343718146e-05;3.053988195197149e-05;3.0017100354667e-05;2.9664884874308524e-05
972.0952155934248;9.506495171823623e-08;1.097028978491206e-07;1.2455812990908408e-07;1.638668697852217e-07;2.1719694554882517e-07;2.470746785048001e-07;2.296073996958241e-07;1.6524001005937764e-07;9.26862787364148e-08;5.747189518219853e-08;5.3614582301267484e-08;5.567358336439468e-08;5.195744082004831e-08;6.340783732436543e-08;9.951814445915432e-08;1.5289954236515138e-07;1.9899821501298566e-07;2.1934775243292565e-07;2.0137924701907573e-07;1.5910841643148636e-07;1.262554421282557e-07;9.952256265351477e-08;7.59454320356772e-08;5.1039059272180776e-08;3.3701989517635174e-08;2.3278838447833318e-08;2.0670357264575708e-08;1.9179390207324805e-08;1.8294147080847868e-08;2.4247504654007496e-08;3.833200656017233e-08;6.988445795973094e-08;1.194410742766427e-07;1.60826385370533e-07;1.6643364574097238e-07;1.3651201861381744e-07;9.169025892752645e-08;6.414467147821415e-08;7.257396315405688e-08;9.61946975227943e-08;1.2082510284065084e-07;2.1054542089630125e-07;8.003954708098453e-07;2.7545026209779358e-06;6.987866600486032e-06;1.4012576991695602e-05;2.368667379763848e-05;3.5369808518050856e-05;4.8109404337582455e-05;6.12343699713015e-05;7.42415402142666e-05;8.605869496713581e-05;9.645562500712888e-05;0.0001050019804677;0.0001109886303055;0.0001141220289792;0.0001142693226908;0.0001115935048862;0.0001063974949505;9.9407907922723e-05;9.129026264535916e-05;8.277590452930547e-05;7.458089368672657e-05;6.712147981864208e-05;6.05677170258509e-05;5.514923899036664e-05;5.098631190760363e-05;4.7900617470751774e-05;4.594606733652479e-05;4.486661255117356e-05;4.428756335913948e-05;4.4087892555144255e-05;4.3780636728685406e-05;4.32651519910921e-05;4.2389306904902754e-05;4.1233555210172816e-05;3.9943135427296005e-05;3.87613186075855e-05;3.761822955641925e-05;3.6475801585384846e-05;3.551651957984604e-05;3.4775645921511534e-05;3.460795087883734e-05;3.504733922880178e-05;3.578155125478638e-05;3.631389714723928e-05;3.648856707006673e-05;3.616786330170243e-05;3.5331190497278045e-05;3.427851999767647e-05;3.350952396175626e-05;3.286121999034548e-05;3.250034309575613e-05;3.225367555077633e-05;3.201246272579797e-05;3.1740956130506574e-05;3.142118018146772e-05;3.1120730962143434e-05;3.0831501383434563e-05;3.058020087237928e-05
973.956625176692;1.3323444040430642e-07;1.0977265101473132e-07;8.656864794278485e-08;5.4604381335738134e-08;3.2267852088026715e-08;1.8866288458001052e-08;1.3565014521588842e-08;1.5751400678803166e-08;2.9215646706484348e-08;5.3674319130500216e-08;8.426453206561345e-08;1.0628892847734473e-07;1.0612115167811603e-07;8.578109194113054e-08;5.683375466353062e-08;3.377907713534206e-08;2.9324714205169437e-08;4.0142408263445975e-08;5.556117240770181e-08;6.894683773151812e-08;7.306786708880756e-08;6.42789170674424e-08;4.7567756875295467e-08;2.906756023131273e-08;1.4431864287228776e-08;9.905329580883966e-09;1.5225739277967444e-08;2.4715746327488844e-08;3.101743337095327e-08;3.0903680253343214e-08;2.452611820346725e-08;1.4947940521740284e-08;8.004841996844682e-09;5.204922079032871e-09;5.222625277617374e-09;7.202773077164523e-09;1.3519124640694398e-08;2.595850036541666e-08;4.2312320252404123e-08;5.733175205311637e-08;7.870522983284058e-08;2.488435102624868e-07;1.0369678103621552e-06;3.213888825721325e-06;7.639860319367476e-06;1.4878563422290984e-05;2.4636620598048915e-05;3.630434034356849e-05;4.906847689182716e-05;6.22949967913833e-05;7.549138943757596e-05;8.793038159983046e-05;9.895271633752696e-05;0.0001078046738572;0.0001137021367861;0.000116357306681;0.0001158660819649;0.0001127931546207;0.0001075324924941;0.0001007491695627;9.289696360961778e-05;8.442475290673829e-05;7.577253697557234e-05;6.747974566575013e-05;6.0275545451425713e-05;5.440085131685209e-05;4.986478577147847e-05;4.65227398565594e-05;4.423928762506427e-05;4.2880708472390206e-05;4.22501869173385e-05;4.224914055002417e-05;4.2573176634073145e-05;4.2968808373854217e-05;4.3178950260432935e-05;4.295518320296408e-05;4.21430573836256e-05;4.074474838040809e-05;3.894209634803585e-05;3.71671448317415e-05;3.5880585075667224e-05;3.5305832109067795e-05;3.530712587540499e-05;3.571940602722431e-05;3.606208380165242e-05;3.6035213657490026e-05;3.5632143829213026e-05;3.52284990454993e-05;3.4640334572910725e-05;3.400209629320579e-05;3.340727974040486e-05;3.2869050139431344e-05;3.2395206164744785e-05;3.201103516845611e-05;3.1686617915649896e-05;3.142994415878276e-05;3.1182781444129485e-05;3.093387167205382e-05;3.070501687073731e-05;3.0498041331557783e-05
975.8173686682604;2.3577941299020242e-07;2.875321041623549e-07;3.550894249739422e-07;3.937977268680843e-07;3.6980780446000885e-07;2.843112130879027e-07;1.8795382923305045e-07;1.3125685939851218e-07;1.2746866761944644e-07;1.6336747745662968e-07;2.185444769261043e-07;2.5221427625687773e-07;2.4290374032247894e-07;1.897359601072399e-07;1.2220636798926977e-07;5.7517468750941164e-08;2.9142561334982185e-08;1.9048212946193696e-08;1.687298201246934e-08;2.0814226232712012e-08;2.22256695607191e-08;2.3093893199422112e-08;2.0138390185896968e-08;1.9713538910983464e-08;2.8555870625726183e-08;5.86850310038712e-08;9.589698332715477e-08;1.1678859344672645e-07;1.1595937970744857e-07;9.878731158929185e-08;8.397690549252055e-08;7.867762893903614e-08;5.9032584432689036e-08;3.370875201630512e-08;2.116630647439297e-08;1.9745071194790352e-08;2.2876737781103737e-08;2.5574598260424144e-08;2.5919370345148923e-08;2.5227425555190506e-08;6.171372521958674e-08;3.661845751657192e-07;1.4200170290079702e-06;3.873835593505167e-06;8.301443976080381e-06;1.5051873887002328e-05;2.4065738245626463e-05;3.5048867199900134e-05;4.754000141608094e-05;6.113222651462846e-05;7.532128530629047e-05;8.944803684107866e-05;0.0001024646992868;0.0001129782551465;0.0001192553080715;0.0001208532668884;0.000118572943528;0.0001138860651527;0.0001075853134941;0.0001004119317112;9.24954633146986e-05;8.392905091903386e-05;7.493299909642318e-05;6.618619515561749e-05;5.852248194433071e-05;5.253129064177504e-05;4.8313330204896185e-05;4.550074624485439e-05;4.351987226718317e-05;4.210235228415243e-05;4.114446042824308e-05;4.078161755817588e-05;4.107100491605146e-05;4.159218824621078e-05;4.21425211459188e-05;4.244802180619826e-05;4.22608286836755e-05;4.12939523469005e-05;3.978027188845613e-05;3.81620180072551e-05;3.674911156432168e-05;3.5909475515189824e-05;3.548333574506929e-05;3.529546282260673e-05;3.52585370065095e-05;3.52532230824566e-05;3.498109788511265e-05;3.4736283570390653e-05;3.454302247499136e-05;3.4419212374774664e-05;3.399476684191748e-05;3.36043811417769e-05;3.318594549484589e-05;3.272277188986461e-05;3.2312838005109124e-05;3.196612591790967e-05;3.159169022577803e-05;3.109507886299354e-05;3.0486413645863675e-05;3.002498218661489e-05
977.677446092217;2.489803856752461e-07;4.242538853607049e-07;6.277734947185654e-07;7.550817639384848e-07;7.324972568725234e-07;5.728211749453606e-07;3.807196266468551e-07;2.568450598126762e-07;2.2824346460815613e-07;2.726022390994645e-07;3.336036144797438e-07;3.690911632161874e-07;3.496870947762625e-07;2.7966720130261615e-07;1.9391666430596082e-07;1.2010642749950194e-07;7.516954760208481e-08;5.31840738863965e-08;3.8457127980391895e-08;2.765067140761752e-08;2.051135145751737e-08;2.1131610946573978e-08;3.3884973149983115e-08;6.731260054852065e-08;1.3076862294815582e-07;2.110581101317881e-07;2.762047006820415e-07;2.811085582167404e-07;2.406130401900587e-07;1.8668675923383544e-07;1.5545204682771217e-07;1.4951346502523345e-07;1.2845788725544397e-07;8.999993672183109e-08;6.343003938521551e-08;7.059773554350574e-08;1.0289067475993145e-07;1.277023116466196e-07;1.3133552523503013e-07;1.1818342834636021e-07;1.3377519113748784e-07;4.32430986766158e-07;1.5390633311948378e-06;4.099157544728979e-06;8.558160843309261e-06;1.498682679896759e-05;2.3425021259256864e-05;3.3911690621704845e-05;4.6317782460627294e-05;6.043677703951107e-05;7.576698946385046e-05;9.160209902670556e-05;0.0001067280491553;0.0001190870012492;0.0001260787551854;0.0001266810082781;0.0001221393385148;0.0001150070036169;0.0001073270833365;9.953419844212642e-05;9.172625601820292e-05;8.379004287870128e-05;7.586868152304695e-05;6.848020562698662e-05;6.167786021649778e-05;5.57734761870175e-05;5.102010226617248e-05;4.744391234105257e-05;4.489287693374872e-05;4.3222848754911765e-05;4.236019893001765e-05;4.213016071120927e-05;4.224285967941143e-05;4.2494802517831794e-05;4.2677346838801045e-05;4.260158134772436e-05;4.201121299212504e-05;4.100633954911408e-05;3.983747850435415e-05;3.8702761345508295e-05;3.763098111221639e-05;3.674959157616941e-05;3.614177948526456e-05;3.542689076214193e-05;3.470074892179734e-05;3.407799065361794e-05;3.3682264410732194e-05;3.363737941359855e-05;3.381627522283299e-05;3.415205693290996e-05;3.441109918844131e-05;3.4391708328455965e-05;3.4103090918823084e-05;3.3550770829715123e-05;3.295551089320117e-05;3.2292762553199454e-05;3.15311046719778e-05;3.07354947832447e-05;3.00299816718214e-05;2.950487959226032e-05
979.5368574728054;1.301468919565014e-07;2.506098466004877e-07;3.884404765301312e-07;4.80517924373488e-07;4.807182154939267e-07;3.901351877335198e-07;2.66512404478433e-07;1.7139759618469196e-07;1.337436107006403e-07;1.4603569012917362e-07;1.7466507549102375e-07;1.962095311246136e-07;2.049040152394713e-07;2.1072067861965086e-07;1.974709406673945e-07;1.977578955883457e-07;1.692410249950607e-07;1.2694302327313454e-07;8.619951043266296e-08;6.812066986272645e-08;6.379308195979697e-08;7.131970990060734e-08;9.691540779965303e-08;1.4500824413560686e-07;2.1022797791527838e-07;2.6751867204789257e-07;2.91372679142831e-07;2.600663647877593e-07;1.9981633235017026e-07;1.4778925436759906e-07;1.2872786451965262e-07;1.3948322347229297e-07;1.4909388551474576e-07;1.4627690231074973e-07;1.5455381477294388e-07;1.976979686211276e-07;2.572700129350477e-07;2.878211562234454e-07;2.6831794256031056e-07;2.1625476618956417e-07;1.6555713938748396e-07;3.699106292736524e-07;1.4039021742278964e-06;3.9509787617056245e-06;8.543295368081772e-06;1.5560479886128604e-05;2.503985202398916e-05;3.676600559479663e-05;5.019622911550056e-05;6.468818493002454e-05;8.013578762219991e-05;9.62839999322908e-05;0.0001117074700376;0.000123968143647;0.0001308803022212;0.0001318975831832;0.0001277369566257;0.0001202832888512;0.0001122026709007;0.0001040163009333;9.612946258679791e-05;8.875153640995731e-05;8.173101592653554e-05;7.486563960175613e-05;6.810632559119993e-05;6.157348195815122e-05;5.562081113618647e-05;5.075154556341678e-05;4.7282822998834175e-05;4.523989561260054e-05;4.4377971402067805e-05;4.399262970934752e-05;4.365353235564191e-05;4.309830449511021e-05;4.235926403742767e-05;4.1626779731539946e-05;4.100927965111668e-05;4.057703154247458e-05;4.005796512253337e-05;3.94416581425698e-05;3.873360758844296e-05;3.783995791327916e-05;3.689434004031019e-05;3.601862718843135e-05;3.52072464653738e-05;3.454323738824979e-05;3.413010201709647e-05;3.4022608630079834e-05;3.4223684068479326e-05;3.45814060218958e-05;3.4971508494525784e-05;3.495816522685455e-05;3.4554805141724906e-05;3.399564593708532e-05;3.335409491722353e-05;3.267961092754782e-05;3.199852702136467e-05;3.137297049343124e-05;3.095157419628314e-05;3.0663333073550593e-05
981.3956028344072;6.16585811290778e-08;8.713239147360635e-08;1.1580526440179139e-07;1.415678665842891e-07;1.4427129923489214e-07;1.2326417274646046e-07;8.633179852104603e-08;4.740191708876494e-08;2.2959429124418683e-08;1.3117107564501951e-08;1.1072250568329771e-08;1.6239062812137364e-08;4.2132160008671236e-08;1.06649921862053e-07;1.8664828939467946e-07;2.3037260910591065e-07;2.178513333966069e-07;1.621463527473517e-07;1.0841530687212093e-07;1.0231481818308077e-07;1.3347992268639117e-07;1.67584585886408e-07;1.941363364761271e-07;2.064629528139347e-07;2.028318677104493e-07;2.024049474297288e-07;1.7546525940514169e-07;1.3036206215123845e-07;8.806885932192526e-08;7.110961498771938e-08;8.497741809594296e-08;1.2116266504463833e-07;1.6673147997515886e-07;2.0910101151044442e-07;2.385214883524023e-07;2.6575333422131253e-07;2.7816979416691065e-07;2.591105038410358e-07;2.1099374730926515e-07;1.47810465287218e-07;9.313825823582844e-08;2.2064153867022339e-07;9.891561384584804e-07;3.264820192902491e-06;8.035458242402859e-06;1.6124452674938248e-05;2.7760962902528327e-05;4.215523902463086e-05;5.828815251547659e-05;7.514504855130212e-05;9.16651868701496e-05;0.0001064721395319;0.0001188928243588;0.0001282410285387;0.0001340127529826;0.0001362713194932;0.000135317266292;0.0001319019566028;0.0001258055911687;0.0001172298228933;0.0001075261308125;9.765006180942057e-05;8.807029639713908e-05;7.939174305741334e-05;7.160458909322589e-05;6.455619295086046e-05;5.826955093330094e-05;5.3073154849442986e-05;4.933221023284406e-05;4.726404524680048e-05;4.652392727951712e-05;4.621901982905209e-05;4.557969828879581e-05;4.412679810052562e-05;4.215060897226161e-05;4.041700614410996e-05;3.967200847242715e-05;3.9656086055234974e-05;4.001882453580442e-05;4.020351024462148e-05;4.019654903135826e-05;3.968800483454157e-05;3.891619481023773e-05;3.8044912155752505e-05;3.710812939701776e-05;3.627262398641901e-05;3.5771029653227255e-05;3.5173528139833174e-05;3.489577368622592e-05;3.475085874028368e-05;3.454913318235621e-05;3.4153168953257577e-05;3.3588479935543046e-05;3.3049055369345415e-05;3.261736709662723e-05;3.237101604248352e-05;3.223433936302678e-05;3.210864882689786e-05;3.197282803935041e-05;3.18427554737893e-05
983.2536822015536;2.6987228134620583e-08;3.0541866669740666e-08;3.658404330100116e-08;4.1145165665738434e-08;3.962181707066079e-08;3.2306109377185846e-08;2.1574518133355856e-08;1.1446695594465682e-08;5.996930290765513e-09;4.007167966106562e-09;3.652591567703073e-09;5.270135658568825e-09;1.2910726063613706e-08;3.7140479767094e-08;8.943644541544567e-08;1.1002678855619677e-07;1.0212393642572789e-07;7.723416101066584e-08;6.92817056321945e-08;9.969054806484981e-08;1.7894955888382357e-07;2.6489496273710854e-07;3.189583620285234e-07;3.184434091542189e-07;2.6676040948485165e-07;2.0127699408484585e-07;1.362128846852827e-07;9.261537172285217e-08;8.541250805856506e-08;1.2202457718099774e-07;1.851352518221819e-07;2.443037983724119e-07;2.8394286009117186e-07;2.940693509459024e-07;2.72547368705695e-07;2.3766949389234082e-07;2.055022558590064e-07;1.7040155658840702e-07;1.3915576904013892e-07;1.0568539232569513e-07;9.531956210491454e-08;2.3396770473591226e-07;8.707572647123914e-07;2.9003575210597694e-06;7.72124623159529e-06;1.6318495403125873e-05;2.87704853488537e-05;4.463040281078789e-05;6.288228142884164e-05;8.263596264505645e-05;0.0001025997286013;0.0001201004865454;0.0001325008781564;0.0001396876222086;0.0001425158214812;0.0001433689624668;0.0001430658660463;0.0001408144277328;0.000135478190422;0.0001267096566254;0.0001152489932793;0.0001027060199398;9.100311996936976e-05;8.101298545089602e-05;7.273228742160906e-05;6.572848652000148e-05;5.96672344517742e-05;5.460920975492119e-05;5.0863379875225145e-05;4.872487933664578e-05;4.799250170485126e-05;4.795108127614717e-05;4.764081429060787e-05;4.6642035162960046e-05;4.4963959260639085e-05;4.300904638266467e-05;4.130539673290044e-05;4.044444153097729e-05;4.04809489747349e-05;4.085167111234593e-05;4.112065357092903e-05;4.114888967475025e-05;4.073914539178782e-05;3.990421691982542e-05;3.868497035214662e-05;3.735556682802144e-05;3.624460818626196e-05;3.5555888730073984e-05;3.510370734762444e-05;3.462036878293987e-05;3.395073296081904e-05;3.307497793773996e-05;3.2326136059701024e-05;3.1835966278179123e-05;3.167589880064781e-05;3.1845596421816426e-05;3.204776974914674e-05;3.2087778222735866e-05;3.199384716230292e-05;3.185003044364071e-05
985.1110955989134;5.261312144016762e-08;4.932812245715828e-08;4.0680127350881686e-08;2.7921255392836862e-08;1.6613976566069913e-08;1.0235979498572389e-08;6.9240738031392125e-09;5.2178571246286624e-09;4.363759639889821e-09;3.9474326788409295e-09;3.766966610357359e-09;3.539212516555633e-09;2.9954380931455997e-09;2.243315334876116e-09;1.6357072109270156e-09;1.1480766346392066e-09;9.201072223182324e-10;6.143182768386253e-09;3.0552961436431774e-08;8.766839568694956e-08;1.765561905065726e-07;2.6904294165964984e-07;3.2573599233784896e-07;3.186760182232023e-07;2.523916223745816e-07;1.6013281114404102e-07;8.987259466766878e-08;6.355920843393247e-08;9.343869286993595e-08;1.7899266863891722e-07;2.857558463789751e-07;3.646947212958783e-07;3.7995161091603874e-07;3.354432330217294e-07;2.7394239926591175e-07;2.1724759093558075e-07;1.833793588720673e-07;1.6696680385675282e-07;1.5555928467907698e-07;1.4260529664801958e-07;1.815749085190388e-07;5.118173174528509e-07;1.4241137791483211e-06;3.674951164880869e-06;8.350334437820678e-06;1.6440902716745496e-05;2.8278026344969544e-05;4.3796419578264885e-05;6.253888960297422e-05;8.385053671119429e-05;0.0001062298782895;0.0001268434398782;0.0001421146517192;0.000150628048073;0.0001532070430239;0.0001524180422332;0.0001496694263288;0.0001444890906602;0.0001368443910678;0.0001272093151459;0.0001160334811967;0.0001041218396354;9.276780138780944e-05;8.271674094525017e-05;7.415222909648761e-05;6.693664376387432e-05;6.08677084347027e-05;5.589614503274183e-05;5.216433982789085e-05;4.983779563910432e-05;4.8859180669167656e-05;4.889341724751427e-05;4.908101705195573e-05;4.87661265093852e-05;4.75246095728841e-05;4.547605991412382e-05;4.3030662699838656e-05;4.1389084637129695e-05;4.075829722328985e-05;4.096130022145059e-05;4.130523217872575e-05;4.147337677324744e-05;4.115723247019029e-05;4.043225120289149e-05;3.95640949999354e-05;3.874720190897188e-05;3.801933791529879e-05;3.7704525981783305e-05;3.711573522144411e-05;3.609570078020387e-05;3.479892658106302e-05;3.350269175254307e-05;3.265649471486817e-05;3.245013445938217e-05;3.28389468101709e-05;3.3482917911240874e-05;3.3731215889259424e-05;3.342492359162149e-05;3.288498782112838e-05;3.2392266444047074e-05
986.9678430513012;1.1140605699676769e-07;1.1908405463979561e-07;1.1532249324566162e-07;1.0141370576785425e-07;8.644753212730458e-08;7.174951013577893e-08;5.368798908432534e-08;3.459594585852345e-08;1.990501884716084e-08;1.3079364434412298e-08;1.0696409525192413e-08;1.0788695353888033e-08;1.6562771073952383e-08;2.6013104461132025e-08;3.1483308522234825e-08;2.869207894118156e-08;1.4398312497686414e-08;9.468370454180813e-09;1.4909766817700753e-08;4.194638912992619e-08;8.101883897944938e-08;1.1597525520469589e-07;1.3277662620660152e-07;1.2197025983702198e-07;8.989065881810027e-08;5.5127976922988894e-08;2.9435472819105705e-08;2.2276647828721e-08;4.154958052136396e-08;8.721664918930915e-08;1.4422049354086698e-07;1.902920641024218e-07;2.0665222528300947e-07;1.8710995379847281e-07;1.5447302049084993e-07;1.253756008311623e-07;1.070648370714174e-07;1.0014958945835496e-07;9.020740792290595e-08;8.564200431180641e-08;1.7509052819669725e-07;5.98536895478929e-07;1.756728805207132e-06;4.3950648601221e-06;9.582729555057226e-06;1.818017190222357e-05;3.0384734323148636e-05;4.586987111948663e-05;6.426418075219286e-05;8.523207567443751e-05;0.0001069583618026;0.0001273705950131;0.0001438700243897;0.0001550721729287;0.0001605647563352;0.0001608136805963;0.0001567199105448;0.000149185436908;0.0001393607724368;0.0001285852626718;0.0001175199106993;0.0001062997935754;9.534763098141856e-05;8.530964066292884e-05;7.652285975034038e-05;6.910391333714449e-05;6.303323377997462e-05;5.825974812122045e-05;5.4866763441669135e-05;5.280156485646698e-05;5.161806197388224e-05;5.122243061889663e-05;5.101878893781841e-05;5.012287671402132e-05;4.794089860499165e-05;4.49061224307502e-05;4.173013230496868e-05;3.955714788611214e-05;3.889327223752361e-05;3.9525103049711605e-05;4.067831652502045e-05;4.149504172542521e-05;4.1473243313516105e-05;4.075827746770851e-05;3.977399455209116e-05;3.887500996911159e-05;3.832363678774528e-05;3.798194448007455e-05;3.747935319039217e-05;3.654276871957094e-05;3.530001097399837e-05;3.420110688612752e-05;3.367117621566097e-05;3.398694204779078e-05;3.476698952810487e-05;3.5270641982388825e-05;3.50386124788354e-05;3.4182284285033406e-05;3.308558724511283e-05;3.219774215759282e-05
988.8239245836704;1.4207697266237006e-07;1.6587369253839014e-07;1.7683024567883456e-07;1.735901293178151e-07;1.6021890282995912e-07;1.3516500075863752e-07;9.99828239335112e-08;6.369104742137587e-08;3.471914545969931e-08;2.0780797481772184e-08;1.592936989601508e-08;1.6561962166145398e-08;2.9183174386409492e-08;4.94194697380992e-08;6.142826458196659e-08;6.051371700440727e-08;5.8976592814620585e-08;6.025313375350481e-08;6.682447860388563e-08;6.72817022120906e-08;5.3746800859519524e-08;3.3660825738967974e-08;1.8916480441513395e-08;1.0253168310194121e-08;1.0393539170538716e-08;1.2148384252547572e-08;1.39579941406311e-08;1.8526603963866078e-08;3.5890300537339215e-08;5.3560089944937e-08;7.661654726250615e-08;1.0051399369605424e-07;1.1332984562562805e-07;1.0845107955648384e-07;9.91563798460977e-08;1.1702226304435783e-07;1.7243976616926754e-07;2.3384250794386085e-07;2.598154887344923e-07;2.420778885039291e-07;2.4289634463125825e-07;4.676435107700186e-07;1.5394445024329212e-06;4.463414104834403e-06;1.0385107725824492e-05;2.0064710579688924e-05;3.3383779187282034e-05;4.9981028748259546e-05;6.890494603651887e-05;8.952651214632005e-05;0.0001109789030046;0.0001321811884882;0.0001506666497833;0.0001646635021877;0.0001726515520873;0.0001742615625049;0.0001699018076699;0.0001607055499539;0.0001488271614219;0.0001360168627909;0.0001229647565653;0.0001100833017967;9.821542208887318e-05;8.75360256413828e-05;7.853502382860546e-05;7.128549867385903e-05;6.564743883357785e-05;6.14004924219241e-05;5.83093237303837e-05;5.602680575019742e-05;5.426928578405544e-05;5.28315691205943e-05;5.123472732284127e-05;4.920905365646533e-05;4.655743631050896e-05;4.3547911081251934e-05;4.088289200769509e-05;3.8835199155981125e-05;3.841202682725236e-05;3.916859270998053e-05;4.028359504844745e-05;4.094028736426942e-05;4.062947108661674e-05;3.955451515626905e-05;3.820741082432785e-05;3.7146510237957286e-05;3.656401717881303e-05;3.6341320498239855e-05;3.646499908845621e-05;3.6517492841683415e-05;3.628864337793322e-05;3.6021003414802904e-05;3.5989667802763646e-05;3.61690847526343e-05;3.622055365575101e-05;3.573327378206534e-05;3.476218866886834e-05;3.3454417861693145e-05;3.225021096088422e-05;3.140579885524151e-05
990.679340221126;1.5474085182228334e-07;1.7837518558908626e-07;1.792344644535262e-07;1.569889864244747e-07;1.22735939904921e-07;8.805770051828362e-08;6.140282070220235e-08;4.120280962388826e-08;2.628765418198317e-08;1.8491636232316333e-08;1.4681147342727373e-08;1.3305746375526808e-08;1.8328683540834398e-08;2.905059487468905e-08;4.0994812235775125e-08;6.419845329114402e-08;1.053186905185356e-07;1.4871913451057786e-07;1.773285156021588e-07;1.7336115152244657e-07;1.330871365810776e-07;8.030855692159061e-08;4.180631792515751e-08;2.2912132348546642e-08;1.793104104398055e-08;1.9100830322115955e-08;2.6367296470677133e-08;4.4179023940416575e-08;7.318082319174767e-08;1.1120433670541034e-07;1.5074303360305133e-07;1.8043320898268392e-07;1.829421655494961e-07;1.614784856069426e-07;1.434370394952633e-07;1.8264859773485522e-07;2.963505604416706e-07;4.243212250257084e-07;4.887547921624874e-07;4.573129192810018e-07;3.616483643442586e-07;4.5700814404956766e-07;1.513905617864027e-06;4.593707760856756e-06;1.0601880789942687e-05;2.039131423651425e-05;3.438163723199296e-05;5.232204116430339e-05;7.320895618142238e-05;9.574219013853233e-05;0.0001185593702443;0.0001405883887879;0.0001605099339295;0.0001757837911351;0.0001846868393232;0.0001862767189618;0.0001811720173567;0.0001710469311667;0.0001577638768067;0.0001426864527991;0.0001274429956937;0.0001129896261996;9.989339013724436e-05;8.860460096246929e-05;7.946917913929837e-05;7.25497927734803e-05;6.733373025888433e-05;6.339558324276699e-05;6.0025815737031263e-05;5.686663684576304e-05;5.377404353481115e-05;5.060777086871594e-05;4.779586430799624e-05;4.53965803048408e-05;4.3505423696085376e-05;4.2222314394627645e-05;4.143238515567503e-05;4.124806953069474e-05;4.14924018444773e-05;4.177850588038029e-05;4.174713839453141e-05;4.117787207210106e-05;4.0157574285638895e-05;3.884786984595276e-05;3.762014508274314e-05;3.693327058242852e-05;3.69127880852424e-05;3.745163667965421e-05;3.825376845392293e-05;3.8897749799536536e-05;3.909922669851695e-05;3.8830271481176765e-05;3.8307808460708126e-05;3.753862337749194e-05;3.676544737949386e-05;3.584238298592354e-05;3.479095568385843e-05;3.378483472989389e-05;3.295911631154066e-05;3.240929532525203e-05
992.5340899889125;7.675251032496184e-08;8.545764657031403e-08;8.10472820591549e-08;6.575894961431713e-08;4.650523789590415e-08;3.0889367100645144e-08;2.2929934888704003e-08;2.031991227968296e-08;2.4176140426563862e-08;3.565013923144432e-08;4.941028287660386e-08;5.8317821400485614e-08;5.6968376664486744e-08;4.8400917818364873e-08;4.5614923832023504e-08;6.326565817543542e-08;1.0465992074488909e-07;1.5001484095615693e-07;1.7288695157391716e-07;1.5849086596890286e-07;1.1570788131420917e-07;6.84563148593735e-08;4.0159185883445946e-08;4.0334173772172216e-08;5.53905274915301e-08;7.168198189792397e-08;8.123208118513784e-08;8.292882354809605e-08;7.7084936733388e-08;8.67961706373935e-08;9.54097132811378e-08;1.0414842310044708e-07;1.0174726499528749e-07;8.956016712791513e-08;8.00870779880891e-08;1.0115623339317213e-07;1.6207375726617197e-07;2.335407617110452e-07;2.7004880548963324e-07;2.5592191213474e-07;2.3185866566314145e-07;4.31646451122125e-07;1.6416419268434944e-06;4.740877596200362e-06;1.06812502444873e-05;2.0596303135316745e-05;3.502377124810075e-05;5.3708271443437255e-05;7.563711697675772e-05;9.91419238509042e-05;0.000122523341415;0.0001445764025825;0.0001643617808559;0.0001791795859166;0.0001871447165585;0.0001879452154002;0.0001823003041224;0.000171937168175;0.0001586653612951;0.0001437421719192;0.0001283649779768;0.0001141093633496;0.0001011017170833;8.972916422477527e-05;8.045697590983746e-05;7.331559845611625e-05;6.797528984384653e-05;6.39089124480005e-05;6.028811060509856e-05;5.674201182338868e-05;5.326070606096813e-05;4.98746017882081e-05;4.7324795929927546e-05;4.5587792760487656e-05;4.460834782307976e-05;4.416157835405116e-05;4.405542673271408e-05;4.4286729498861305e-05;4.4212852130056434e-05;4.381390492887184e-05;4.309057635839387e-05;4.205113284599425e-05;4.081395236756441e-05;3.952747337991426e-05;3.8305768541319486e-05;3.739906488085477e-05;3.722784859858409e-05;3.7882542639415946e-05;3.896343408752175e-05;3.982220021508677e-05;3.993548500315597e-05;3.927949030151455e-05;3.799418210093136e-05;3.66499464053512e-05;3.5670065014424294e-05;3.5125600473528166e-05;3.4796216695188754e-05;3.4579278722527814e-05;3.435545082135349e-05;3.412256908333636e-05
994.3881739124116;1.390156533374345e-07;1.1202543427945061e-07;8.145891506427492e-08;5.961939605496397e-08;4.948590387895578e-08;4.350078882728693e-08;3.7037596688855256e-08;3.1892731294788784e-08;3.8327673764915216e-08;6.16676667180178e-08;9.331706492417949e-08;1.1866612299979647e-07;1.2202588700303264e-07;1.0255168706167663e-07;7.614266195665428e-08;5.832752479547672e-08;5.679316378733698e-08;6.35252607203816e-08;6.63209759551217e-08;5.6707990168318136e-08;3.9987949527841545e-08;2.5024284578741664e-08;2.3272169646107675e-08;4.6784079308509734e-08;8.571012763736462e-08;1.1838735932906913e-07;1.2868674408808104e-07;1.0950743892901195e-07;7.482031795082024e-08;4.526462815195317e-08;2.71835487247951e-08;2.095670291137765e-08;2.2943415687995814e-08;2.9728644884378564e-08;3.445237275549452e-08;3.84705041334616e-08;4.288441377378211e-08;5.250686398065389e-08;5.675012297881713e-08;5.306508268929392e-08;6.060057480495581e-08;2.192411814184332e-07;1.2139558793909992e-06;4.065800334218633e-06;9.981810120978504e-06;1.999234383497766e-05;3.453709230286168e-05;5.32802303547808e-05;7.516767599345957e-05;9.848524588704392e-05;0.0001214665250342;0.0001427087384947;0.0001611617925881;0.0001750472585793;0.0001826802070925;0.0001837776881811;0.0001788460359665;0.0001693998102213;0.0001573107667319;0.0001439876853141;0.000129760944116;0.000115832894909;0.0001029064457391;9.132403303693072e-05;8.143493849221566e-05;7.341822885977909e-05;6.74197153672942e-05;6.278929205898889e-05;5.91321217842572e-05;5.602510621818559e-05;5.353266490454663e-05;5.170765313262552e-05;5.014809103759825e-05;4.874182273421736e-05;4.7458603242820814e-05;4.61601815991033e-05;4.531841160182068e-05;4.459707759756952e-05;4.402494845739975e-05;4.337577031738912e-05;4.250780730084805e-05;4.124598373949211e-05;3.963904642211536e-05;3.814689124177845e-05;3.685225684711735e-05;3.5947700079888456e-05;3.5657164783542606e-05;3.602319672618137e-05;3.699657104079971e-05;3.79197489203805e-05;3.8156345531579e-05;3.7503263979934425e-05;3.620090663089396e-05;3.4878459865383594e-05;3.379401442597201e-05;3.320078297209835e-05;3.300184375911563e-05;3.2958726242351486e-05;3.299485190210244e-05;3.304117052080057e-05
996.2415920171552;3.408344627409118e-07;2.64475300769497e-07;1.8324506971642598e-07;1.2103068806249698e-07;8.529429471669365e-08;6.41685320263416e-08;4.979192007969762e-08;3.813863119414885e-08;3.4755467068017205e-08;4.3557683392696273e-08;6.095453846388843e-08;7.952711576011416e-08;8.640627532709063e-08;7.651830339997793e-08;6.077375759627145e-08;5.51548476054928e-08;5.6665925484212855e-08;6.29845257912774e-08;6.13632657124057e-08;4.779196849392722e-08;2.9375778814078263e-08;1.6916859848341292e-08;1.5136611205569285e-08;2.8731384040606294e-08;5.173266848906797e-08;7.360378088466977e-08;8.277564755006836e-08;7.441552480755364e-08;5.431155620461498e-08;3.1894327383277964e-08;2.0563686954469773e-08;1.6704139341264757e-08;2.2655773369897632e-08;3.5171732904413394e-08;4.441817092537566e-08;4.934391848097604e-08;5.8307328691974897e-08;7.051911624957277e-08;8.087225903205392e-08;7.743585987894458e-08;6.158973650950422e-08;1.1645168209831293e-07;8.116490929827672e-07;3.266394843772111e-06;8.867657120778566e-06;1.8568275779506432e-05;3.268026558219346e-05;5.0828573089136986e-05;7.18670051851474e-05;9.413499482571796e-05;0.0001157133039559;0.0001349200472345;0.0001508289502468;0.000162798110043;0.0001698999467802;0.0001720740905695;0.0001694400681214;0.0001627854026839;0.0001533043468704;0.0001416723850146;0.0001287257601589;0.0001153316455029;0.0001024589517343;9.058929374942802e-05;8.016328121473201e-05;7.156228310797378e-05;6.488120232742565e-05;5.998466811469276e-05;5.663581471270999e-05;5.440367665708913e-05;5.290458054342454e-05;5.163601417155024e-05;4.997865348719096e-05;4.782303090984735e-05;4.560684431949232e-05;4.36447608154807e-05;4.236683624555601e-05;4.183150502573551e-05;4.168458347419259e-05;4.136602430232332e-05;4.047382392116776e-05;3.908948738627078e-05;3.769595055518846e-05;3.659617843476767e-05;3.601271572759332e-05;3.5952052427489546e-05;3.619246297888151e-05;3.658316824823323e-05;3.69916785276695e-05;3.718671933796374e-05;3.692796404935801e-05;3.5975286807277005e-05;3.4679457395837823e-05;3.334132389772065e-05;3.222203744464914e-05;3.1401973792400184e-05;3.094320095902957e-05;3.083993369741166e-05;3.090256170107095e-05;3.109969603816774e-05
998.0943443288088;2.649819496726299e-07;1.936311996522515e-07;1.2923003620048568e-07;8.821174164579234e-08;6.727809531211989e-08;5.306609692221317e-08;3.964874242087433e-08;2.6604507403404977e-08;1.7770391896762148e-08;1.3691791233649956e-08;1.3608694070699668e-08;1.6885864746044127e-08;2.0529086117899944e-08;2.1662371864883953e-08;2.920299126145037e-08;5.3034422492203585e-08;8.743462018718995e-08;1.0823093846508154e-07;1.0552392919774703e-07;8.062980389293942e-08;4.8461293829193544e-08;2.9396425744660896e-08;2.3349050012332196e-08;1.9621760162963512e-08;1.9730668939488747e-08;2.2599892985209094e-08;2.6012687839583093e-08;2.76292506882302e-08;2.659634403799514e-08;2.440169839113285e-08;2.3461532911791278e-08;2.32723899793998e-08;2.418142301937919e-08;2.76931149792662e-08;3.2626893204344654e-08;4.4883912847895933e-08;7.707207798377684e-08;1.2444454636340617e-07;1.5141763272451866e-07;1.4903382164881993e-07;1.251620629088071e-07;2.0772356095955546e-07;8.548401594056973e-07;3.1087738901637774e-06;8.148670659140489e-06;1.726788436612653e-05;3.08006674009226e-05;4.818414170902384e-05;6.807519853240944e-05;8.880063117808903e-05;0.000108646382885;0.0001260635161083;0.0001399748879972;0.0001498072686329;0.0001553600464089;0.0001569980961076;0.0001551225655863;0.0001502322224414;0.0001427916147694;0.0001327578430871;0.0001209098950271;0.0001080171566004;9.492113547033106e-05;8.304336398207188e-05;7.311144391433078e-05;6.529424098088079e-05;5.9511448070946e-05;5.566536001874421e-05;5.3183458987545286e-05;5.152915555172901e-05;5.0296748165545854e-05;4.881559552420932e-05;4.68701565156744e-05;4.474662010223416e-05;4.28926312639302e-05;4.162996470217157e-05;4.119635374616245e-05;4.125359825913315e-05;4.108531160967913e-05;4.031226594598408e-05;3.901839828266496e-05;3.772484615772739e-05;3.709590917920848e-05;3.713861714726031e-05;3.775520382976353e-05;3.842600605391768e-05;3.871726051198951e-05;3.846287638494685e-05;3.784573173602055e-05;3.6956925885884594e-05;3.601985476471376e-05;3.501439468697849e-05;3.4037215554986024e-05;3.3048252152245135e-05;3.2336971158794865e-05;3.1896967259502895e-05;3.1683423719779344e-05;3.1600318794877224e-05;3.158825046644562e-05;3.1607003403823987e-05
999.9464308731876;6.431063437079829e-08;4.1979718627394993e-08;2.637942017172449e-08;2.0983455933821832e-08;2.044013745001622e-08;1.9195180004387123e-08;1.650791416914663e-08;1.6313935942202038e-08;2.6497735043367837e-08;4.23327435439164e-08;5.3574181491041644e-08;5.3924477612131226e-08;4.32389845993773e-08;2.2188466225621863e-08;2.0390554212883163e-08;3.217368547559617e-08;4.799198778646386e-08;5.7217946493537954e-08;5.554022869142621e-08;4.5039702450457544e-08;3.4699839023193686e-08;3.0820717841716294e-08;2.8370353121044544e-08;2.265892482412097e-08;1.5785676176269776e-08;1.0849269394190856e-08;9.313266213785737e-09;9.345377048194318e-09;1.0047035240382716e-08;1.2044893372666752e-08;1.6826110233152932e-08;2.0377819874572534e-08;2.0660967074213346e-08;1.8792850739199906e-08;2.127347603008716e-08;4.025902019305008e-08;9.09612729268512e-08;1.5581124019626681e-07;1.9568000491111838e-07;1.9880317700134402e-07;1.7686298977507154e-07;2.859009373003343e-07;9.85483259903633e-07;3.0868179423664763e-06;7.611015864358166e-06;1.5758158052230558e-05;2.807036675182808e-05;4.4268623445337216e-05;6.324155943734671e-05;8.342811336003966e-05;0.0001027889049521;0.0001194998626392;0.0001325013474604;0.0001409220100829;0.0001450179889462;0.0001456251149961;0.0001435882344493;0.0001393444342262;0.0001328217904564;0.0001236448553141;0.0001123022530299;9.951371594766916e-05;8.681895833712782e-05;7.530926389335245e-05;6.593103622621557e-05;5.903354232763912e-05;5.443977472759319e-05;5.155407026397942e-05;4.9777658212888e-05;4.867854215468748e-05;4.7562106546823234e-05;4.621732722461527e-05;4.4772734749787e-05;4.35429908388679e-05;4.284142484792452e-05;4.280821379601796e-05;4.314469863296119e-05;4.324529774605762e-05;4.2600001143315625e-05;4.111122875481873e-05;3.91830326849518e-05;3.767212767897891e-05;3.699090688604342e-05;3.7256476681771926e-05;3.798707592259214e-05;3.840692415784216e-05;3.818869650797096e-05;3.747748706713296e-05;3.662573811445913e-05;3.5883929903869823e-05;3.5338064975377624e-05;3.5054155428782766e-05;3.4828976185662164e-05;3.453137346866986e-05;3.4169757069460105e-05;3.3770292764555495e-05;3.336446760350579e-05;3.294612863924098e-05;3.257986830519656e-05;3.2328149000049325e-05
1001.797851676245;1.7851683979322144e-09;1.8353121096558598e-09;1.510430522738943e-09;9.232049638172252e-10;5.11013258818412e-10;1.1728902599953275e-09;4.4130028653901085e-09;1.5695292608428322e-08;4.256284997498783e-08;7.748038046751686e-08;1.0146508928826321e-07;1.0278267197450029e-07;8.05637377746025e-08;4.907432884002063e-08;2.7130204898378163e-08;2.0457560627128277e-08;3.234445044184442e-08;4.9461838140514366e-08;5.594863845948557e-08;5.1748329174784193e-08;4.0514802856753794e-08;2.8953324358699533e-08;2.103197933163906e-08;1.5504928043754823e-08;1.0600233913461568e-08;6.8261883091761865e-09;5.126412127772511e-09;5.127960844693025e-09;4.978308834379555e-09;5.096837876550465e-09;7.036875325363978e-09;1.0858762372759091e-08;1.620957212834266e-08;2.7265306055253734e-08;4.558254134402765e-08;6.944521185923076e-08;1.0528629815720021e-07;1.365196160675677e-07;1.6424893764882789e-07;1.7793881354816462e-07;1.8518184328599137e-07;3.4451668622733386e-07;1.181314989978765e-06;3.351934299708041e-06;7.609295817147412e-06;1.4755218545208972e-05;2.546322503182098e-05;4.004121970470955e-05;5.782285582849428e-05;7.708783299830197e-05;9.558550502062656e-05;0.0001114218431671;0.0001235467500278;0.0001317842762635;0.0001366400082732;0.0001387892549783;0.0001384851900474;0.0001353335572876;0.0001291212806925;0.0001198524940365;0.0001083138284142;9.61631253577857e-05;8.457990464175263e-05;7.400379655613884e-05;6.545317644551755e-05;5.8973885688063817e-05;5.431160185832622e-05;5.1146992511088616e-05;4.907238589436211e-05;4.7624712227044326e-05;4.651878395694571e-05;4.555765190505332e-05;4.487408874062376e-05;4.435389628889671e-05;4.413871875090865e-05;4.427020717465164e-05;4.43486420835608e-05;4.403667997639054e-05;4.320799946452439e-05;4.174175471001926e-05;3.966608961686682e-05;3.78250967894022e-05;3.6451101266145054e-05;3.584910607609328e-05;3.5872156012970214e-05;3.612055819993663e-05;3.62734891697535e-05;3.620105290163751e-05;3.595264382797168e-05;3.590856074972531e-05;3.5862926341258275e-05;3.5700841536600984e-05;3.5357622115542845e-05;3.4917403944956075e-05;3.43971794868905e-05;3.38702581036589e-05;3.340642170816424e-05;3.2904833151699495e-05;3.2416982738405826e-05;3.20379487029143e-05
1003.6486067640726;8.023019884788435e-10;1.7218912280445684e-09;4.442366765217809e-09;9.737526340928091e-09;1.3315671705424911e-08;1.4357656783181388e-08;1.4167091082291982e-08;1.835277019821337e-08;2.8005580607416354e-08;4.3115087140866e-08;5.628080020294924e-08;6.339357749225274e-08;6.963433435522769e-08;7.300821698203907e-08;7.213909421870211e-08;8.47305428735589e-08;1.0357574151462536e-07;1.1760535287256157e-07;1.1776619636079229e-07;1.029359083567403e-07;6.941026135466575e-08;3.7358370424973074e-08;2.6247489540162298e-08;4.1010097596874395e-08;5.6323546512965816e-08;6.379811806342125e-08;5.8623581484837614e-08;3.659427929096041e-08;1.884475872650797e-08;1.0644045367430836e-08;7.81889007043471e-09;8.957451678667725e-09;1.7123999812297292e-08;3.892516859103063e-08;7.183088152230278e-08;1.011718144171562e-07;1.1695292466388329e-07;1.1476136423820283e-07;1.0568565996978802e-07;1.0077651228690493e-07;1.1325193283879644e-07;2.918186397787521e-07;1.160014335873702e-06;3.47167173506162e-06;7.828333896307566e-06;1.4810527781803018e-05;2.5033908467089383e-05;3.8768743967852254e-05;5.556908238889396e-05;7.359506095115699e-05;9.12263210874494e-05;0.0001070314317208;0.0001194840055118;0.0001289710177437;0.0001351905852607;0.0001382108839599;0.0001381034584628;0.000134449259229;0.0001272340278264;0.0001175854511281;0.0001064941998408;9.558935936697948e-05;8.511609211533134e-05;7.627807632390335e-05;6.895560010449685e-05;6.285049864260928e-05;5.771283782354633e-05;5.35032488965335e-05;5.0335983295974495e-05;4.7656024468678215e-05;4.582415288925642e-05;4.4642574383378985e-05;4.393252245867642e-05;4.356567249189115e-05;4.335853013757528e-05;4.33673810661188e-05;4.3531183078225405e-05;4.356685354496258e-05;4.304981917211929e-05;4.182142689445154e-05;4.0058255835822106e-05;3.794727845275556e-05;3.607159079753844e-05;3.501644162922572e-05;3.484296616263293e-05;3.528586023316427e-05;3.590221708585159e-05;3.625641474471896e-05;3.626175706694877e-05;3.607447180444431e-05;3.5828161143812896e-05;3.534095928690551e-05;3.463890116674007e-05;3.387600514712266e-05;3.319729884413474e-05;3.263380606109184e-05;3.21353157999142e-05;3.168703305319392e-05;3.1292596383875726e-05;3.094718185177379e-05
1005.4986961629112;2.523865946857782e-08;4.621208200339154e-08;6.119331832476838e-08;6.708996127570203e-08;5.714597169401066e-08;4.658274892902048e-08;3.780473754269722e-08;2.5534687871803178e-08;1.3700067703487202e-08;1.1876991815296345e-08;3.663996642904428e-08;9.089573224056195e-08;1.602448197417932e-07;2.1019980852793365e-07;2.1332532937631192e-07;1.8480585615879038e-07;1.5915341802107664e-07;1.467732397520637e-07;1.4082084328586634e-07;1.2133030167507133e-07;8.278906937804151e-08;5.198566498146201e-08;5.333279858298506e-08;8.468995509641643e-08;1.1950069104056546e-07;1.3174750180429078e-07;1.1426543164614224e-07;7.795303249802588e-08;4.2653297794845524e-08;2.197093964517742e-08;1.3665702755410734e-08;1.1489455328081797e-08;1.578627286234725e-08;3.5396964277511245e-08;6.884045949458174e-08;1.0142023295894617e-07;1.1724260714483433e-07;1.081387343986401e-07;7.722373259232413e-08;4.83000193162935e-08;3.8134234075065196e-08;1.8663984337475845e-07;9.410367636936968e-07;3.142965361855236e-06;7.629670912143962e-06;1.509389338988602e-05;2.5921260984622695e-05;4.003219999635743e-05;5.6715652601219485e-05;7.491651815010278e-05;9.314797480695055e-05;0.0001103589782153;0.0001256092401898;0.0001372949194173;0.0001437680284546;0.0001447646917351;0.0001412002362617;0.0001347276424411;0.0001263072056418;0.0001164100583641;0.0001060778197286;9.594191916389588e-05;8.675975370235763e-05;7.873785172742301e-05;7.154375150192189e-05;6.533315971852708e-05;6.026342210504902e-05;5.619242728512754e-05;5.273596386111573e-05;4.975002816223813e-05;4.689006112026878e-05;4.459686759094112e-05;4.282426599692385e-05;4.123912843510411e-05;4.025341707927669e-05;4.00011500194953e-05;4.039463271925942e-05;4.118222001355584e-05;4.1820471523227774e-05;4.1684743200951616e-05;4.050491010405208e-05;3.854523074994371e-05;3.677352741247244e-05;3.580331584266331e-05;3.5753008637754826e-05;3.6302756954758605e-05;3.683390354971296e-05;3.690286351772364e-05;3.65050196887624e-05;3.576540427187866e-05;3.504588671660345e-05;3.4483368780475465e-05;3.395246111620601e-05;3.3386100128472295e-05;3.266041088518741e-05;3.18962587129649e-05;3.102085676268943e-05;3.0248663937997434e-05;2.969844534717747e-05;2.935171590054867e-05
1007.348119899132;5.77784225327198e-08;9.456813743761516e-08;1.1528278453787141e-07;1.1627144670543445e-07;1.061626409475946e-07;9.558621594869709e-08;8.858906061230899e-08;7.046045486215364e-08;4.5394331504451814e-08;3.749087558229392e-08;8.928502931117573e-08;2.0712288640393657e-07;3.246799264178924e-07;3.8271482370901977e-07;3.3803282215987645e-07;2.300930555097347e-07;1.614377560676962e-07;1.487331902900219e-07;1.642606891857037e-07;1.671080896284816e-07;1.4555978060213794e-07;1.1677542148174549e-07;1.064676147871649e-07;1.0455676817710832e-07;1.106259418502478e-07;1.1465752147373773e-07;1.1103780744256375e-07;1.0424856406455303e-07;8.930247855702566e-08;6.692799348980845e-08;4.2477527310664616e-08;2.403565047661114e-08;1.7867283664835612e-08;2.914237880092901e-08;6.074899325122837e-08;1.0082459201995761e-07;1.295018537320652e-07;1.3596078203019676e-07;1.214565958408078e-07;1.016959705646718e-07;9.912448906031053e-08;2.5202548952510697e-07;1.018787355957742e-06;3.1626087932099228e-06;7.652153766150146e-06;1.5549632593840696e-05;2.7324024353288637e-05;4.277100676971199e-05;6.080994007335733e-05;8.03541343407161e-05;9.971150451704864e-05;0.0001179765037985;0.0001345477076251;0.0001471257981737;0.0001539576240339;0.0001545491032228;0.0001493917705025;0.0001405783364161;0.0001304305648318;0.0001195560752969;0.0001087554650826;9.845954023794229e-05;8.907576359992314e-05;8.015334792254959e-05;7.223308636973048e-05;6.584276142512541e-05;6.111027741707525e-05;5.777918055820364e-05;5.512691411711351e-05;5.298091813438713e-05;5.057884504777357e-05;4.7556397647612256e-05;4.440067460796368e-05;4.138450631139844e-05;3.92027527331456e-05;3.819602000502255e-05;3.810242904228357e-05;3.868741159054319e-05;3.970468958675571e-05;4.035967221764412e-05;4.010681009261937e-05;3.915489611773155e-05;3.8015424928317286e-05;3.7280658879132286e-05;3.7257399480638455e-05;3.7604343717693496e-05;3.781621438727145e-05;3.7546469451616e-05;3.681645388650665e-05;3.5831643937372496e-05;3.4779659259596404e-05;3.393198855137082e-05;3.330674502255477e-05;3.276221093246737e-05;3.2128642724918766e-05;3.134950175371331e-05;3.047644186036252e-05;2.964430669119725e-05;2.898421678550802e-05;2.854349129867892e-05
1009.1968779992604;4.17543523926085e-08;6.069758931255739e-08;8.188134609459346e-08;1.0637496896706533e-07;1.3846792460311785e-07;1.6808997575679226e-07;1.7834925691507786e-07;1.586261727180591e-07;1.1246112375836801e-07;7.747936399777319e-08;1.0330275383056984e-07;1.945558588061813e-07;2.922695195787981e-07;3.309696538451556e-07;2.8907077375000064e-07;1.9597081152069286e-07;1.2171654114365028e-07;1.048441508212446e-07;1.382485770868373e-07;1.884034042356482e-07;2.1425651753984026e-07;2.116290405328845e-07;1.7855344572161145e-07;1.2447793888988445e-07;7.98696563342172e-08;7.159136437681414e-08;9.324094729843476e-08;1.20501972858362e-07;1.320597019108225e-07;1.1750925292240927e-07;8.030054038552515e-08;4.4853230319824115e-08;2.6029080087016128e-08;2.3537310920375883e-08;3.637016685825019e-08;6.230875761147037e-08;9.461896970219255e-08;1.348898394761007e-07;1.815094707131981e-07;2.3598965043000518e-07;3.073316651025575e-07;5.641893857997509e-07;1.4427532297919432e-06;3.590466374138833e-06;8.10992656287255e-06;1.6536249028752425e-05;2.9721986392496222e-05;4.734526219639554e-05;6.786182118515904e-05;8.899591225033126e-05;0.0001090343843577;0.000127071476495;0.0001418746626128;0.0001534137851746;0.0001607624965773;0.0001633603085445;0.0001608191535299;0.0001538238103287;0.0001437946876979;0.0001316834903317;0.0001189060549882;0.0001060298160082;9.37371721836782e-05;8.279982624314334e-05;7.368832312131313e-05;6.664195905619462e-05;6.157850058306216e-05;5.813938079336936e-05;5.6003685388719526e-05;5.454452984864228e-05;5.333325405632292e-05;5.133119105122078e-05;4.844809945868583e-05;4.5667050184471353e-05;4.308398895536216e-05;4.100334758505512e-05;3.934390511549607e-05;3.8652275371307566e-05;3.881189561800138e-05;3.925484135801639e-05;3.985119730898036e-05;4.0112213554902215e-05;3.998177722167996e-05;3.961324262010669e-05;3.912042291188556e-05;3.848587195258228e-05;3.782526660576914e-05;3.688577345919895e-05;3.587453495967613e-05;3.4850049599713815e-05;3.392088288914688e-05;3.319082992453098e-05;3.267593903723879e-05;3.225138732290974e-05;3.1834576635255706e-05;3.137633573020327e-05;3.087567077790614e-05;3.0352958907080665e-05;2.9895079162337395e-05;2.957040637363e-05
1011.0449704899474;9.409944344285981e-09;1.476010358884902e-08;3.7442612721235136e-08;8.707099227954653e-08;1.5535941573228286e-07;2.1469625622251217e-07;2.396979008260592e-07;2.2269307968040133e-07;1.73673181686694e-07;1.208383458284086e-07;9.141567716361142e-08;1.0082454327575921e-07;1.1911417929573393e-07;1.297832300273253e-07;1.1989907871665128e-07;8.958317444449144e-08;5.213518034163178e-08;3.9124718333051175e-08;6.298647437960171e-08;1.1668553670396113e-07;1.6947426045053777e-07;1.9344893719955774e-07;1.7179607690094993e-07;1.1591110436011229e-07;6.505721528320218e-08;4.1554120053391314e-08;4.853666909179613e-08;7.05952611217318e-08;8.402066398726112e-08;8.217749090855676e-08;6.322598477388806e-08;3.983266814628436e-08;2.2001112094604682e-08;1.3865017710994542e-08;1.5016417629822923e-08;2.183980323375299e-08;3.731681819975725e-08;7.267840370999322e-08;1.5138659056931586e-07;2.671674372174814e-07;4.51018388329169e-07;9.03251274360645e-07;2.028268007785945e-06;4.484720336978262e-06;9.53335161058722e-06;1.8926074151114937e-05;3.335121925696622e-05;5.203278493147336e-05;7.367233714040375e-05;9.58603699315108e-05;0.0001171845789871;0.0001362182479432;0.0001516943405367;0.0001632001707233;0.0001700902302561;0.0001726130029233;0.0001710135974281;0.0001654968038672;0.0001563401857032;0.0001440645604093;0.0001295282228112;0.0001140789934039;9.915041878867466e-05;8.650931943073038e-05;7.672246800636695e-05;6.97191634456243e-05;6.450677604217595e-05;6.060303880186632e-05;5.75892585586435e-05;5.510693267575578e-05;5.3368704011960295e-05;5.199359029144515e-05;5.060624563769179e-05;4.920265743109005e-05;4.740048057350428e-05;4.525393974305171e-05;4.318943221681008e-05;4.177666473363956e-05;4.117132317818959e-05;4.1357455535980537e-05;4.2022042352158366e-05;4.261689864125378e-05;4.273036159549556e-05;4.2213206932299947e-05;4.100455792055455e-05;3.9422345122814336e-05;3.770780478449311e-05;3.6185392412691154e-05;3.493900796123399e-05;3.4004362484673105e-05;3.340631421287219e-05;3.302849597667001e-05;3.274383432676494e-05;3.24629818663778e-05;3.2187575338919656e-05;3.19578528015427e-05;3.179939155392646e-05;3.174328332496342e-05;3.1783466353024506e-05;3.1847093328021555e-05
1012.8923973979907;4.837075123123531e-10;3.5470800836173403e-09;1.6991518697684802e-08;5.3734170140897027e-08;1.122121956770036e-07;1.6462834658240796e-07;1.980068325373316e-07;2.016048388797448e-07;1.7673918829037684e-07;1.3543603400198334e-07;8.89363591237794e-08;5.2119592001698164e-08;2.8206632109415257e-08;1.794411481167416e-08;1.4780081419815168e-08;1.3071834891015951e-08;1.0854360037231002e-08;9.766858642958811e-09;1.4827283541084668e-08;3.1408425062382434e-08;5.7557102321402016e-08;6.9180938079631e-08;6.477312735957265e-08;4.762274478274973e-08;2.8714381406215664e-08;1.3388205520971457e-08;7.742077759160931e-09;1.0168631480590045e-08;1.5286652197608897e-08;1.889406976420975e-08;1.8222057010394627e-08;1.3548678388341094e-08;8.060675375643807e-09;6.866865343429231e-09;1.3415528728555924e-08;1.901703386008866e-08;2.2152772188827493e-08;2.5494212750781663e-08;5.6990266223329615e-08;1.2611284824962865e-07;3.440345086950038e-07;9.420949910535432e-07;2.362114265920803e-06;5.243479143080271e-06;1.0836663796881447e-05;2.0629414967430394e-05;3.4765069311448274e-05;5.29039197488699e-05;7.396967644921217e-05;9.64466407099633e-05;0.0001193145397171;0.0001406163526644;0.0001587153198343;0.0001714887252981;0.0001787989140066;0.0001809135983003;0.0001783163488074;0.0001713207024753;0.00016051619491;0.0001474512609353;0.0001325517680818;0.0001174586807586;0.0001031512313485;9.103860320624784e-05;8.178695864387748e-05;7.5036594561882e-05;6.970914902087136e-05;6.49219669585847e-05;6.03729860530944e-05;5.6190092742227136e-05;5.2842595789355744e-05;5.035518625797165e-05;4.8676999478137866e-05;4.765718018215126e-05;4.693106441446211e-05;4.6361526068467785e-05;4.607632925442581e-05;4.5527071391005886e-05;4.475023286341188e-05;4.408330521641812e-05;4.35700474028764e-05;4.297611367667077e-05;4.2074371326721545e-05;4.1104193160861605e-05;3.993811179772948e-05;3.867245992256061e-05;3.732971661719781e-05;3.634753277535611e-05;3.5548590654897204e-05;3.50448368414852e-05;3.476332102212669e-05;3.453063446270625e-05;3.415574816204745e-05;3.3576971828267855e-05;3.2985015964932986e-05;3.2522713491890107e-05;3.24454729592132e-05;3.277297495097093e-05;3.326335690132512e-05;3.365501943856369e-05
1014.7391587503372;3.124319017014269e-11;2.4945271420388963e-10;3.685811401346735e-09;1.459953413497132e-08;3.3247113886891875e-08;5.5234567873290316e-08;7.39342805849865e-08;8.22348221896777e-08;7.736361315615227e-08;6.23436635292378e-08;4.280781574451611e-08;1.7682493450690837e-08;7.463937829658551e-09;4.049364128444808e-09;2.9153791497409316e-09;2.3739587332739476e-09;2.019763358230341e-09;1.734586919969812e-09;1.3847551200636096e-09;1.1203778167790867e-09;9.745180272901091e-10;8.899040522876396e-10;8.190600849648791e-10;7.880463586547212e-10;7.709289626671665e-10;7.905724519415578e-10;1.0881354248888854e-09;1.68592894156896e-09;2.170183008170516e-09;2.375139878307669e-09;2.5939866495810237e-09;2.448493980724654e-09;2.3645366479728963e-09;5.058343700728633e-09;9.319736030037718e-09;1.275029327160107e-08;1.2740775772121022e-08;1.3600597520718928e-08;1.3665751179342177e-08;3.906360515141336e-08;2.1360042163781573e-07;7.820566790671662e-07;2.155535652814e-06;4.998591862469105e-06;1.049550548949842e-05;2.0128001717400068e-05;3.408608711825922e-05;5.246227088570635e-05;7.357284035728863e-05;9.585782613658834e-05;0.0001183319520289;0.0001402363016642;0.0001589763253358;0.0001728803052536;0.0001820251032587;0.0001856613149768;0.0001830983540034;0.0001746902227586;0.0001617663005132;0.0001469410562952;0.0001323293761451;0.0001183761826965;0.0001058232105142;9.476049759590049e-05;8.542359398832996e-05;7.760899075299097e-05;7.133709657460729e-05;6.591822403851391e-05;6.126441524447875e-05;5.716400570654975e-05;5.3560872210133005e-05;5.034063641949321e-05;4.757391880437723e-05;4.56649091895103e-05;4.486450182379754e-05;4.500164419924751e-05;4.562815862607144e-05;4.590058509115727e-05;4.531911673632898e-05;4.384332867389063e-05;4.1966330848238445e-05;4.0448163460161066e-05;3.925998361795603e-05;3.8438084441914216e-05;3.788316976896453e-05;3.741025535040821e-05;3.711024154391176e-05;3.677181248482522e-05;3.645247485554272e-05;3.6347236910921866e-05;3.635366522797663e-05;3.6273235161318624e-05;3.595204194324898e-05;3.532692490598296e-05;3.4531580114944484e-05;3.388670246777011e-05;3.3680150527076104e-05;3.3890303245387855e-05;3.4259059538572374e-05;3.45495552592534e-05
1016.5852545740564;1.4509674246557544e-10;7.648358818760651e-10;1.7950740279077811e-09;2.6093786076478372e-09;2.680894139876704e-09;2.4803975924460372e-09;5.196209688381474e-09;1.6652521467152865e-08;4.391489251487962e-08;6.847190629944099e-08;8.445302210099565e-08;8.512889960687361e-08;7.065197205105247e-08;4.798671428709468e-08;2.81462655317272e-08;1.7884699934676946e-08;1.9842486006633717e-08;3.1857221876600584e-08;4.7250211296686274e-08;5.655730914405154e-08;5.341698360734048e-08;3.999837346066606e-08;2.351897128848473e-08;7.123412194554018e-09;3.834123819873447e-09;2.954104803312819e-09;2.641510342504112e-09;4.170420894564868e-09;1.5993116896967813e-08;5.5678975504921045e-08;1.1692274611490934e-07;1.8859525571133626e-07;2.2480816606618838e-07;1.8395225948995762e-07;1.1205274897452177e-07;5.0877532079070457e-08;2.2474342849354575e-08;2.1499422003202928e-08;3.3717014304740075e-08;6.929506422046913e-08;2.503594462189697e-07;8.41916313010605e-07;2.245279267434526e-06;5.125393960296951e-06;1.0692292255443813e-05;2.0658045674612195e-05;3.5741185639407216e-05;5.5022425217766206e-05;7.643314012264018e-05;9.77724566715169e-05;0.0001182832793946;0.0001380453299542;0.0001553671603409;0.000169727872452;0.0001801026587327;0.000184905985272;0.0001828751091051;0.0001740877711151;0.0001603267257852;0.0001446300225946;0.0001297786518096;0.0001161808448602;0.0001040017906528;9.312236444688486e-05;8.343317191670093e-05;7.492589245863556e-05;6.787964735101279e-05;6.244850929405717e-05;5.860123044347141e-05;5.591061368443432e-05;5.359495659308179e-05;5.121814930448334e-05;4.890211631822584e-05;4.682647209943142e-05;4.533619389135568e-05;4.450771579738455e-05;4.422716752360665e-05;4.371880937178796e-05;4.264615290319716e-05;4.116292753583842e-05;3.950748835693305e-05;3.844315299784158e-05;3.8128706374792126e-05;3.813668344106245e-05;3.828288635451141e-05;3.822351263890469e-05;3.781339471944611e-05;3.7139562849320345e-05;3.649556291234648e-05;3.6014556953942395e-05;3.578940588842697e-05;3.57270175305938e-05;3.563711670004214e-05;3.539916151445958e-05;3.500171653278559e-05;3.452207765185606e-05;3.407980866146995e-05;3.374315595047734e-05;3.352797999970346e-05;3.3404674491733225e-05
1018.4306848963716;5.750719893594146e-10;3.07831936960027e-09;9.762276434393151e-09;2.2124577449142776e-08;3.8879445913515524e-08;5.7984775064952436e-08;7.976934232671273e-08;1.0533475369780849e-07;1.3787385637845894e-07;1.854820161944791e-07;2.424314789359085e-07;2.783418306781345e-07;2.6466285684651205e-07;2.043225951788275e-07;1.2493739561772165e-07;6.672552433962337e-08;5.3667404310805296e-08;7.328850815957762e-08;1.0218227029885848e-07;1.1892537266909445e-07;1.1249756249306136e-07;8.854716221738257e-08;5.9487450966737635e-08;3.769640712461198e-08;2.4930590960476654e-08;1.6896493191262484e-08;1.2995639261053725e-08;2.6186598895519392e-08;8.00673916179273e-08;1.93241021084626e-07;3.639398974881303e-07;5.359019561012149e-07;6.002250959280267e-07;5.136484595299586e-07;3.386769566944468e-07;1.5844674278161138e-07;7.561786289673267e-08;9.02740697503592e-08;1.3742075667468224e-07;1.895066591265147e-07;3.5111691688851413e-07;9.096177171208772e-07;2.344890452018998e-06;5.318468149576046e-06;1.0961882705861667e-05;2.0907772183666565e-05;3.601105842436512e-05;5.5146465642029685e-05;7.627012084812608e-05;9.704216124311002e-05;0.0001163269479268;0.0001333939628694;0.0001483384254089;0.0001609504609958;0.0001700460084535;0.0001741275595151;0.0001723706875494;0.0001649639028295;0.0001533512490179;0.0001396853493965;0.0001257323411588;0.0001125187102811;0.0001002409732818;8.920656512414232e-05;7.950263563795395e-05;7.103939868400314e-05;6.408317497868588e-05;5.885800365311772e-05;5.521837598779456e-05;5.2947222329559405e-05;5.117342715837048e-05;4.966395129644319e-05;4.8365535629807125e-05;4.707822030747447e-05;4.5722379082254337e-05;4.446059493766527e-05;4.324835536975591e-05;4.201649285727876e-05;4.075972889417865e-05;3.949197077150374e-05;3.821465206779392e-05;3.703443181353771e-05;3.6483996000104606e-05;3.666955869649393e-05;3.732709421624149e-05;3.7913979407787525e-05;3.7863734849602704e-05;3.722481805009302e-05;3.6267469774459456e-05;3.5331914544202485e-05;3.470598677723105e-05;3.440760933142731e-05;3.4202727820030666e-05;3.400515782417133e-05;3.377611533710882e-05;3.349731539301923e-05;3.308679201741715e-05;3.259564391840058e-05;3.214831055951443e-05;3.183700264123252e-05
1020.2754497446332;1.669224175241135e-07;1.242647148850458e-07;8.753578192013649e-08;7.457483249276388e-08;9.162672587626896e-08;1.2834065468410686e-07;1.6416081218314508e-07;1.827650323140542e-07;1.798178512667433e-07;1.8935408644497561e-07;2.4425628480662774e-07;3.087179754599605e-07;3.229205490810415e-07;2.691036323040068e-07;1.68973494128129e-07;8.26585901674703e-08;5.014594370442034e-08;5.2925079086791735e-08;6.41867482346446e-08;7.099249609545965e-08;7.027555137199818e-08;6.679767458810425e-08;7.259443472424592e-08;1.0701647758180758e-07;1.426625576571003e-07;1.5290377389807494e-07;1.2375395218294966e-07;9.2111780765646e-08;1.3546173446790798e-07;2.648764289161596e-07;4.652604555757117e-07;6.602081618770662e-07;7.469943369926218e-07;6.883902281913001e-07;5.168347055706613e-07;3.0825947932334217e-07;1.7988334541770821e-07;1.7357799838667185e-07;2.3171117571993118e-07;2.8492878746878164e-07;3.498882798691973e-07;6.215504663792704e-07;1.6001019805920709e-06;4.042087548050609e-06;9.067168543391396e-06;1.8222416750929145e-05;3.254211393263035e-05;5.094566651867128e-05;7.164698078142184e-05;9.23174812413642e-05;0.0001110767495496;0.0001267895599513;0.0001397203696221;0.0001496563928358;0.0001564021795106;0.0001595201662564;0.0001584397924521;0.0001532494132792;0.0001447748317982;0.0001341499634997;0.0001224258390413;0.0001102816593354;9.823675591146794e-05;8.695619049256221e-05;7.7070516734164e-05;6.88822331108045e-05;6.237944200078701e-05;5.739206242661384e-05;5.367725640204572e-05;5.10032840024048e-05;4.911312071473849e-05;4.775472253041899e-05;4.658354366111802e-05;4.549484733186481e-05;4.441551306413668e-05;4.3357894369482254e-05;4.215832342840073e-05;4.112301555627654e-05;4.03310192508121e-05;3.9299670077499365e-05;3.790422068921889e-05;3.636990941554309e-05;3.520540846376508e-05;3.495521540932542e-05;3.563705578629821e-05;3.6673925471954205e-05;3.737084403744194e-05;3.75310406351534e-05;3.706750014833943e-05;3.632739298062351e-05;3.5555875261583345e-05;3.489620812474996e-05;3.4425149526235886e-05;3.416497034707254e-05;3.4057496841518816e-05;3.399846787723105e-05;3.3888448431861805e-05;3.370733154663322e-05;3.351387157018467e-05;3.336999483368442e-05
1022.1195491463476;3.891787260359659e-07;3.0216696648874004e-07;2.030110215635272e-07;1.279482221257285e-07;1.002174144034277e-07;1.13749045164462e-07;1.3901846417878806e-07;1.4619208013777196e-07;1.312512209557455e-07;1.233557564883738e-07;1.4871509268882157e-07;1.9246869350441476e-07;2.080430362448795e-07;1.7755585832112556e-07;1.1407548355792768e-07;5.51122916688461e-08;2.69430928002281e-08;1.8230211599489924e-08;1.5330847851181173e-08;1.833247496657469e-08;2.7513877593752865e-08;4.1618484277115046e-08;7.50400099917809e-08;1.5104862033876772e-07;2.364566494866237e-07;2.723436609306554e-07;2.3511545776881005e-07;1.571686789258356e-07;1.183882629969804e-07;1.7178264217742298e-07;3.065462281317123e-07;4.747309354003212e-07;6.057081962846944e-07;6.42898288666086e-07;5.659692588840843e-07;4.06518687410365e-07;2.4913754884564537e-07;1.6778179522971034e-07;1.562753765082872e-07;1.7641173995000728e-07;2.2108974994761013e-07;4.1175661785186097e-07;1.155298152341253e-06;3.179206774338183e-06;7.686755517271976e-06;1.6298228387331097e-05;2.9480258654242626e-05;4.644986648010838e-05;6.550006323582803e-05;8.466293434705606e-05;0.0001025541244581;0.0001180057022864;0.0001303174012401;0.0001394380036198;0.0001455172612423;0.0001486769622241;0.0001485582946807;0.0001448776817129;0.0001378702335338;0.0001283263684344;0.0001173408829064;0.000105575775684;9.3853126972725e-05;8.325064917804717e-05;7.436490566082956e-05;6.719388446073324e-05;6.137492317050826e-05;5.670474674099604e-05;5.305212824309571e-05;5.031471711811956e-05;4.839255730287797e-05;4.705860174417438e-05;4.612248435571775e-05;4.529927839005934e-05;4.425257590937467e-05;4.2904420966961405e-05;4.143157719235682e-05;4.0310438311394326e-05;3.956155421956153e-05;3.902134632195192e-05;3.871899138936541e-05;3.83893682321775e-05;3.802701456042424e-05;3.780487840039648e-05;3.775288175517074e-05;3.776396218771103e-05;3.762285945418695e-05;3.739055657844473e-05;3.687338706611626e-05;3.619813596494442e-05;3.554692868295115e-05;3.5064910973014324e-05;3.4825480408007354e-05;3.485059208413207e-05;3.503444039304139e-05;3.520311793680059e-05;3.533890783139936e-05;3.538934472816434e-05;3.5391593247914424e-05;3.5348333894408095e-05
1023.9629831291386;4.964298580768457e-07;4.245096330019217e-07;2.844395465591841e-07;1.6381745630422393e-07;9.71818564519543e-08;9.55102332746028e-08;1.7386158585779869e-07;2.853659890046146e-07;3.889718435719817e-07;4.26802872049409e-07;3.815630643175978e-07;2.8774966958993254e-07;1.9472696002383025e-07;1.3477224574873194e-07;8.876403104018063e-08;5.082267895682439e-08;3.120410034334398e-08;2.3866738359111672e-08;2.1210937334979912e-08;2.664501022089441e-08;3.9361033645588274e-08;5.6037664484646485e-08;8.545114976287874e-08;1.450350484390403e-07;2.1946299922250654e-07;2.593092900467496e-07;2.524389071421771e-07;2.0240964286523497e-07;1.612716211166646e-07;1.938296127577256e-07;2.691630223830318e-07;3.541265848539149e-07;4.358435564484912e-07;4.628701689808028e-07;4.104429230626488e-07;3.058330990268051e-07;1.9425129407917274e-07;1.0894582334178245e-07;6.346825733759005e-08;6.607986745159162e-08;1.6376513091774517e-07;5.286682871336435e-07;1.5564872815852923e-06;3.915732487816657e-06;8.508721708107045e-06;1.627206537416117e-05;2.7194863992857697e-05;4.1297608370454783e-05;5.803864824801551e-05;7.606061030665743e-05;9.377273691160034e-05;0.0001096664437141;0.0001223936005455;0.000131515857171;0.0001370333910852;0.0001393624422417;0.0001387555602961;0.000135225206052;0.0001287563463966;0.0001195889639947;0.0001085771155992;9.699345905229384e-05;8.632437848681004e-05;7.741763582822049e-05;7.026652124775374e-05;6.453006317349127e-05;5.969938711635126e-05;5.557110046541403e-05;5.209864288255954e-05;4.9316475235941e-05;4.731436428760894e-05;4.601992598795078e-05;4.523283302995551e-05;4.471114866455907e-05;4.385489275320328e-05;4.256938444677382e-05;4.116492236132473e-05;4.006994169733155e-05;3.952463160075956e-05;3.957290544113033e-05;3.987138900643549e-05;4.0121993837025565e-05;3.987854819250834e-05;3.927841550275688e-05;3.8468211752828086e-05;3.751128904146752e-05;3.650037913647816e-05;3.5443369081527946e-05;3.4633171766065345e-05;3.419037602363978e-05;3.40826086709974e-05;3.420844866681265e-05;3.4485341213107254e-05;3.473827608726562e-05;3.501794645845239e-05;3.524524990425635e-05;3.5318641074204114e-05;3.522065215414403e-05;3.503839984353091e-05;3.486676269091882e-05
1025.805751720785;5.48207253305227e-07;4.88570093477326e-07;3.6501371974442645e-07;2.216380767856741e-07;1.2937933403017793e-07;1.3487383562532994e-07;2.525565862394269e-07;4.737176276055284e-07;6.90271890112234e-07;7.472026943530665e-07;6.168669828765444e-07;3.840246748008243e-07;1.900759277877496e-07;1.0692923905269326e-07;7.47975769374115e-08;5.322866306066097e-08;4.0006210314008145e-08;3.3870523360177186e-08;3.0812908320182295e-08;3.21439250826006e-08;3.659626400420998e-08;4.9972479101851526e-08;7.781143635763968e-08;1.2675675366738e-07;1.9359141506129265e-07;2.4481063872458853e-07;2.706095657573064e-07;2.710336249689732e-07;2.776324887821063e-07;3.228248005786212e-07;3.8341177934348643e-07;4.149767537608378e-07;3.841839874060757e-07;3.009403873026796e-07;2.2003076359466457e-07;1.763573509044698e-07;1.7554846396290074e-07;1.671829517541295e-07;1.470816846622995e-07;1.2831802063744726e-07;1.8913690677970686e-07;5.484962427109523e-07;1.6010754130808545e-06;4.019842602815383e-06;8.449571377119856e-06;1.530994548759813e-05;2.50176617223e-05;3.792987617074999e-05;5.3581032785536494e-05;7.086914749527576e-05;8.806567655497721e-05;0.0001036974871844;0.0001163620840679;0.0001251102671741;0.0001294794173986;0.0001298598772412;0.0001271592601952;0.0001224261421922;0.000116078971076;0.0001080691712103;9.874816762708826e-05;8.910415203882654e-05;8.01552819332427e-05;7.246345744583238e-05;6.617295446201973e-05;6.11667389321242e-05;5.709059499821611e-05;5.3565853461126905e-05;5.037185417976678e-05;4.7540771082393054e-05;4.524900787484453e-05;4.360988912588092e-05;4.2597601788509255e-05;4.199941280266623e-05;4.1453253815110894e-05;4.078437361268592e-05;4.008727103074456e-05;3.944105215733176e-05;3.915337558535927e-05;3.917058262669599e-05;3.889327157951611e-05;3.821591999709444e-05;3.727909306429873e-05;3.6313198336900034e-05;3.543328259691154e-05;3.4725759555958234e-05;3.406707758213179e-05;3.3325849787861136e-05;3.3020831950769864e-05;3.317652922176188e-05;3.3621663961240435e-05;3.429639933928469e-05;3.493055234060399e-05;3.537471862709112e-05;3.556166138904949e-05;3.547879295447407e-05;3.508588876376353e-05;3.4473244064690347e-05;3.3836673910476644e-05;3.3412481756894615e-05
1027.6478549492058;5.131561845259038e-07;4.87026702295553e-07;4.809845094504116e-07;4.154788480385032e-07;3.195097491298897e-07;2.469716254123636e-07;2.28078240553568e-07;2.893293344123307e-07;3.85207622515263e-07;4.013131997867851e-07;3.1929159989472e-07;1.917288593258038e-07;9.769601184002027e-08;6.56737873004721e-08;5.712865694879374e-08;5.1217915386666827e-08;4.0073583107356094e-08;3.111506131798831e-08;2.7540277298063188e-08;2.5350599201230416e-08;2.2690745458425232e-08;2.3265782788039972e-08;3.444823575782236e-08;6.033517196068018e-08;1.0587711093094333e-07;1.9461319498812522e-07;2.8303769031852384e-07;3.632639968019905e-07;3.853617216342072e-07;3.585819870202474e-07;3.4676753681193845e-07;3.232187776095317e-07;2.670509069738889e-07;1.9383661362873952e-07;1.3965882234395558e-07;1.508176368997311e-07;2.1004181218901027e-07;2.50372454335135e-07;2.3555214132024362e-07;1.7555254264323117e-07;1.365987953226543e-07;2.923031316424603e-07;9.60218602025262e-07;2.779659608280834e-06;6.624300128504487e-06;1.3460907564541845e-05;2.3645930872209703e-05;3.705019173337945e-05;5.245449997402993e-05;6.838398437909412e-05;8.346122754278142e-05;9.690629621308653e-05;0.000107776791066;0.0001151515753281;0.0001186700000113;0.0001187691918103;0.000116274128492;0.0001121357617004;0.0001067228747576;0.0001001432127302;9.267801217809684e-05;8.474770634465477e-05;7.676678110530747e-05;6.926216242360324e-05;6.270396215571433e-05;5.730022209049705e-05;5.321391404799266e-05;4.992143661994292e-05;4.713522439542445e-05;4.475388059970469e-05;4.284735458821949e-05;4.15220330798245e-05;4.082904358374927e-05;4.046773285233974e-05;4.025973596261565e-05;3.987598440995234e-05;3.926421893988128e-05;3.856013449175788e-05;3.786918198243833e-05;3.725045509674078e-05;3.662676499752137e-05;3.585590268626665e-05;3.5262550865740815e-05;3.475423782309535e-05;3.439325716043001e-05;3.40503564977614e-05;3.37502041193629e-05;3.350472027835101e-05;3.342298657112998e-05;3.361664338405919e-05;3.408149671851043e-05;3.468524039581103e-05;3.5166825258540495e-05;3.538997346384931e-05;3.518439009868795e-05;3.459353093369121e-05;3.374328039269423e-05;3.2801879197471296e-05;3.198530522368588e-05;3.1410916893093066e-05
1029.4892928424415;4.297467650489209e-07;4.807652019505266e-07;5.528534088977188e-07;5.68943641414707e-07;4.847803692686769e-07;3.325387208984185e-07;1.769604736084959e-07;8.831157049765457e-08;6.424931033205705e-08;5.024559020589482e-08;3.7793859676095444e-08;3.0865733513083614e-08;3.587000376066733e-08;4.986279935223524e-08;5.854122296820018e-08;5.5136049080666055e-08;4.0807677973621786e-08;2.4099150160535e-08;1.648706028391429e-08;1.5138246001988723e-08;1.8701030430072e-08;2.566942999334963e-08;3.831185848962124e-08;4.735498815775821e-08;6.466030294318693e-08;1.4066597695783718e-07;2.839376284557152e-07;4.10235069394081e-07;4.382142629422161e-07;3.592717449144129e-07;2.2722117685831505e-07;1.3501135854249124e-07;1.024382867296077e-07;8.32703838559134e-08;6.231723228281613e-08;7.897596600130828e-08;1.1065363400531476e-07;1.320667805203156e-07;1.2822359584738646e-07;1.022100244767276e-07;8.569073153666554e-08;1.705653529261776e-07;6.055374145371849e-07;1.9755954674662763e-06;5.3733207615184105e-06;1.2164539850418187e-05;2.264710691243901e-05;3.6007492225686584e-05;5.067538829372646e-05;6.480227486453357e-05;7.76411624720408e-05;8.888899558917369e-05;9.800623062897848e-05;0.0001044559541891;0.0001083411679519;0.0001100016702112;0.0001095087634179;0.0001069703116727;0.0001024699946984;9.642445923309756e-05;8.971279413957282e-05;8.219642862658831e-05;7.430532452251415e-05;6.659065647384975e-05;6.001442977126733e-05;5.447600326258904e-05;4.998990759903746e-05;4.6510062659943125e-05;4.394713543399565e-05;4.222362932270407e-05;4.129743803231339e-05;4.103246058177752e-05;4.1142360022140105e-05;4.135593069370602e-05;4.1348021454478864e-05;4.08449957857921e-05;3.985652845009249e-05;3.858577489731154e-05;3.7348586170587786e-05;3.623657297187681e-05;3.539737626750053e-05;3.492707113906521e-05;3.476772387606627e-05;3.481971272151855e-05;3.496443498094815e-05;3.508300293974718e-05;3.515254135987191e-05;3.514899451949196e-05;3.505590714200344e-05;3.487948446996653e-05;3.467474126923155e-05;3.4446968644331305e-05;3.4155101969274035e-05;3.3642260425778735e-05;3.288079314539991e-05;3.1865127701776136e-05;3.064054392732564e-05;2.956979809397398e-05;2.8740924330172623e-05;2.81455541752674e-05
1031.3300654286868;1.910932215138937e-07;2.381558829631972e-07;2.7789781908462706e-07;2.9283889209958897e-07;2.6313897218048895e-07;2.0229429914892282e-07;1.2663598761400765e-07;9.014138945359669e-08;6.996716141644594e-08;5.0129285481510556e-08;3.4845479625335496e-08;2.2669683633693123e-08;1.8148306925295952e-08;2.5596829047747098e-08;3.3519815784475914e-08;3.113492726701181e-08;2.2687725384049813e-08;1.1499473636587133e-08;6.310165637257558e-09;8.207930038644552e-09;2.1573565045003233e-08;5.70053579988982e-08;1.0175085991464441e-07;1.266736781526125e-07;1.2609199999813577e-07;1.2373037510329714e-07;1.9131648980947042e-07;2.710860411061919e-07;2.997182106582079e-07;2.5180842649147523e-07;1.374800378369041e-07;6.328509377993995e-08;3.3494199675551083e-08;2.4139716473010652e-08;1.84451606242807e-08;1.3714689482330024e-08;1.6621461936350876e-08;3.456274625562559e-08;6.84142170013091e-08;1.0745182854556137e-07;1.567434857820527e-07;3.082972701881904e-07;8.417232478255005e-07;2.27602953543142e-06;5.503045966869359e-06;1.1725675265261204e-05;2.1248996661689397e-05;3.364165811902682e-05;4.7037577093207264e-05;6.000692099762579e-05;7.220945816032942e-05;8.331303856836888e-05;9.279125045904402e-05;0.0001000848386616;0.0001048933821338;0.0001072238982602;0.0001070689983248;0.0001044511356607;9.95879027139466e-05;9.30904118349106e-05;8.579172802956605e-05;7.826565402706238e-05;7.09129418339952e-05;6.425579529252225e-05;5.869377612322099e-05;5.407509175379085e-05;5.02694014736835e-05;4.717531163629174e-05;4.47534933688448e-05;4.298646420249293e-05;4.190743247989161e-05;4.135165144960466e-05;4.135250195997675e-05;4.145604652179138e-05;4.130092723598938e-05;4.074845969551451e-05;3.997203864120367e-05;3.88300254963304e-05;3.78455119956907e-05;3.694663253220272e-05;3.616668201356245e-05;3.555024038247736e-05;3.511301742556104e-05;3.48950367072026e-05;3.470188268419204e-05;3.464331107454144e-05;3.4728495651941647e-05;3.496125512841336e-05;3.5201211497203706e-05;3.522678242950295e-05;3.485565719767278e-05;3.411153316285559e-05;3.316612129708195e-05;3.217961038005912e-05;3.119806408600462e-05;3.0184092620360503e-05;2.911775053644878e-05;2.8067304252960907e-05;2.7281548294332342e-05;2.6795672971431887e-05
1033.170172736267;7.198607676296223e-08;6.627556007109585e-08;7.103726512285093e-08;8.954867774645003e-08;1.1200600574540749e-07;1.2966998213157522e-07;1.3493792595796274e-07;1.225961629740261e-07;1.0228497709668769e-07;7.364941815886081e-08;4.4236360643254617e-08;2.294282254207478e-08;1.6414633292601385e-08;3.7062350181922094e-08;7.82117358112877e-08;1.3481456373927824e-07;1.795110004057181e-07;1.858174716712926e-07;1.54377896389671e-07;1.0913389254213713e-07;9.507084691720064e-08;1.3616873020555788e-07;2.010141528256932e-07;2.414729621681548e-07;2.249409860198993e-07;1.702707617950887e-07;1.281010823713265e-07;1.274095478658877e-07;1.3777706232192272e-07;1.2596584651864852e-07;9.000062567728123e-08;4.936928249516517e-08;3.046433864117069e-08;3.458295752767006e-08;5.8416586730647034e-08;1.0968155839114757e-07;1.7686961345189032e-07;2.333594067159821e-07;2.6061349205098706e-07;2.500875740622652e-07;2.267751514396458e-07;3.7315053626592484e-07;1.085782284835428e-06;2.7772565530163044e-06;6.169466490209952e-06;1.2026601712725437e-05;2.0698384893317715e-05;3.1928750168357165e-05;4.440203674928145e-05;5.722061416418542e-05;6.953580213976205e-05;8.102206385221498e-05;9.126545069780366e-05;9.95657426173397e-05;0.0001050499496487;0.000107619539842;0.0001075366450411;0.0001047175290096;9.9198341869401e-05;9.168657440422216e-05;8.27417130993763e-05;7.465406927267758e-05;6.814253725296834e-05;6.327258862425608e-05;5.9090628914298046e-05;5.583778171791164e-05;5.28810391276225e-05;5.024621891480689e-05;4.7795458690563057e-05;4.554145144488759e-05;4.352799992739719e-05;4.197053386058716e-05;4.082298370380523e-05;3.989246011860049e-05;3.913364354531558e-05;3.859284673744037e-05;3.830666144654932e-05;3.8210775401876105e-05;3.812061366232014e-05;3.776836338222005e-05;3.7169204726122505e-05;3.6345169954975066e-05;3.5493341548973586e-05;3.473282857385751e-05;3.408401169373493e-05;3.3592242849852e-05;3.3454077021622616e-05;3.366647812524759e-05;3.408280519759288e-05;3.445187632488599e-05;3.4272672117128344e-05;3.3306785685024496e-05;3.212205289660043e-05;3.101584197423132e-05;3.020270998151565e-05;2.968498990590693e-05;2.9370622936670625e-05;2.8837213733856943e-05;2.8408072282151537e-05;2.8130081009655723e-05
1035.009614793642;1.9064919379321614e-07;2.2582435908755706e-07;2.825693783541173e-07;3.377797949999264e-07;3.45727789296018e-07;2.998658379439841e-07;2.240090740841009e-07;1.610343827308947e-07;1.327502742747705e-07;1.2444410686153956e-07;1.1368005035156969e-07;1.0172096678129944e-07;1.0116750238160474e-07;1.3049413949433042e-07;1.9969556946605282e-07;2.9835208781118066e-07;3.754385295620976e-07;3.7969742764645213e-07;3.123260732654005e-07;2.157912155909927e-07;1.6810362409604212e-07;1.982349302161753e-07;2.6687954973952104e-07;3.160708441069689e-07;2.951892872940859e-07;2.251590390771557e-07;1.5099185334658069e-07;9.975827650022843e-08;7.8049740818811e-08;6.445974679853985e-08;4.8057810890827315e-08;3.19588178535864e-08;2.8987818705374164e-08;4.767518642104718e-08;1.0103242574796906e-07;2.0791612918254718e-07;3.318940760173809e-07;3.940384335319234e-07;3.644315304217869e-07;2.647211523737505e-07;1.7565854826188186e-07;3.481398799265931e-07;1.176319591281072e-06;3.0883850312795403e-06;6.707146595347922e-06;1.2641792702542457e-05;2.133511576301124e-05;3.233785288280065e-05;4.492807814092695e-05;5.799310343282258e-05;7.055072872862332e-05;8.223662884364208e-05;9.254625741520674e-05;0.0001007783781818;0.0001064604466922;0.0001094922691568;0.0001098464982915;0.0001073416982617;0.0001017917279056;9.37029190636781e-05;8.462581634834715e-05;7.648884966402724e-05;6.982404405848084e-05;6.464697589368169e-05;6.0745689312107314e-05;5.74888492131386e-05;5.4273806983726926e-05;5.1215817754920654e-05;4.848123274850828e-05;4.620631639844676e-05;4.413967933894181e-05;4.237290097848875e-05;4.067943395386332e-05;3.9215708140132805e-05;3.806805348218222e-05;3.732236544872672e-05;3.688503927199299e-05;3.691166882135872e-05;3.692909579734129e-05;3.67668615816313e-05;3.637286892801687e-05;3.5746208684094635e-05;3.500026439924207e-05;3.4360121681810986e-05;3.379233332324543e-05;3.35238896482538e-05;3.364050624819411e-05;3.413623410482922e-05;3.446722637230692e-05;3.43848399100389e-05;3.3626682252511816e-05;3.230509265411638e-05;3.0611902903592234e-05;2.9381699267328275e-05;2.891902522701381e-05;2.9094496673900354e-05;2.9344059260337013e-05;2.95581694197346e-05;2.9500397419151735e-05;2.931640565171193e-05
1036.8483916294172;2.3515998923741265e-07;3.086538759977922e-07;3.985255701490597e-07;4.649708353917249e-07;4.525706375183345e-07;3.669184560633453e-07;2.590955597018644e-07;1.8605444923840345e-07;1.8459823515923283e-07;2.138515358729684e-07;2.301647870163829e-07;2.192908995308384e-07;1.974318892889358e-07;1.8421130474113607e-07;1.9021935863649766e-07;2.1224065619937665e-07;2.2797623968137495e-07;2.1870885541511121e-07;1.867670572742019e-07;1.435260201092864e-07;1.1743122860927819e-07;1.233917279826734e-07;1.4915665870279077e-07;1.724421592401222e-07;1.6696318256415167e-07;1.339296575185497e-07;9.093837383247477e-08;5.387189826123633e-08;3.116102555431951e-08;1.938815686999097e-08;1.3805030173413522e-08;1.3076605118520404e-08;2.1670433300473557e-08;4.0806822077653247e-08;7.519118399863623e-08;1.2610789477566202e-07;1.7419807826103486e-07;1.9063802907737767e-07;1.6129247153129628e-07;1.0278883423193959e-07;1.028733764537648e-07;4.133105134964259e-07;1.4671761256385991e-06;3.772677140180634e-06;7.787197813693628e-06;1.3997905885835503e-05;2.2492333101215015e-05;3.3624870068986295e-05;4.674631979477786e-05;6.0456209573815406e-05;7.375221971811072e-05;8.615606407717829e-05;9.700236520977332e-05;0.0001053985479946;0.0001108837636168;0.0001135312855566;0.0001136463349598;0.0001115265661353;0.0001070895950513;0.0001004684193802;9.287819484748368e-05;8.478297872645424e-05;7.634704149317036e-05;6.858348880628868e-05;6.242031817286108e-05;5.736899398431198e-05;5.332817587760113e-05;5.004510977767327e-05;4.747651005918905e-05;4.556546299675156e-05;4.4133563011198486e-05;4.283171742158295e-05;4.164017771798505e-05;4.0673955592132125e-05;3.979548769113553e-05;3.8735615367581735e-05;3.766927594008463e-05;3.667853501767758e-05;3.591505436654408e-05;3.532737970264589e-05;3.5014590999372136e-05;3.461338202972962e-05;3.412668421550253e-05;3.379847656500407e-05;3.3868312906590004e-05;3.437543420422291e-05;3.5024146748545806e-05;3.543223999082182e-05;3.5345546155784675e-05;3.454042288153905e-05;3.336051869033054e-05;3.200553604627115e-05;3.077712993154664e-05;3.016360021361638e-05;3.009165154666811e-05;3.0374147031823383e-05;3.0544499185362945e-05;3.059824972314141e-05;3.0383386915501188e-05;3.009519933289677e-05
1038.6865032723326;1.8507577106571845e-07;2.0251933103058403e-07;2.273814877637142e-07;2.433313629808198e-07;2.239992906608509e-07;1.7590320397653325e-07;1.343338937320649e-07;1.2792533452067433e-07;1.6008298763911817e-07;1.9826116899466299e-07;2.069170569721785e-07;1.8057739077709609e-07;1.3860145850840538e-07;9.90681265432665e-08;7.059966048422153e-08;4.928573424377877e-08;3.253170272451239e-08;2.747801464100055e-08;3.769998478510101e-08;5.5263928564246155e-08;8.069074148193716e-08;1.1282491078968945e-07;1.35650060832348e-07;1.342510587557313e-07;1.0657577222962647e-07;6.867130038670885e-08;4.166949910663245e-08;2.6727986086110066e-08;1.7074046638007195e-08;1.3318177898069026e-08;1.8201223887017687e-08;4.0493970716937834e-08;9.141882014379437e-08;1.4402516274500674e-07;1.5539317908713034e-07;1.187448703473674e-07;6.147123064324548e-08;2.6824253098184334e-08;2.3747316137392796e-08;4.038382251740361e-08;1.1216920159960892e-07;4.46190397423929e-07;1.5482921730440745e-06;4.065665938668887e-06;8.698623534694814e-06;1.5673062918564954e-05;2.5326541161138648e-05;3.725037024052293e-05;5.0200510684344734e-05;6.353852957759074e-05;7.70093694268997e-05;9.009397844479592e-05;0.0001019927583951;0.0001115511437677;0.0001179394230134;0.0001211750084542;0.000121656174768;0.0001198347496309;0.0001156441203069;0.0001090661598686;0.0001004024548056;9.049007316616792e-05;8.056949916039415e-05;7.180885447213213e-05;6.499791885789332e-05;5.932018347053464e-05;5.462344622053701e-05;5.041830851706241e-05;4.718067148494227e-05;4.484867221403348e-05;4.3556907362541264e-05;4.3040476629765313e-05;4.288756998782235e-05;4.258552893857273e-05;4.16743162859576e-05;4.012195775945294e-05;3.8268626686060745e-05;3.64580923893273e-05;3.5121416856131365e-05;3.4327174771061865e-05;3.395111009696256e-05;3.384448614244108e-05;3.3988891082854016e-05;3.446315550272826e-05;3.531798159932152e-05;3.621305460080675e-05;3.6380695615643165e-05;3.575286763150002e-05;3.456052294309275e-05;3.3254753494409855e-05;3.241496795149259e-05;3.1981163931550915e-05;3.191327899987108e-05;3.190832899736052e-05;3.182797306283961e-05;3.1535014360805204e-05;3.124640911161326e-05;3.0814485191396656e-05;3.0454095461944383e-05;3.020970972761336e-05
1040.523949751263;6.96870666534575e-08;5.76942619701947e-08;5.0279048139835794e-08;4.465169350681692e-08;3.3659135537388556e-08;1.9770543867219468e-08;1.5589792009792507e-08;3.18059131026069e-08;5.091614961046608e-08;6.58989303086637e-08;6.581152635315577e-08;5.1351388637967566e-08;3.2346202604609896e-08;1.3632475346574845e-08;6.836209533292625e-09;4.664951393670185e-09;3.3118161161081553e-09;4.728693960680927e-09;1.220714457802958e-08;3.2097973538822e-08;8.493553659093043e-08;1.695767212313496e-07;2.341513849287398e-07;2.3582999246655285e-07;1.7300740568786087e-07;9.422965486145717e-08;4.639679378968894e-08;2.579644464113665e-08;1.8250368908007626e-08;1.9673283119574362e-08;3.299482194871923e-08;7.50059117567749e-08;1.6090683232571765e-07;2.4203467038652925e-07;2.498489836314424e-07;1.8755073011972965e-07;1.0111197374857197e-07;5.1533751055287866e-08;4.9425729291216953e-08;7.603251484453633e-08;1.351705326979073e-07;3.7005719735921017e-07;1.2677172431147667e-06;3.5780190879899437e-06;8.44036415682402e-06;1.666955741153256e-05;2.8158923963113048e-05;4.166355879922622e-05;5.5688195960465946e-05;6.959529900943338e-05;8.316343900578081e-05;9.61816049747431e-05;0.0001083403218249;0.0001189341352121;0.0001272584773622;0.0001326038410451;0.0001344580006472;0.0001324280418314;0.0001262165554109;0.0001162284378421;0.0001037633599837;9.12187879052392e-05;8.075608527792538e-05;7.304179171737675e-05;6.744151768071472e-05;6.274504000277535e-05;5.821350663535758e-05;5.359796998772879e-05;4.930117598472402e-05;4.611095995472722e-05;4.450308279231447e-05;4.4064977415700416e-05;4.4061174491456586e-05;4.349337749551429e-05;4.192064500905302e-05;3.955405505710488e-05;3.69788027411282e-05;3.50693061284464e-05;3.416375280542884e-05;3.404560337228492e-05;3.4437493902785324e-05;3.517433501157111e-05;3.600720762831169e-05;3.6777128654784245e-05;3.709473121143884e-05;3.674597822940715e-05;3.566657563730717e-05;3.4179126113462175e-05;3.291340558280016e-05;3.217349352599944e-05;3.196345321684427e-05;3.219985980161209e-05;3.232287528331448e-05;3.207188002341274e-05;3.1628516233631624e-05;3.1253316590923033e-05;3.102818513258466e-05;3.081075427855544e-05;3.062367680381889e-05;3.04689258783636e-05
1042.3607310952175;1.0650553047271354e-09;4.1079002409095646e-09;7.828645083401029e-09;9.357922201305228e-09;7.605550276251948e-09;4.1178831737781356e-09;1.6509038970926512e-09;7.950633239782213e-10;7.466502553489196e-10;9.14489155260842e-10;1.014375951983447e-09;9.921811849229707e-10;9.41426897742406e-10;9.06140631026486e-10;8.470031812907027e-10;6.495537561647733e-10;3.952895697898852e-10;3.936314868691413e-10;1.7111007173059136e-09;1.0568951380561128e-08;3.67889297041142e-08;8.105725742301585e-08;1.1507633957399637e-07;1.1659083020602833e-07;8.541243760095159e-08;4.6339401425182615e-08;2.2881009955492685e-08;1.3189459184275832e-08;1.0538142478842016e-08;1.2356634439814375e-08;1.9351793550386558e-08;3.9396136049610655e-08;7.975287863701284e-08;1.1665459359667669e-07;1.2080696830307513e-07;9.456025487927601e-08;5.880608441723556e-08;3.9752208243466886e-08;3.946674308502371e-08;5.2273617819583034e-08;1.230730313658477e-07;4.754326028732898e-07;1.5880556228690057e-06;4.129544258066211e-06;9.039288755634247e-06;1.7468293249324552e-05;2.941415604919903e-05;4.424112829132691e-05;6.0560654609817344e-05;7.716121601138738e-05;9.326820410694235e-05;0.0001085512607417;0.0001221511889591;0.0001331883134965;0.0001412669055333;0.0001461737896474;0.0001475752900516;0.0001445547131468;0.0001366641402745;0.0001245224762147;0.0001098382437196;9.520870264249317e-05;8.295312438270116e-05;7.430221325023184e-05;6.820453343635969e-05;6.374207748111494e-05;5.99561370392272e-05;5.628995769276857e-05;5.257617638220549e-05;4.940703231522504e-05;4.735458040116498e-05;4.6132477982298366e-05;4.5246239174818765e-05;4.371022458340996e-05;4.17226343509542e-05;3.949770342916822e-05;3.7730839069877584e-05;3.6731775017894585e-05;3.629224964178519e-05;3.622868496111434e-05;3.636343875720816e-05;3.686871159461003e-05;3.723829084394956e-05;3.720213593837185e-05;3.668814295910071e-05;3.5756696290134966e-05;3.4708491613718905e-05;3.374463014023915e-05;3.349703342318893e-05;3.3580398227897625e-05;3.364250213678392e-05;3.351990919706609e-05;3.325509691824073e-05;3.2895555418832e-05;3.256283353819217e-05;3.2496352519558725e-05;3.2366473053126715e-05;3.195606303663401e-05;3.152588289656224e-05;3.116360870129552e-05
1044.1968473333473;2.7166424748770795e-09;1.4377622871893611e-09;6.330066809984864e-10;5.641923185302681e-10;6.98630978188934e-10;8.197356147059672e-10;7.941592897745878e-10;6.018360906988505e-10;3.4521773973057816e-10;1.8526545396037929e-10;1.3626242407022635e-10;1.3748363150192199e-10;1.5765083014878034e-10;1.77346891869422e-10;1.9259312036764399e-10;1.7941895573063407e-10;1.4681728283346123e-10;1.1104751013874318e-10;7.809904380778371e-11;8.414142495063209e-11;1.3432544815052358e-10;2.3566664555368195e-10;3.7780105361007505e-10;4.935900494693101e-10;5.289149245723228e-10;3.931695415170248e-10;3.5957318456661635e-10;5.081237856491091e-10;1.3440280438685663e-09;2.206767036552258e-09;2.866389978543486e-09;2.998853281759149e-09;2.5183131260011598e-09;1.845030376958721e-09;1.7606860448446084e-09;3.5960537480185717e-09;9.420610048921816e-09;1.4864562447946803e-08;2.563291469650568e-08;4.8641423350532215e-08;1.6139860105859134e-07;6.633862991842367e-07;1.9973904546699887e-06;4.88298620491648e-06;1.015845346532385e-05;1.8474035325729795e-05;3.044936984233932e-05;4.592357527584953e-05;6.44119686090132e-05;8.515295342248922e-05;0.0001067023425041;0.0001266319977768;0.0001424865234329;0.0001531862477293;0.0001589830352915;0.000161084841521;0.0001601862403441;0.0001559322474993;0.0001477674043793;0.0001354485066728;0.0001198049147697;0.0001031281336263;8.805586539721752e-05;7.639048740965485e-05;6.845819293028498e-05;6.354583619445618e-05;6.030413907488073e-05;5.735564220441261e-05;5.447448600610241e-05;5.182387382574887e-05;4.962969584556805e-05;4.794101655346142e-05;4.652097110519212e-05;4.4985756518148064e-05;4.3189672693163e-05;4.1487699617525206e-05;4.007016637498757e-05;3.910432059992165e-05;3.810453928704895e-05;3.7410182881236965e-05;3.673268738456127e-05;3.623989963397393e-05;3.5947542988558555e-05;3.5816900810675724e-05;3.5777433066935767e-05;3.5684738440970595e-05;3.5830662544406613e-05;3.5963562942933935e-05;3.611332229992735e-05;3.620324536561208e-05;3.62043733350488e-05;3.57884135618989e-05;3.505506203675217e-05;3.416029101968892e-05;3.3622959730117946e-05;3.312800059826727e-05;3.265758329940561e-05;3.211755088025217e-05;3.1569373750631324e-05;3.113359529089992e-05
1046.0322984949344;2.3447335575930013e-08;1.2432617820540412e-08;5.575501541745135e-09;4.8059980115297045e-09;1.4640392108764465e-08;4.280292375732208e-08;7.884646458092424e-08;1.1329644141611627e-07;1.2550460959962632e-07;1.0619792574249513e-07;7.02711094940136e-08;3.2650649255537105e-08;9.84393773406023e-09;5.919467625530353e-09;6.637639723509177e-09;1.7377815183453783e-08;5.1464941842621264e-08;9.388181360355537e-08;1.3506623554352318e-07;1.460146044450613e-07;1.2116235391714797e-07;7.75224724660296e-08;3.6734246915365526e-08;1.6539485443073206e-08;1.164949272769696e-08;1.2970189795884493e-08;2.3067931887944645e-08;4.239013595046554e-08;6.491653482588632e-08;7.856466515563631e-08;7.394189992860806e-08;5.1729703944325417e-08;2.7448753515752132e-08;1.3030457263949729e-08;7.4447443119039994e-09;6.611524639214143e-09;8.017859127096069e-09;1.3951285530001644e-08;3.1730981718670794e-08;6.981294990950805e-08;1.681526811583451e-07;5.316458758947829e-07;1.6951493205367263e-06;4.706235798625531e-06;1.058173588530507e-05;2.015004918515852e-05;3.3577915028058946e-05;5.1041876702597686e-05;7.234988597773685e-05;9.633124678920817e-05;0.0001205424450001;0.0001419504628973;0.0001585364297876;0.0001695130075503;0.0001749050503726;0.0001757157773047;0.0001728147887295;0.0001666890128718;0.0001571996340701;0.0001441062675914;0.000127903576454;0.0001103361241036;9.395236345079242e-05;8.064787242054239e-05;7.11785333096089e-05;6.53471649046869e-05;6.137259455686049e-05;5.830335419005942e-05;5.5518263808984165e-05;5.34225089807774e-05;5.217454460703309e-05;5.122262487389542e-05;5.016346208721996e-05;4.879239415753206e-05;4.668807239461073e-05;4.4129460149964814e-05;4.125592614472399e-05;3.893271536435425e-05;3.744024907568126e-05;3.677408761023429e-05;3.675912496603755e-05;3.68509329421042e-05;3.708017354469642e-05;3.7310490759807386e-05;3.7451263766574233e-05;3.7504511421714696e-05;3.766449327845415e-05;3.7592700969277525e-05;3.7495037427464495e-05;3.738700507363707e-05;3.711782201389011e-05;3.651705294387889e-05;3.553815221433522e-05;3.43109360376396e-05;3.314865861194354e-05;3.231807451673612e-05;3.19203804129955e-05;3.191562903482658e-05;3.1932725872119226e-05;3.192765072164593e-05
1047.8670846094064;6.219764600744956e-08;3.7508954459148894e-08;1.8316937084722063e-08;1.5272371331918045e-08;4.076445830867028e-08;1.013429919992372e-07;1.818861331677304e-07;2.5157846663272745e-07;2.6894535064925976e-07;2.2056907709140802e-07;1.4346537850559258e-07;7.282405339426613e-08;3.26198093997599e-08;2.774795641311129e-08;4.5041082341473265e-08;9.36782037599867e-08;1.7464432407688234e-07;2.686084431796842e-07;3.384150140417562e-07;3.369062635688809e-07;2.701715771159738e-07;1.8684135892645579e-07;1.235241697245381e-07;9.46703310775146e-08;7.839297146030795e-08;5.81437885986366e-08;6.804520615113894e-08;1.2289123372443174e-07;2.0001807401658945e-07;2.6371525075817205e-07;2.672282462373729e-07;2.097290695790542e-07;1.2693351606401778e-07;6.048620621420686e-08;3.0493948770413766e-08;1.928884184584073e-08;1.7917403082440063e-08;2.1216969456350453e-08;3.153087174760634e-08;4.8780615662145856e-08;8.986371748635807e-08;3.476753454101682e-07;1.5390870019637956e-06;4.941796537291472e-06;1.1733403315089665e-05;2.3008388222427632e-05;3.880229479972229e-05;5.852024212807173e-05;8.136795796931775e-05;0.0001055931102052;0.0001291247991855;0.0001501352649382;0.0001672811664053;0.0001795182012076;0.0001861527168028;0.0001872637247628;0.0001833110406964;0.0001751728724514;0.0001635907658;0.0001492419785247;0.000133136564602;0.0001167193890137;0.0001014577534045;8.847740102770028e-05;7.827782735508366e-05;7.058987771772551e-05;6.497538365351025e-05;6.110208938475855e-05;5.8516670162855264e-05;5.693301026168636e-05;5.600502880689586e-05;5.524142174560397e-05;5.400784087931305e-05;5.1965499777551376e-05;4.9256597272135806e-05;4.61525929438106e-05;4.293520288067204e-05;4.008205377402736e-05;3.856412234460284e-05;3.8238704122791386e-05;3.879956782605776e-05;3.981000138298502e-05;4.045547906073546e-05;4.052324160914979e-05;4.005737870425347e-05;3.919314287757883e-05;3.816144542983029e-05;3.712578497877222e-05;3.6298772370774594e-05;3.577473517217666e-05;3.548985747248357e-05;3.52214367780595e-05;3.476394316789271e-05;3.4208765697328474e-05;3.3400188755848705e-05;3.2818359501803364e-05;3.254884460551631e-05;3.260719578760192e-05;3.2819677708523664e-05;3.304061927259597e-05
1049.7012057063148;1.079134672088637e-07;9.620205329878329e-08;7.650091117287454e-08;4.8475973345543926e-08;5.606385156374605e-08;9.081825823959839e-08;1.38208665666602e-07;1.713685726667326e-07;1.6837897910047037e-07;1.3503231896155358e-07;1.0276177361808803e-07;8.470604143840004e-08;8.003762981763866e-08;8.89258461810902e-08;1.1817892024780017e-07;1.7105353288033284e-07;2.3347200285802994e-07;2.74682158848159e-07;2.80912285389532e-07;2.411139085701442e-07;1.808935406218017e-07;1.443702999419157e-07;1.3965927148994868e-07;1.4229460479347046e-07;1.2683970807646816e-07;9.479588997704937e-08;8.317790122977545e-08;1.2790730246383764e-07;2.3099904467027307e-07;3.4310637475490285e-07;3.798348693465153e-07;3.223889520687856e-07;2.1180031008146405e-07;1.0492879093412317e-07;4.9860027287824723e-08;3.346377468371166e-08;2.8350246719531078e-08;2.620253649706184e-08;2.6755449077664843e-08;2.7673214096194608e-08;5.392310921246399e-08;3.467748834976425e-07;1.6719085982254532e-06;5.251333163395737e-06;1.2406882025138553e-05;2.440836948244425e-05;4.146418923496962e-05;6.265007711756868e-05;8.639940020792544e-05;0.0001107192507026;0.0001342639997214;0.0001558940038322;0.0001740949382022;0.0001874958799137;0.000195230886443;0.000197211193988;0.0001935199625318;0.0001850002534001;0.0001726916218078;0.0001580772206359;0.0001424035158699;0.0001265081710631;0.0001109977914612;9.68110794514026e-05;8.479408036143947e-05;7.557173729842248e-05;6.909426139421846e-05;6.460906521013845e-05;6.176435149512294e-05;5.987350930157718e-05;5.813682161739112e-05;5.65141514655862e-05;5.443259397542211e-05;5.199078840304275e-05;4.938772630680786e-05;4.680660947217765e-05;4.430281414461216e-05;4.20953265646916e-05;4.0736638281919314e-05;4.041878017199187e-05;4.086039330732103e-05;4.15554796413959e-05;4.186163003680803e-05;4.161077562508844e-05;4.068714336835163e-05;3.930141151985107e-05;3.77854878661464e-05;3.667364964846075e-05;3.594831449006305e-05;3.5615660772864536e-05;3.5639763486284416e-05;3.567021396696301e-05;3.547721402166989e-05;3.510000745163673e-05;3.460126712632202e-05;3.4013143508341544e-05;3.35773474283358e-05;3.324198132109569e-05;3.30693036520792e-05;3.301628871771256e-05
1051.5346618153562;1.1934089153576018e-07;1.3106572895945493e-07;1.22134210735269e-07;9.098691131682157e-08;5.8774297048166535e-08;4.333288665162912e-08;4.0816473069859494e-08;3.7199851061447354e-08;2.972462218855345e-08;3.201267337677856e-08;5.467569920256567e-08;8.64961247247729e-08;1.1129515074105297e-07;1.2517844780898816e-07;1.3573465914927693e-07;1.4234419111388056e-07;1.3895224622876142e-07;1.1923040026412913e-07;8.67798259817925e-08;5.5520878299197526e-08;3.6750300658450794e-08;4.32158632041052e-08;7.398398143246218e-08;1.06696274535523e-07;1.19837990420435e-07;1.0835211839010955e-07;8.911873271407597e-08;9.076190353792993e-08;1.364480584965401e-07;2.0181669066676573e-07;2.448105079715939e-07;2.2722988902737322e-07;1.598053772579487e-07;8.542538501407147e-08;4.829797749872856e-08;5.1880212995707115e-08;7.659510881803706e-08;1.0287001318276243e-07;9.305488455911162e-08;6.767894677241408e-08;7.157805330452514e-08;3.748513793027341e-07;1.6567836916890397e-06;5.03015913660147e-06;1.1847305831386434e-05;2.3757263750914595e-05;4.147141210818443e-05;6.458462990951744e-05;9.060182928015718e-05;0.0001166599412366;0.0001412836087067;0.0001634098565482;0.000181966506642;0.000195405186601;0.000202910731704;0.0002050792692767;0.0002024149976426;0.0001950126927504;0.0001832605264341;0.0001687122997883;0.0001526178762679;0.0001353734686521;0.0001176508999299;0.0001010014741763;8.716665761286131e-05;7.72128851015287e-05;7.043052405619982e-05;6.567891913928907e-05;6.213178488678445e-05;5.93570528535345e-05;5.688495708289053e-05;5.447570141722439e-05;5.212797140853862e-05;4.99486728338563e-05;4.798949379911914e-05;4.622801328003223e-05;4.476987712440216e-05;4.361063178562336e-05;4.2726961772660255e-05;4.226278039958749e-05;4.211945145458733e-05;4.190833529924015e-05;4.152094812007652e-05;4.084146480266369e-05;3.996067096233162e-05;3.918880634360466e-05;3.867844789830343e-05;3.86354374195768e-05;3.880413552593157e-05;3.886558249306982e-05;3.854628154609109e-05;3.777473408651484e-05;3.671762376364396e-05;3.581475182977579e-05;3.5210154975167624e-05;3.4938138604370985e-05;3.478658331850548e-05;3.457796100127397e-05;3.434647837303202e-05;3.4144012083907595e-05
1053.367452966355;5.65415995871436e-08;8.15342547044869e-08;1.0747828811041189e-07;1.3635596184079346e-07;1.47816988972393e-07;1.446503388474911e-07;1.2766606587214302e-07;9.873005591585412e-08;7.066045099049742e-08;5.314913007153714e-08;5.047241200380353e-08;6.124331136428358e-08;6.6914796697824e-08;6.729532337372753e-08;6.327745605105481e-08;5.5627566596533244e-08;4.246976694347558e-08;4.42269367047878e-08;5.509381638199011e-08;6.478502815628891e-08;6.245897040622435e-08;5.25098807312386e-08;6.063657448886568e-08;9.37240343224251e-08;1.257229451745579e-07;1.3521460782498906e-07;1.1470558181138667e-07;8.80695085937945e-08;7.469868251273581e-08;6.998484425009438e-08;7.543354583284696e-08;7.309914009532906e-08;5.4178375851505944e-08;3.3753082691426044e-08;3.358655458045696e-08;7.57098530270321e-08;1.378309373494342e-07;1.7407237361569989e-07;1.616505325640244e-07;1.172985149793374e-07;1.3694681251654086e-07;5.188372139394237e-07;1.957649611522992e-06;5.48691720394723e-06;1.2754322240695025e-05;2.520006960736767e-05;4.347979921423646e-05;6.706785961429903e-05;9.3813066469993e-05;0.0001212993489701;0.0001473417706037;0.0001703673294269;0.000188543795539;0.0002007362916503;0.0002065990345839;0.0002079443336732;0.0002050716805789;0.00019800718436;0.0001868648712849;0.0001723865334546;0.0001556352324235;0.0001374729381631;0.0001189491985503;0.0001017423550456;8.768662495219512e-05;7.741513061501018e-05;7.02447501302616e-05;6.493676462292761e-05;6.049957003174827e-05;5.6812920348011815e-05;5.3844477093579536e-05;5.139076781722802e-05;4.9586695893042026e-05;4.822198092869641e-05;4.718284699054885e-05;4.643212408987095e-05;4.609595693630509e-05;4.600147074226134e-05;4.580261274464599e-05;4.5262315706692486e-05;4.423724437486468e-05;4.261518868653085e-05;4.063447508511688e-05;3.87741971658628e-05;3.772390849396891e-05;3.781226796207332e-05;3.881198806619679e-05;3.990311199888635e-05;4.051628679116645e-05;4.027018426558179e-05;3.9059876388984177e-05;3.758541315529995e-05;3.622052770676605e-05;3.543342365791467e-05;3.529932274467493e-05;3.560161212803591e-05;3.6016916797934474e-05;3.614519715366527e-05;3.601639751325971e-05;3.577910411285311e-05
1055.1995791892768;7.295364196588233e-09;3.0929096637487845e-08;8.522107931643428e-08;1.6560740781790208e-07;2.365168883584561e-07;2.6548474009400605e-07;2.4479300362640336e-07;2.157668384852871e-07;2.1290778596574885e-07;2.198692416751103e-07;2.0387554532501454e-07;1.5446866515374768e-07;8.866556289500907e-08;4.231345896366546e-08;2.5736189505075844e-08;2.7377048558389232e-08;4.414482046689582e-08;9.09833080293797e-08;1.5050537986176905e-07;1.81101196869418e-07;1.663753491476255e-07;1.2502152614896921e-07;1.156895767917321e-07;1.5228660459641785e-07;1.8666544754581905e-07;1.880855838304755e-07;1.4295613070983298e-07;9.30501004499501e-08;6.746548373990193e-08;5.2382507977857886e-08;3.5638791728040695e-08;2.2412622703237367e-08;2.6933225773195357e-08;6.294987258212918e-08;1.1606940655907429e-07;1.6920619260922942e-07;1.8759033376774478e-07;1.5986906105820508e-07;1.1655529483767667e-07;1.0029118563721194e-07;2.1882350245297625e-07;7.515584449940604e-07;2.455196557838824e-06;6.361595069143767e-06;1.429114564714484e-05;2.7418029019443208e-05;4.586226303837685e-05;6.874121761019265e-05;9.468443019353432e-05;0.0001221303253258;0.0001489416626917;0.000173005610629;0.000191131397944;0.0002025793402208;0.0002079315828924;0.0002084282343683;0.0002046912573011;0.0001970093927641;0.0001857677398151;0.0001712834640545;0.000154247743461;0.000135686103809;0.0001173776954682;0.0001012543614338;8.826167206589514e-05;7.835582513395547e-05;7.086684794179335e-05;6.48307873715076e-05;5.966804794732595e-05;5.542167112897724e-05;5.231230574720773e-05;5.022923732109166e-05;4.9049407787584025e-05;4.822204275424948e-05;4.760590414247061e-05;4.7279352971471766e-05;4.713070523470094e-05;4.72525617721119e-05;4.72079732491132e-05;4.6662207488639614e-05;4.535810880378564e-05;4.316143943457534e-05;4.03840903259882e-05;3.772866792043935e-05;3.629766719725979e-05;3.6606142994188696e-05;3.802961990528714e-05;3.949178227025391e-05;3.989307481156034e-05;3.90150642238014e-05;3.72578724799073e-05;3.5491920469865574e-05;3.434934959172255e-05;3.409925109155457e-05;3.458306893595462e-05;3.518764883924247e-05;3.559648905949234e-05;3.558734801352709e-05;3.5298640924302414e-05;3.498172020440469e-05
1057.0310405142154;9.597587823218044e-09;1.445675449740512e-08;3.857451414251027e-08;8.385983191231652e-08;1.2053904570827277e-07;1.3959992784825898e-07;1.422963419566259e-07;1.6635772879596197e-07;2.4662372841701824e-07;3.260553494003517e-07;3.369838579350757e-07;2.620682904926884e-07;1.473855035983374e-07;6.398590075776816e-08;3.5604702379816315e-08;3.710385896882412e-08;5.83412009857253e-08;1.107676712296178e-07;1.6436257270225097e-07;1.8459262981744801e-07;1.6158980965237604e-07;1.2279979590565444e-07;1.3289126701616198e-07;1.955480366770797e-07;2.4355734832720296e-07;2.454887783006381e-07;1.9663498242986946e-07;1.3555619222464625e-07;9.43834299722508e-08;6.630204846008091e-08;4.085835037307057e-08;2.8085732140402423e-08;4.4886982764204544e-08;1.1766100697710837e-07;2.1018353120821403e-07;2.508644409071353e-07;2.184926299549524e-07;1.3526953886878686e-07;6.907722262570063e-08;8.088987002872893e-08;2.519467795179412e-07;8.60720407399453e-07;2.5795279181866423e-06;6.467487429337876e-06;1.4336436152109117e-05;2.754493777955128e-05;4.606180744802184e-05;6.895553883679795e-05;9.452701189755164e-05;0.0001212581607678;0.0001477013336038;0.0001713097258219;0.0001899241300158;0.0002025727879673;0.0002099614499476;0.0002119765674205;0.0002088820506169;0.000200669979684;0.0001880823755802;0.0001723998574699;0.000154558302719;0.0001358479128553;0.0001182305997933;0.0001030841201144;9.08567310570446e-05;8.112651871193634e-05;7.320551156370886e-05;6.68690224495563e-05;6.166454791792839e-05;5.735069857601992e-05;5.3993097204832206e-05;5.161838922021849e-05;5.006804640268289e-05;4.895819062318967e-05;4.800347827335184e-05;4.704021566695908e-05;4.611114294409983e-05;4.526927930726042e-05;4.453865596787549e-05;4.385986809605785e-05;4.309652861123672e-05;4.218232052278223e-05;4.11301823629021e-05;4.034544606203851e-05;3.99910969712569e-05;4.009757491937687e-05;4.036805502811754e-05;4.027373607680479e-05;3.93938901952342e-05;3.799655371647752e-05;3.647364923184586e-05;3.517534767630613e-05;3.441700245187054e-05;3.4189083886001045e-05;3.425493072050731e-05;3.4317049458276914e-05;3.409466161660658e-05;3.377638851560541e-05;3.343864716214053e-05;3.320060115126678e-05
1058.8618369714095;1.2062001879597866e-08;7.455316871876608e-09;4.715638418927831e-09;8.307031912797541e-09;1.8413472963498842e-08;3.26715062753519e-08;5.0172990949846096e-08;7.533492040089358e-08;1.1768232943470241e-07;1.5783803892071636e-07;1.6415984008057018e-07;1.305089487243518e-07;7.518267929989664e-08;3.591182416815879e-08;2.5557509533874777e-08;3.366800844808859e-08;5.753133200011959e-08;9.045772556409697e-08;1.159005527352988e-07;1.158195847655755e-07;8.991705222376457e-08;6.195351369631817e-08;6.727931280711784e-08;1.034826561881384e-07;1.3989101885366146e-07;1.646796920964436e-07;1.673460333783659e-07;1.4531762133602901e-07;1.1210413394720716e-07;7.429667644153016e-08;4.1780959070337284e-08;2.7658045389565037e-08;3.304380207406232e-08;6.6137772114035e-08;1.0984597970266983e-07;1.3147890734703174e-07;1.2437466940518397e-07;8.988255149092645e-08;7.361460567772977e-08;1.0361420963025001e-07;2.3800319346191158e-07;7.263894464783138e-07;2.209210407079141e-06;5.856828577703055e-06;1.3358100859754908e-05;2.627261598088705e-05;4.474045948408176e-05;6.77708640118503e-05;9.28844548649251e-05;0.0001184759053279;0.0001434850579946;0.000166197441271;0.0001855188492851;0.0002006073117022;0.0002105624385072;0.0002143585701018;0.0002112620607811;0.0002016769205732;0.0001874845877379;0.0001710956416992;0.0001537556034026;0.0001363816550514;0.0001199893043141;0.0001052161077921;9.2491061361246e-05;8.197468796787501e-05;7.353346450255921e-05;6.692642742466253e-05;6.18971112553929e-05;5.803192164921929e-05;5.522661442633272e-05;5.33851988219953e-05;5.195710645461507e-05;5.048153695288215e-05;4.858640392503534e-05;4.633514111472476e-05;4.4259291628680376e-05;4.255765201509214e-05;4.148523288468778e-05;4.095777159857641e-05;4.079598581315721e-05;4.11335660564897e-05;4.189514024240469e-05;4.3063811196909366e-05;4.411351762768158e-05;4.440046969237692e-05;4.366756196169654e-05;4.1997134600049054e-05;4.004536522580196e-05;3.83333188497274e-05;3.711479116877615e-05;3.637249388503371e-05;3.571009740096015e-05;3.5144882061906074e-05;3.431461476119945e-05;3.353165564643141e-05;3.2928153405718515e-05;3.258540840730129e-05;3.2452847330631495e-05;3.24057644863228e-05
1060.6919685912253;8.48413147534888e-09;1.3855638666917177e-08;3.1116304266559564e-08;6.130671508930813e-08;9.038567197899685e-08;1.0014202120038949e-07;8.848578332581928e-08;6.248447388143494e-08;3.58208613956959e-08;1.914202186354641e-08;1.162870731135322e-08;9.822792222242865e-09;1.3132807862612645e-08;2.4132339589452216e-08;4.669511456017112e-08;7.95723092369798e-08;1.1384489635278058e-07;1.3476940081141445e-07;1.317917847064371e-07;1.0866619980378312e-07;8.064424181704605e-08;6.936872214649996e-08;7.409287129463887e-08;7.412287379536151e-08;6.637486577153446e-08;5.905736835459824e-08;7.081791337869687e-08;8.507250388933571e-08;8.323797341266802e-08;6.267835653380303e-08;3.9220043187599455e-08;2.42108403032283e-08;1.605353242496641e-08;1.0841341613067433e-08;7.057982782965976e-09;8.741907814456078e-09;2.315368267908012e-08;6.260500020783336e-08;1.2688623614736465e-07;2.084703063965611e-07;2.9816114415536293e-07;5.304789274608832e-07;1.4880025470776382e-06;4.644555797020932e-06;1.189320700953744e-05;2.481787251622357e-05;4.311194545090374e-05;6.53714746735497e-05;8.966889834376718e-05;0.0001143922756546;0.0001384945324004;0.000160836418523;0.0001802013762429;0.0001956476167004;0.0002053168228773;0.0002079404225032;0.0002037245654417;0.000194056794735;0.0001811402474536;0.0001664496453436;0.0001507126024404;0.0001345825056712;0.0001188375999577;0.0001042026996977;9.115893196422332e-05;8.017594499762343e-05;7.142393954134094e-05;6.481931545456544e-05;6.013674847157141e-05;5.690215623730534e-05;5.488683201804304e-05;5.378397420277548e-05;5.28081526849415e-05;5.1267354988210447e-05;4.892928755944152e-05;4.6172465700372245e-05;4.388405942717654e-05;4.235522690724219e-05;4.1637479713830055e-05;4.148080937267271e-05;4.151849794615697e-05;4.175958864246893e-05;4.2352053929061456e-05;4.317769527723061e-05;4.416663967049649e-05;4.467914413283209e-05;4.430747437532846e-05;4.2921423296528496e-05;4.104500607587639e-05;3.884478518737159e-05;3.6787229627271474e-05;3.507202216394611e-05;3.3873761207732954e-05;3.322023205804923e-05;3.299163261421104e-05;3.3018984312681684e-05;3.307570907470732e-05;3.308892174602895e-05;3.3040092985190405e-05;3.2959771189627925e-05
1062.5214354041636;5.063204356072618e-09;2.2006102149190565e-08;5.6800145842757286e-08;1.0363278239826417e-07;1.3554262499844548e-07;1.3067674545668358e-07;9.943336649129486e-08;6.166110650701673e-08;3.8796615983668665e-08;2.7191910400183883e-08;1.8873632437990668e-08;1.3815325002204497e-08;1.8763124553848656e-08;3.72052372890917e-08;7.391120177228613e-08;1.1633202239671096e-07;1.4214937290837712e-07;1.392271795793594e-07;1.1386997204363897e-07;9.000729256090705e-08;7.847023614732732e-08;9.644515155539596e-08;1.2495237924543636e-07;1.2830097659804144e-07;9.737616811719701e-08;5.20489647550282e-08;3.25312299010237e-08;4.241489039616536e-08;5.2580528579695354e-08;4.951785589945533e-08;3.5196979301458606e-08;1.9269539834313965e-08;1.0179598713737414e-08;7.055503688887602e-09;5.284055887040509e-09;5.162011054521068e-09;1.3843146192716133e-08;5.805268154913624e-08;1.554380022881598e-07;2.7990072483913896e-07;3.803858308170385e-07;5.256533077041588e-07;1.4237172034316417e-06;4.543888037092141e-06;1.1899328865089314e-05;2.459681450270069e-05;4.218528608133938e-05;6.328259445388714e-05;8.629319762885459e-05;0.000110241843306;0.0001338282952394;0.0001553589464654;0.0001734892428854;0.0001872398383792;0.0001955636307225;0.0001978935566801;0.0001945316961915;0.0001868027287317;0.0001761878788736;0.0001633257215871;0.000148567536429;0.0001327513257408;0.0001170720768667;0.0001025256171862;8.9729246140086e-05;7.925281585859618e-05;7.11354276220573e-05;6.518019198525638e-05;6.090697179506955e-05;5.7657303066877496e-05;5.515728693008597e-05;5.341250835058784e-05;5.199686949778432e-05;5.0420070297266186e-05;4.861334972471892e-05;4.6850309519021145e-05;4.5465506861090655e-05;4.445555173304087e-05;4.375972563657578e-05;4.321030086773171e-05;4.263621685062198e-05;4.220844446194711e-05;4.2022515864059e-05;4.217221277468757e-05;4.263758373846884e-05;4.310377116873062e-05;4.310351943618364e-05;4.227102206828993e-05;4.049079046434833e-05;3.801494617969827e-05;3.546785004333187e-05;3.336083574781883e-05;3.2478225639798055e-05;3.2569155191198806e-05;3.346284084092088e-05;3.446074326717568e-05;3.495362087686369e-05;3.489965701705405e-05;3.451228562344063e-05;3.4152161222761264e-05
1064.35023744086;4.470379555236064e-09;1.3997702348921321e-08;3.041323747188132e-08;5.024765689859125e-08;6.153326376458689e-08;5.697713599912935e-08;4.5771827348076783e-08;3.82693092147002e-08;3.4430964820124247e-08;3.1565007354951265e-08;2.371842056980356e-08;1.4073037096732938e-08;1.13631080522313e-08;1.9454702915748712e-08;3.6731237980975954e-08;5.36012529830856e-08;5.961093286196628e-08;5.630635410811482e-08;5.109533463929793e-08;4.805139794012572e-08;4.87680061169436e-08;5.749612205314141e-08;6.751792004075123e-08;6.626760450838404e-08;5.0649725143022614e-08;2.6768660057931416e-08;1.499848066547024e-08;1.955005644031454e-08;2.6008096907007288e-08;2.7663641238590878e-08;2.09769071081796e-08;1.1497048320429069e-08;5.703546127799659e-09;4.246622910293607e-09;6.1180706369731725e-09;1.1794200804992736e-08;2.796117949415212e-08;4.825278729385727e-08;8.99799683833916e-08;1.4197827941075365e-07;2.1217724600026258e-07;4.450777938739636e-07;1.7413184591384872e-06;5.367271429875227e-06;1.2842024384760031e-05;2.482105292248661e-05;4.107401418321196e-05;6.069154162982867e-05;8.232963567061499e-05;0.0001049341825278;0.0001271182878637;0.0001474421416823;0.0001647849599576;0.0001781037733093;0.000186494666943;0.0001896986748548;0.0001879821818804;0.0001820368454782;0.0001726146613497;0.0001603394752448;0.0001459476586893;0.0001304892628612;0.000115049127286;0.0001006678700744;8.809885780107935e-05;7.789229102634081e-05;7.044051392428411e-05;6.51113887075097e-05;6.12558448300747e-05;5.8189834321037416e-05;5.559786789373672e-05;5.327327830527716e-05;5.146760987341088e-05;5.013657156129589e-05;4.906566511647655e-05;4.800042682133102e-05;4.6541831414519934e-05;4.5047646276695657e-05;4.340293858851408e-05;4.2231477851897336e-05;4.150254692885202e-05;4.120789982732822e-05;4.115082108641819e-05;4.1103355363008255e-05;4.0894231185124855e-05;4.071636925498483e-05;4.0430201983002485e-05;3.987244432732136e-05;3.878052865805152e-05;3.72730165107748e-05;3.5973766761131275e-05;3.5125105394921875e-05;3.4940359795119765e-05;3.5278754659593656e-05;3.5689796766437926e-05;3.5868016723862844e-05;3.569765440791025e-05;3.5067786050817455e-05;3.439545696077892e-05;3.391773706262341e-05
1066.1783747320842;1.7869480452209763e-09;2.0793074485299155e-09;1.8364261924553643e-09;6.961900360846377e-10;2.825968846604952e-10;1.2000962291410995e-09;6.611098818689951e-09;1.6507599607715133e-08;2.4613146298167195e-08;2.4301919545354013e-08;2.1509871839465053e-08;2.7644584122485137e-08;6.682902946055215e-08;1.0288899425353687e-07;1.1255708272627908e-07;9.002790687511695e-08;5.3627813519580544e-08;2.980611652364497e-08;2.555485130792119e-08;2.20290252622316e-08;2.079952376953181e-08;1.764650387420967e-08;1.2394789702617789e-08;8.057360541722313e-09;6.511266596876479e-09;5.6809961383205854e-09;5.410486217447768e-09;6.8844359650165324e-09;1.044045169197386e-08;1.3456639307053533e-08;1.3026014219616672e-08;8.883505889693065e-09;4.453424743443082e-09;3.629434487496807e-09;1.3382499972776448e-08;3.5377475365109306e-08;5.48148689612298e-08;5.7188821772051496e-08;4.09593391016989e-08;2.2348138192155936e-08;3.9151644456178704e-08;2.9860969749715774e-07;1.5841298491402932e-06;5.091143168239189e-06;1.2084136022237112e-05;2.3308527826654845e-05;3.862869854050061e-05;5.69996840334924e-05;7.737739261305329e-05;9.839492429103658e-05;0.0001189439157516;0.000138487326841;0.0001561828291268;0.0001700510991048;0.0001786702894256;0.0001819068209714;0.0001802061314627;0.0001743024958596;0.0001645041296985;0.0001516671822917;0.0001374467965121;0.0001232200015791;0.0001094924900644;9.676076476465712e-05;8.564360198770192e-05;7.63609491630573e-05;6.911233205947697e-05;6.367053635214551e-05;5.940157264160171e-05;5.590109050391648e-05;5.3361956725260734e-05;5.126366031659061e-05;4.99332116852103e-05;4.948092116150067e-05;4.934113468444256e-05;4.841769055874431e-05;4.653513982497103e-05;4.412925782597208e-05;4.179607274910376e-05;4.0286613397158425e-05;3.9770502091746814e-05;3.986387785280432e-05;4.014852690177817e-05;4.014377930195822e-05;3.970836291191532e-05;3.903184446335455e-05;3.841175284786208e-05;3.79424113822762e-05;3.756676281987776e-05;3.716421252521974e-05;3.679358457512984e-05;3.6521018092100136e-05;3.622348349081117e-05;3.595989715814866e-05;3.5733304747571374e-05;3.531670755329895e-05;3.463597518423309e-05;3.3899490990185705e-05;3.3397450517775936e-05;3.3088277293941e-05
1068.005847308741;2.717859006143535e-12;4.381777948413149e-12;3.624922659505209e-12;2.532132848065941e-12;1.1137858861207328e-11;1.072630247436799e-09;6.453785047495553e-09;1.556534786809427e-08;2.1746519994021336e-08;2.1639102326651323e-08;2.33137586459022e-08;5.618517742297869e-08;1.3145288974455514e-07;2.0328491230553805e-07;2.2300229627843322e-07;1.7832789132902697e-07;1.0387311707567209e-07;4.9931599631006175e-08;2.555559522446105e-08;1.6406326986020644e-08;1.3908517810416344e-08;1.3978884363880069e-08;1.4309086294557648e-08;1.3369681853729326e-08;1.0171075151110284e-08;6.5729038035708124e-09;4.6543465537894e-09;5.451717438358265e-09;8.614724754128145e-09;1.2896223459029685e-08;1.7521873908322463e-08;2.1667570918706613e-08;3.774591632536359e-08;5.8842160873220833e-08;7.187756297486196e-08;8.314350746411445e-08;7.844890814034936e-08;6.916534460286372e-08;4.305837279181825e-08;2.7654343471330148e-08;6.31757763032306e-08;3.392510685331175e-07;1.4276512096986125e-06;4.41354779800421e-06;1.077192561944981e-05;2.139088700880704e-05;3.616626257754359e-05;5.389552292792633e-05;7.29677090019598e-05;9.23753928181219e-05;0.0001115893014178;0.0001302230570727;0.0001473718677694;0.0001610536466964;0.0001698999743036;0.0001732224575967;0.0001709206507576;0.0001637592892297;0.0001527037448216;0.0001395428333262;0.0001259756788286;0.0001131232132834;0.000101518829802;9.147544014266216e-05;8.305047016852729e-05;7.61728966061048e-05;7.01176993662009e-05;6.436718150763657e-05;5.891675104808812e-05;5.408899136270684e-05;5.057990765546724e-05;4.83289210232174e-05;4.750742122142038e-05;4.763802817638365e-05;4.791338653901798e-05;4.743524835167285e-05;4.5960898633273866e-05;4.37471786881404e-05;4.18099717027715e-05;4.040092451906091e-05;3.961051260663656e-05;3.928886246569003e-05;3.9316819059180574e-05;3.930702549153717e-05;3.919502393488072e-05;3.902278192479002e-05;3.864830830897947e-05;3.802408637581354e-05;3.711628955723078e-05;3.6060316439270434e-05;3.499176529978725e-05;3.41279719479734e-05;3.355680547410719e-05;3.325435075439664e-05;3.311852587089977e-05;3.3026475176961274e-05;3.2822585718254665e-05;3.27408075058672e-05;3.268112831755428e-05;3.261636783884383e-05
1069.8326552018698;7.430154206690064e-08;7.737529130736455e-08;6.537560886262339e-08;4.20055263356804e-08;2.24324658604478e-08;1.1774371482576345e-08;8.880622854506174e-09;1.2687229802196142e-08;1.6784193227048696e-08;2.6052804796806652e-08;4.29364382451832e-08;8.451063971303946e-08;1.333483195806502e-07;1.566522573774885e-07;1.462429052118318e-07;1.0987476786186773e-07;7.100231575643493e-08;5.4066874221084324e-08;5.76236808734751e-08;6.772502303688026e-08;6.397717338042392e-08;5.165117117563692e-08;3.7259881763555735e-08;2.4252052763533794e-08;1.4871020568320069e-08;9.78529628262742e-09;6.755267139580115e-09;5.742888613495148e-09;6.810226514315918e-09;1.0287588398365156e-08;2.023249288981025e-08;4.624520768516588e-08;8.56924960206332e-08;1.1647326980454158e-07;1.293044281764198e-07;1.40422047443552e-07;1.5586922308889126e-07;1.6280152714599633e-07;1.431787948261109e-07;1.0716507318345535e-07;1.302626973823161e-07;4.052801418500111e-07;1.4093973200977298e-06;4.071721308149379e-06;1.007611834470486e-05;2.0413047463257756e-05;3.4676967531216133e-05;5.154076358899226e-05;6.938509064972626e-05;8.762591832182103e-05;0.0001059317485372;0.0001235174054979;0.0001393263616028;0.0001520880032321;0.0001609241569699;0.000164717225668;0.0001628329157089;0.0001558479134969;0.0001451370525394;0.0001326883458686;0.0001196748540042;0.0001070355796343;9.578725482214178e-05;8.660506940342082e-05;7.944618293894958e-05;7.385544352805146e-05;6.892634921343323e-05;6.408598104944675e-05;5.924368668026394e-05;5.471355562679357e-05;5.090413917575085e-05;4.815320555164125e-05;4.660733204331793e-05;4.60083425888804e-05;4.58069906971454e-05;4.55744716664341e-05;4.471425357696142e-05;4.3393843206917886e-05;4.212078387182072e-05;4.095871772217565e-05;3.9994606722958654e-05;3.925386063106501e-05;3.88459271892839e-05;3.87554963806354e-05;3.884581519058348e-05;3.888455145065402e-05;3.856412861304306e-05;3.780191358820808e-05;3.676117281599689e-05;3.563785983672555e-05;3.463023852904101e-05;3.3811559478966375e-05;3.3000055108304255e-05;3.205454723340906e-05;3.090681720660747e-05;3.0130518807810356e-05;3.011090323028359e-05;3.065745627917097e-05;3.12915802460077e-05;3.168451556691436e-05
1071.6587984426333;1.7640413337852653e-07;2.3662636543124466e-07;2.524650033492644e-07;2.213551815329425e-07;1.655247384072073e-07;1.0963376764636126e-07;6.81212641460777e-08;4.1373658580756627e-08;3.0813996598257735e-08;4.982730414969047e-08;9.760519390955228e-08;1.535951207776467e-07;1.861185711343531e-07;1.691668624120957e-07;1.186627192226309e-07;6.100372140802355e-08;4.2337547062428296e-08;6.227725682961277e-08;1.0687418777185005e-07;1.629226039817735e-07;1.8767919081371122e-07;1.6764150134630926e-07;1.1611864909946785e-07;6.190080579967196e-08;2.677135794374692e-08;1.6464691940054254e-08;1.2301617398162721e-08;1.0426040950063704e-08;1.35306727798399e-08;2.7259405192116535e-08;5.3235743593972585e-08;8.849699810220189e-08;1.114101979678223e-07;1.0525196527934109e-07;1.0080498555016015e-07;1.3457054759113746e-07;2.0260496845302678e-07;2.48263856576597e-07;2.3568309410478518e-07;1.7464224566459878e-07;1.58463253482523e-07;3.69265074990033e-07;1.2564725209223183e-06;3.675613434102104e-06;9.129550797755357e-06;1.8614969170744765e-05;3.1802237145257714e-05;4.757710746723306e-05;6.465337012901846e-05;8.248550772813023e-05;0.0001005632098773;0.0001177400406513;0.0001327409871621;0.0001447892976697;0.0001534178110703;0.0001577569902897;0.0001569072063065;0.0001510045656989;0.0001412057094712;0.0001292918506266;0.0001164708455081;0.0001035843500424;9.15758897544542e-05;8.147008672172029e-05;7.370333704396248e-05;6.791991047225323e-05;6.332076632564046e-05;5.98026297822635e-05;5.699598819038742e-05;5.423294659774947e-05;5.089231509466e-05;4.750473622594057e-05;4.45555271467935e-05;4.275830828315149e-05;4.205329903111089e-05;4.216331376770086e-05;4.252902259155525e-05;4.2726669093446085e-05;4.2094568650584026e-05;4.0951863143463e-05;3.9842204591260114e-05;3.896545500005425e-05;3.830319253606248e-05;3.795849713105781e-05;3.776337280049838e-05;3.739784662185367e-05;3.701666750479638e-05;3.664303355951042e-05;3.634052130806954e-05;3.621541098625963e-05;3.604385238835616e-05;3.563250350407682e-05;3.458479692972593e-05;3.285563640984272e-05;3.090150051422697e-05;2.966014863954845e-05;2.9445782314694725e-05;3.0108117255289337e-05;3.101775891412715e-05;3.1595935142578714e-05
1073.4842770623363;1.551678062430623e-07;2.419867426779607e-07;3.091699678190023e-07;3.17263168211953e-07;2.671081421109149e-07;1.9517230674049465e-07;1.306892341842369e-07;8.403960139648475e-08;6.810052084488765e-08;1.0066837814138463e-07;1.8458093032673797e-07;2.657222630985326e-07;2.88274685649452e-07;2.487445809677361e-07;1.6769246640295574e-07;9.530647367339519e-08;5.5171471505693135e-08;6.660253819043484e-08;1.2205573129614148e-07;2.0593544739492202e-07;2.70708901105565e-07;2.629199900118073e-07;1.900992814400621e-07;1.0242141594015825e-07;4.8011785727491294e-08;2.8371966250290275e-08;2.6508548404675672e-08;3.461670548814929e-08;5.246412713963808e-08;8.422083687065778e-08;1.1787551905547129e-07;1.3282967586556938e-07;1.195205590230674e-07;8.2395235201056e-08;5.42437733665655e-08;6.351755777187948e-08;1.0444836947613168e-07;1.4662453775177728e-07;1.6282267956261146e-07;1.542167275708008e-07;1.4810815175695394e-07;2.93938026157217e-07;9.547513612254503e-07;3.0506727917782085e-06;7.994588242505264e-06;1.674532487384533e-05;2.9072302694599683e-05;4.391469116940863e-05;6.0075483993676297e-05;7.685677001066815e-05;9.378346083395996e-05;0.0001101493337218;0.0001249588102951;0.0001373486264293;0.0001464792922071;0.0001515390681972;0.0001514734190789;0.0001461432186071;0.00013659100484;0.0001246656129119;0.0001119886783691;9.9353578279603e-05;8.74528780683441e-05;7.728778565768512e-05;6.925148394874056e-05;6.308931581623387e-05;5.8544525283705713e-05;5.4892988373198825e-05;5.212379556766847e-05;4.964909927375485e-05;4.6788857102394944e-05;4.409845160129469e-05;4.184260792634012e-05;4.019785533599197e-05;3.9015801219804375e-05;3.823779090469796e-05;3.824673844609354e-05;3.868113998923608e-05;3.90834141784864e-05;3.928684026358732e-05;3.90329580364936e-05;3.826518414723479e-05;3.729212515764554e-05;3.62813376227273e-05;3.5516566878680583e-05;3.514625036155795e-05;3.520470468884634e-05;3.547873221426261e-05;3.574641850020997e-05;3.585824056601662e-05;3.5524572291858685e-05;3.4780591973689214e-05;3.3681085742148555e-05;3.2552063197339224e-05;3.17202967258328e-05;3.160806746620035e-05;3.205665105764521e-05;3.27232382660684e-05;3.328081428911581e-05;3.3540608054995685e-05
1075.3090910924257;1.532491332749171e-07;1.642169155498787e-07;1.8512696315712965e-07;1.6409608615979693e-07;1.3926608873180004e-07;1.168720306648009e-07;1.0204816243044197e-07;8.80984925167546e-08;8.816750161026527e-08;1.319418005353115e-07;2.259648352106697e-07;2.964097022670871e-07;2.946062400529179e-07;2.332628549289905e-07;1.5956961974433945e-07;1.3014588916465156e-07;1.1377559183358149e-07;9.541973216068732e-08;1.23916125060274e-07;1.7897593674328682e-07;2.2714174562659205e-07;2.238465189366404e-07;1.673952257474571e-07;1.057498423352536e-07;8.191264557199904e-08;9.124957862658136e-08;1.160427901511631e-07;1.4390599540617114e-07;1.7086071258545257e-07;1.9384185339501987e-07;1.9562751994105558e-07;1.654467264215553e-07;1.1615349939020189e-07;7.152166805910549e-08;4.0624402997651945e-08;3.1384021701785705e-08;3.9862923118746015e-08;6.7555055636802e-08;1.0598148078559617e-07;1.365958081573677e-07;1.5633782387904965e-07;2.593532462921385e-07;7.79568591600874e-07;2.613322155792625e-06;7.277928468315321e-06;1.5784722301821947e-05;2.78531503303116e-05;4.2084516509451744e-05;5.693480809807414e-05;7.178944116885897e-05;8.651118139906669e-05;0.0001010698841637;0.0001151233964943;0.0001277230774081;0.0001374635377148;0.0001430606626716;0.0001433175266843;0.0001382431979415;0.0001289568286245;0.0001172416767712;0.0001050650130809;9.34949074114884e-05;8.309426659024662e-05;7.42499197120561e-05;6.690881975358484e-05;6.088683965919364e-05;5.592207820964458e-05;5.1616921953712974e-05;4.803104564270815e-05;4.514712134703897e-05;4.2998372810469945e-05;4.185288536326099e-05;4.125411288602233e-05;4.0512631015221325e-05;3.927321511184464e-05;3.738145652321059e-05;3.5602227136233394e-05;3.452170442487726e-05;3.474793111742918e-05;3.5703952601374213e-05;3.6327182857489966e-05;3.616725016793522e-05;3.53256643022595e-05;3.430500117523006e-05;3.375147791243521e-05;3.3822010519225975e-05;3.4347048682564966e-05;3.4958970759849926e-05;3.534078646931172e-05;3.529595850081275e-05;3.481922338353418e-05;3.401873039563927e-05;3.317874009452699e-05;3.262652662779886e-05;3.237530307848416e-05;3.2512406304781625e-05;3.290102658807276e-05;3.3343683179966465e-05;3.369554722749939e-05;3.3888305287169755e-05
1077.1332405644607;2.7443093990344404e-07;2.143314450104763e-07;1.3355905977594352e-07;6.482282015687691e-08;3.6264172231793585e-08;3.829439405014178e-08;5.214597254770896e-08;6.877781775348555e-08;8.81702035378309e-08;1.185912989640542e-07;1.558488420112454e-07;1.658550452411875e-07;1.4173891111852634e-07;1.1545599672062136e-07;1.1445267333501289e-07;1.4186486302985573e-07;1.6500680169501879e-07;1.6606957309304285e-07;1.611657308676329e-07;1.609626707601362e-07;1.6269376406229727e-07;1.3906151843349892e-07;9.740472624827036e-08;7.51423895829163e-08;9.626727433977223e-08;1.4423645604093706e-07;1.9195222027384385e-07;2.248607722473805e-07;2.442254390709292e-07;2.4947768364916504e-07;2.2980777545834826e-07;1.778974740157559e-07;1.1388248353070479e-07;6.40953368291176e-08;4.866625477437288e-08;6.930319175549118e-08;1.0224816211755405e-07;1.2383590689395074e-07;1.258969513282817e-07;1.1046233044273677e-07;1.077172471393071e-07;2.0691803683490987e-07;7.042942096709302e-07;2.439983464884114e-06;6.776978238994999e-06;1.4592408239534844e-05;2.565327025654492e-05;3.878725663354904e-05;5.264207108668388e-05;6.663304508456086e-05;8.045023831605296e-05;9.363540884528533e-05;0.0001057441793369;0.000116139248731;0.0001240593857113;0.0001287348896623;0.0001291552846185;0.0001252268484252;0.0001176693281433;0.0001078226257491;9.741681404132318e-05;8.753048814823254e-05;7.875986186121783e-05;7.129431711765718e-05;6.500632519942042e-05;5.969141805131908e-05;5.5344732666045486e-05;5.15509995023938e-05;4.819626698598945e-05;4.54237662067945e-05;4.337868184250047e-05;4.220212599747824e-05;4.171532873604723e-05;4.130901319176159e-05;4.035186957643416e-05;3.858620771431884e-05;3.615257672926374e-05;3.425622916835109e-05;3.351153491280556e-05;3.372141631465263e-05;3.425480360114127e-05;3.458105105397682e-05;3.462753571885409e-05;3.4575658009116514e-05;3.469596572295456e-05;3.4928411417707806e-05;3.517971636259027e-05;3.5311153676540936e-05;3.5229160490363604e-05;3.4970715562334225e-05;3.4481545647669094e-05;3.395233099921035e-05;3.349373005851369e-05;3.3043764787214815e-05;3.2525502306038904e-05;3.194137606623739e-05;3.141597559278384e-05;3.0836581204296964e-05;3.0589328650125006e-05;3.052871121461708e-05
1078.9567255101429;2.50266330281253e-07;1.931570414287633e-07;1.202314268848955e-07;7.689419253449275e-08;5.0602757500263553e-08;3.8039710733977576e-08;3.0618485948391685e-08;4.2857177377289927e-08;7.00787928630597e-08;8.29697841133498e-08;7.170215871806341e-08;4.630715827181472e-08;2.2865337869142785e-08;2.0067328296523483e-08;4.1899394956195824e-08;8.014975000229925e-08;1.428884875515042e-07;2.434654389886872e-07;2.997380085191166e-07;2.87807897353442e-07;2.148713013109464e-07;1.242268932249099e-07;6.65654601168933e-08;4.4548533433318065e-08;5.676576527948928e-08;8.217527187990604e-08;1.0738608022993949e-07;1.280340973100323e-07;1.3884949747506277e-07;1.3816756248860605e-07;1.246831867549105e-07;9.477144212388023e-08;6.139831577049408e-08;3.7186678108406464e-08;4.3415831865331644e-08;8.335823046625369e-08;1.2782274630257237e-07;1.4193031977289305e-07;1.1698763830820535e-07;6.981987266085142e-08;4.2360499161673636e-08;1.0054017407741841e-07;4.647495562164506e-07;1.8690811184468329e-06;5.548243324833164e-06;1.2311550527153922e-05;2.2022269312677e-05;3.406170776182457e-05;4.7410316071463824e-05;6.149489271047106e-05;7.557557799413565e-05;8.840116950640866e-05;9.883593723750389e-05;0.0001064037735253;0.0001111912120589;0.0001136292278628;0.0001137078428287;0.0001113171379565;0.0001065190307826;9.97080933570073e-05;9.169008100575996e-05;8.32623559541446e-05;7.540538353286466e-05;6.877184259585926e-05;6.345535205509416e-05;5.920836318962278e-05;5.570255663875608e-05;5.27178496899245e-05;5.010710420711589e-05;4.795437574307097e-05;4.62399742963449e-05;4.494625669554404e-05;4.405635849625846e-05;4.3161433551475295e-05;4.18200041720298e-05;3.9919608554641136e-05;3.78184039757943e-05;3.625529064258025e-05;3.567417353272591e-05;3.589151376620253e-05;3.635843829352346e-05;3.668617731971837e-05;3.6743696867447737e-05;3.659843445961216e-05;3.640759612184063e-05;3.618994359665909e-05;3.596565746913435e-05;3.563662508005548e-05;3.509749395938742e-05;3.442861298387384e-05;3.372388654768863e-05;3.3186124253212195e-05;3.290082156888989e-05;3.276693837932885e-05;3.257059186775825e-05;3.190219544767091e-05;3.089588427305126e-05;2.9663297068789165e-05;2.874834599883862e-05;2.8236094344521865e-05
1080.779545961308;7.651459537043929e-08;6.306656369721534e-08;5.782837138189737e-08;5.705854444191156e-08;5.268190912101256e-08;4.159628779203489e-08;2.7220413711609284e-08;2.8362352902020972e-08;3.7352779054545206e-08;3.8861562639368533e-08;3.1547982381162695e-08;2.0612534373180377e-08;1.0096398161292705e-08;4.925072474537083e-09;5.2049691493809374e-09;2.4887266613010613e-08;1.0787067724725185e-07;2.501973946011957e-07;3.537510947072252e-07;3.4776639060811e-07;2.4073944860719216e-07;1.2222429710481198e-07;6.054535169175694e-08;3.3985950146849005e-08;2.2118983356969825e-08;1.868615694088836e-08;2.1181112136535635e-08;3.022217084258724e-08;3.878409189851257e-08;4.145188750265339e-08;3.4894971499061545e-08;3.11259015572952e-08;2.675161555938291e-08;2.4058083235776812e-08;2.4518114521103866e-08;3.807324933269483e-08;5.6587561239250523e-08;6.383816321335152e-08;5.6854573016539226e-08;3.963916347129644e-08;4.1463372310882266e-08;9.0094451784055e-08;3.9738943092836027e-07;1.432555940566876e-06;4.541275341949493e-06;1.0686586080927414e-05;1.982598280390497e-05;3.1173786856061015e-05;4.363456425122537e-05;5.699852063062757e-05;7.073547460213951e-05;8.335659460480563e-05;9.328155800550788e-05;0.0001000281916565;0.000103842367073;0.0001053420175717;0.000104952709663;0.0001028778119066;9.932794102804942e-05;9.429037191881472e-05;8.774688485375394e-05;8.006226230459885e-05;7.235266036982774e-05;6.57837767345593e-05;6.080815932351824e-05;5.7216629339331e-05;5.41385131564527e-05;5.181384238819897e-05;5.017059824479069e-05;4.900583044250473e-05;4.803521750629212e-05;4.708855386011701e-05;4.600120640911815e-05;4.4616030987011576e-05;4.300335799609815e-05;4.1208548960592433e-05;3.965704437251023e-05;3.827637387061285e-05;3.740842343735925e-05;3.6945758500705366e-05;3.676402795948397e-05;3.672064703970597e-05;3.6511901296134687e-05;3.617418767944827e-05;3.57892521471578e-05;3.533630987978138e-05;3.480789564439623e-05;3.427113235755872e-05;3.3739234206635975e-05;3.3030514580796404e-05;3.245008449316331e-05;3.2073520322092605e-05;3.179779679510566e-05;3.1627085897294215e-05;3.1352585955479606e-05;3.086745170453481e-05;3.0375728489121647e-05;3.002973650351337e-05;2.965004595588278e-05;2.938136996045549e-05
1082.601701949916;2.588414669068397e-09;4.265341910771171e-09;8.875365602165148e-09;2.1698061584438896e-08;3.5099319990337715e-08;4.75511611318064e-08;5.0349132490041765e-08;4.3479066750700515e-08;3.030136408827137e-08;1.9829698722383475e-08;1.7058601120820898e-08;2.3010416243242497e-08;4.191502299453676e-08;7.749006776125087e-08;1.1168971683496023e-07;1.2437878637706984e-07;1.331558684939061e-07;1.6855945596309986e-07;1.7940743060750737e-07;1.641655629610303e-07;1.196257511097155e-07;7.137039568119738e-08;4.7152511619118455e-08;3.4862253744427925e-08;2.7159631038733898e-08;2.197936447190105e-08;1.864358312845504e-08;1.8579995911581338e-08;2.8197436718777277e-08;5.9414454629366514e-08;1.112050031339075e-07;1.5333470930720426e-07;1.5395856020673218e-07;1.1096852200720435e-07;5.69554859410703e-08;2.5953922702481127e-08;1.5379375656843414e-08;1.3945729738252034e-08;2.635114942243325e-08;6.539753245774879e-08;1.6448631079046798e-07;3.6193534221604657e-07;7.902067199098999e-07;1.887912727233328e-06;4.897175968362724e-06;1.0741427459051556e-05;1.9417068778196186e-05;3.0167657931669247e-05;4.198611216605376e-05;5.441275389012971e-05;6.68437502475329e-05;7.810894042967247e-05;8.705339246186294e-05;9.38523779196994e-05;9.84118948426196e-05;0.0001009163990693;0.0001008656710673;9.860943599931188e-05;9.470097682302558e-05;8.948542519373942e-05;8.306244336628291e-05;7.573806209485789e-05;6.847560267882954e-05;6.234259404893711e-05;5.765329731985614e-05;5.405996895446361e-05;5.122484956462175e-05;4.911511881487522e-05;4.748584395760473e-05;4.609045979885733e-05;4.478894429753942e-05;4.358524582399238e-05;4.253995278252725e-05;4.183495704541959e-05;4.135546349101821e-05;4.075453798331413e-05;3.9720333770395687e-05;3.818081221558838e-05;3.6210280792850974e-05;3.4218884886655646e-05;3.291808244201042e-05;3.256764301325232e-05;3.304928615268732e-05;3.405556889490266e-05;3.4504912364409724e-05;3.426459199068127e-05;3.350077619116423e-05;3.2419823878564013e-05;3.160560282260689e-05;3.110644227283863e-05;3.096098510622614e-05;3.085015887119321e-05;3.058767382495381e-05;3.017450930197036e-05;2.9700299203829627e-05;2.946257406836528e-05;2.964861998132518e-05;3.0400160073212945e-05;3.109151516216967e-05;3.14894127048994e-05
1084.4231935080716;3.4200363178270824e-08;2.0296513173923796e-08;1.3586453132116156e-08;4.9381394196677176e-08;1.4262556687663798e-07;2.719057240810435e-07;3.727949605382421e-07;3.771532895181108e-07;2.932192505965185e-07;1.894309716344494e-07;1.1943807399793066e-07;1.1195775405280453e-07;1.5828004014823558e-07;2.2871712815789338e-07;2.792354959440892e-07;2.62862392858093e-07;1.855885825323678e-07;1.0002066324371892e-07;4.7699501985959824e-08;3.5859108430685964e-08;3.1196381084069194e-08;2.9697707664269454e-08;3.6652656145867465e-08;6.281778246218365e-08;1.0377583684891785e-07;1.3994198323994756e-07;1.50775621522379e-07;1.32589704061369e-07;1.083926912737027e-07;1.2301792143594809e-07;1.9447421554565572e-07;2.5832944670316134e-07;2.553947887025402e-07;1.8155090057396378e-07;9.380028212110321e-08;4.9745618218974373e-08;6.327326188636817e-08;1.1474040973099075e-07;1.9563410934103086e-07;2.9444510250866733e-07;4.393296358941198e-07;6.603965547555385e-07;1.055385395188197e-06;2.1340021929917868e-06;4.854384166053323e-06;1.0218055335154874e-05;1.8480699730955035e-05;2.9145637071260816e-05;4.128313930988672e-05;5.3381299389215285e-05;6.447384662493398e-05;7.397172166590165e-05;8.172792470563566e-05;8.798388542682973e-05;9.271994678453116e-05;9.557307734690296e-05;9.588768745448552e-05;9.366655950805056e-05;8.942400878770256e-05;8.390595595656646e-05;7.771707837675294e-05;7.136952596833022e-05;6.552737197831413e-05;6.038756280208456e-05;5.579924332610537e-05;5.166145192996768e-05;4.796830302414687e-05;4.494324992215714e-05;4.263592876898762e-05;4.0964505837338734e-05;3.979433060146445e-05;3.924398589078432e-05;3.895281061981486e-05;3.896958254161231e-05;3.9294036193435375e-05;3.9329365662573967e-05;3.868042903804907e-05;3.713158733955852e-05;3.489776364873649e-05;3.2674264949786875e-05;3.11644862416236e-05;3.098843619302086e-05;3.18230996185878e-05;3.3108074525971015e-05;3.384754877286041e-05;3.377038419229866e-05;3.305120180836675e-05;3.1938533245222336e-05;3.093532963636199e-05;3.0293172794619585e-05;2.998737194619691e-05;2.9659948141628125e-05;2.935548423481761e-05;2.9054788297468375e-05;2.888212593820153e-05;2.899243792081343e-05;2.9378257049881623e-05;3.012150386644319e-05;3.087164644129882e-05;3.13410782909056e-05
1086.244020668004;9.557325201561982e-08;5.9154702480717886e-08;4.1571727244742e-08;9.71221450446824e-08;2.611655756449504e-07;4.849311409119132e-07;6.58303051307098e-07;6.799996354414241e-07;5.395741832336616e-07;3.532076207714964e-07;2.159732614197114e-07;1.7670495196209539e-07;2.0350516669622669e-07;2.3150909444914394e-07;2.3045048148926534e-07;1.878917983739736e-07;1.2624935166825646e-07;6.119627454501958e-08;3.767397201550454e-08;3.0490903010444026e-08;2.5775427255777356e-08;2.3975156690204444e-08;4.1031457436373774e-08;1.0306508286991473e-07;1.931243647950574e-07;2.689476844059952e-07;2.9245199003843695e-07;2.555096560968356e-07;1.9641985935865397e-07;1.6364574111933058e-07;1.6508349266459193e-07;1.6964674391152421e-07;1.4690626361399574e-07;9.981921197047645e-08;5.640751733471829e-08;4.488863269588654e-08;9.278702474269502e-08;2.0098689959213106e-07;3.395455916590359e-07;4.586466965096383e-07;5.230534323363009e-07;5.677755547494458e-07;7.789640055407844e-07;1.6628995547662422e-06;4.035526088135542e-06;9.010135926845936e-06;1.7095564759480126e-05;2.7791836875776413e-05;3.99380444241285e-05;5.182288527522335e-05;6.25770147954714e-05;7.191400960882155e-05;7.98857193383344e-05;8.580618179665367e-05;8.990721626209698e-05;9.170635601114486e-05;9.137810228105744e-05;8.88896877735485e-05;8.454884513888854e-05;7.924791871866082e-05;7.394187874610022e-05;6.904393038229482e-05;6.461931384486883e-05;6.0292823596061614e-05;5.579148432642887e-05;5.119237258515459e-05;4.675372694974987e-05;4.306594231988081e-05;4.045191366553902e-05;3.892844074866604e-05;3.8315389852491125e-05;3.823482617750487e-05;3.849620768126059e-05;3.871695924672342e-05;3.857824492606045e-05;3.80997553341472e-05;3.7153681077995205e-05;3.57595523350385e-05;3.4461278553448666e-05;3.3402152045939413e-05;3.276270131834961e-05;3.253301248305941e-05;3.264420618286021e-05;3.279446591993664e-05;3.29891375423288e-05;3.302839902266315e-05;3.271306040878339e-05;3.21843100538794e-05;3.143011860871129e-05;3.0536191099309934e-05;2.949984431811856e-05;2.860957884205612e-05;2.7974541791609223e-05;2.7662414643976303e-05;2.7663600361930047e-05;2.7937633349527487e-05;2.8374423617023387e-05;2.8748795734301615e-05;2.9076938999317887e-05;2.925014312799393e-05
1088.0641834620656;2.2833877486081803e-07;1.6042244983114305e-07;1.0155160186589377e-07;9.56646567545175e-08;1.7289545019961282e-07;2.768873788875064e-07;3.544697613693201e-07;3.562807436899777e-07;2.810267788996792e-07;1.8532320520419778e-07;1.1430431680599249e-07;8.846765976413935e-08;8.88764431258936e-08;8.408754514930489e-08;7.385724898826514e-08;6.401831767424774e-08;6.368660897121686e-08;7.411484541570453e-08;8.008348518840129e-08;7.309522157299046e-08;5.96007481697363e-08;4.6658106257987086e-08;6.04471436515231e-08;1.1920755756978727e-07;1.848664128002779e-07;2.1738826658538426e-07;2.0097435387425872e-07;1.5810770740265566e-07;1.2695887898208317e-07;1.0862544691398621e-07;8.829315792187247e-08;6.271287766779231e-08;4.2861166889914773e-08;3.52814572456975e-08;3.4993063950803276e-08;3.8902441138792593e-08;5.715563923134791e-08;1.0378935155489118e-07;1.6978143707445676e-07;2.253335329390005e-07;2.372958021478021e-07;2.289613489485609e-07;4.214483373494191e-07;1.392555225945423e-06;4.02194550890865e-06;9.0840253717971e-06;1.686920057492153e-05;2.709905830599204e-05;3.855561666631927e-05;5.033124739854724e-05;6.18055575275216e-05;7.234148577108852e-05;8.190839958949513e-05;8.942638251413604e-05;9.388728083725764e-05;9.52105665159164e-05;9.384122989725932e-05;9.0649982154468e-05;8.61865046877956e-05;8.106798298052306e-05;7.59601145018901e-05;7.121975293779972e-05;6.694370371860734e-05;6.272479868306179e-05;5.844744485035338e-05;5.406966188072532e-05;4.974452820269613e-05;4.5797739743371656e-05;4.2505879240279576e-05;4.034856649795579e-05;3.916889129654544e-05;3.8141685939411445e-05;3.759482908129955e-05;3.7512626585183765e-05;3.758666900710743e-05;3.740723633846673e-05;3.709002584546664e-05;3.657408943767499e-05;3.596859486717701e-05;3.535104685485385e-05;3.4792273475174365e-05;3.4126135939916745e-05;3.356220167567672e-05;3.323051773984583e-05;3.313291480850266e-05;3.3124251165940466e-05;3.296293074735281e-05;3.262898682490925e-05;3.1958038124241e-05;3.0945833773354425e-05;2.978703824750906e-05;2.8805919075718745e-05;2.807222491128271e-05;2.762742645677709e-05;2.747839167583147e-05;2.763676712658089e-05;2.7967553697628632e-05;2.8316872347589264e-05;2.856473191607624e-05;2.8691719166658e-05
1089.8836819227508;3.296559363934486e-07;2.397695961778793e-07;1.4280722525204562e-07;7.600291998181548e-08;5.638103275582006e-08;5.062421099494149e-08;4.9424429115919166e-08;5.4812374061239226e-08;6.54955604114901e-08;6.752633411997029e-08;5.4730411345466235e-08;3.2416877949916364e-08;1.6505993076167807e-08;1.2526815058632136e-08;2.1676842466285962e-08;4.69571395318684e-08;8.336401172385447e-08;1.185792845345861e-07;1.3393889384557221e-07;1.233486111538097e-07;9.452964254769461e-08;6.945496867695307e-08;7.476801520561624e-08;1.281426394254654e-07;2.2598845836638306e-07;2.6886429355185e-07;2.2954453412741206e-07;1.4405553343694454e-07;7.703370498962357e-08;5.2124213719336764e-08;4.26592667998374e-08;3.4686646875958836e-08;3.5514397924651275e-08;4.530685395625873e-08;5.119599396634247e-08;4.5310476208980564e-08;2.8570755838278633e-08;1.3809371537512766e-08;1.1328492834397853e-08;2.6363056189387694e-08;8.703702622056027e-08;2.2962666616773018e-07;6.442606168879705e-07;1.8685720396627365e-06;4.7465600947933004e-06;1.0000406718004108e-05;1.8029917922803888e-05;2.8405381901650017e-05;4.024887843810115e-05;5.2644012141784736e-05;6.487364186358506e-05;7.634017184981554e-05;8.633190912297537e-05;9.421324208537148e-05;9.877992516332451e-05;0.0001001022679693;9.873879145200752e-05;9.571098836679156e-05;9.164553272866485e-05;8.684417002892907e-05;8.143972775158274e-05;7.564532472313092e-05;6.992100804074896e-05;6.462596365777112e-05;5.965520406204669e-05;5.522942174516511e-05;5.1262391326970135e-05;4.776257846545924e-05;4.4806061442409765e-05;4.238278692748792e-05;4.050141753462723e-05;3.895147149616531e-05;3.761845481525552e-05;3.685530930517848e-05;3.682545860968919e-05;3.740684400438609e-05;3.8011365515167374e-05;3.814074361304567e-05;3.762983453359146e-05;3.6639077347716366e-05;3.560099117255525e-05;3.482454344888118e-05;3.438497320148175e-05;3.423580086769368e-05;3.425235085259856e-05;3.4126673479364404e-05;3.367017307997251e-05;3.297783814728356e-05;3.2164448665012355e-05;3.141094274333255e-05;3.075046204612353e-05;3.015295988408669e-05;2.9674614225692688e-05;2.923438854735248e-05;2.8855577386155865e-05;2.861902314756203e-05;2.8610158497013744e-05;2.875333212378357e-05;2.881709610612662e-05;2.889395062140977e-05
1091.702516082678;1.647786189617956e-07;1.1969789302636078e-07;6.998318412980996e-08;3.0975004372809216e-08;1.4048250580659889e-08;1.2913682407734286e-08;2.150882651642336e-08;5.3720754076986066e-08;9.471180698040253e-08;1.1096296255792597e-07;9.10156416639715e-08;5.022029635884064e-08;2.1407277118041976e-08;1.2205463006071952e-08;1.2276181737809936e-08;2.5067337239491605e-08;5.332926601417005e-08;7.763018053650481e-08;8.703872885997334e-08;7.691374183060299e-08;5.6069596373577034e-08;4.663348348285736e-08;6.985942683728451e-08;1.518891501187878e-07;2.932566543562976e-07;3.88033835628129e-07;3.5993243973010055e-07;2.327602252913774e-07;1.0106167044914172e-07;4.1143629984451985e-08;2.7801876535829224e-08;2.267088703321159e-08;2.406561442712433e-08;2.97292516333288e-08;3.228643665014838e-08;3.0255359674995434e-08;2.7446025077093836e-08;4.432672700391272e-08;8.765715786058284e-08;1.553574366417143e-07;2.779736722643448e-07;5.332477980784463e-07;1.082182766974471e-06;2.33189200504189e-06;5.093320699434839e-06;1.0562390767535444e-05;1.9284795530019315e-05;3.074193880024298e-05;4.379394474277792e-05;5.706552490740919e-05;6.974460944783123e-05;8.1290065868051e-05;9.03390917344037e-05;9.65212963244522e-05;9.99524684739572e-05;0.0001011518377946;0.0001006078922249;9.854783889323162e-05;9.524400213695373e-05;9.079133826818194e-05;8.506720597511141e-05;7.821149310557077e-05;7.089672156103096e-05;6.401550194328016e-05;5.8155906021774086e-05;5.346736214366374e-05;4.994043710634687e-05;4.750392456103448e-05;4.6076449549831975e-05;4.51722263015159e-05;4.3592243925323854e-05;4.1615401152060247e-05;3.941401896603871e-05;3.741376651354066e-05;3.632807253631816e-05;3.651097695715742e-05;3.7121140084578505e-05;3.770249015129353e-05;3.75015546091316e-05;3.662349924175363e-05;3.557521674321427e-05;3.466639272567904e-05;3.423784652966457e-05;3.422424140780576e-05;3.446277872342386e-05;3.4643302370290854e-05;3.455536127666902e-05;3.400319012123354e-05;3.321774228071399e-05;3.250352309462379e-05;3.193178399656946e-05;3.146808533895508e-05;3.1007279640963715e-05;3.049002205853897e-05;2.987404199313505e-05;2.9234243848054116e-05;2.872585199122412e-05;2.846489174952019e-05;2.8404893936546817e-05;2.8427444643948896e-05
1093.5206859746067;5.6880923696116524e-11;2.9429396716389065e-11;1.3592171778109492e-11;2.4061186578754912e-11;6.510014213729844e-11;5.534486205772966e-10;5.836449726600002e-09;2.311462715595445e-08;4.4836599355167513e-08;5.379436121753556e-08;4.4257030176877136e-08;2.437146233125812e-08;1.0576635625038708e-08;6.0906045838895825e-09;4.3581175775641084e-09;4.654606637363694e-09;8.125254753535669e-09;1.3189765364553285e-08;1.6247408666272676e-08;1.847888045176237e-08;3.3513535733896264e-08;7.31832640954668e-08;1.3339076716951748e-07;2.094908297063064e-07;2.712348107242754e-07;3.0170675978136493e-07;2.583380005408967e-07;1.6324495706360546e-07;7.43020198588653e-08;3.0679267290614e-08;2.0230679185130927e-08;1.573534284215784e-08;1.3392454086646751e-08;1.3964363499157581e-08;1.918145167882936e-08;3.604505275798288e-08;6.869230321522471e-08;1.2812944538142878e-07;2.090090778101134e-07;2.87482399187158e-07;3.607515477715293e-07;4.73405024327824e-07;7.891864740079532e-07;1.9347542170118584e-06;5.069239917959829e-06;1.1462516506790386e-05;2.115003578485442e-05;3.320249714388431e-05;4.644436220912534e-05;5.9978046544952206e-05;7.309014764035813e-05;8.479134569348932e-05;9.403357623242712e-05;0.0001004604954094;0.0001045382197995;0.0001066411943699;0.0001065782272834;0.0001043138750945;0.000100310000744;9.496460840306348e-05;8.827064890772135e-05;8.050739139317868e-05;7.245553078199356e-05;6.5021809597864e-05;5.8931687982091166e-05;5.406034374563401e-05;5.0617773398326616e-05;4.8697501468069135e-05;4.800285928169321e-05;4.747397171419462e-05;4.599436341913136e-05;4.339050435805516e-05;4.029166541098133e-05;3.7622652933052894e-05;3.61554452603757e-05;3.5977676204636154e-05;3.6656913003015377e-05;3.723011863869299e-05;3.70786722437804e-05;3.617024391100927e-05;3.497375595417357e-05;3.3975314197816953e-05;3.3474208742808654e-05;3.352190721404373e-05;3.402825427053148e-05;3.4733482545678905e-05;3.5273820765092067e-05;3.5499188826202673e-05;3.527939173438729e-05;3.467643868906406e-05;3.385579439669917e-05;3.304664703952357e-05;3.2240632192294435e-05;3.140229658558438e-05;3.052864857691956e-05;2.9734478422256283e-05;2.904313572537001e-05;2.8526837090256464e-05;2.8283387508364173e-05;2.817001982321754e-05
1095.3381916314174;7.684757188611362e-09;2.6947618511063005e-08;6.783176984049318e-08;1.1102381033736409e-07;1.105288336744621e-07;7.690237692284312e-08;3.855907484156518e-08;1.8148336912577703e-08;1.0493593960960447e-08;7.1506523544268744e-09;5.8311159561281824e-09;5.472673854011058e-09;5.599160833049602e-09;5.643181178365765e-09;6.293828024338586e-09;1.1312627214587776e-08;2.6572702142997925e-08;4.65951799136145e-08;5.81974253664514e-08;6.069396874808309e-08;8.000051605112261e-08;1.376241161813503e-07;2.1109300298273253e-07;2.567095783410028e-07;2.487092480937913e-07;2.0150086964031967e-07;1.3799795507468788e-07;8.006592919094231e-08;4.190006801555867e-08;2.3699621811201712e-08;1.7181647459848686e-08;1.3471176647969144e-08;1.1857513893698037e-08;1.5233360010857262e-08;3.1647413713330274e-08;6.706859155246317e-08;1.1286143294311213e-07;1.591212637154434e-07;1.9115565393355681e-07;1.9677209738387866e-07;1.7929967594843405e-07;1.526171748392334e-07;3.024876983274673e-07;1.6914427334983145e-06;5.863259912501197e-06;1.3655971077348142e-05;2.466050500896225e-05;3.729298116271804e-05;5.074784122436141e-05;6.439865523880182e-05;7.761487744011481e-05;8.954539864377601e-05;9.961136993569706e-05;0.0001077678249407;0.0001139679925554;0.0001176975715869;0.0001183291589077;0.0001155764274488;0.0001102891855573;0.0001031694346437;9.446167787479407e-05;8.534791799512949e-05;7.67470246344898e-05;6.940258155285613e-05;6.322650086740611e-05;5.802106458280448e-05;5.402530314449353e-05;5.1443582472557696e-05;4.9832954986788426e-05;4.799453159824374e-05;4.58233325915126e-05;4.294008006991203e-05;4.00373623695385e-05;3.789010639252008e-05;3.692353702622458e-05;3.704638699059704e-05;3.7436437971640006e-05;3.716321977747093e-05;3.635800982770438e-05;3.5217396896308935e-05;3.415554793973028e-05;3.358807987311621e-05;3.361683764184847e-05;3.3928349928071346e-05;3.434298084533627e-05;3.479809056524476e-05;3.525468106794409e-05;3.536082192406674e-05;3.505257096315564e-05;3.4510858459140715e-05;3.375879999849312e-05;3.2992585187579165e-05;3.2336482572162863e-05;3.177774554069705e-05;3.1304338403756654e-05;3.09866249682274e-05;3.064944527804384e-05;3.0298993002560672e-05;2.996882006902912e-05;2.972824826019063e-05
1097.155033086121;3.6763500626298944e-08;8.152174470763658e-08;1.6430647720296497e-07;2.2708423409040682e-07;2.222451262042196e-07;1.5537795702360104e-07;7.914683466743845e-08;3.831126569195245e-08;2.242206941359545e-08;1.5021596632803406e-08;1.2004175613988672e-08;1.1661221773769056e-08;1.5773424167743918e-08;2.8133536543449083e-08;5.0849825268739714e-08;7.644554975024907e-08;1.0469187325847169e-07;1.2683221827660798e-07;1.2864652641077678e-07;1.1314372297143217e-07;1.08511464826669e-07;1.499697695202819e-07;2.176910215473638e-07;2.6074019813169056e-07;2.440754317913803e-07;1.7803540140076373e-07;1.05784696309624e-07;5.60321531067227e-08;3.206424328917116e-08;2.246111319113326e-08;1.8108142727913967e-08;1.5052223749160497e-08;1.3414888135859681e-08;2.0606968632668384e-08;4.71973789521996e-08;8.714867202747028e-08;1.229436257821491e-07;1.3872643681154493e-07;1.3078963889622524e-07;1.0953654302454873e-07;9.479839609227265e-08;1.395997816120614e-07;4.810743030690584e-07;2.206231008459922e-06;6.73732286920701e-06;1.503392310408592e-05;2.672553837305844e-05;4.0674241843173455e-05;5.556064549220507e-05;7.028054438785136e-05;8.405127318420133e-05;9.62835281374002e-05;0.0001067596391133;0.0001154313165995;0.0001219280337494;0.000125696987484;0.0001263319996304;0.0001239735432765;0.0001189615467417;0.0001115756171197;0.0001023321417331;9.22204348176746e-05;8.24520345318341e-05;7.398933219161567e-05;6.696105515633443e-05;6.129120429730774e-05;5.680748735216032e-05;5.3247407881075344e-05;5.027131216541852e-05;4.763491423044093e-05;4.5174220077601086e-05;4.2913973147816535e-05;4.124894998800491e-05;4.02288259515404e-05;3.97349859355179e-05;3.932881556471011e-05;3.8560401967944e-05;3.730261314315888e-05;3.6010566936006986e-05;3.487764280612141e-05;3.420433823049096e-05;3.4160151586767185e-05;3.4672565652958456e-05;3.525754274420038e-05;3.554201122926788e-05;3.5476677936288565e-05;3.518589659047428e-05;3.4665570040289576e-05;3.391739115361948e-05;3.3050475239596106e-05;3.232587699275769e-05;3.183316739742223e-05;3.16285346849715e-05;3.172010206923218e-05;3.213522533492081e-05;3.249755554339098e-05;3.2612409652083135e-05;3.2389145548625064e-05;3.197222080293468e-05;3.15959530298467e-05
1098.9712103718591;7.544581167478176e-08;1.4507898533755258e-07;2.209640062722475e-07;2.3650280084569297e-07;2.041123465079805e-07;1.256391681586943e-07;6.249538059416868e-08;3.5667923396213535e-08;2.2895678493006562e-08;1.5230832468390415e-08;1.1726186518524722e-08;1.2447400256826518e-08;2.0113701377444073e-08;4.504365663022227e-08;8.75724575217262e-08;1.221434760470095e-07;1.3366208521878097e-07;1.2741593967924985e-07;1.1327480731653845e-07;9.956796536858543e-08;9.935836307286289e-08;1.431451106513335e-07;2.1416222851255625e-07;2.578933022355163e-07;2.339631400963483e-07;1.5869113231435325e-07;8.913480479741251e-08;5.706421002043318e-08;7.452639795973776e-08;1.1224718445351745e-07;1.307772364159347e-07;1.1100499030639933e-07;6.901229902209608e-08;4.714200151884544e-08;6.694083858054236e-08;1.045797191762623e-07;1.40915032201451e-07;1.9420366469516786e-07;2.54302224708844e-07;2.780404384051879e-07;2.752472133869724e-07;3.575545412955412e-07;8.814316140255528e-07;2.665669395045524e-06;6.8075680310370285e-06;1.4684585376580558e-05;2.658650922822705e-05;4.212643510610668e-05;5.919929770457426e-05;7.591765396790519e-05;9.109194851835472e-05;0.0001041630332386;0.000114900716745;0.0001229170874757;0.0001279232382237;0.0001295784309763;0.0001289252965082;0.0001263269082439;0.0001217403250439;0.0001151858642679;0.0001067569968967;9.655409589262454e-05;8.581665191926973e-05;7.598034243559427e-05;6.785406207347389e-05;6.173142186607285e-05;5.701007716577055e-05;5.3108150864777424e-05;4.97822314948363e-05;4.693356578258058e-05;4.471047251437669e-05;4.341423884469154e-05;4.279594730792676e-05;4.25790341390648e-05;4.201504784004217e-05;4.098024197286608e-05;3.956588687971857e-05;3.824952082665873e-05;3.716670460566075e-05;3.6244217338565534e-05;3.556250142615797e-05;3.519464783614007e-05;3.501761956890411e-05;3.4998809164875884e-05;3.4933988745643e-05;3.479406486610644e-05;3.4508816393696056e-05;3.447136124692708e-05;3.446604202603962e-05;3.417071246733666e-05;3.3650304608632485e-05;3.3034830084993095e-05;3.257372133172135e-05;3.233844882737753e-05;3.267420678550859e-05;3.309168373742338e-05;3.321253150874113e-05;3.2867823319666873e-05;3.2267468919683554e-05;3.172052377011923e-05
1100.7867235219128;9.372967852514088e-08;1.8194146851565325e-07;2.524801735084966e-07;2.562045079832556e-07;1.986626095060968e-07;1.3436273667966717e-07;9.84277947417395e-08;7.148316205251507e-08;4.479672348063951e-08;2.5274982201422923e-08;1.4202945268722189e-08;1.2585429404001626e-08;1.5282657743283132e-08;2.6375250569356208e-08;4.605192318679309e-08;6.060797957170875e-08;6.231450838952001e-08;5.926950009482197e-08;6.125212554296355e-08;6.466204153563117e-08;6.894692371351828e-08;9.437986152417885e-08;1.424601550954043e-07;1.827003386147639e-07;1.8320788956573365e-07;1.3573887002006918e-07;8.496997721536585e-08;7.0029285648192e-08;1.183518157322574e-07;1.998375791364227e-07;2.419702854936452e-07;2.0674595756320409e-07;1.252192529661145e-07;6.502773178633652e-08;5.321089687294981e-08;6.548501626675517e-08;9.2569307832328e-08;1.882511686157988e-07;3.273717592015306e-07;3.995381548022924e-07;3.875327324832967e-07;4.404922958618152e-07;1.0293121516545186e-06;2.8370732352489344e-06;7.105777736829786e-06;1.5183561600069397e-05;2.775283768124905e-05;4.421537071182083e-05;6.23496487453379e-05;8.010389136892805e-05;9.619020499965955e-05;0.0001100048462196;0.0001211999817191;0.000129018874808;0.0001331726690788;0.0001339226529435;0.0001319948702708;0.0001283135362106;0.000123186253462;0.0001165051169684;0.0001078033993759;9.738191753806391e-05;8.602290157535782e-05;7.55208157551136e-05;6.702490491917536e-05;6.0712848864601e-05;5.605498940756318e-05;5.232784572326696e-05;4.9109172599737095e-05;4.644225755614079e-05;4.438286485223912e-05;4.310511612808123e-05;4.233819165211265e-05;4.183219395719808e-05;4.133434767094544e-05;4.069777937677652e-05;3.991649638842613e-05;3.94206342542469e-05;3.887988688956334e-05;3.8200562297275385e-05;3.727135378150759e-05;3.6004321576447745e-05;3.4811682640592697e-05;3.375228526361265e-05;3.29478052999736e-05;3.262643658284512e-05;3.3111357238647506e-05;3.398160429992324e-05;3.484364166182397e-05;3.5298830080009e-05;3.507760467295605e-05;3.421096259775469e-05;3.3054057090017344e-05;3.220363304676969e-05;3.197131346793514e-05;3.2193866667900194e-05;3.2418546624687565e-05;3.228633284312176e-05;3.1825648591617264e-05;3.134506386966123e-05
1102.601572569678;9.445467936490077e-08;1.2587522536853485e-07;1.5282259114528406e-07;1.708413877844023e-07;1.6113402442881906e-07;1.5560022027735725e-07;1.52631600285778e-07;1.2639220567036981e-07;1.078448906700053e-07;8.494337847508511e-08;6.236704506521838e-08;4.018877186971341e-08;2.292224506345156e-08;1.4147390604711164e-08;1.0287680261833096e-08;9.763802103969725e-09;1.3624179255598625e-08;2.0006277403379843e-08;2.7342332820996333e-08;3.159850636108174e-08;3.7144627552130264e-08;6.072971307751325e-08;1.273290500599151e-07;2.0611898596685835e-07;2.3646577536920734e-07;1.9461167509297013e-07;1.2017162276505753e-07;7.62540475793488e-08;9.563435947685808e-08;1.406559586140468e-07;1.597830149608153e-07;1.3389500175599197e-07;8.311031891202438e-08;4.233866720922704e-08;2.2570838922671367e-08;1.4688057916536425e-08;2.0482055869101817e-08;7.093476125161987e-08;1.5454203650372184e-07;2.120638118815352e-07;2.352195170629637e-07;3.439360595480019e-07;9.445500283073208e-07;2.826233063045258e-06;7.333388442604099e-06;1.5790669075299253e-05;2.8489768075636687e-05;4.432060358043228e-05;6.134275442659053e-05;7.809966329128926e-05;9.387156419207218e-05;0.0001081956080027;0.0001203709179303;0.0001294213621206;0.0001348021486569;0.0001371410273811;0.0001359604661164;0.0001319152638223;0.0001254499220284;0.0001169153969701;0.0001068510290409;9.508849197489204e-05;8.301655927756279e-05;7.23886772004489e-05;6.424948629780652e-05;5.847525221137734e-05;5.441271821685195e-05;5.118470100367452e-05;4.840672898631844e-05;4.605025712641372e-05;4.417879638163741e-05;4.275429357036683e-05;4.178210376559215e-05;4.11229850189593e-05;4.062505461763123e-05;4.030427798315389e-05;4.013061677380423e-05;3.991649078384976e-05;3.946874424680982e-05;3.870368640121717e-05;3.764407351528656e-05;3.649789386530181e-05;3.5420326651611857e-05;3.456140720135808e-05;3.393264731872212e-05;3.3603586714753004e-05;3.3654623926449304e-05;3.3847802797266235e-05;3.437835806045099e-05;3.442454788701838e-05;3.395792343597203e-05;3.309416342223524e-05;3.2196962874577096e-05;3.159892006523666e-05;3.135796818073432e-05;3.1404321061105246e-05;3.1604139122072245e-05;3.14840534490549e-05;3.123718824917828e-05;3.097100739971421e-05
1104.4157575486895;9.225105002940273e-08;6.325826275718736e-08;6.273373241262195e-08;8.889452490340198e-08;1.1823213991698721e-07;1.3220601138507166e-07;1.3582373893476877e-07;1.3390234712980409e-07;1.35420218832473e-07;1.293216853680905e-07;1.1173856854974033e-07;9.712154911652397e-08;8.730696370231738e-08;8.008062366390668e-08;6.200796278253954e-08;3.864007353774635e-08;2.409882487524848e-08;1.915844964772202e-08;2.1775638226256823e-08;4.250648223116587e-08;9.1764281295545e-08;1.6622521687656558e-07;2.617681748966656e-07;3.342914565533096e-07;3.275747198862186e-07;2.439341416648829e-07;1.494217209783595e-07;9.922838473013436e-08;1.253261962895707e-07;1.5128384104305325e-07;1.3350494928213977e-07;8.787512813089344e-08;4.250518180901794e-08;2.3731038930742783e-08;1.6551362133587078e-08;1.1437161201990862e-08;1.2201145478100596e-08;5.0086485853900646e-08;1.384076586553655e-07;2.2764041958516986e-07;2.732354587162609e-07;3.585174007025383e-07;8.344810109545217e-07;2.5647694067170644e-06;6.602466237655795e-06;1.4375777096096036e-05;2.6082592468357244e-05;4.072135276065507e-05;5.657352561835533e-05;7.229403598878816e-05;8.753828629375044e-05;0.0001019303603781;0.0001146219148662;0.0001247055448795;0.0001316730973029;0.0001354365239168;0.0001354221756533;0.000131328146308;0.000123608348042;0.0001134825302301;0.0001024592295438;9.107353174683988e-05;8.015266177616371e-05;7.084659698902563e-05;6.328784015026387e-05;5.7521186153862406e-05;5.312690271881151e-05;4.981929154849851e-05;4.725104439813635e-05;4.547831948288649e-05;4.4164467037447405e-05;4.307563872056756e-05;4.218168225338856e-05;4.142382082888506e-05;4.059533785590847e-05;3.989226437757013e-05;3.947062876922884e-05;3.909227667591383e-05;3.858474363726666e-05;3.799658550252676e-05;3.7335935841132135e-05;3.69826082782787e-05;3.6641738694949695e-05;3.625546422174743e-05;3.594634407127353e-05;3.548836134036301e-05;3.448792349949458e-05;3.345835720252567e-05;3.272355221313729e-05;3.212887837695067e-05;3.181357524003813e-05;3.1706681475469165e-05;3.181764772511222e-05;3.1897684180314105e-05;3.1710400483459444e-05;3.1301336758476665e-05;3.0755739995121846e-05;3.0201353527624443e-05;2.977067579398732e-05;2.952000643693531e-05
1106.229278492614;7.417346060759183e-08;5.66603103879293e-08;7.241883169216797e-08;1.0739756103422269e-07;1.3633756422581384e-07;1.466929130695256e-07;1.4022440756665858e-07;1.342797059974302e-07;1.1639347592790485e-07;1.0086486846665513e-07;8.716454756488346e-08;1.050630087094161e-07;1.311308913801066e-07;1.3755855846569226e-07;1.095083048824914e-07;6.529404273474811e-08;3.4817683045086746e-08;2.2839913840259807e-08;2.7931803915836552e-08;6.818817250272344e-08;1.5086697006851614e-07;2.3934553477758417e-07;2.8479593565986136e-07;2.684612472458544e-07;2.0349555769627338e-07;1.378419076107008e-07;9.905645013192885e-08;1.1597198956487273e-07;1.7132633921496555e-07;2.0203993299784319e-07;1.7479084006508542e-07;1.0723754264097225e-07;4.807460790444968e-08;2.5388195810421058e-08;1.999916414843944e-08;1.6150489207165412e-08;2.1056141236968037e-08;8.64488677707813e-08;2.446475934865603e-07;3.921633959070204e-07;4.4102713800179806e-07;4.967688421375409e-07;9.340113556899228e-07;2.5323493552068974e-06;6.021459771778308e-06;1.27245853355326e-05;2.308540527050277e-05;3.666567732451029e-05;5.220456986826745e-05;6.804951068463149e-05;8.330690831751105e-05;9.737013534490634e-05;0.0001095014245275;0.0001190239252641;0.000125447457426;0.0001283887684399;0.0001273197938548;0.0001226198768091;0.0001151147475127;0.0001059898631152;9.637815873064612e-05;8.742287905813705e-05;7.895556396493236e-05;7.088020893007489e-05;6.350510786992821e-05;5.711030561233595e-05;5.201305151564703e-05;4.844313556309318e-05;4.628750042251297e-05;4.502714752663589e-05;4.422473619247031e-05;4.337687259943272e-05;4.2373487667638445e-05;4.129017004699162e-05;4.022062618509266e-05;3.9256712906516736e-05;3.853369615155534e-05;3.796636304480485e-05;3.75747314185408e-05;3.736226679373597e-05;3.7257064621047465e-05;3.700336709935746e-05;3.6497105389498126e-05;3.573251061261231e-05;3.497039526370372e-05;3.4382826197837735e-05;3.382617642150124e-05;3.331274873422429e-05;3.262351480264296e-05;3.220522116449112e-05;3.20478084773733e-05;3.218392553723276e-05;3.242823215407072e-05;3.258401135853912e-05;3.225575930802109e-05;3.1350099288943505e-05;3.0041078330736692e-05;2.880247145404159e-05;2.7763721908144664e-05;2.715712026325956e-05
1108.0421354352293;1.0645590886150033e-07;7.309818014361539e-08;5.978716167493792e-08;7.144287515390334e-08;9.635540053584806e-08;1.2133711189163482e-07;1.3375140278007949e-07;1.2784433774680316e-07;1.035978967513405e-07;7.501621483125366e-08;6.759407042466304e-08;7.706422190597485e-08;8.702644549898287e-08;8.00639218502075e-08;6.087853912995348e-08;3.7131926667721585e-08;2.1471293329547825e-08;1.4678224392587664e-08;1.6246724180276693e-08;3.5260416211645713e-08;7.433509147120854e-08;1.0954006474241549e-07;1.1421407152915957e-07;8.807209353684203e-08;6.39135069164391e-08;7.769506957977255e-08;1.1747275114200722e-07;1.645182891253136e-07;1.7600109775047084e-07;1.6113153957833566e-07;1.188835591758523e-07;7.559151870314217e-08;5.791601626837027e-08;6.785057873294382e-08;7.407381244744879e-08;6.02237959101905e-08;4.1131429419232235e-08;5.8428981139592886e-08;1.4339879293004073e-07;2.4784443366356965e-07;3.6247173395491226e-07;5.430962155749516e-07;1.1318299024824833e-06;2.722463429939906e-06;6.109458645754624e-06;1.2102685855997664e-05;2.1155443115091003e-05;3.3322949178791816e-05;4.775754037222684e-05;6.334532359743314e-05;7.887190846559303e-05;9.316661950448038e-05;0.0001050926715204;0.0001139550093689;0.0001191364089567;0.0001206182886452;0.0001186207025176;0.0001137741386434;0.0001071685842626;9.959785800004344e-05;9.157051590195196e-05;8.345515039750515e-05;7.564074418104827e-05;6.77826145157507e-05;6.061313802249804e-05;5.468122923814401e-05;5.030989401944919e-05;4.746140221956756e-05;4.608030622665904e-05;4.533566928841325e-05;4.469460456845148e-05;4.3844389120872354e-05;4.273801433594439e-05;4.1509448505729645e-05;4.033304530402144e-05;3.9289745673995575e-05;3.839027588178098e-05;3.7650194218426864e-05;3.718883311793502e-05;3.696444033981925e-05;3.6838421061384776e-05;3.649650006792106e-05;3.571850718235065e-05;3.4984725261878605e-05;3.429394344726696e-05;3.3824061802066604e-05;3.36488768305869e-05;3.376639067537081e-05;3.372349505359339e-05;3.376977898390569e-05;3.382753518203503e-05;3.429817278818474e-05;3.441521666691865e-05;3.414299651700081e-05;3.3359229252310505e-05;3.202004915135985e-05;3.028834330641762e-05;2.847972299756371e-05;2.7052450195686863e-05;2.6167628036013303e-05
1109.8543284104671;1.5609164345484065e-07;9.449332406161338e-08;4.942186995455792e-08;3.43490023872359e-08;3.725733530198167e-08;4.6699505026546574e-08;5.791516836252966e-08;6.061297864461711e-08;5.6202527894676594e-08;5.861354434744195e-08;8.266399115378764e-08;9.6709162456322e-08;9.043316880439005e-08;6.887686661730969e-08;4.4759710525530004e-08;2.400810154510105e-08;2.058675238926098e-08;2.7456144420690518e-08;4.015506160109973e-08;5.5748396286624896e-08;4.6062297407168114e-08;2.9465392941887692e-08;1.4865586633404808e-08;1.0786814510327317e-08;3.767649375192016e-08;1.0569805564484201e-07;1.8374042028365854e-07;2.2006375329297605e-07;1.9060800274743547e-07;1.243262635536262e-07;6.939840339555257e-08;5.7869773189053385e-08;1.0198922154963085e-07;1.617620399431725e-07;1.8034530218496698e-07;1.4089453062058738e-07;7.72869579100851e-08;4.111403401993728e-08;4.7987738905995693e-08;1.0876630563773569e-07;2.43039156307414e-07;5.125536284033661e-07;1.1136654815306925e-06;2.5365768197772568e-06;5.724868174662009e-06;1.1417584112435884e-05;1.9892611399016578e-05;3.080468211147861e-05;4.349403341161149e-05;5.759099026779866e-05;7.232755940066591e-05;8.643180104934178e-05;9.822796526466962e-05;0.0001067091371993;0.0001115049648691;0.0001128931337458;0.0001113658333648;0.0001073922171863;0.0001018003350698;9.52305451505296e-05;8.78783016091338e-05;7.995728964586246e-05;7.202093882678972e-05;6.483396158584506e-05;5.881912255764896e-05;5.411397576673404e-05;5.06647959408744e-05;4.832380003066196e-05;4.685175972644261e-05;4.577497727795603e-05;4.4747787093560735e-05;4.369087775833237e-05;4.258799749948356e-05;4.151049430331524e-05;4.054398793848626e-05;3.963436050190318e-05;3.8815911973323295e-05;3.8158908853498384e-05;3.765799254698797e-05;3.729509393054485e-05;3.6906864291986845e-05;3.647681490606136e-05;3.597577373664257e-05;3.543430634337991e-05;3.487118410779025e-05;3.415623302164243e-05;3.352898603601557e-05;3.3066430219733785e-05;3.2772047367603665e-05;3.302044147627902e-05;3.368853798058651e-05;3.425326542396699e-05;3.41970546367893e-05;3.360606186323508e-05;3.248889188565649e-05;3.115561116386948e-05;2.984707651754815e-05;2.8747403059189243e-05;2.79502586299799e-05;2.745996206419288e-05
1111.6658574523644;8.21717020106483e-08;5.975377901307599e-08;4.0257683211916775e-08;3.1795792474182393e-08;2.3346191355170372e-08;1.2827566386416404e-08;6.3811676816082395e-09;4.516430151281243e-09;8.978041596516414e-09;2.7384326458424743e-08;6.324769620486293e-08;1.011448971599806e-07;1.1806034861415889e-07;1.0762200484239995e-07;7.434732244707463e-08;4.982971443824863e-08;5.538215761184164e-08;8.285344902440984e-08;1.1045983836912497e-07;1.144191395580567e-07;9.145452582189068e-08;5.731229808299388e-08;2.8349895307373373e-08;1.524456398101883e-08;2.0734141714551463e-08;5.932951386096294e-08;1.025316206272179e-07;1.312095432160401e-07;1.2674904363230606e-07;8.019430875747601e-08;4.8255717405884495e-08;5.1995205631481855e-08;1.0840576979023193e-07;1.6484215827396394e-07;1.791608920424738e-07;1.4634421316005996e-07;9.845970672210329e-08;8.10752236087479e-08;8.861743819904646e-08;1.1348576699656497e-07;1.7971823297748657e-07;4.242817367519879e-07;1.01602304993967e-06;2.43897426716374e-06;5.556423977418648e-06;1.1164519285020723e-05;1.930137692184385e-05;2.9422990565346806e-05;4.0697089452087495e-05;5.281357727790167e-05;6.545902375789168e-05;7.776888297691457e-05;8.830097812336397e-05;9.622380099095972e-05;0.000101411946501;0.0001039487062303;0.0001038721059676;0.0001012982691951;9.68303523830776e-05;9.111787107939056e-05;8.444368624033003e-05;7.713183459218119e-05;6.994226423703005e-05;6.36425787634865e-05;5.847823553701917e-05;5.432588185898244e-05;5.0961508584078526e-05;4.830601157512872e-05;4.626775533919483e-05;4.447524350828709e-05;4.29233026933549e-05;4.153758132772208e-05;4.031104967691058e-05;3.934778072197686e-05;3.88607807468094e-05;3.889216316558549e-05;3.9228730312593153e-05;3.94462068273868e-05;3.9258141788064494e-05;3.864461892129245e-05;3.771771656969479e-05;3.666582737708018e-05;3.573890241712569e-05;3.4778897415036215e-05;3.4061710530317584e-05;3.3614312501116246e-05;3.3522834135847994e-05;3.3483942638449866e-05;3.34412223921718e-05;3.336962851482118e-05;3.3227409950186955e-05;3.2654318029368265e-05;3.2148641926579686e-05;3.1337118517329334e-05;3.0433611593740483e-05;2.964029010084844e-05;2.9152955741022817e-05;2.889422297323272e-05;2.8772704361250462e-05;2.8703181759890423e-05
1113.4767225951036;7.03450242996949e-08;7.499783443167721e-08;6.228304098066162e-08;3.935651560080385e-08;2.1510925187458072e-08;1.1793171921926752e-08;6.6026143254075225e-09;5.146098654260217e-09;6.780756597117537e-09;1.3247380082421198e-08;3.0611002998437184e-08;5.03591171498252e-08;6.027487586492412e-08;5.7388778837111313e-08;5.2167461884342066e-08;7.970565347165956e-08;1.4556206334997978e-07;1.9507871788131041e-07;1.8432127466092505e-07;1.194387287767259e-07;7.450631586962097e-08;4.3579769697699913e-08;2.4277011556992392e-08;1.3966560339386576e-08;9.932911526064169e-09;1.0137351843602369e-08;1.9768595799985557e-08;3.9633488453081495e-08;5.40688883332275e-08;5.0185247480397573e-08;3.3636705556795586e-08;2.730728235804337e-08;4.2525319407151616e-08;6.0502087101405e-08;6.731632486971383e-08;6.751746798465397e-08;7.995946671409854e-08;1.0949856151839777e-07;1.396869024754868e-07;1.5444053263016326e-07;1.80534933727022e-07;3.6661417779573037e-07;1.008062201423941e-06;2.5161548123082807e-06;5.7168911059733625e-06;1.1193429869846146e-05;1.8897186772778296e-05;2.825815176265104e-05;3.85370166369811e-05;4.9387897691495066e-05;6.040351468489893e-05;7.084146379438478e-05;7.989399562242469e-05;8.730749930769085e-05;9.293453367894673e-05;9.64024046502691e-05;9.730772154070707e-05;9.57052172824784e-05;9.209338066991544e-05;8.685838215138535e-05;8.03196647928322e-05;7.310432884668306e-05;6.604581450147903e-05;5.980275836520707e-05;5.437963339546863e-05;5.0112373921753983e-05;4.71292906966516e-05;4.534606100546023e-05;4.443272569659786e-05;4.345929252942251e-05;4.223007513589335e-05;4.067010852647545e-05;3.9045234909666646e-05;3.77802845582204e-05;3.726532209687278e-05;3.759982853798095e-05;3.832311260372399e-05;3.875035608995645e-05;3.844539991397015e-05;3.7457762828685504e-05;3.612674537681829e-05;3.482893435780705e-05;3.374854485176374e-05;3.299463873279023e-05;3.271070590367307e-05;3.30104083134526e-05;3.374165439952676e-05;3.439147506273671e-05;3.4532871764201856e-05;3.394818220993843e-05;3.287223482402339e-05;3.189281238844347e-05;3.137773197874647e-05;3.111377018957502e-05;3.089914855238894e-05;3.0391395971507764e-05;2.9525472439216416e-05;2.84515013958186e-05;2.750657613903821e-05;2.6884520161414926e-05
1115.2869238729872;1.699788246875158e-07;2.0459384603025105e-07;1.9696865785967666e-07;1.4789483818986636e-07;9.06936268313406e-08;4.6198536078309546e-08;2.5148624444336562e-08;2.5044636300639528e-08;4.071326626233566e-08;6.15798149582944e-08;7.009739352596593e-08;5.83267882164404e-08;3.1371533499073564e-08;1.6610016251354314e-08;2.7512358133166348e-08;9.880142016815589e-08;2.089716452875468e-07;2.640738274919148e-07;2.1455603428210255e-07;1.1123135103085136e-07;4.6212736163932414e-08;3.5329955339022834e-08;4.814478575601917e-08;6.199503998938937e-08;6.140156941525869e-08;4.807964184998206e-08;4.0324798176947936e-08;4.773644408695765e-08;5.5465445156018235e-08;5.918778368044065e-08;6.217426575819165e-08;6.376029113235258e-08;5.5217738656908323e-08;3.636339476156848e-08;2.1275888744518937e-08;2.1750885029034116e-08;4.06219942412889e-08;6.684167506528016e-08;1.0286007437451207e-07;1.4181677782280978e-07;1.6536300365288665e-07;3.042301140802967e-07;8.3963521034079e-07;2.1720535033597518e-06;5.08326816245002e-06;1.0240615728081352e-05;1.7689514058799915e-05;2.6749029556371376e-05;3.688423256379321e-05;4.742762838629968e-05;5.777413531411989e-05;6.736652029533944e-05;7.570862485518998e-05;8.261392179989967e-05;8.783086203790081e-05;9.104077166282576e-05;9.193579237029892e-05;9.069105186348878e-05;8.763560976592942e-05;8.29837784507278e-05;7.698619095697294e-05;7.01126222567131e-05;6.310395188788215e-05;5.663714573687586e-05;5.110140398909248e-05;4.696378169834561e-05;4.457886212043546e-05;4.382324730642434e-05;4.4016698927412114e-05;4.4094936867548345e-05;4.341607377926264e-05;4.191632579551588e-05;4.0083307885945785e-05;3.8526969527878354e-05;3.763382751845727e-05;3.743399909773645e-05;3.752389636393394e-05;3.735358606867751e-05;3.659376799017822e-05;3.526435221519766e-05;3.374807318347823e-05;3.240776064784485e-05;3.15411766251727e-05;3.11980331575734e-05;3.1255414210018266e-05;3.1695165701541004e-05;3.236547656291699e-05;3.2755230824062786e-05;3.270044893660493e-05;3.1993666583497496e-05;3.098012534202603e-05;3.022730369794406e-05;3.0099832334573037e-05;3.0741912421848304e-05;3.1372652208535663e-05;3.130411228696418e-05;3.0228664859960617e-05;2.84741838677388e-05;2.6734229475492518e-05;2.5539365410350863e-05
1117.0964613204524;1.396989998984408e-07;2.159131018085542e-07;2.555488384652735e-07;2.238913512570517e-07;1.4566684573893968e-07;7.14658755877656e-08;3.6268248866662986e-08;3.80124680548966e-08;6.59207220493332e-08;1.0047929196052225e-07;1.1187512362046193e-07;9.251024725256193e-08;5.813236194388154e-08;3.097077379281126e-08;2.2197481386321773e-08;5.5143266802605426e-08;1.0623416977776569e-07;1.314065171733504e-07;1.0645322424012017e-07;5.553446875684381e-08;2.3460285069742887e-08;3.4461182926377976e-08;7.092354052372557e-08;1.0690245759114689e-07;1.138976715212963e-07;9.979004316751477e-08;8.99406929237751e-08;9.10172104131399e-08;8.974559977461007e-08;8.803715510567493e-08;1.0204314775344434e-07;1.1843905746434829e-07;1.0639726054427165e-07;6.799221175021577e-08;3.2047699110022264e-08;1.8223786217902167e-08;1.765876475462232e-08;2.1882827720249932e-08;3.7736028632628993e-08;7.147548562066184e-08;1.1585136042007592e-07;2.537167223777793e-07;7.208747548090288e-07;1.8547529410085807e-06;4.253773538620809e-06;8.784209946243017e-06;1.5875712285437493e-05;2.525553282082232e-05;3.6047460425735247e-05;4.685883974059233e-05;5.709608727152803e-05;6.64160163657656e-05;7.446312379037217e-05;8.094386466908556e-05;8.561697956497203e-05;8.835662293156475e-05;8.900649356365079e-05;8.77044659602966e-05;8.475437393008386e-05;8.054773358675873e-05;7.536486938292876e-05;6.947003430996772e-05;6.337459870961278e-05;5.770457084985933e-05;5.289259124170023e-05;4.918583422127322e-05;4.659636739975279e-05;4.4994106296283255e-05;4.402661621288516e-05;4.327030520088664e-05;4.230332680031537e-05;4.103401730197153e-05;3.970061366855383e-05;3.861602032251732e-05;3.803951268321131e-05;3.803873023238808e-05;3.83485632611071e-05;3.847872255535955e-05;3.793541264495608e-05;3.663942923522184e-05;3.490182883843252e-05;3.32278664043846e-05;3.198804364842783e-05;3.125168458346914e-05;3.094128465304411e-05;3.1011347183604394e-05;3.1285787218773454e-05;3.1623723550926346e-05;3.167033595730769e-05;3.112107268234964e-05;3.0063271003353967e-05;2.9018786251858693e-05;2.8556587703193805e-05;2.8783496139371776e-05;2.9437387521481792e-05;3.0040863217320758e-05;3.015941864889613e-05;2.967390950189408e-05;2.894348722642861e-05;2.8346961678479565e-05
1118.9053349720562;3.648465432580874e-08;7.580116379337566e-08;1.0501820690836993e-07;1.0077545919462297e-07;6.806148740415107e-08;3.331500812168043e-08;1.6404906334425062e-08;1.7244437594382818e-08;3.077479289147162e-08;4.900374124499745e-08;6.256523926042156e-08;7.179966990778756e-08;7.692656422317366e-08;7.54428888561076e-08;5.80456186364644e-08;3.3474486691018295e-08;1.705614340830345e-08;1.0945856255877225e-08;7.842167016935483e-09;6.992768046576943e-09;8.157281214582518e-09;1.6664858427075728e-08;3.5582748812800006e-08;5.5069114318616835e-08;6.493656501228386e-08;7.700527660454405e-08;1.0225834234244741e-07;1.200455779133395e-07;1.1226893815113045e-07;8.86532573790267e-08;7.156049208325145e-08;6.871288870016874e-08;5.8835540519088e-08;3.8260599618687326e-08;1.9506440286143556e-08;1.0804758666166666e-08;1.4042556149105868e-08;2.3173988335506904e-08;4.4193104387834745e-08;9.666564181952289e-08;1.8201513108519026e-07;3.629225337829916e-07;8.549483176299245e-07;1.9354258387678257e-06;4.039262692154514e-06;8.148909783124905e-06;1.4972352304312823e-05;2.4531490173597664e-05;3.561313185623414e-05;4.668283797552514e-05;5.7063172973768784e-05;6.639372462916785e-05;7.435687649024797e-05;8.065022315580482e-05;8.51044448844443e-05;8.766361534384175e-05;8.814886145285181e-05;8.655573108464202e-05;8.324071428953848e-05;7.886199112799294e-05;7.386747446464593e-05;6.853724366560296e-05;6.321187214660216e-05;5.835713225503432e-05;5.418992019361631e-05;5.062767320468322e-05;4.751740501985666e-05;4.487378330382405e-05;4.276345332240564e-05;4.1104410532114113e-05;3.995199371549808e-05;3.896896989536966e-05;3.819056160058396e-05;3.763790276324817e-05;3.742197758267002e-05;3.774649933151701e-05;3.846074512988646e-05;3.905347968899125e-05;3.894404483519999e-05;3.7981511957286136e-05;3.640064603896815e-05;3.468056665014349e-05;3.323285565628456e-05;3.230012978720442e-05;3.1861183213926823e-05;3.1766351357072845e-05;3.187738313812357e-05;3.20312112563994e-05;3.2016248332430384e-05;3.162772931273515e-05;3.087483448594999e-05;2.993502614700653e-05;2.9143735794350187e-05;2.87584271819276e-05;2.8810185392178822e-05;2.918679898960503e-05;2.9661343706444825e-05;3.006196461406729e-05;3.031102153025848e-05;3.0449120634132504e-05
1120.713544862483;2.0362198268206088e-08;6.000023312249234e-08;9.696920163273038e-08;1.0305780840583704e-07;7.588627615323132e-08;3.8183227451608726e-08;1.6231356461628462e-08;9.130719053750189e-09;5.544465801405454e-09;6.577433513581037e-09;2.2014609633838268e-08;8.061762093232568e-08;1.674158358202302e-07;2.170041150869997e-07;1.913215770620781e-07;1.1552396719763085e-07;5.7452797528269736e-08;4.507227839635872e-08;5.46576518245018e-08;6.596350728328111e-08;6.615397294794688e-08;5.33149946742354e-08;3.545288581724932e-08;2.079616049185762e-08;1.5776713880337582e-08;2.6420664784970123e-08;4.676579615365295e-08;5.989346404147626e-08;5.566480393775821e-08;3.669135487142123e-08;1.7765131389927322e-08;9.663162107548376e-09;7.445696138250449e-09;6.8694080664748565e-09;7.009130139060154e-09;9.389648094807551e-09;2.2240771184615804e-08;4.6979497155076224e-08;9.261825733704348e-08;1.5404728330095358e-07;2.25757958470649e-07;4.004651410801256e-07;9.155787294630164e-07;2.158136998656757e-06;4.601232690568942e-06;8.912675576613564e-06;1.560550900707966e-05;2.4592888775582378e-05;3.5057337736020506e-05;4.584249535949953e-05;5.60857290600147e-05;6.542893674982129e-05;7.345425535777085e-05;7.95572545485078e-05;8.344371152795638e-05;8.528353583429248e-05;8.530828198593882e-05;8.380663038377647e-05;8.093900254701345e-05;7.717003912200026e-05;7.277093744625582e-05;6.776071237147725e-05;6.258401101029312e-05;5.760091160499573e-05;5.306546799461108e-05;4.915672248332184e-05;4.589335308606925e-05;4.337911850993721e-05;4.15517232628595e-05;4.052390014235894e-05;3.9780652483674175e-05;3.893934428602084e-05;3.796692425283421e-05;3.700059172542585e-05;3.6406439813603e-05;3.644453113173063e-05;3.695844079257453e-05;3.752452651763682e-05;3.754764105672922e-05;3.67610000820105e-05;3.530181070744934e-05;3.366582147547323e-05;3.247553125812813e-05;3.1953922007887265e-05;3.1923955747555695e-05;3.202034635048438e-05;3.20314647250855e-05;3.18463664397513e-05;3.157049039358922e-05;3.135463250365534e-05;3.124386377133509e-05;3.110852464245292e-05;3.101996342155302e-05;3.0962535294144635e-05;3.067879930169119e-05;3.0199322487994628e-05;2.9774640385296545e-05;2.95479255719137e-05;2.946960935666776e-05;2.9479175817489616e-05
1122.5210910265523;4.0754579920051474e-08;1.2034569353278498e-07;1.948840749216479e-07;2.072657047016333e-07;1.5250572120178386e-07;7.654868975361632e-08;3.239577661217578e-08;1.8239603886187372e-08;1.2851518142766297e-08;1.1618286922506214e-08;2.494196107830479e-08;9.098359615858509e-08;2.0495419281045677e-07;2.719544384184324e-07;2.477103504637768e-07;1.56056176999937e-07;8.254662013223091e-08;7.485186446612122e-08;1.1075581931804205e-07;1.833368839455383e-07;2.2470454799316934e-07;2.0795605229306426e-07;1.4538833141638992e-07;7.733893465067312e-08;3.85627912070099e-08;2.7193160313837425e-08;4.6499158084027266e-08;8.948799947967139e-08;1.2363164477429662e-07;1.2286570505301738e-07;8.674127442936007e-08;4.8450703612401866e-08;2.6250861592816294e-08;1.4590732313951316e-08;2.4127525636752535e-08;7.103354811165448e-08;1.5202707505472973e-07;2.0595748981780226e-07;2.1761490555194515e-07;1.871906380804385e-07;1.5601683151424906e-07;2.479695758000603e-07;7.409780402881006e-07;2.1714156398593773e-06;5.159326687709361e-06;1.0004291690152532e-05;1.667447336380977e-05;2.4700542713247244e-05;3.335263315347792e-05;4.2425133001456536e-05;5.147431531641016e-05;6.0307803819400334e-05;6.843002513129702e-05;7.474842522891325e-05;7.865825042147249e-05;8.046075054497919e-05;8.073138310209335e-05;7.995267782742023e-05;7.81948442226023e-05;7.563039365821782e-05;7.220184489299732e-05;6.77518741409974e-05;6.25011068142109e-05;5.698813068108053e-05;5.202888261802509e-05;4.801811718441194e-05;4.501131289630976e-05;4.301317486191581e-05;4.17471828974704e-05;4.099298659250677e-05;4.0268567134577664e-05;3.922386132700351e-05;3.7889437093792166e-05;3.661116427575578e-05;3.5802815819108416e-05;3.563194308389425e-05;3.595538054988268e-05;3.641095359324533e-05;3.637074790979773e-05;3.552594716338414e-05;3.400031749274264e-05;3.2308528894900847e-05;3.114337175360008e-05;3.0734290116389057e-05;3.092635086817731e-05;3.122159755784889e-05;3.121751889692621e-05;3.085413999963469e-05;3.030429219195373e-05;2.9994100579594757e-05;3.010035094064982e-05;3.0584436814006214e-05;3.112622191484462e-05;3.136315902144836e-05;3.1184287701633105e-05;3.072643087474084e-05;3.0012932414977453e-05;2.9393803958565527e-05;2.8927568254144036e-05;2.865665246496149e-05
1124.3279734991993;3.950835065584923e-08;7.439825226747788e-08;1.079280150494107e-07;1.1611703935658303e-07;8.960845727319885e-08;4.8586052859949696e-08;2.226390137117513e-08;1.4716166292693776e-08;1.608825995734063e-08;1.9281482678369e-08;2.7046844740007367e-08;5.013507838837037e-08;8.827487487197098e-08;1.172900870405748e-07;1.1409280982615944e-07;8.058759733132129e-08;4.9461955425293614e-08;4.724073069612263e-08;9.20354044109849e-08;1.842761261500807e-07;2.634024038832005e-07;2.687319400825504e-07;2.0189096626344345e-07;1.1913235508011921e-07;8.261507608741957e-08;8.434278064954168e-08;1.307669589327795e-07;2.0759795043377506e-07;2.600563374970532e-07;2.523416965166746e-07;1.8787059567777648e-07;1.256354844010527e-07;9.59145623859805e-08;8.384719508838552e-08;9.632925789831835e-08;1.6616409526592346e-07;2.7300028441554695e-07;3.421886402103247e-07;3.120673282700662e-07;2.085799095171201e-07;1.228917627022485e-07;1.5387569948270294e-07;5.384760077542093e-07;1.834339596309518e-06;4.7772989948954e-06;9.683495781741338e-06;1.62024906635733e-05;2.361913214964638e-05;3.117522567982989e-05;3.898370084646313e-05;4.705951859789336e-05;5.521566535196106e-05;6.306520424115076e-05;6.972523960511365e-05;7.454389500904911e-05;7.739949101600961e-05;7.846961914204428e-05;7.811910702282067e-05;7.659018158410119e-05;7.416888230582286e-05;7.086790744436832e-05;6.663424732157178e-05;6.15282839023569e-05;5.607063621953601e-05;5.113338604704599e-05;4.712974471797952e-05;4.42092504084782e-05;4.222960397487634e-05;4.091969834617065e-05;3.98675219582261e-05;3.882843552366756e-05;3.780779949926086e-05;3.685095398090928e-05;3.604631341820456e-05;3.5474477531970875e-05;3.529798871918268e-05;3.542480932102539e-05;3.567051413226464e-05;3.557653230009002e-05;3.483656303327293e-05;3.348851125121759e-05;3.19131045330214e-05;3.060478576633162e-05;2.992112641692901e-05;2.988666978199823e-05;3.0158507399766705e-05;3.0270360783409112e-05;3.0152992868982643e-05;2.976941439383932e-05;2.970926170627455e-05;2.9966285554154484e-05;3.054240059032344e-05;3.089755140041754e-05;3.079359311099824e-05;3.0530703710372696e-05;3.013080932978663e-05;2.980247268943391e-05;2.944464438036721e-05;2.905512363343732e-05;2.8770107348997425e-05
1126.1341923154978;5.8504533591606026e-08;9.512050699421873e-08;1.566541163290783e-07;2.064404830365981e-07;1.9858161310940725e-07;1.4120300975128697e-07;7.717648911063644e-08;3.9348498927027615e-08;3.487708769364343e-08;4.033750204708308e-08;3.887254135649081e-08;3.3475984821931413e-08;3.775900857914567e-08;6.858205864094308e-08;1.226898793988582e-07;1.6719959659529158e-07;1.752715011198839e-07;1.4396710401271165e-07;1.17019147880778e-07;1.1543463710823013e-07;1.3320630388995488e-07;1.302850825955437e-07;1.0541591318602095e-07;8.207095110555587e-08;9.076624201319381e-08;1.173096110072194e-07;1.452789119020405e-07;1.6503762656962438e-07;1.6373137105244237e-07;1.4758640677960968e-07;1.2607992053510756e-07;1.2477207829216116e-07;1.4596113851772953e-07;1.7929679258301977e-07;2.0404233776283628e-07;2.2222578740739086e-07;2.413536528723564e-07;2.463965835252571e-07;2.2152656983393561e-07;1.7594889942693434e-07;1.3653410259566805e-07;1.9291219047053297e-07;5.330691795988423e-07;1.6219784373803482e-06;4.262429336307763e-06;8.833582159847423e-06;1.5087070608925624e-05;2.2420815632446666e-05;3.038907306137697e-05;3.877828232817768e-05;4.736166251841913e-05;5.5624167598844425e-05;6.314047446678514e-05;6.95607519312772e-05;7.457182909723171e-05;7.783250103325862e-05;7.91906265737908e-05;7.889321073360401e-05;7.719853506272503e-05;7.427901615732703e-05;7.018988020593558e-05;6.533201549968157e-05;6.005775413378589e-05;5.4842050159188205e-05;5.022421466083076e-05;4.642687033109743e-05;4.349208665257253e-05;4.1288392300388967e-05;3.965178598169087e-05;3.836013087531213e-05;3.7294251736174114e-05;3.66355881711824e-05;3.623494206818698e-05;3.5798482247516346e-05;3.533714252474288e-05;3.4951379475749575e-05;3.466616109778929e-05;3.4485073917772144e-05;3.421102280729056e-05;3.364942003455152e-05;3.288783050529366e-05;3.1947342599081724e-05;3.106680124036804e-05;3.05636192502538e-05;3.0537445487652555e-05;3.094317829698221e-05;3.137346541212288e-05;3.1859923925177245e-05;3.234417170645012e-05;3.284435234885637e-05;3.331866616457122e-05;3.3415841696123326e-05;3.289719694964376e-05;3.1798198924694435e-05;3.050032566007785e-05;2.9496225304068235e-05;2.894050596749692e-05;2.85702815220248e-05;2.8337617276628727e-05;2.8140407934876483e-05
1127.9397475106452;6.298296823243589e-08;1.573285148513002e-07;2.925574615070757e-07;3.918483089915969e-07;3.833087690400694e-07;2.894910746291407e-07;1.8504721489135922e-07;1.1365512920725461e-07;8.330760395465659e-08;6.480751067496261e-08;4.572162602520096e-08;3.9347038373419643e-08;6.138120880504282e-08;1.245336977567966e-07;2.2594557741729274e-07;3.09980016531824e-07;3.2696262977554444e-07;2.6610873446824337e-07;1.699032107716255e-07;9.181759355211969e-08;4.548551884550824e-08;2.655623144011504e-08;2.207176377174416e-08;2.7699168319219893e-08;4.2330887711235584e-08;5.6880171407832906e-08;5.8264696423596414e-08;4.469425173002263e-08;2.5603882860826145e-08;1.69153748994136e-08;2.4235999574246138e-08;4.92362810656738e-08;9.459395305260877e-08;1.57067841522981e-07;2.0991229686637298e-07;2.130017149553985e-07;1.6756602395820685e-07;1.1632193942521717e-07;1.0072955025589953e-07;1.1503607626050527e-07;1.3845425859315884e-07;2.2999448416522603e-07;6.144475789001254e-07;1.7743178838431725e-06;4.4397101636029855e-06;8.951779847287332e-06;1.5156767960822256e-05;2.2639818789826804e-05;3.0968879489061886e-05;3.9905780688233886e-05;4.899959096482391e-05;5.752489595186997e-05;6.494796667210731e-05;7.111372046162765e-05;7.588671655417141e-05;7.906237812438491e-05;8.050697530803954e-05;8.040998476041458e-05;7.891103639591309e-05;7.582540356859864e-05;7.120811944890651e-05;6.55369047600651e-05;5.969681224819017e-05;5.433449072647394e-05;4.988809899898571e-05;4.637990394828409e-05;4.361126416772524e-05;4.1399790365021776e-05;3.955107500459093e-05;3.8076244013244336e-05;3.710916775467626e-05;3.664114587256745e-05;3.652091867567077e-05;3.662135486656612e-05;3.652737749346091e-05;3.6216296737933074e-05;3.565110329403771e-05;3.487943734632397e-05;3.402104594343336e-05;3.323774302767282e-05;3.2593705725663e-05;3.216008356745622e-05;3.199533991573669e-05;3.210066067967589e-05;3.252461620199049e-05;3.320685631345101e-05;3.396433352528625e-05;3.455038621471532e-05;3.489535625949859e-05;3.4845581469330655e-05;3.4510223261137645e-05;3.374732808360473e-05;3.277623375491283e-05;3.1531762046375784e-05;3.017915220134818e-05;2.922751858345892e-05;2.848167910744945e-05;2.8070360816935528e-05;2.788053318886869e-05;2.7719617258056557e-05
1129.7446391199592;2.4869926134386512e-08;7.70672716378199e-08;1.466624288394222e-07;2.006180673194189e-07;2.0860620882205034e-07;1.845850021442237e-07;1.5677317194392405e-07;1.2939372719574192e-07;9.835565185606265e-08;6.172665378927536e-08;3.330365000135983e-08;2.4034198205899825e-08;3.374350801961982e-08;6.544996420360571e-08;1.1572793692005113e-07;1.5717676060077885e-07;1.6514635363478759e-07;1.341419397013178e-07;8.56389800020465e-08;4.0375569672334455e-08;1.4640052119526666e-08;8.143679808783484e-09;6.4262088742678e-09;5.315839093535838e-09;4.30381134700082e-09;3.2666439554150037e-09;2.1531213974043074e-09;1.712311528667777e-09;1.9868842273222047e-09;2.440768392615309e-09;2.753690782885426e-09;4.953460115855011e-09;2.179647645023432e-08;5.063344579286477e-08;8.231358195055679e-08;9.432284603032083e-08;6.90385853611119e-08;4.770025934581768e-08;4.0965050938919246e-08;4.69346246915273e-08;7.014499898485066e-08;1.6499111819359785e-07;6.558733014613486e-07;2.081185315689492e-06;4.967585575973517e-06;9.48360599181698e-06;1.5583031742047728e-05;2.2996563389194863e-05;3.1426192339689715e-05;4.0303046704376495e-05;4.912368950544482e-05;5.748019456803606e-05;6.504234279784334e-05;7.14434221473838e-05;7.614288161413816e-05;7.891410614315034e-05;7.988685042361121e-05;7.938039743009104e-05;7.754888744360304e-05;7.438732035693848e-05;7.012626909524674e-05;6.502021207516087e-05;5.967688619169483e-05;5.45059746625541e-05;4.994715166117987e-05;4.6395761214236574e-05;4.374024854335969e-05;4.167564482692274e-05;3.986308992484991e-05;3.839110192116921e-05;3.738845880789991e-05;3.692897153207277e-05;3.6885229181363445e-05;3.714844067671495e-05;3.744016493335607e-05;3.731780009403438e-05;3.666026161220188e-05;3.55522230977409e-05;3.436739880227243e-05;3.3529194133876696e-05;3.294508540891705e-05;3.2897673062265075e-05;3.30857983407444e-05;3.3399325589679305e-05;3.379394399780819e-05;3.421674696465754e-05;3.4774650023859e-05;3.4863800678893854e-05;3.4404130301289186e-05;3.341913159766023e-05;3.233166465152269e-05;3.132886587625296e-05;3.0516955783447895e-05;2.9907128446611996e-05;2.9438595059920604e-05;2.90461829967095e-05;2.8827916121815528e-05;2.8689353699372023e-05;2.8531427079822565e-05;2.841264886158901e-05
1131.5488671788917;3.7060077312165508e-09;2.164347203102428e-09;1.6412443027553634e-09;4.477552955333499e-09;1.2296688002410312e-08;2.7573724942807592e-08;4.568064444566953e-08;5.6779440506318493e-08;5.3766119290194766e-08;3.92678458139561e-08;2.2832063599254624e-08;1.1476370842901372e-08;5.602794730083215e-09;4.234550320309894e-09;4.237666653584602e-09;4.579270730518608e-09;4.4333611724707535e-09;3.4849713634660246e-09;2.171504540863039e-09;1.2354273016316652e-09;9.40512274479434e-10;9.113460094100631e-10;9.614573243233754e-10;9.75534470382916e-10;1.3194064421408067e-09;3.432788545501289e-09;1.1330695876186904e-08;2.6888228055250893e-08;4.308759150322468e-08;4.9005173941945616e-08;4.059800988822367e-08;2.436891497948106e-08;1.1410715442892793e-08;5.695518195095634e-09;4.319333584544449e-09;5.996547460680651e-09;1.0550201981326394e-08;1.4078220771493758e-08;1.3342808098109491e-08;1.2894499039581332e-08;3.9144204133535454e-08;2.0058104247706585e-07;8.275034502381165e-07;2.43441596774448e-06;5.350123446453948e-06;9.673814034342263e-06;1.55836855501708e-05;2.293751002540684e-05;3.13824201414545e-05;4.037115325451361e-05;4.944140392485718e-05;5.789221105182355e-05;6.55250377761278e-05;7.194278430688685e-05;7.63696801640341e-05;7.863634227991422e-05;7.909075717558745e-05;7.799970879338443e-05;7.561374743302935e-05;7.220412836101503e-05;6.819121924966028e-05;6.382098113535617e-05;5.921752791619521e-05;5.458316724958972e-05;5.026863973472041e-05;4.691028948308009e-05;4.468469419013711e-05;4.327563452641457e-05;4.198891762104201e-05;4.06815916620307e-05;3.935339145103496e-05;3.8206539283137846e-05;3.739833047545284e-05;3.682108198834108e-05;3.646258040749689e-05;3.5878326132090285e-05;3.518404994929843e-05;3.437980524434762e-05;3.3710518680786696e-05;3.3375960880597133e-05;3.335116139772261e-05;3.350324341248657e-05;3.362091883757875e-05;3.363794131599919e-05;3.356392779265869e-05;3.346810451763146e-05;3.332321430415562e-05;3.303189254953605e-05;3.256463198367647e-05;3.177065988994962e-05;3.108884840768184e-05;3.0640104924770944e-05;3.0193242777924704e-05;3.0060752381212908e-05;2.989632457257651e-05;2.9747988195536493e-05;2.9632421254455245e-05;2.9404116255899684e-05;2.917612520190349e-05;2.9000800288779077e-05
1133.3524317230183;4.781662598167919e-09;2.5652818419811732e-09;1.0904420776822711e-09;6.943486305485462e-10;5.357496787409891e-10;8.964745838906214e-10;4.5434633600245805e-09;1.4125610800236493e-08;2.474369811355961e-08;2.826578205145232e-08;2.2394602786913085e-08;1.194170433463056e-08;4.752598697983609e-09;2.8994352088735926e-09;3.5143423736762252e-09;4.4573117477419805e-09;4.591620859702047e-09;3.629419902828369e-09;2.1344029068035395e-09;1.1366837615954972e-09;7.882500560744463e-10;6.506603816778412e-10;5.865437869657878e-10;6.780293807478834e-10;1.776848830829285e-09;6.4972263348060764e-09;2.259914939004944e-08;5.347067715434821e-08;8.464995462966682e-08;9.509698705068654e-08;7.807305417312404e-08;4.725154724256048e-08;2.3396821086746643e-08;1.2919992450497524e-08;9.258565942298909e-09;7.962510305492055e-09;7.155747931515599e-09;7.458961686825865e-09;1.1130303521608433e-08;2.4588223449488555e-08;9.341909723813503e-08;3.538443952572254e-07;1.0731938264097573e-06;2.6503408323598058e-06;5.338358919378436e-06;9.48978739306113e-06;1.5435541132428408e-05;2.31687120916375e-05;3.24721566066261e-05;4.23183456256058e-05;5.153732526870562e-05;5.970295056883416e-05;6.68231299721532e-05;7.276603503152999e-05;7.702180403656703e-05;7.936289220838025e-05;7.984557138480222e-05;7.863851980851444e-05;7.601327157952462e-05;7.232779987523643e-05;6.806798648759712e-05;6.345234171956e-05;5.873935423737183e-05;5.436169448800952e-05;5.0550122094618455e-05;4.773545732932593e-05;4.5991745486792456e-05;4.503086082588429e-05;4.4214741327264265e-05;4.288626694692306e-05;4.118908919594605e-05;3.948751784775113e-05;3.815805910482816e-05;3.71963403677376e-05;3.643631183082855e-05;3.567256278421121e-05;3.484086403619919e-05;3.415812294647881e-05;3.3676754361299454e-05;3.349272862443789e-05;3.355345886028844e-05;3.348679801710557e-05;3.322375261484344e-05;3.2830239185885266e-05;3.2399205437376847e-05;3.2031556869337744e-05;3.165127738380847e-05;3.140707925642901e-05;3.12537415364536e-05;3.120114298583655e-05;3.116106308699254e-05;3.125482623448813e-05;3.1458015747223874e-05;3.1641507926015244e-05;3.1663906817001574e-05;3.1469815626825234e-05;3.103783869240859e-05;3.0291823088575e-05;2.9668637014732644e-05;2.9235648111837222e-05
1135.155332788032;3.780218287288109e-09;2.067119316642654e-09;8.27350906444192e-10;4.830750884800241e-10;6.50899406188492e-10;1.731993835398312e-09;6.939436207796521e-09;2.5675035901754394e-08;5.5488981700286314e-08;6.840931174745798e-08;5.631385941516576e-08;3.063942070176994e-08;1.2558569154429184e-08;5.544402251179753e-09;4.3944267131059645e-09;4.7186857178711294e-09;4.832808542189038e-09;4.1972967967668246e-09;3.0063956981987192e-09;1.9747327666388943e-09;1.2530758829459974e-09;8.421612121020548e-10;6.539223546024906e-10;6.889055912497251e-10;1.410539349768987e-09;3.976937005716887e-09;1.2029488707928422e-08;2.727286544375452e-08;4.2549609136104045e-08;4.7467482860832867e-08;3.91139481275197e-08;2.4645973389985383e-08;1.4104376153718638e-08;9.438753465661883e-09;6.974573742057978e-09;4.811871432012529e-09;3.217957301474276e-09;2.837736080793653e-09;7.294595775697257e-09;2.4529876734097352e-08;8.646630388243956e-08;2.901551989044584e-07;9.244488649528024e-07;2.3617086925850147e-06;5.043407758301679e-06;9.656336942578968e-06;1.659852650434752e-05;2.55486383117824e-05;3.5503314402344114e-05;4.511438213043792e-05;5.334434163188255e-05;6.043186554867736e-05;6.670116227414636e-05;7.237104305010279e-05;7.726087440248663e-05;8.08850172279194e-05;8.277412775479748e-05;8.21440525211754e-05;7.927042666999653e-05;7.494576027137935e-05;6.983700822722256e-05;6.44112772072236e-05;5.9206021612111686e-05;5.4759830429007496e-05;5.126006870102819e-05;4.870216367572461e-05;4.679101231589268e-05;4.519595654150741e-05;4.3432576539159926e-05;4.14730685973004e-05;3.956183259741038e-05;3.821847345441729e-05;3.7616566600672034e-05;3.74248121967853e-05;3.720202574788691e-05;3.667740275980183e-05;3.578490273747776e-05;3.492800150772624e-05;3.4412608030613944e-05;3.4267253227474894e-05;3.434964948550304e-05;3.4254228617659784e-05;3.375480453021325e-05;3.293784780924796e-05;3.2148171849267595e-05;3.167348460805508e-05;3.167355076310582e-05;3.205270582765324e-05;3.2538235231350626e-05;3.285270906333495e-05;3.291581103960164e-05;3.279291391673918e-05;3.264571702711289e-05;3.237972626599061e-05;3.2019509098419664e-05;3.1529215985744104e-05;3.0973250177078486e-05;3.0342400187797697e-05;2.9727524572281736e-05;2.928229202983086e-05
1136.9575704097624;2.0032881665023262e-08;1.1290475253700426e-08;5.019572129809928e-09;1.9256974963696037e-09;3.0337845118678304e-09;9.196656190771947e-09;2.9645388224427245e-08;8.511218761741432e-08;1.3976045034957158e-07;1.5596687203142608e-07;1.1940211786145757e-07;5.77898279475917e-08;2.3886450024895692e-08;1.260826250306279e-08;8.362447188182363e-09;6.8348429798522874e-09;6.717705918713551e-09;7.1393604524998e-09;6.668234492872368e-09;4.880156933751975e-09;2.9049537752755317e-09;1.7742372595771646e-09;1.3345610277367907e-09;1.191991121584855e-09;1.2518353133536327e-09;1.3523571064827586e-09;1.180840130490467e-09;8.898392227242068e-10;6.545968577394017e-10;5.185280092396956e-10;7.126622853891575e-10;1.333702493314161e-09;2.075202039660969e-09;2.311969475040341e-09;1.9727701129792703e-09;1.2501849464082604e-09;1.0081761051964083e-09;1.2838250093918655e-09;2.971804100929002e-09;1.0076693143135252e-08;2.8349615146746763e-08;9.985695060072029e-08;4.981390007057427e-07;1.7160764005410505e-06;4.734984983339386e-06;1.0385077414564273e-05;1.848462981329479e-05;2.8116835028504906e-05;3.756316126266896e-05;4.626357295641487e-05;5.401741153380173e-05;6.104471926092298e-05;6.765213473232081e-05;7.397488288365687e-05;7.984332333871844e-05;8.446227927539406e-05;8.670017119675787e-05;8.617554377764561e-05;8.327969033643853e-05;7.87299988938416e-05;7.307405764669819e-05;6.696175139314542e-05;6.132674014181916e-05;5.671507765568996e-05;5.311366072947509e-05;5.0195544195033976e-05;4.762498713770077e-05;4.4963611841897896e-05;4.2363543928368845e-05;4.002827103867287e-05;3.82549820403304e-05;3.752701045496152e-05;3.754791672668244e-05;3.7725844315120025e-05;3.745579193996393e-05;3.6729454311048654e-05;3.5874812307530745e-05;3.516580824760047e-05;3.509883074047601e-05;3.547940245617444e-05;3.582597784771817e-05;3.565098380367313e-05;3.490573764930382e-05;3.375707329778274e-05;3.277283076031512e-05;3.255607972700798e-05;3.306104963813353e-05;3.393046759130495e-05;3.452411297826471e-05;3.4472261717039674e-05;3.367748021626516e-05;3.2537313952662814e-05;3.140454972115732e-05;3.048416629106233e-05;2.985252313657681e-05;2.966699655485256e-05;2.9761885147473972e-05;3.0093240558513435e-05;3.040631173024531e-05;3.048977838970173e-05
1138.759144624164;3.76630738328289e-08;2.1796522604613226e-08;1.4012010872798624e-08;2.5041194781145316e-08;4.488588952302247e-08;6.740444326371725e-08;9.752002246568765e-08;1.3880803007873953e-07;1.7030990947191364e-07;1.592011817280804e-07;1.0895572351035961e-07;5.5852833347605375e-08;2.887333321079805e-08;2.3610979901765853e-08;2.9427691712550858e-08;3.8940756072285884e-08;4.226959567842933e-08;3.611506393531616e-08;2.323296676469334e-08;1.25871968548976e-08;7.123122213711357e-09;4.606312159855326e-09;3.693822910421252e-09;3.4751994406025793e-09;3.517471075074398e-09;3.3610793698613943e-09;2.661790089048919e-09;1.761013861117512e-09;1.1404390161772572e-09;9.007841077521561e-10;9.51580559969451e-10;1.0722250908464415e-09;1.0312093741861995e-09;8.113562460702588e-10;6.472041002618934e-10;6.277317051254138e-10;7.527800266382767e-10;1.2847055477816679e-09;1.8050041720562199e-09;1.941331780491506e-09;2.298796660486828e-09;2.984207919769625e-08;2.696604085903908e-07;1.2023020641878916e-06;4.028677249631727e-06;9.546502362061746e-06;1.7288537079210744e-05;2.637316059539705e-05;3.575914677313729e-05;4.515399074892358e-05;5.441561531601204e-05;6.291383967780794e-05;7.096196917423512e-05;7.824854750451303e-05;8.43642511080708e-05;8.839514136371282e-05;8.93304780691714e-05;8.775063517350254e-05;8.438834273403445e-05;7.986621962949842e-05;7.451205335021337e-05;6.879216128520852e-05;6.336132130334305e-05;5.85783639647064e-05;5.4410882206981664e-05;5.0713485004639776e-05;4.744371406904681e-05;4.4605654186599007e-05;4.244500045903828e-05;4.069300381387564e-05;3.96346972368724e-05;3.9101323649470767e-05;3.887026245139349e-05;3.852961267149524e-05;3.7836311436514607e-05;3.692472300556842e-05;3.613958233485554e-05;3.578394637202415e-05;3.597314513159148e-05;3.647822519072911e-05;3.667348660363082e-05;3.628098042694988e-05;3.527272172309413e-05;3.398912750833988e-05;3.305987402247761e-05;3.288788334477452e-05;3.331979891715411e-05;3.382541613604482e-05;3.381842467891295e-05;3.311479924414287e-05;3.186929638100984e-05;3.04876872793048e-05;2.929933509376159e-05;2.8364317446900128e-05;2.7961344492341377e-05;2.8225619949953967e-05;2.9032484407319157e-05;3.0142318977162253e-05;3.115652019766977e-05;3.173845001488556e-05
1140.560055467311;2.1907147145596023e-08;1.5528106121340093e-08;2.1815830861645338e-08;5.532243727284432e-08;1.0875994930943046e-07;1.5319119020958942e-07;1.6567542451364166e-07;1.412449395032426e-07;1.0998701754852733e-07;7.713087488093475e-08;5.876348449196052e-08;6.860608108072702e-08;9.892155472952125e-08;1.2833705819016161e-07;1.4949789868898621e-07;1.540399530479587e-07;1.3708752165992625e-07;1.0255161535703857e-07;5.894430251258269e-08;2.935697867435808e-08;1.7713433290989828e-08;1.3199650110341364e-08;1.1288524063244e-08;1.006941751859743e-08;9.022092373999734e-09;7.736930362663022e-09;6.017931516101384e-09;4.169162400966436e-09;2.7811812410381318e-09;2.144580150864648e-09;1.9904820582392464e-09;2.1801256823157407e-09;2.2707679660909213e-09;1.9824057001554424e-09;1.368249205361459e-09;8.028340137589051e-10;7.139582349541218e-10;1.402145921010921e-09;2.9566861685368434e-09;4.986251087801171e-09;1.0643987930882036e-08;6.291720546379308e-08;3.288917483618221e-07;1.1532897092088824e-06;3.441991593251733e-06;8.03028864884298e-06;1.5093339974329063e-05;2.410844488902921e-05;3.408190022574922e-05;4.449489437834416e-05;5.503912153833141e-05;6.50423082737186e-05;7.39498957632053e-05;8.150750412430012e-05;8.737771659587633e-05;9.114014417833547e-05;9.182722029702666e-05;8.960551061255153e-05;8.533614149614747e-05;8.002756107624624e-05;7.469450391657021e-05;6.957948143093416e-05;6.462991262619554e-05;5.9847077272412656e-05;5.5141632049101e-05;5.061815059473332e-05;4.6759546326528e-05;4.4096662467873966e-05;4.237151385989888e-05;4.13778878996571e-05;4.07020877239301e-05;3.992404778749931e-05;3.9008641552544525e-05;3.791178982243094e-05;3.6847761428401634e-05;3.602115421213559e-05;3.563986095159748e-05;3.5741780066179344e-05;3.598563437431931e-05;3.624057662868629e-05;3.63156165104542e-05;3.5936010206036594e-05;3.511060195775433e-05;3.403709410436716e-05;3.320892109057286e-05;3.2554995380154725e-05;3.214351526439384e-05;3.177833996868066e-05;3.129999217147722e-05;3.0699421698597806e-05;3.0179926618310077e-05;2.9736454251865572e-05;2.9290705752770063e-05;2.873271077797138e-05;2.811175386350251e-05;2.769440668694492e-05;2.7835872862384537e-05;2.8769933446517905e-05;2.979800862227915e-05;3.066176683900286e-05
1142.360302975405;5.635105562579991e-08;3.6669712199938366e-08;3.0602832740751983e-08;5.406242485158005e-08;1.037244558008894e-07;1.4595940645279208e-07;1.4687246065954654e-07;1.063274698628124e-07;5.188597221651501e-08;2.8185136090864084e-08;4.0070450945735287e-08;9.097894310191364e-08;1.6685748184535058e-07;2.394765669669402e-07;3.0033067503654895e-07;3.3249413320010586e-07;3.183480460008422e-07;2.517815629896649e-07;1.5644812120888273e-07;8.21321294292507e-08;4.507664530115326e-08;3.0174997324883285e-08;2.4117012808750827e-08;1.9866719190133964e-08;1.5953712145659653e-08;1.2525142468515423e-08;9.656766617317086e-09;7.148369031116112e-09;5.443711764930106e-09;6.297794387252893e-09;1.396049656239328e-08;2.9596446601256645e-08;4.784552541091171e-08;5.796381972422592e-08;5.1952482222131984e-08;3.515828488970859e-08;1.8704632238784282e-08;1.1702988208513517e-08;1.7230462812690967e-08;3.4061611786162787e-08;7.692517545883569e-08;2.1722901588789897e-07;6.299170561889029e-07;1.5432901547157443e-06;3.705603191084709e-06;8.105006297666633e-06;1.5265743001867887e-05;2.4863592386649742e-05;3.581283565322056e-05;4.7083646693267394e-05;5.778429833976172e-05;6.803274080881863e-05;7.683650090823147e-05;8.406395937219594e-05;8.964769946678207e-05;9.345971757557389e-05;9.464791538196984e-05;9.297101335014312e-05;8.887033941927075e-05;8.336775002110272e-05;7.749916844743616e-05;7.165188576727657e-05;6.606461994516978e-05;6.089914536765135e-05;5.604358066327398e-05;5.149366243744073e-05;4.7413112566512645e-05;4.440188136076449e-05;4.261943302111429e-05;4.1678496665122525e-05;4.087997114161472e-05;3.992591777701405e-05;3.864266792851211e-05;3.711562468197352e-05;3.575032162302604e-05;3.494976700405907e-05;3.4743597678585066e-05;3.497595852274254e-05;3.529872487190527e-05;3.550332212166996e-05;3.5637956040181115e-05;3.54928396680678e-05;3.501862462013374e-05;3.425004351222648e-05;3.326668134120838e-05;3.2245622353459824e-05;3.109010158422323e-05;3.003989137867968e-05;2.9225356404971086e-05;2.8800501665059607e-05;2.8836592604556745e-05;2.918226892717246e-05;2.9498721691391155e-05;2.941566740851407e-05;2.8841885031385903e-05;2.8043813235548973e-05;2.76076064574371e-05;2.78182877364501e-05;2.841029600480634e-05;2.9002148521738247e-05
1144.159887184771;1.0694852643454257e-07;6.458995209819254e-08;3.3285025755588363e-08;2.7289584703514644e-08;4.03858625434905e-08;5.4747405858901216e-08;5.584343064259706e-08;3.918834834298335e-08;1.700650138991431e-08;9.666947218131287e-09;1.6831587637550763e-08;4.5630688323252026e-08;8.605121393877139e-08;1.5291786631043372e-07;2.598573873773681e-07;3.688627198644925e-07;4.108068339781922e-07;3.479749484825193e-07;2.2418707238894087e-07;1.1787774456219769e-07;5.979807718461086e-08;3.5810549468610424e-08;2.662992849779989e-08;2.124552550483967e-08;1.6922391403552747e-08;1.3316661892942885e-08;1.0311160975988871e-08;7.77881663028206e-09;6.214661621026596e-09;8.906258691924413e-09;2.4590629622372932e-08;5.5707988961496924e-08;9.200411890265097e-08;1.1254769153997724e-07;1.0152928839785973e-07;6.904730167497414e-08;3.6524172424731184e-08;2.1756349942597777e-08;2.9848807444003785e-08;5.810924997048839e-08;1.2728251924249517e-07;3.019728625388475e-07;7.444059918944458e-07;1.764562370088105e-06;4.2444356669533576e-06;9.202828768810352e-06;1.7146946624687526e-05;2.736057115295625e-05;3.8702791031286273e-05;5.019902745534445e-05;6.135739181680379e-05;7.163059496671456e-05;8.021860906149798e-05;8.649087447265667e-05;9.12461899443623e-05;9.44187066021451e-05;9.561195986897918e-05;9.456787072254244e-05;9.145419093531532e-05;8.6631949669882e-05;8.025922343610133e-05;7.294070749855051e-05;6.581359000772924e-05;5.962561157901601e-05;5.4531154001680776e-05;5.0357198105909904e-05;4.691493712496321e-05;4.436760707896834e-05;4.281248855267248e-05;4.182744326910526e-05;4.1021462265577256e-05;4.017833976079362e-05;3.935526120389661e-05;3.855608959328018e-05;3.757871927289857e-05;3.6707565998475416e-05;3.6060036125595046e-05;3.565686176184424e-05;3.541379784266232e-05;3.5199972250122384e-05;3.488273034456279e-05;3.4475267453893746e-05;3.386591105419305e-05;3.3097809401116855e-05;3.225517779635821e-05;3.168493234686713e-05;3.137751162295799e-05;3.114961902701966e-05;3.0656422536878424e-05;2.977604378624076e-05;2.8678266449255182e-05;2.7713184726287412e-05;2.732549036866083e-05;2.747394735020389e-05;2.7919024674589427e-05;2.8240546580603824e-05;2.838354156748088e-05;2.836410032197832e-05;2.8332792651912388e-05;2.8120521170516294e-05
1145.9588081318616;5.3714817025016985e-08;3.2286187418408334e-08;1.5217413756055933e-08;5.2815020733271375e-09;3.3611060166411796e-09;3.0421609979823742e-09;3.088425806076201e-09;2.9131561898563114e-09;2.3436324431648627e-09;1.612616290013524e-09;1.0671654876996826e-09;1.0045581180841655e-09;5.0481582207086535e-09;3.6675295399132057e-08;1.1423867623061677e-07;2.087886666978029e-07;2.572235139560318e-07;2.256373409247105e-07;1.4517583318724352e-07;7.37813805142525e-08;3.5621029179548774e-08;2.031173681333367e-08;1.4775660093696654e-08;1.2114618509901662e-08;1.0373704412254248e-08;8.703601253886762e-09;6.786195320468601e-09;4.78444952418738e-09;3.503387097215141e-09;4.694993933225632e-09;1.2466621047192331e-08;2.7969979356270847e-08;4.612269927566324e-08;5.6423783878821554e-08;5.1293590154647124e-08;3.549848312798118e-08;1.9353201461562612e-08;1.1681859001744504e-08;1.5007970109326776e-08;2.9967370720663174e-08;8.261847763323016e-08;2.3064379318474437e-07;6.505632776270499e-07;1.7872447873358862e-06;4.750361356903758e-06;1.0539837488538915e-05;1.908738810286414e-05;2.9374914417590323e-05;4.021450355543097e-05;5.121484792343965e-05;6.204768997875761e-05;7.207653551736044e-05;8.037594322324705e-05;8.650564413317422e-05;9.064733726872653e-05;9.317328704201187e-05;9.4073449711007e-05;9.309103085670933e-05;9.041572782619444e-05;8.602739216300598e-05;7.989082966250838e-05;7.24322435931062e-05;6.489891183883412e-05;5.828512666023027e-05;5.2783857334388174e-05;4.849090883334776e-05;4.533049101094856e-05;4.3397185783395874e-05;4.23365103654608e-05;4.169749866557872e-05;4.117276782397672e-05;4.086960284933272e-05;4.0655814966175886e-05;4.033709530254387e-05;3.970698342382985e-05;3.8748671214599705e-05;3.762126337941563e-05;3.65366482396172e-05;3.5630439640129175e-05;3.491244433113614e-05;3.427639888593689e-05;3.352488895596364e-05;3.261213335849832e-05;3.158372208943228e-05;3.091248374279028e-05;3.101249412050298e-05;3.203202490303202e-05;3.314619421605964e-05;3.352397750242648e-05;3.2537051565111614e-05;3.0289604789028524e-05;2.77289693822741e-05;2.6114916745832385e-05;2.589804308553546e-05;2.6781171858741085e-05;2.7774774299426607e-05;2.8325626712002007e-05;2.8388176734833907e-05;2.80094468959071e-05;2.7574644156264743e-05
1147.7570658532532;3.5923928430278157e-10;2.2883968384140064e-10;1.1351953583630115e-10;7.256124499784824e-11;2.3739670243139035e-10;7.619704878348012e-10;1.4176614436167927e-09;1.7021767330489523e-09;1.3942827571097124e-09;7.722505505514434e-10;3.1566112303065266e-10;4.649940395372696e-10;3.356364954704502e-09;1.4694297696054332e-08;4.2066443261769656e-08;7.706146312530554e-08;9.563732681213333e-08;8.478702424227864e-08;5.37842908578876e-08;2.5696618047811803e-08;1.201580994020496e-08;7.412362552440982e-09;6.033063372178778e-09;5.443118241300804e-09;5.0715406571254974e-09;4.4411097199767055e-09;3.464521856630628e-09;2.7367525509119712e-09;4.039122065502672e-09;5.534684963417563e-09;5.6354554212354395e-09;4.011636975290671e-09;2.0427824796026313e-09;1.2855151762880011e-09;3.6520791869796724e-09;1.2694884077249884e-08;2.3350327435641058e-08;2.7043656998895344e-08;2.0773486004842275e-08;1.3721915397932146e-08;4.163063115276185e-08;1.986186556666637e-07;7.586525890440891e-07;2.184869282423276e-06;5.56055050460286e-06;1.1668333184577022e-05;1.9969074270344183e-05;2.964172906215949e-05;3.953649696664317e-05;4.9239579713844834e-05;5.929209545181612e-05;6.962377810368185e-05;7.879907278338387e-05;8.636487883330116e-05;9.1096829340682e-05;9.309410931170436e-05;9.30373244702872e-05;9.12532777856667e-05;8.815764512474088e-05;8.369462149382224e-05;7.82231768721104e-05;7.195013285581458e-05;6.56556348080605e-05;5.977410687607888e-05;5.455778868997527e-05;5.00169806488853e-05;4.629075052027367e-05;4.354794167419419e-05;4.191869386347691e-05;4.13218637678883e-05;4.134442522010438e-05;4.15556506154022e-05;4.146024700035551e-05;4.075724044787743e-05;3.962126449055461e-05;3.820006244072707e-05;3.679696134056351e-05;3.56459596029122e-05;3.4918750294409034e-05;3.4528333295266215e-05;3.4292695265418286e-05;3.395007723704784e-05;3.321820545507429e-05;3.221946336740862e-05;3.138855152067384e-05;3.128952875459578e-05;3.197356537211245e-05;3.2973840014019746e-05;3.3532424849786445e-05;3.3041280184904735e-05;3.1559963575293544e-05;2.968690560727615e-05;2.8317620662569083e-05;2.7827174814705775e-05;2.8026515067186583e-05;2.8387876701697348e-05;2.8556652337883156e-05;2.821668749442577e-05;2.7667549763784408e-05;2.732570013334273e-05
1149.5546603856455;9.603835114265435e-11;6.385751512324967e-11;3.3708003945469214e-11;2.1108206518099662e-11;6.212139549782995e-11;2.1065354858388167e-10;4.4185080046108317e-10;5.929694522602863e-10;5.079422087051228e-10;2.772904528417006e-10;1.1147535478922927e-10;1.5354358482433198e-10;1.2733939053045871e-09;4.7661940018461944e-09;1.3304899381285952e-08;2.4302510337602215e-08;3.012545633556813e-08;2.6706506542023494e-08;1.684723871470105e-08;7.99243451045195e-09;4.103075714576976e-09;3.4374370122799627e-09;3.6647778740641775e-09;3.506815406002498e-09;2.8233228196034507e-09;2.016933710410886e-09;1.7140795588396511e-09;3.138339240236714e-09;6.783129762588214e-09;1.0309752197034954e-08;1.058862042223848e-08;7.277721936638465e-09;3.257203060709004e-09;2.4221632879462874e-09;8.256317052727511e-09;2.639438880478093e-08;4.8481480390951574e-08;5.566851367751611e-08;4.229773108040346e-08;2.3016442498598173e-08;3.0444965483829e-08;1.8002984548030664e-07;8.454237707680385e-07;2.5583570873704217e-06;6.185645380055669e-06;1.2262752161140482e-05;2.0306352896827142e-05;2.938776127333844e-05;3.866801298368832e-05;4.811191402459455e-05;5.8554175800602735e-05;6.960341530326208e-05;8.015960215875537e-05;8.83605856242427e-05;9.301515878205176e-05;9.424600255545797e-05;9.284700087064736e-05;8.975207595778237e-05;8.549162813781361e-05;8.065208303583782e-05;7.565126687636417e-05;7.072156198451496e-05;6.583182040626804e-05;6.0952266785084105e-05;5.6389208174074135e-05;5.187000694916915e-05;4.7641262032053865e-05;4.386195226139176e-05;4.118401763230562e-05;3.9863697503940735e-05;3.974198091430925e-05;4.012264867993948e-05;4.016519175736618e-05;3.943127988684143e-05;3.7866454630745525e-05;3.594343825893799e-05;3.4430203180455554e-05;3.346396743072082e-05;3.317015366877914e-05;3.338739359308926e-05;3.381444988247022e-05;3.409064719002272e-05;3.387533377057666e-05;3.329895824454883e-05;3.288973235200451e-05;3.2908673756612626e-05;3.325872785142759e-05;3.380536342853822e-05;3.3935658256518134e-05;3.343463318900431e-05;3.249476920474501e-05;3.141096458291728e-05;3.0596235929298264e-05;3.0184808115539e-05;3.000425467715063e-05;2.978608792519382e-05;2.914435229235614e-05;2.8061927135199e-05;2.696850686991029e-05;2.629565142332434e-05
1151.3515917658588;8.190335985871556e-08;6.42885896786864e-08;4.100029873376687e-08;2.1423339581360873e-08;1.2593388094105149e-08;1.3768838185178464e-08;1.6474358806039614e-08;1.5240469286518324e-08;1.0138304675225796e-08;5.138001545435692e-09;2.75003521502499e-09;1.6607423902119722e-09;1.2671736541385807e-09;1.2909024984933914e-09;2.406494153994211e-09;7.2311945528596175e-09;1.3798263921568511e-08;1.6496617415902037e-08;1.2939944577637464e-08;6.645367162454371e-09;3.0570957849481013e-09;2.698018333833625e-09;5.4378874664597206e-09;1.1232668836312942e-08;1.5704165089928167e-08;1.2299372866996557e-08;6.948270779951094e-09;4.921125352907474e-09;6.462292895547417e-09;8.039695931476578e-09;7.294301620082585e-09;4.64185970940263e-09;2.569509863411042e-09;4.6391627954749994e-09;1.3339485001384914e-08;2.8786331083103412e-08;4.157486347182499e-08;4.0348103781129094e-08;2.704749650847824e-08;1.3430246588054845e-08;1.9270625361416628e-08;1.3696767563571752e-07;7.019589373275466e-07;2.28061195137394e-06;5.661016715363577e-06;1.1413048273532175e-05;1.927808780217831e-05;2.852925973755597e-05;3.8404147639584105e-05;4.893896384053744e-05;6.00028712599312e-05;7.064663640808064e-05;7.997767387008535e-05;8.649074277579567e-05;8.997358888545152e-05;9.089955296011472e-05;8.958256621473728e-05;8.665376829583911e-05;8.243682460690096e-05;7.781307419814728e-05;7.304968438220626e-05;6.847346160690444e-05;6.399057969893325e-05;5.968056490124079e-05;5.543280718623159e-05;5.115321555698574e-05;4.6953092047753096e-05;4.337136224336482e-05;4.057141343026542e-05;3.866825177926945e-05;3.791001547898772e-05;3.793281618812632e-05;3.809084586885281e-05;3.786672265004929e-05;3.7031169368761446e-05;3.568684788021421e-05;3.4239407600124194e-05;3.319317372401929e-05;3.2806920078582574e-05;3.297936550307842e-05;3.352658211009028e-05;3.388128384416324e-05;3.393168798716393e-05;3.377576644006958e-05;3.372111382164304e-05;3.404591740192303e-05;3.462967289647477e-05;3.5199431517564424e-05;3.5222388793167666e-05;3.452262049924443e-05;3.329364062800245e-05;3.1959251806510115e-05;3.09208046280702e-05;3.0386956515509885e-05;3.0189661529711068e-05;2.985165560772743e-05;2.9044392074210004e-05;2.785516481999083e-05;2.681430754896105e-05;2.6143965445980285e-05
1153.1478600308474;1.6375159839643873e-07;1.2853107461938713e-07;8.196943704265902e-08;4.283029630655933e-08;2.5325742998138578e-08;2.9103072142893144e-08;3.918497096723919e-08;4.0209326923112246e-08;3.047895929649645e-08;1.886897019745251e-08;1.2763008347141806e-08;1.0546643171396676e-08;7.295460056117168e-09;4.572283990509377e-09;5.2460906000154735e-09;1.4409702958563214e-08;2.7491288833781478e-08;3.3014910053548635e-08;2.602127914006385e-08;1.3718678473803506e-08;6.971800901171619e-09;6.283654741166251e-09;1.111978309409382e-08;2.2014380833779985e-08;3.11971937557246e-08;3.2975349219548066e-08;3.5665798518536674e-08;4.2584533926752354e-08;5.365414589298825e-08;5.513100583885617e-08;4.2581874496213424e-08;2.5171929277297063e-08;1.2482247248783114e-08;1.1016107124132248e-08;1.9848009013486822e-08;3.0236110156348685e-08;3.286063178198751e-08;2.5622859119028063e-08;1.4529375323102846e-08;5.844046267175328e-09;1.7552889103619403e-08;1.2856546186765096e-07;5.832808988284227e-07;1.8870722520655695e-06;4.748339473604928e-06;9.702232726894467e-06;1.6611004988961197e-05;2.496197376827581e-05;3.433804528864262e-05;4.465406140148111e-05;5.557980231921936e-05;6.596909434844711e-05;7.432398620616895e-05;7.995171571423395e-05;8.317531627722189e-05;8.443581514678457e-05;8.385945294561153e-05;8.19353096333564e-05;7.874562813032536e-05;7.480576303374071e-05;7.031089785770311e-05;6.546426733142153e-05;6.106469516168849e-05;5.700014876515587e-05;5.319287304131826e-05;4.96258440729012e-05;4.656150224352752e-05;4.379790050224896e-05;4.133647686117496e-05;3.9154027742237535e-05;3.768429088957682e-05;3.695711453559712e-05;3.691084393089063e-05;3.714854597247879e-05;3.716506926973592e-05;3.684755220134975e-05;3.609056345054535e-05;3.533456418975512e-05;3.476047973993457e-05;3.438896967969065e-05;3.415862787812366e-05;3.385718147181621e-05;3.3552400871421026e-05;3.33659108116114e-05;3.3206822430874346e-05;3.3367703341305574e-05;3.3832770690231174e-05;3.452140371472249e-05;3.4791131287422475e-05;3.431913001301601e-05;3.3202795805137674e-05;3.180013564047597e-05;3.057468857806057e-05;2.967984399647715e-05;2.900590702563628e-05;2.8446224595048253e-05;2.8076053271937422e-05;2.791410402985217e-05;2.799928970626684e-05;2.8107298286823342e-05
1154.9434652176717;8.185285842531713e-08;6.424755784594255e-08;4.0973272040923576e-08;2.1409435525706426e-08;1.316048897057568e-08;1.817529413244549e-08;2.8985783532724163e-08;3.4814001232582535e-08;3.1059089814650526e-08;2.4027931173422184e-08;2.007430977241849e-08;1.81892727788079e-08;1.4808697984310511e-08;9.207592700474611e-09;5.746162102560341e-09;8.868986054931874e-09;1.497603021653315e-08;1.7463304839798925e-08;1.39300703371276e-08;8.854999688482579e-09;8.552292218708345e-09;1.1647850495743161e-08;1.5782717466305735e-08;2.3422752588917224e-08;3.4761445807338114e-08;4.7172194953798713e-08;6.276944407159897e-08;8.39592730170416e-08;1.0375469584900873e-07;1.0538765136316119e-07;8.167247783150936e-08;4.855256897831748e-08;2.3051411920977145e-08;1.4362592037652529e-08;1.977076795854856e-08;2.8369631688920414e-08;3.2348383862994554e-08;2.8376662677368858e-08;1.938306226828208e-08;1.0801527470900057e-08;2.780313776655416e-08;2.212966716824147e-07;8.467010310462382e-07;2.3049992443987147e-06;5.0359004771757215e-06;9.235521493933932e-06;1.4734167975013674e-05;2.1272727809619845e-05;2.891398374813486e-05;3.807277658150819e-05;4.836898910970028e-05;5.86832089134251e-05;6.756856552987122e-05;7.382468664916949e-05;7.712212596863076e-05;7.803790837983598e-05;7.7453250272541e-05;7.607930339855333e-05;7.404420159316867e-05;7.114163772222265e-05;6.726310399548782e-05;6.264853599092021e-05;5.780409901297006e-05;5.3336523380673537e-05;5.0260234864423e-05;4.83575772597193e-05;4.686446113763939e-05;4.498281855739052e-05;4.261674618826527e-05;3.988567243949604e-05;3.745562181692334e-05;3.5530535583036044e-05;3.474800545618934e-05;3.468132449334654e-05;3.485456313796508e-05;3.520691703666823e-05;3.5719541858979115e-05;3.606546924020744e-05;3.579431967724196e-05;3.497641676189597e-05;3.3558939374425834e-05;3.228746287799759e-05;3.143613358603065e-05;3.108408988135555e-05;3.1147670627873755e-05;3.1506970554060087e-05;3.197247902171533e-05;3.229427344818546e-05;3.235293835874694e-05;3.221056246590561e-05;3.176786300039982e-05;3.120655447376703e-05;3.039087402766249e-05;2.9643518285397547e-05;2.89233613614269e-05;2.8346145206512426e-05;2.8125831839938056e-05;2.839058203111229e-05;2.874068956784021e-05;2.9060709819479164e-05
1156.738407363537;1.534185477107251e-09;5.201463811484929e-09;7.604990813031605e-09;7.4715083342027e-09;5.984421449621399e-09;6.595713707476931e-09;8.302632591810747e-09;1.0827944958694566e-08;1.1798652721261732e-08;1.2427194838669662e-08;1.4108535406643344e-08;1.746998502592989e-08;2.215978462331873e-08;2.3432553900139337e-08;2.001485317233188e-08;1.3596958172431269e-08;6.651248410564392e-09;2.7324794482400147e-09;5.121646133259749e-09;1.395926873673424e-08;3.1480427448751374e-08;5.307136708813649e-08;6.506817748717443e-08;6.524610840575473e-08;6.414439002838061e-08;6.592068046212306e-08;6.644516167229771e-08;6.646140711323479e-08;6.423014024197085e-08;5.970512053213364e-08;4.843995442745884e-08;3.3244665194418645e-08;1.94984282635857e-08;1.1736629826324944e-08;1.105003220133172e-08;1.3864721627787362e-08;1.6638744559620592e-08;1.752084003731741e-08;1.771918817163388e-08;1.856614483578348e-08;4.7267055522538883e-08;2.8073758200552824e-07;1.0599714959140591e-06;2.737777985254801e-06;5.558469141561943e-06;9.45609046370618e-06;1.4219575574116148e-05;1.983696676215223e-05;2.65900784904079e-05;3.480967215523965e-05;4.420923341608936e-05;5.370655125000153e-05;6.159724528480259e-05;6.673318774234683e-05;6.91469798012921e-05;7.014239010025511e-05;7.079748099550679e-05;7.107316909264164e-05;7.043076532741273e-05;6.865680398649988e-05;6.539273016672473e-05;6.066081740626472e-05;5.5185063893503967e-05;5.012837215748574e-05;4.684905764809132e-05;4.558319805959865e-05;4.5092625869088e-05;4.4298683234516464e-05;4.261308024986272e-05;4.022559738877528e-05;3.7724885140549946e-05;3.561385215249272e-05;3.420395064169333e-05;3.344621710686118e-05;3.323849959110671e-05;3.357580438277124e-05;3.426014672668163e-05;3.486691165388041e-05;3.4806649375310345e-05;3.397077044322551e-05;3.2451530318069574e-05;3.0961053180479244e-05;3.028089470218564e-05;3.033924699391993e-05;3.078281006849756e-05;3.107385370635793e-05;3.0948752492894685e-05;3.035334746173768e-05;2.9779678509674736e-05;2.94734394072643e-05;2.941297113391076e-05;2.949065662064797e-05;2.951060079682778e-05;2.940124557106389e-05;2.923705870129744e-05;2.906187102809718e-05;2.887255711396506e-05;2.868211532650816e-05;2.857129916855796e-05;2.84954977916626e-05
1158.5326865057575;1.0808086122511751e-08;2.1181942782059404e-08;2.8988214577842763e-08;2.7285335607430845e-08;2.0017141669834368e-08;1.0949574021420848e-08;4.558632122067597e-09;2.3637588805737487e-09;2.6408852624903996e-09;1.2769848946879116e-08;5.286934329757524e-08;1.1736406914350365e-07;1.64626491240486e-07;1.603188261001231e-07;1.1670914109771839e-07;6.783164747867564e-08;3.0259214704048474e-08;1.4868196036637364e-08;1.6058558430972736e-08;3.1520881487090426e-08;8.182649455369347e-08;1.8466279758750774e-07;3.01263632648244e-07;3.660872063272418e-07;3.355259222502068e-07;2.3690727392391657e-07;1.32073970107011e-07;6.333688134676794e-08;3.3772634996448775e-08;2.6111581969569685e-08;3.1175681430768943e-08;5.4634636263186354e-08;9.605887978805523e-08;1.3445257848785688e-07;1.496542618220643e-07;1.5102423537514874e-07;1.6174431526130908e-07;1.845910958036187e-07;1.9794923775884558e-07;1.7974476983063188e-07;1.489719434349765e-07;2.292777657378476e-07;7.997479794177471e-07;2.221050250069409e-06;4.723887885451994e-06;8.272870745962863e-06;1.2784368174108335e-05;1.8262299599949185e-05;2.5041158133931744e-05;3.2887741399189924e-05;4.124721695358148e-05;4.9043220038468536e-05;5.523421606150019e-05;5.9498451862194185e-05;6.222749153480977e-05;6.448917942531827e-05;6.665617859338614e-05;6.826876286349564e-05;6.85457781799704e-05;6.671443805107864e-05;6.30594227860322e-05;5.833538461188181e-05;5.344803925503634e-05;4.916753041755923e-05;4.58439897070288e-05;4.343265993397993e-05;4.156326377209502e-05;4.017406177779648e-05;3.910912115642292e-05;3.834918647005364e-05;3.760582805649537e-05;3.710428039219214e-05;3.63494816917017e-05;3.549944305404447e-05;3.47145523886063e-05;3.4137433029444485e-05;3.376100025417067e-05;3.3457128845768515e-05;3.301829341452674e-05;3.248613454769946e-05;3.213021357357849e-05;3.192393846255387e-05;3.2029092619685326e-05;3.2256597958595464e-05;3.223567837460948e-05;3.1704436874818893e-05;3.0680895076321645e-05;2.9684815821359777e-05;2.9014314431972345e-05;2.85120171492643e-05;2.8283962457538265e-05;2.792657025097292e-05;2.776074237295108e-05;2.766344821675678e-05;2.7740040798909744e-05;2.8027644003939668e-05;2.8323285000485024e-05;2.8436963865332577e-05;2.8389555939423724e-05;2.830714924579894e-05
1160.326302681773;2.8323670387967368e-08;4.1041719863724854e-08;5.3660361083432505e-08;6.594048074540224e-08;7.26567576237904e-08;6.524257584497044e-08;4.470830587229258e-08;2.4357404724760145e-08;1.2678255273493996e-08;2.5399702021964372e-08;1.0029154693962937e-07;2.1824266015631198e-07;2.9579527686011294e-07;2.722921754436515e-07;1.8566958972068105e-07;1.0592816143891545e-07;5.4527113801349954e-08;3.0377714210083114e-08;2.249655366028924e-08;2.8160253739293953e-08;8.339019030012297e-08;2.3512263111173558e-07;4.438557121281086e-07;5.919361815755711e-07;5.660003795605588e-07;3.921289167550068e-07;1.9845345446451394e-07;8.24211918129505e-08;4.455396765044681e-08;3.8076768782750045e-08;4.6120998603303325e-08;8.892497045637102e-08;1.733524379282911e-07;2.597372981310866e-07;3.077503289462465e-07;3.31410378252458e-07;3.6351880174640073e-07;4.001725535667149e-07;4.028816092238069e-07;3.4062770228134885e-07;2.357580420393994e-07;1.691172812342234e-07;4.51907909934536e-07;1.4912666407943265e-06;3.562569959157396e-06;6.669038489336045e-06;1.0795937485991815e-05;1.6000930780394155e-05;2.227938353858713e-05;2.913570435795637e-05;3.617543554173829e-05;4.294157766000053e-05;4.904068027012945e-05;5.4415236725631935e-05;5.889563214924637e-05;6.241256731649677e-05;6.456493009756506e-05;6.496171557784285e-05;6.384735000454454e-05;6.096947838859413e-05;5.739638686680519e-05;5.417288738196516e-05;5.137904242138999e-05;4.917042766459474e-05;4.659567995960625e-05;4.342769294195719e-05;4.008196245609898e-05;3.755170058407935e-05;3.646726897948828e-05;3.660571006822558e-05;3.708931285652954e-05;3.732166164809114e-05;3.71280169441668e-05;3.658591518984356e-05;3.581396555332335e-05;3.5151834794388377e-05;3.430471483122023e-05;3.329837347069539e-05;3.2260406457134124e-05;3.143863582178504e-05;3.1317736721963544e-05;3.180384148819982e-05;3.2400323763312656e-05;3.254850466957426e-05;3.2078149988477943e-05;3.120884789510383e-05;3.029976353293511e-05;2.9646820937638876e-05;2.938512880709393e-05;2.916738038909459e-05;2.8726669887345972e-05;2.795065116795347e-05;2.6973057618774905e-05;2.626974569022164e-05;2.6306205686601847e-05;2.716589002336061e-05;2.8369697746778e-05;2.9298986913330423e-05;2.9734370367459812e-05;2.9856823194513057e-05
1162.1192559291449;8.225410272841026e-08;6.960193858552348e-08;7.243349050001476e-08;1.0196862214859025e-07;1.3366918173053354e-07;1.3536243486641757e-07;9.85497450212645e-08;5.302715639361329e-08;2.4770245000441057e-08;2.2222752721519503e-08;5.803120134574131e-08;1.2276927653822737e-07;1.793652663565785e-07;1.8798083051895105e-07;1.4940166220305772e-07;9.843302495528917e-08;6.070881460724573e-08;3.5334591016611134e-08;2.0212019602134466e-08;1.3673988580473297e-08;3.395296123439925e-08;1.0701785131205268e-07;2.2115253305536482e-07;3.078680559521979e-07;3.004443998823521e-07;2.1147142091468482e-07;1.0821111666335683e-07;4.52466449191894e-08;2.4490208094966177e-08;2.0600547901269004e-08;2.4169150482967123e-08;4.5073647768909617e-08;8.77645562050425e-08;1.3700681274520522e-07;1.788564395628323e-07;2.1697971318777637e-07;2.550512142115795e-07;3.019636475445137e-07;3.335619288390541e-07;3.070365140531914e-07;2.204645341360846e-07;1.385079469408149e-07;2.937539535360133e-07;1.0927977467685168e-06;2.9132469325919328e-06;5.869058165652194e-06;9.7611367669496e-06;1.4354641916709397e-05;1.9386621980923763e-05;2.467786600257097e-05;3.0315205708434248e-05;3.639948412144367e-05;4.281329172013564e-05;4.902609828488284e-05;5.4288233143282335e-05;5.802584803985645e-05;5.982163591269404e-05;5.947546589055385e-05;5.744951247430624e-05;5.470888212317535e-05;5.208243100752273e-05;4.9957530225228784e-05;4.832721859842571e-05;4.6935501368829886e-05;4.501545324700375e-05;4.2780441319466594e-05;4.0918888452813086e-05;3.957481649014829e-05;3.890142686230806e-05;3.845252894399837e-05;3.7808163689474845e-05;3.6901039087618685e-05;3.5799916225856565e-05;3.493489952291014e-05;3.454573728631451e-05;3.449668691754772e-05;3.4203744695139726e-05;3.350895195815181e-05;3.251309625770392e-05;3.1399782026729535e-05;3.069731717077216e-05;3.0537134324677855e-05;3.062568090069344e-05;3.071426737270577e-05;3.062084757995899e-05;3.030864010498139e-05;3.012761578061292e-05;3.0091028400398556e-05;3.010817145038897e-05;3.003677891905309e-05;2.9408179147518137e-05;2.840000755195354e-05;2.713596723447413e-05;2.5959402519728764e-05;2.5771890864071675e-05;2.677851161885752e-05;2.8503949570028336e-05;3.0139457352910112e-05;3.095747510854306e-05;3.119687296512154e-05
1163.9115462855625;1.256393775153363e-07;8.512312558685675e-08;6.350954025668206e-08;7.413143975806785e-08;9.628940599161513e-08;9.842187643278985e-08;7.190187336480443e-08;3.804718804706879e-08;1.755629861532003e-08;1.0132573460063585e-08;8.552927597473771e-09;1.8234720621462717e-08;4.9164338259319075e-08;8.876568696854534e-08;1.0777313453572993e-07;9.375236508479961e-08;6.305153889381838e-08;3.4806936498024286e-08;1.6687389420990652e-08;8.915184778918166e-09;9.974701894925384e-09;2.013069077297797e-08;3.3667331030743765e-08;3.8825975912227646e-08;3.191445422365001e-08;2.1062830422763104e-08;1.2392121131881318e-08;6.842274312012928e-09;4.2198736329671875e-09;2.9998569556337773e-09;3.121970375383233e-09;4.3059125228446705e-09;5.698151704372961e-09;9.628964772520211e-09;1.9501914318465132e-08;3.602398709699243e-08;5.790630838616034e-08;1.0484882661823028e-07;1.8107594435678985e-07;2.3744218094094567e-07;2.247644842232583e-07;1.833720363405728e-07;2.942335390900701e-07;8.852324743834138e-07;2.337464708947261e-06;5.119254107276778e-06;9.168465621624002e-06;1.3808547269054509e-05;1.8509329007425845e-05;2.3045246417157743e-05;2.7684324725181143e-05;3.258846158042279e-05;3.791770523494699e-05;4.345645588031912e-05;4.846978200147147e-05;5.216015071351216e-05;5.408684422811192e-05;5.444153026206321e-05;5.336483197630854e-05;5.12691456662088e-05;4.9027822376170095e-05;4.701490303942816e-05;4.5485573452557726e-05;4.405266815361839e-05;4.2511807526513336e-05;4.095802766877483e-05;3.98530907192991e-05;3.943435231757319e-05;3.931616911003991e-05;3.901154283666258e-05;3.822735012328799e-05;3.65251224467398e-05;3.4656470318238255e-05;3.296985021970439e-05;3.196082239358782e-05;3.182094323176627e-05;3.227334065499108e-05;3.274617746887441e-05;3.256077390413098e-05;3.1947942917693684e-05;3.1045599319680294e-05;3.005618371314306e-05;2.911642336465268e-05;2.85926489427638e-05;2.8431913525617368e-05;2.8564706528698874e-05;2.8908063554163165e-05;2.9328053472779164e-05;2.9614447323238724e-05;2.972338455668319e-05;2.938726774533833e-05;2.844204405815966e-05;2.7031701673189765e-05;2.568080980647628e-05;2.510367424626603e-05;2.5585134228662117e-05;2.688829762117214e-05;2.8261409051994472e-05;2.9224032534537225e-05;2.959435233222972e-05
1165.7031737888356;8.22495969657347e-08;5.7958245660846434e-08;3.386158838127772e-08;2.26051272164908e-08;2.286116069691386e-08;2.3205557495400653e-08;1.891667409737045e-08;1.271196126963603e-08;7.92126269249421e-09;5.623340610934255e-09;3.719919716832749e-09;5.182089797473284e-09;1.5544930809785473e-08;3.551373022527887e-08;6.169033367529942e-08;8.6842522901957e-08;1.083091901379046e-07;1.176308172395923e-07;1.0109496170540579e-07;6.641803318584053e-08;3.151197262843339e-08;2.1872540050988143e-08;1.9142782296692796e-08;1.6548709214550112e-08;1.2328730729913312e-08;8.334277648244793e-09;7.4430242037912925e-09;1.9624788261388025e-08;6.148565075924808e-08;1.1828734989067557e-07;1.5034310513945653e-07;1.351992393924444e-07;8.989278492307236e-08;4.845768802539933e-08;1.7190085810042474e-08;8.513861339150174e-09;1.406497897002594e-08;3.058566625596014e-08;7.366652591288072e-08;1.3656946836560185e-07;1.8820231059223413e-07;2.175600283457524e-07;3.341680506924648e-07;7.734808843798911e-07;1.931853948126578e-06;4.440147349740917e-06;8.368219483310235e-06;1.3230984660027348e-05;1.8279653234874317e-05;2.2948633517305623e-05;2.711771398306824e-05;3.100144220551869e-05;3.503571074005652e-05;3.939772383500973e-05;4.38322412793543e-05;4.778281026053587e-05;5.056209654121707e-05;5.163291713640505e-05;5.092992081105613e-05;4.906049517256351e-05;4.699570572648164e-05;4.53073179188952e-05;4.409888787421519e-05;4.301509055949712e-05;4.161149676035908e-05;3.986182941356329e-05;3.816565349419948e-05;3.716716177251017e-05;3.688619077622602e-05;3.7034328642013e-05;3.691898080803044e-05;3.593373589255564e-05;3.4331770759247124e-05;3.274266530952433e-05;3.17645786091847e-05;3.164618388889219e-05;3.215921914406243e-05;3.2675804250392827e-05;3.274154553254387e-05;3.216693302392447e-05;3.1089339241678775e-05;2.973732923112669e-05;2.842703979810326e-05;2.7403152992352418e-05;2.67559604073406e-05;2.6635799217588528e-05;2.696297364500853e-05;2.759421334744566e-05;2.8364081258918663e-05;2.902528682255254e-05;2.934316216200162e-05;2.911773330266029e-05;2.8346680783861704e-05;2.7384420511796856e-05;2.649952216055462e-05;2.592977509633465e-05;2.5882460322806647e-05;2.610796964674873e-05;2.640166029109473e-05;2.6564860057564607e-05
1167.49413847689;3.3787429249626656e-08;3.70721044855712e-08;2.6597403733161917e-08;1.2978813852409476e-08;5.601403503035942e-09;3.6087987105537933e-09;5.183746022333553e-09;7.858810574249143e-09;9.485033122085874e-09;1.1267119690453773e-08;2.510549736985705e-08;6.068417457926329e-08;8.792038577050695e-08;9.647544792410765e-08;9.192694224956714e-08;1.1379774984322813e-07;1.6529967943421045e-07;2.068032247791354e-07;1.9108232501919306e-07;1.2729909250055197e-07;6.675703448712237e-08;3.442677461862559e-08;2.603799538080821e-08;2.3560111520311706e-08;1.9048197489878444e-08;1.2526042930458851e-08;9.472934011856868e-09;3.4778321704508955e-08;1.201166126171214e-07;2.3469144416164323e-07;2.9791795656121185e-07;2.6434129068377e-07;1.7166289788120608e-07;9.0164587575593e-08;4.355442928744615e-08;2.3712983561403832e-08;1.7555189472824023e-08;1.600503318516669e-08;2.6018413604375816e-08;7.088447954070359e-08;1.5431696920599088e-07;2.385632605081064e-07;3.993885867552634e-07;8.699236369904618e-07;2.009084233814598e-06;4.200532961723365e-06;7.513211221487963e-06;1.1927674722485422e-05;1.6769877862020227e-05;2.1513137844641743e-05;2.5748184137767105e-05;2.955831051368063e-05;3.339157867247338e-05;3.732669552701396e-05;4.123269522369785e-05;4.485712617343735e-05;4.778612591288007e-05;4.9382543402390274e-05;4.930229710509196e-05;4.7916991194635314e-05;4.61387217814485e-05;4.461198972022182e-05;4.3294014576751714e-05;4.219300531340268e-05;4.101967251678364e-05;3.97517772493263e-05;3.829832510176968e-05;3.722534731971116e-05;3.633870222730741e-05;3.561710642606731e-05;3.4692725604198944e-05;3.3931470316305904e-05;3.3169938956643794e-05;3.279729831141582e-05;3.294462104801448e-05;3.314080143363739e-05;3.320572358321164e-05;3.2698870270861395e-05;3.208261848796333e-05;3.13064150018716e-05;3.059771647336215e-05;3.0053477547946677e-05;2.960935201289214e-05;2.9158339285681443e-05;2.8723799358484376e-05;2.847491736543176e-05;2.8565071248859448e-05;2.893044105278407e-05;2.9387565742971006e-05;2.9722743631557188e-05;2.9930933032007768e-05;3.004427622995215e-05;3.002949350836631e-05;2.9743856262200548e-05;2.8990899571819523e-05;2.7844769411362984e-05;2.661253624993301e-05;2.5607861951276373e-05;2.490541140120517e-05;2.4595830918149933e-05
1169.2844403877823;2.3617062707011604e-08;3.0835564470135095e-08;2.691261066739268e-08;1.5594414383721698e-08;6.434542357112524e-09;3.122252239391569e-09;3.002836694841373e-09;4.5444393363136916e-09;9.797227050443052e-09;2.1892921826975565e-08;5.749958092094354e-08;1.200928679175699e-07;1.7335931976537958e-07;1.809176879700223e-07;1.422260478011277e-07;1.1006468294488633e-07;1.1248430653871724e-07;1.2385521992558966e-07;1.2639932352982197e-07;1.1315911392209469e-07;9.582011512321412e-08;7.41137480991125e-08;5.179420925596173e-08;4.010729562923332e-08;2.9970480155162384e-08;1.898845229472529e-08;1.2003297066419042e-08;2.197685664541924e-08;6.352486325135152e-08;1.1996224162162144e-07;1.512580174642864e-07;1.387178559816318e-07;1.1081841366383785e-07;8.76051246103697e-08;8.467465296657582e-08;6.915268194994372e-08;4.3732688037059496e-08;2.318767688076712e-08;2.486594393112258e-08;7.306524046748505e-08;1.716483195761792e-07;2.791925816856597e-07;4.812024020876449e-07;1.021638330238167e-06;2.1237208741878675e-06;4.056308469453533e-06;6.9969769509193074e-06;1.0942677941318122e-05;1.5442363084779225e-05;2.004943310561977e-05;2.446547306767799e-05;2.863573864336232e-05;3.261144287377637e-05;3.641948369052588e-05;4.000010594126307e-05;4.323874426061896e-05;4.5873672905516674e-05;4.735130371342262e-05;4.745911195875155e-05;4.644378470001978e-05;4.481464282788673e-05;4.3086475258077874e-05;4.151731476420386e-05;4.016111281902315e-05;3.9000894538884345e-05;3.822957164786927e-05;3.764427838295481e-05;3.69320126565185e-05;3.585766705400717e-05;3.432269359884812e-05;3.259396677366472e-05;3.125329808890201e-05;3.0843251116688644e-05;3.117106337036968e-05;3.189613075326926e-05;3.2523823298028635e-05;3.263307939849494e-05;3.2084846819562714e-05;3.126005695233398e-05;3.060430435489474e-05;3.036678694163708e-05;3.0454796735011967e-05;3.090578953143652e-05;3.134628308708033e-05;3.203158632910774e-05;3.248574884965473e-05;3.2603258837156935e-05;3.222865780311274e-05;3.141485693563873e-05;3.048324555016619e-05;2.996500455041583e-05;2.977503952262513e-05;2.99222766759309e-05;3.0082715894924275e-05;2.9716728288669218e-05;2.8732741219425927e-05;2.7342944115319937e-05;2.5918713560500107e-05;2.4987097996317536e-05;2.4495658493748697e-05
1171.0740795596794;2.8241727800386166e-08;2.0849237738842362e-08;1.5224464028909152e-08;9.585140165001081e-09;5.182620242413063e-09;4.8902265811793826e-09;1.7616925066984375e-08;4.1127989944965086e-08;6.408977269097903e-08;7.600153678014178e-08;8.190775748629735e-08;9.680870074680744e-08;1.0935546111541185e-07;1.0286304878280685e-07;8.073882479565312e-08;6.211821401148105e-08;6.130910591715774e-08;7.348992610813249e-08;9.604496150634163e-08;1.2357565030633073e-07;1.3402036009586797e-07;1.1355216183945013e-07;7.324501391599968e-08;4.176154688154138e-08;2.6125925295789326e-08;2.0923169053427032e-08;2.5860744863752008e-08;4.633809894695435e-08;5.4511744062139154e-08;4.6299360182525335e-08;2.985628006353699e-08;2.815732230650684e-08;5.5008319332018596e-08;1.1076472823884794e-07;1.5766631395655166e-07;1.5130428841274285e-07;9.901646948618223e-08;4.41730841982249e-08;2.4459674517524856e-08;4.45429870884032e-08;9.323089513306776e-08;1.7913550882431959e-07;3.8404876348946526e-07;9.009212394027486e-07;1.949102842224103e-06;3.867222193439215e-06;6.866822086857495e-06;1.0839855024255349e-05;1.529591266076441e-05;1.968289186988593e-05;2.3823988281369086e-05;2.779060078894192e-05;3.161963800387531e-05;3.531961449116782e-05;3.882109677341389e-05;4.201082490102595e-05;4.448929770087545e-05;4.5734047929370704e-05;4.568257883366103e-05;4.473239489962777e-05;4.334048539395203e-05;4.189880543742326e-05;4.06257187679597e-05;3.956840629991549e-05;3.863999228079777e-05;3.783631258166008e-05;3.7156766397986735e-05;3.607214414543624e-05;3.477209336385133e-05;3.324185635630874e-05;3.1789510576255615e-05;3.085360704599614e-05;3.07452965482453e-05;3.1391380845570736e-05;3.245166682083578e-05;3.324168512577463e-05;3.3358821263506604e-05;3.300405193553497e-05;3.227282142918301e-05;3.1451317272672904e-05;3.0764917992643034e-05;3.040257445623996e-05;3.0543742972758846e-05;3.121521596901346e-05;3.2249259438868815e-05;3.315324387040395e-05;3.32899103482608e-05;3.252984324567256e-05;3.108468756245671e-05;2.963731110913299e-05;2.8743124315821095e-05;2.8520891303516525e-05;2.871994660219656e-05;2.8942710172770276e-05;2.889788385732487e-05;2.8364352078710883e-05;2.7469654582747988e-05;2.658917848715675e-05;2.59658139566734e-05;2.5559416761544875e-05
1172.863056030892;5.8590015334852154e-08;5.1169102341960667e-08;4.9873177464153686e-08;5.168536772022225e-08;5.285371301340224e-08;6.030491668757068e-08;8.96874391043177e-08;1.4226966580710441e-07;1.8572421766391016e-07;1.878031638545722e-07;1.4625876867075117e-07;9.258021360834555e-08;5.21345527658901e-08;2.9245149905539097e-08;2.5535415990489084e-08;4.421212274903337e-08;7.846977619708447e-08;1.1133302449391722e-07;1.3088225668275892e-07;1.4325904911322225e-07;1.4806451806751509e-07;1.2453487426326712e-07;9.204163223081059e-08;5.4519673745990036e-08;3.0309227839934414e-08;2.652707919338429e-08;4.913290565335697e-08;8.525519612981079e-08;1.055065462710195e-07;9.448127382400341e-08;6.381588567895216e-08;4.4667654572177223e-08;5.22805206760807e-08;1.0265762117485969e-07;1.511892919412408e-07;1.4915426732382088e-07;1.0093939997703341e-07;5.1485317707067244e-08;3.8190252888937e-08;5.3754982408705317e-08;7.163509999156782e-08;1.0359009609774349e-07;2.5447950028961573e-07;7.484959076786347e-07;1.887612981223323e-06;3.92729231952318e-06;6.942569860017119e-06;1.0749902046522348e-05;1.4970396223850383e-05;1.9074301663955037e-05;2.28731611248476e-05;2.6532087619197348e-05;3.0094339417399535e-05;3.365418715472836e-05;3.7131683437408514e-05;4.04692664303978e-05;4.312240312580098e-05;4.476968812425813e-05;4.508959393932704e-05;4.455195428250907e-05;4.391113123082549e-05;4.3425489971061565e-05;4.2911830303392186e-05;4.230462322448163e-05;4.134573957503293e-05;3.992410281498802e-05;3.798401690538391e-05;3.611891871742914e-05;3.447894410354498e-05;3.324428501049195e-05;3.2637622533628034e-05;3.284380043761377e-05;3.330932964363562e-05;3.400141680097309e-05;3.4563218156990046e-05;3.4635531150883946e-05;3.4288910853502724e-05;3.380326804391466e-05;3.3300561771588886e-05;3.2759999462662645e-05;3.216542757370997e-05;3.163597582723675e-05;3.1263591722465706e-05;3.1238985223450127e-05;3.1119100964846135e-05;3.0981047973024784e-05;3.0442783318376137e-05;2.951701136220501e-05;2.8439977629124203e-05;2.759730230080696e-05;2.718364171121452e-05;2.733396741464543e-05;2.76568286661828e-05;2.7850549477473856e-05;2.765648529115136e-05;2.711768139194891e-05;2.6329158537831756e-05;2.574564339998614e-05;2.5491287228298743e-05;2.541512744909049e-05
1174.651369839823;6.137766379640959e-08;7.526963301736537e-08;9.004605905322788e-08;1.0112124723274872e-07;1.0923117578417325e-07;1.2038199629799594e-07;1.4109892347650812e-07;1.7157286243920164e-07;1.9427081889313413e-07;1.8934481246792912e-07;1.5061783235103894e-07;9.171877979196386e-08;5.042677995365455e-08;2.7817045868188493e-08;1.9669556485941873e-08;2.492290715865721e-08;4.463819499160003e-08;5.980570265651405e-08;6.970007180408124e-08;8.189715654255372e-08;1.0102138153791307e-07;1.1253534833310573e-07;1.0423654891575353e-07;7.976335008500482e-08;6.85128009202313e-08;6.952844936146603e-08;7.288172904833522e-08;7.260208717153938e-08;7.226813612752913e-08;7.168910613229482e-08;6.13088949440715e-08;4.4943602368183e-08;3.3778370418775285e-08;3.9369702520601344e-08;5.2598121000914764e-08;5.258694101233738e-08;3.7452176769767965e-08;2.7820663980484424e-08;4.736757213333874e-08;8.935995045358895e-08;1.2751783888598308e-07;1.48618757238234e-07;2.7929472738397777e-07;7.789809099226124e-07;1.9849430745406683e-06;4.045042619412308e-06;6.9668623886451e-06;1.0555303767257904e-05;1.4474541868275658e-05;1.8509374909520734e-05;2.241976048586132e-05;2.6150076996777527e-05;2.9744543752059592e-05;3.32316472369634e-05;3.660279218562871e-05;3.974361231474888e-05;4.244405811063447e-05;4.434528252636802e-05;4.525454069170683e-05;4.529806798478271e-05;4.486251133459119e-05;4.434773279620488e-05;4.3721608567867713e-05;4.288228929027136e-05;4.177860618087226e-05;4.035151243901628e-05;3.863786582120272e-05;3.683865436678071e-05;3.522963773210386e-05;3.4127115277900954e-05;3.359273938968865e-05;3.338152180580653e-05;3.3453913043655994e-05;3.360765832021219e-05;3.3628740903840826e-05;3.3529854819769084e-05;3.325918210108379e-05;3.30921406574907e-05;3.3146934217128296e-05;3.3236251555015254e-05;3.316592448522578e-05;3.2849175094653955e-05;3.2293959115343526e-05;3.157404621299184e-05;3.0665051232123204e-05;2.9615048731391027e-05;2.8599637103678507e-05;2.7661141425830728e-05;2.703099826516124e-05;2.6789940350436428e-05;2.690533974077013e-05;2.723771806086707e-05;2.75308339078844e-05;2.7450609363652727e-05;2.6736979521922536e-05;2.5721724685170325e-05;2.482687392020577e-05;2.441457862446988e-05;2.4431689445965495e-05;2.4666487819689886e-05
1176.4390210250167;2.9616678322483657e-08;3.8882537049229204e-08;4.804791253384919e-08;5.9039325223568766e-08;7.016332470354607e-08;7.62791592766192e-08;7.621679037088108e-08;7.278471580524534e-08;7.011625269945423e-08;6.532473482281049e-08;5.3471837103572894e-08;3.7497771848734814e-08;2.2851282448305814e-08;1.3523561888229594e-08;8.858315617471542e-09;6.294613862381816e-09;4.9515485798291275e-09;4.699511404355582e-09;6.006602805442128e-09;1.4323048271354084e-08;3.1771246205685725e-08;5.1686913211450784e-08;5.913872246206129e-08;7.147544814868666e-08;9.195521284046007e-08;9.969600894607443e-08;8.166597993527529e-08;4.7483650122355846e-08;2.6677082011193432e-08;2.9053916633716044e-08;3.4550297016623134e-08;3.1017400112640414e-08;1.7732297154590833e-08;8.357983553973241e-09;4.694936319732521e-09;3.5279602870731882e-09;3.0058171048570203e-09;6.184331372701373e-09;2.3704338426484752e-08;5.819030404903282e-08;1.0901588434991528e-07;1.732746219972263e-07;3.548281675102254e-07;8.362082854660513e-07;1.957051014406525e-06;3.867190837680525e-06;6.578770799923023e-06;9.94612581912142e-06;1.384150034308034e-05;1.8197912005664723e-05;2.2647893071449534e-05;2.6843488274167094e-05;3.0580053489049136e-05;3.3983067104178174e-05;3.708708215025704e-05;3.983212630561116e-05;4.2336492966413535e-05;4.4366444234862304e-05;4.560359650514992e-05;4.5740825640014215e-05;4.4898797778164056e-05;4.35962306088324e-05;4.23938701970373e-05;4.124623553049637e-05;4.033693920836359e-05;3.963833467682929e-05;3.9156914847262496e-05;3.838364694840593e-05;3.734720511258243e-05;3.5995116116882314e-05;3.4299065408082004e-05;3.261610872615636e-05;3.180329799699824e-05;3.167195990915749e-05;3.213582566757188e-05;3.2681926809018245e-05;3.311356489251717e-05;3.313012310456317e-05;3.277899351352445e-05;3.206768906600146e-05;3.1220004406447445e-05;3.0787468493538616e-05;3.073235742939696e-05;3.088471845303669e-05;3.0933442180652964e-05;3.07620638714576e-05;3.0421317870333105e-05;3.0050117579832727e-05;2.9729378585432917e-05;2.9449955133750156e-05;2.9141201653251725e-05;2.8671923587709144e-05;2.7957384469165428e-05;2.685016142442033e-05;2.5675364074264264e-05;2.469922402421432e-05;2.429178679355266e-05;2.441249839961085e-05;2.491796622412381e-05;2.5460716803778622e-05
1178.226009625134;1.210999408074573e-08;7.014451201267715e-09;4.695698805103907e-09;8.467645982427792e-09;1.3654544347246182e-08;1.5527046062279572e-08;1.0583714554166596e-08;5.210472257207406e-09;2.98201539239302e-09;3.6995242681106676e-09;6.399879449305416e-09;9.040240032718762e-09;8.840956258929983e-09;6.213905442545434e-09;3.528250806577176e-09;2.1680216040300523e-09;1.6266730117981824e-09;1.5293873153932203e-09;2.935964608045384e-09;9.2161520172111e-09;2.980421984024118e-08;7.352691987071439e-08;9.58768957066011e-08;1.0725067908805467e-07;8.981213281116159e-08;7.192678736505778e-08;5.087831910156566e-08;2.4992082436876542e-08;1.3980644160913203e-08;1.2473858339800316e-08;1.353916192835002e-08;1.5159883533353033e-08;1.9834943302173485e-08;3.132172199364668e-08;4.3642932245127954e-08;4.5606825321692836e-08;3.2370733219476464e-08;1.4133738067170345e-08;8.895408295718438e-09;2.3575851296726333e-08;7.637463926775445e-08;1.877202439552735e-07;4.090343378449426e-07;8.448728724245241e-07;1.7252416333090058e-06;3.223587368826324e-06;5.476124027385102e-06;8.512705013565674e-06;1.2299468023630866e-05;1.6723430231106257e-05;2.1409548061494447e-05;2.577176209525937e-05;2.953591807591827e-05;3.273693284695728e-05;3.5694349643119e-05;3.869707124515032e-05;4.162839115092216e-05;4.420006511325623e-05;4.576316073912488e-05;4.603684801558685e-05;4.5182558245645554e-05;4.36554043829298e-05;4.208514138117603e-05;4.082490620149118e-05;4.000287332732512e-05;3.955239808569069e-05;3.94233451891025e-05;3.932989211376195e-05;3.90549825953205e-05;3.8120191460190056e-05;3.640714489097907e-05;3.451038767161344e-05;3.282986997475731e-05;3.191357575859654e-05;3.1938303633656586e-05;3.2537292625986814e-05;3.3312271233107055e-05;3.336659978114215e-05;3.237028279371496e-05;3.0683240355499546e-05;2.9256960272609096e-05;2.87230357968376e-05;2.9210066876617803e-05;3.03046138589042e-05;3.1465310674925806e-05;3.231111629083071e-05;3.277293954005616e-05;3.297675860891384e-05;3.2897505375849235e-05;3.245544025377735e-05;3.1591089400583544e-05;3.025469254242343e-05;2.8645595994904268e-05;2.703422984559439e-05;2.5892908056574197e-05;2.53778041606228e-05;2.5388520135834283e-05;2.573017818215969e-05;2.6107411112157764e-05;2.638908613127452e-05
1180.0123356789518;3.883646117082371e-09;1.997723035296696e-09;1.6493624211914674e-09;2.6042545890431406e-09;4.099780330632619e-09;7.219685442443415e-09;1.8966525657098893e-08;3.4255837984516576e-08;4.887250314820759e-08;5.6863353052499454e-08;5.540097795363272e-08;4.5519586129623656e-08;3.169827522266773e-08;1.8442766707631964e-08;1.2567573394720791e-08;1.0443072914846864e-08;8.403194849873454e-09;6.678611547862805e-09;1.0990485709932377e-08;3.123904715918244e-08;7.974526033248345e-08;1.430565648438377e-07;1.7801686944427977e-07;1.6483426069859256e-07;1.188651788448282e-07;7.550226766750288e-08;4.806420077331669e-08;3.9060774032173854e-08;5.1087017024560066e-08;7.482487663264909e-08;8.538196432714095e-08;6.96150165586513e-08;5.883677007386539e-08;7.11297835208499e-08;9.06428432722827e-08;9.310241600292619e-08;7.136866150235725e-08;4.0986733571123975e-08;2.1611174997897238e-08;1.812796240286079e-08;4.4735074314012696e-08;1.6010700809503429e-07;3.936819521068287e-07;8.300405217514983e-07;1.5699640521364011e-06;2.858687152258869e-06;4.883998002954812e-06;7.712129708852505e-06;1.1266456154957852e-05;1.539404897447523e-05;1.993371479813328e-05;2.4338999409272933e-05;2.858643903767665e-05;3.231631612909907e-05;3.570409100412079e-05;3.89513591740352e-05;4.166803559106936e-05;4.363354611985656e-05;4.4599103379816695e-05;4.482908537399769e-05;4.4338199579839805e-05;4.3269714418626575e-05;4.200427906459348e-05;4.092945351781832e-05;4.0078964598416e-05;3.946190168295778e-05;3.905454363266773e-05;3.877381109281066e-05;3.851173350768311e-05;3.805423854329968e-05;3.724200966267202e-05;3.595013927398244e-05;3.4253509607493735e-05;3.2759741451942137e-05;3.1748329474221744e-05;3.1437211493166964e-05;3.149953468077584e-05;3.146109810325339e-05;3.097802919410621e-05;3.023331247440573e-05;2.979325505415918e-05;2.972551790613255e-05;3.0149272240792727e-05;3.0855221026259675e-05;3.1540643882712244e-05;3.209428690481605e-05;3.25073385090445e-05;3.275247473417492e-05;3.2727956570584204e-05;3.224646647241948e-05;3.127573873623023e-05;2.993898148601785e-05;2.8639919830904063e-05;2.7669910750109415e-05;2.716798635825604e-05;2.7367468963037156e-05;2.741090199001932e-05;2.7314918870653444e-05;2.6919277933217345e-05;2.65420128816468e-05
1181.797999225375;2.8394312918916646e-08;1.3945952894530144e-08;6.632288879160435e-09;1.4134495099535929e-08;6.327347304097958e-08;1.4817761594230954e-07;2.2780225702332506e-07;2.5600643207458655e-07;2.2647259216860034e-07;1.7185608683325788e-07;1.3433319936258354e-07;1.092644231962395e-07;8.62644500172855e-08;6.838601797022242e-08;5.6015696122106337e-08;4.7446642375012376e-08;4.3071137108608665e-08;5.1913964716647656e-08;7.969319276414576e-08;1.1274496147251885e-07;1.359376170849325e-07;1.3724314624326533e-07;1.4806161457919874e-07;1.670125385589305e-07;2.039715348321493e-07;2.1238086442443806e-07;1.8952619769970506e-07;1.534660477476738e-07;1.4912768305508252e-07;1.6722449736610333e-07;1.6905694041518985e-07;1.316951556756605e-07;8.699047509910877e-08;7.1049862731884e-08;7.99856936572665e-08;8.78957994054234e-08;8.40554560133399e-08;8.503243997379756e-08;9.75500722635211e-08;1.1639485452956953e-07;1.2743234621948353e-07;1.782685358974606e-07;3.570987719366424e-07;7.719914020855344e-07;1.5352902033549526e-06;2.98178776394336e-06;5.208047542990403e-06;8.287968861260646e-06;1.1937621850855903e-05;1.592432805127208e-05;2.0237428040885667e-05;2.4817886662007484e-05;2.937308747416238e-05;3.362240497557909e-05;3.740138734828833e-05;4.04512715603111e-05;4.236269933577487e-05;4.3126351513490265e-05;4.316328157212123e-05;4.2970382309212544e-05;4.270945172388272e-05;4.240944030365109e-05;4.19764997405877e-05;4.127162918916544e-05;4.035924961380731e-05;3.937541499365704e-05;3.837217192440273e-05;3.747368220393612e-05;3.665937764874973e-05;3.585433829760619e-05;3.5019654591816e-05;3.413553870323656e-05;3.321010853734127e-05;3.229135067961255e-05;3.13961176367068e-05;3.060101164024424e-05;2.994943967884861e-05;2.9504705225901443e-05;2.952615856925513e-05;2.9853817585468e-05;3.032054924100721e-05;3.092387491527055e-05;3.1359450985206234e-05;3.1527619163661434e-05;3.13989383435508e-05;3.12482121524388e-05;3.1026572519591215e-05;3.076013806861934e-05;3.0447871616526284e-05;2.9978617788281e-05;2.9301369114821224e-05;2.8462883642090136e-05;2.768671720628073e-05;2.7168312220487577e-05;2.706181995682784e-05;2.716564024066612e-05;2.718112984658025e-05;2.6926587288490387e-05;2.650151367634089e-05;2.612913751269964e-05
1183.5830003034207;1.470200545759713e-07;8.766023264206417e-08;4.6532785997966726e-08;5.5531520009493416e-08;1.3853723931576357e-07;2.938765721682619e-07;4.158488429476119e-07;4.196953625755477e-07;3.1416826035701925e-07;1.8707365179223386e-07;1.305820390965662e-07;1.2263218510520114e-07;1.222088700502193e-07;1.2173666436248182e-07;1.355112958306678e-07;1.6111952217208786e-07;1.724264910239279e-07;1.8578941542686926e-07;2.127869261498484e-07;2.261440888190611e-07;1.957945928602015e-07;1.3380461296493125e-07;1.045614210400907e-07;1.6071043437793845e-07;2.555804076930068e-07;3.167809157381013e-07;3.164458550715984e-07;2.782617723554277e-07;2.465602920942437e-07;2.1130855015761577e-07;1.6762088643842817e-07;1.0935308118616544e-07;6.368051500804799e-08;4.7591941900661685e-08;6.011158787550113e-08;7.703471318752459e-08;8.724558660812399e-08;1.1395263936591896e-07;1.6484928688218116e-07;2.1578195536021541e-07;2.2740690981824958e-07;2.144063775534155e-07;2.987111239304542e-07;6.603199924437928e-07;1.4637165495198892e-06;3.04315986953636e-06;5.533553560444676e-06;8.760946192717202e-06;1.2376047018712228e-05;1.613771391229737e-05;2.015566963313053e-05;2.4580696439243445e-05;2.9047924765862067e-05;3.3456989542388615e-05;3.7433672722353e-05;4.0476166938479726e-05;4.239714514106303e-05;4.308650959021915e-05;4.279959926161686e-05;4.202842547083373e-05;4.140376350371955e-05;4.12559118680892e-05;4.1321480088813504e-05;4.114763890960114e-05;4.039832580404412e-05;3.908602481796508e-05;3.758186554335162e-05;3.6178565060231446e-05;3.5004285531157595e-05;3.401654370930646e-05;3.315593425525141e-05;3.254050914249761e-05;3.22549631821845e-05;3.216883502468256e-05;3.21619831834227e-05;3.1781674971237254e-05;3.102761722575812e-05;3.0131267457676496e-05;2.9495877139832536e-05;2.9444721377578303e-05;2.979040517995326e-05;3.032976109922556e-05;3.0862226686631296e-05;3.1329643942130234e-05;3.14742866710166e-05;3.1269069884344176e-05;3.061839660601166e-05;2.9703421074577156e-05;2.883690848911387e-05;2.8257249126876264e-05;2.812135933360269e-05;2.8157679662718103e-05;2.8090087556101906e-05;2.773634216871881e-05;2.7118908839077215e-05;2.60978157818008e-05;2.53538514129938e-05;2.492847860002679e-05;2.4760895310348005e-05;2.468674869280328e-05
1185.3673389522264;2.1941315147268745e-07;1.5032323822745744e-07;1.1209899912637432e-07;1.1667853989692667e-07;1.4872113407282666e-07;2.0142414330083813e-07;2.3214657070903566e-07;2.0937075275460779e-07;1.4381452765506825e-07;7.704528441963117e-08;5.3380840900803534e-08;5.89839144760383e-08;7.312421286968655e-08;1.052933865657347e-07;1.667348609821845e-07;2.289040877484745e-07;2.5640044797305665e-07;2.437383089138908e-07;2.1694168021120305e-07;1.853605278240946e-07;1.4270502043516214e-07;9.159528887541246e-08;6.414549750322558e-08;9.227228846000585e-08;1.3440725252317406e-07;1.7995098159147874e-07;2.435839669530446e-07;2.898570603125167e-07;2.8880963074916325e-07;2.369117981146423e-07;1.499137848829056e-07;8.199015923550453e-08;5.014044121112774e-08;5.500470347659259e-08;7.726759644427421e-08;8.931697883172725e-08;8.543870014594814e-08;8.728624573819246e-08;9.778569169547193e-08;1.1547412039639713e-07;1.2229136689112622e-07;1.4693701384700913e-07;3.06403570078069e-07;7.887690778499632e-07;1.7813208313936743e-06;3.494884694445927e-06;5.982691159598148e-06;8.999418730094231e-06;1.2324727923985656e-05;1.5907913489425598e-05;1.985783245490639e-05;2.4206477693828827e-05;2.875344376451828e-05;3.299922467512498e-05;3.689962044746364e-05;4.015222039391356e-05;4.233640747309585e-05;4.320213717580854e-05;4.283066223877878e-05;4.1719824873953456e-05;4.0746009234254345e-05;4.046115989546601e-05;4.067850286665917e-05;4.089042503265338e-05;4.0450977742984856e-05;3.922274459886279e-05;3.758254572344708e-05;3.596952108078535e-05;3.461134793166515e-05;3.357554598473819e-05;3.284056991567662e-05;3.256457634586829e-05;3.2811636200338675e-05;3.346379980887012e-05;3.4026856312855086e-05;3.387664344956735e-05;3.285579588002893e-05;3.1249929126399576e-05;2.9573913645851726e-05;2.83835242260219e-05;2.7816447628812908e-05;2.7714882882317296e-05;2.814523518614765e-05;2.903060532068552e-05;2.997760036911656e-05;3.035898954288334e-05;2.999351015980203e-05;2.905877640214051e-05;2.799579265498952e-05;2.7415621817151644e-05;2.7554368228637886e-05;2.821699840798768e-05;2.888495887703443e-05;2.88996632506406e-05;2.792632621758519e-05;2.6412609968923705e-05;2.492906644642513e-05;2.4005818309196485e-05;2.365349766291796e-05;2.3619969083487263e-05
1187.1510152110675;1.1264795885009887e-07;1.0690129310208065e-07;1.17347902848072e-07;1.3300331951481493e-07;1.2724909511708537e-07;1.0335876443751301e-07;7.67262454209323e-08;6.450214688285245e-08;5.1567668672328215e-08;3.4752561208741545e-08;2.1823607281497078e-08;2.184678087631089e-08;4.293776891809231e-08;9.827758415770065e-08;1.6627244698861802e-07;2.084901608687839e-07;2.1478272050607507e-07;1.6966588156165553e-07;1.1071395393111127e-07;6.70714960317542e-08;4.5014901094566194e-08;3.8253422895623575e-08;3.661160766671918e-08;4.1258389915209954e-08;5.232992702824838e-08;8.568570615838822e-08;1.4747861629434353e-07;2.085061144315543e-07;2.13605443911121e-07;1.6648353194645454e-07;1.0170771194114108e-07;7.931937484040252e-08;1.1634644906562673e-07;1.9848811949152017e-07;2.5981847422439134e-07;2.5176070658274696e-07;1.809169030414099e-07;1.0037751043911453e-07;5.1646332906077415e-08;2.8626296674680383e-08;2.68745880353493e-08;9.691746878086605e-08;3.5220261934042626e-07;9.501447106990048e-07;2.044568559589016e-06;3.781050587529975e-06;6.25938585472014e-06;9.46808017791486e-06;1.3427624406343152e-05;1.7716924550367937e-05;2.2052926204071912e-05;2.6184798986660137e-05;2.98071833900109e-05;3.312603170100563e-05;3.6051688764884805e-05;3.890142883457221e-05;4.1357222519978826e-05;4.278600237300065e-05;4.2996857853616776e-05;4.2235570700051e-05;4.1404223869203935e-05;4.106026501776525e-05;4.12128089060182e-05;4.145077815306867e-05;4.1228852758329166e-05;4.026827340684304e-05;3.876468742711802e-05;3.707781837678299e-05;3.5648473976467885e-05;3.462476173722133e-05;3.402298004474364e-05;3.38278030915299e-05;3.4013365125141304e-05;3.4452980534786546e-05;3.45743556884847e-05;3.4136294202454526e-05;3.3017883357076234e-05;3.1295053597612206e-05;2.9456653378354896e-05;2.775792238514805e-05;2.6599877799636927e-05;2.612701460824474e-05;2.636602419424702e-05;2.7033279800219564e-05;2.78643356127209e-05;2.8280899247434807e-05;2.822453274150968e-05;2.7858457996081188e-05;2.735689652650853e-05;2.716758020621416e-05;2.7142658894563054e-05;2.720885989589708e-05;2.7210874003869775e-05;2.6998844978972258e-05;2.66685704197346e-05;2.631881047510972e-05;2.6009318282572056e-05;2.595361250136305e-05;2.5856668965637213e-05;2.578038247136916e-05
1188.9340291193075;9.910904982895365e-08;8.567158078431185e-08;8.114755055065755e-08;9.060042573625157e-08;9.936306306911253e-08;1.1671425017878765e-07;1.4473080126769544e-07;1.6214990828936897e-07;1.6030465400677718e-07;1.481018348557246e-07;1.373841712923941e-07;1.304518514189776e-07;1.3726677949049166e-07;1.64620604326853e-07;2.003305609262905e-07;2.1085939191709066e-07;1.730626883552515e-07;1.1119105727129401e-07;5.946147561125008e-08;3.915617012956903e-08;4.96325284331757e-08;6.853368103086251e-08;8.358904407872526e-08;9.814005998715137e-08;1.144077014811213e-07;1.2850458571177486e-07;1.2570269091295266e-07;1.0526003961725849e-07;8.37541245561529e-08;5.3834937614574094e-08;4.2543146726709686e-08;7.241823901581643e-08;1.6751604941248696e-07;3.009330430445493e-07;3.834493879544977e-07;3.599069558158529e-07;2.491431698669571e-07;1.309334021918226e-07;7.155549656424914e-08;5.309288246051395e-08;6.2702332482809e-08;1.1498380139514247e-07;2.801234724035261e-07;6.800884467234172e-07;1.501860850774449e-06;3.002698780172803e-06;5.486027809034497e-06;9.121177218771946e-06;1.3694720424715192e-05;1.872995863628477e-05;2.344931498179732e-05;2.7394621484912065e-05;3.059659220046748e-05;3.3495951747944565e-05;3.671983752957303e-05;3.9926667416215376e-05;4.2860029387140616e-05;4.466133098671985e-05;4.495696190819887e-05;4.410656325468083e-05;4.27351200145278e-05;4.1688780097112393e-05;4.101214593136497e-05;4.063370154111959e-05;4.022604323064807e-05;3.948475576924621e-05;3.8445206363520505e-05;3.752334623868101e-05;3.6637174008649776e-05;3.593512994466705e-05;3.548619030248565e-05;3.5113915013116234e-05;3.480731137127773e-05;3.445919539131644e-05;3.395760963953848e-05;3.321882123586239e-05;3.2201660496715087e-05;3.099052926350379e-05;2.966436956561555e-05;2.8454533312068853e-05;2.760159397081704e-05;2.724931034524298e-05;2.7310263638103405e-05;2.746077015911627e-05;2.7445947133571274e-05;2.72251709935041e-05;2.70432727320538e-05;2.709128440652657e-05;2.732188059166158e-05;2.749748524154302e-05;2.730738477037838e-05;2.676959632857013e-05;2.610927137675056e-05;2.576434001104361e-05;2.605380066128551e-05;2.675116978676844e-05;2.761721542567995e-05;2.817212661063145e-05;2.8255838208874437e-05;2.812259699627567e-05
1190.716380716458;1.8687487543262275e-07;1.378663293256441e-07;1.0314995280461346e-07;1.0100825735179579e-07;1.253984879343835e-07;1.6301090411781074e-07;1.978447445757262e-07;2.137826609580717e-07;2.207376378769872e-07;2.320302526323787e-07;2.410033899041065e-07;2.256068425800337e-07;1.889287603356409e-07;1.5240765682051586e-07;1.3520185488524646e-07;1.22263310319834e-07;8.731471756082545e-08;5.302046464722004e-08;3.143075420908919e-08;3.849712710143895e-08;7.567051854034974e-08;1.1505366746666133e-07;1.38007589261303e-07;1.3653909216463432e-07;1.1491269096464957e-07;9.18393133575726e-08;6.746873270969623e-08;3.4085308958443074e-08;1.9184141856096792e-08;1.2548673548936717e-08;1.2954535263669498e-08;3.4872607598480004e-08;7.99724830326728e-08;1.3907250463912576e-07;1.7414175630903795e-07;1.6265452776538869e-07;1.1412657431423593e-07;6.51695680296809e-08;4.2320139307319454e-08;5.0533449976791315e-08;9.11047299870102e-08;1.7118231901656322e-07;3.001110104182313e-07;5.515106846069098e-07;1.129479021794161e-06;2.488770531130337e-06;4.924532168977182e-06;8.544611177098826e-06;1.2866424755610396e-05;1.759979089486463e-05;2.2308107440283985e-05;2.6730551191230448e-05;3.092177705107324e-05;3.4831581040051894e-05;3.896529874958925e-05;4.28294046730545e-05;4.576961055710209e-05;4.718873804444791e-05;4.709315991762304e-05;4.5982430653092046e-05;4.434515636689796e-05;4.253525302177347e-05;4.07885178393245e-05;3.945829229735048e-05;3.855989005415048e-05;3.79299332332651e-05;3.740194363746671e-05;3.707329154726078e-05;3.68415312376542e-05;3.65822386595001e-05;3.616811898984373e-05;3.5578334626381614e-05;3.493181049186567e-05;3.4255717408358566e-05;3.3459105383585e-05;3.258423306344537e-05;3.156828704193831e-05;3.067573754298114e-05;3.001994944177496e-05;2.952255441273898e-05;2.93240820429114e-05;2.9249204911067746e-05;2.899133676297505e-05;2.846765990194377e-05;2.7636892430803665e-05;2.6848905527912864e-05;2.640833375882799e-05;2.641493175925355e-05;2.68028037179074e-05;2.7281167041850524e-05;2.755396784802276e-05;2.7864274266935324e-05;2.817207181114326e-05;2.8433382086767835e-05;2.8640567494179145e-05;2.866630396402532e-05;2.8591771114654875e-05;2.821278346388348e-05;2.773602284619872e-05;2.7355463663839367e-05
1192.498070042133;1.133200305916535e-07;1.1039173662629833e-07;1.100342822199854e-07;1.2215723446982353e-07;1.391938746438003e-07;1.5381719265765265e-07;1.4928959122982752e-07;1.3442004317190857e-07;1.2110683951311578e-07;1.205554526860322e-07;1.2390685268900724e-07;1.1335203359270186e-07;8.501500378970363e-08;5.030499986486092e-08;2.6045613991817546e-08;1.529408106386629e-08;1.0555969314734876e-08;8.07991237151546e-09;8.113736061329999e-09;2.026115026637205e-08;5.093400196106176e-08;8.418853336221867e-08;9.61771629735919e-08;7.91878200721163e-08;4.84742421257776e-08;2.541285199264884e-08;1.0222201110385661e-08;6.0764123160327745e-09;4.9026551752694415e-09;3.935509558085187e-09;2.984652315684032e-09;2.342050037752414e-09;2.513108687700533e-09;3.5150673812193116e-09;4.947771426379154e-09;6.087619239751726e-09;5.241409082873633e-09;4.800305968739379e-09;8.221820263535086e-09;2.5894355636219785e-08;8.70833476877245e-08;2.387196920640412e-07;5.079151337405565e-07;9.258673100614936e-07;1.6330507983574571e-06;3.0861256398473933e-06;5.675984256434684e-06;9.463059907883608e-06;1.394586052892899e-05;1.88255934817845e-05;2.3701270569501763e-05;2.831662246103838e-05;3.2506093427567634e-05;3.62996220841869e-05;3.97041877643554e-05;4.266677071298044e-05;4.492396542805765e-05;4.633195860633544e-05;4.695746536882427e-05;4.692788082032089e-05;4.620531668087727e-05;4.4704127420659945e-05;4.283347513597918e-05;4.10330504323936e-05;3.959291562595939e-05;3.8496792110805e-05;3.752141179260687e-05;3.653024826837177e-05;3.5788604704001747e-05;3.530617766834845e-05;3.4923132603332805e-05;3.459772419666739e-05;3.4104887142828976e-05;3.3411053202510115e-05;3.248257830323308e-05;3.1595833983247274e-05;3.1069622153940315e-05;3.104741093330938e-05;3.1506862821001935e-05;3.203870102927255e-05;3.2351457104485606e-05;3.212800602212112e-05;3.135262640326104e-05;3.02571012594504e-05;2.914270963843102e-05;2.834651930805215e-05;2.783530786259559e-05;2.749836911024853e-05;2.7276183125130952e-05;2.7237564332794488e-05;2.775551362319113e-05;2.881671648953162e-05;2.987764532852981e-05;3.042182950098272e-05;3.028612130738421e-05;2.958619336591424e-05;2.8638737395422656e-05;2.766760591899272e-05;2.6979107649585616e-05;2.660830024156137e-05
1194.279097136077;1.4337355412462978e-08;3.406170429981855e-08;6.258083081100169e-08;9.311122661288257e-08;1.1100029353393859e-07;1.074354771916355e-07;8.702833229794822e-08;5.5184074099289596e-08;2.8351487603903578e-08;1.3660998637686665e-08;9.078762298509962e-09;8.030971430274316e-09;6.980399850479742e-09;5.737351281762495e-09;4.40228779430821e-09;5.9571817582402194e-09;1.6438913300259162e-08;3.10722153056144e-08;4.4725552507545896e-08;5.4250206546636695e-08;6.327194155732789e-08;7.119740067762725e-08;6.727875245646972e-08;5.3230909847762874e-08;3.5631772321811426e-08;2.0145827524839688e-08;1.0652516107331349e-08;6.586616326138887e-09;4.589299487862275e-09;3.3071227474137992e-09;2.341689629402621e-09;2.1942816951573763e-09;6.5670220068442865e-09;1.805138848255709e-08;2.5066779261189327e-08;2.2771721745018745e-08;1.335594603791698e-08;5.348111253249449e-09;4.423987150197105e-09;1.506448845391265e-08;6.489231096481797e-08;2.1704100007638725e-07;5.59797944258365e-07;1.183405149275526e-06;2.25816272849459e-06;3.944685200631943e-06;6.628082066884325e-06;1.051124172304896e-05;1.5377366665445e-05;2.078574935180428e-05;2.5897839996710247e-05;3.0334490132298715e-05;3.4015808222430766e-05;3.698993925171389e-05;3.963301435337717e-05;4.208577832604801e-05;4.433235057412387e-05;4.625849240906227e-05;4.753157151528149e-05;4.79814827819232e-05;4.750478900855132e-05;4.628761146041792e-05;4.462404887588194e-05;4.275592832076733e-05;4.0844646725726016e-05;3.910077484372842e-05;3.736653410852829e-05;3.570132248662167e-05;3.433849044139355e-05;3.354008968732569e-05;3.332876029106162e-05;3.3495767738647345e-05;3.3402680713092125e-05;3.278258620317006e-05;3.181407648291539e-05;3.1141285764626296e-05;3.133909068233824e-05;3.2395710103701986e-05;3.378475350107973e-05;3.4808393650889645e-05;3.492893491087096e-05;3.41616968940889e-05;3.3050120370236806e-05;3.205027413504846e-05;3.147126747165425e-05;3.1244863319030204e-05;3.0759612552560245e-05;2.9858676773492205e-05;2.8680839471795168e-05;2.7622103389021995e-05;2.7330582825128868e-05;2.7867481536870263e-05;2.8811383502142236e-05;2.954311328376553e-05;2.969704451645416e-05;2.9268684038586223e-05;2.8624368178592823e-05;2.7898720292058247e-05;2.7441396198803797e-05;2.719237618066145e-05
1196.059462038149;1.2340218612536973e-08;1.855037988205188e-08;4.386707464933383e-08;8.650323588021133e-08;1.2788186300320264e-07;1.358887939627685e-07;1.0552149397475888e-07;6.03231702642416e-08;2.616679153093172e-08;1.2422508056218988e-08;9.721025628237315e-09;1.0428475566336778e-08;1.1351980430944934e-08;1.0091726645392574e-08;7.68316875223141e-09;1.2130119190233052e-08;3.191301836284604e-08;6.609781242069943e-08;1.0917605448288853e-07;1.4903059551511813e-07;1.627114850699075e-07;1.5365413031897773e-07;1.301369050148331e-07;1.004156520692692e-07;6.8455196872231e-08;4.039136716801788e-08;2.1494937627308023e-08;1.3459687717889466e-08;1.106745993474994e-08;8.925980986181748e-09;6.6854690570622875e-09;5.412123121573682e-09;1.3639131973586877e-08;3.1237069915802754e-08;4.338912960746062e-08;3.9101834957082097e-08;2.4229194318687346e-08;1.3660176783308808e-08;1.3560987166492598e-08;1.9196679800192068e-08;3.4606690871935154e-08;1.1217278862507395e-07;4.150749553787343e-07;1.1649338571560213e-06;2.5482372194506885e-06;4.544103271825986e-06;7.182548172808784e-06;1.060888416230678e-05;1.5071319571945216e-05;2.0240155773304797e-05;2.545859805760872e-05;3.0179532726046622e-05;3.418333159232834e-05;3.757661408469516e-05;4.0523964908780784e-05;4.334570382439802e-05;4.584477757128162e-05;4.775942234956244e-05;4.873637069476898e-05;4.856421631833963e-05;4.729611051564364e-05;4.5417134965576654e-05;4.339893118371882e-05;4.1593356298283405e-05;4.013482040329752e-05;3.897872834174418e-05;3.798929589717965e-05;3.680891058822027e-05;3.575077635433162e-05;3.499070622639466e-05;3.4405094306537595e-05;3.4331401535387256e-05;3.417821101154301e-05;3.367868771123996e-05;3.2908283157261504e-05;3.213427511930993e-05;3.1936275885578645e-05;3.242793864465509e-05;3.315263208230947e-05;3.3649338518963094e-05;3.359235208721751e-05;3.309906819946221e-05;3.241369894871934e-05;3.187207729723569e-05;3.154922368912523e-05;3.136085738208606e-05;3.088619779181573e-05;2.9963298608703574e-05;2.8776692961930144e-05;2.7805944409119683e-05;2.7402298189562956e-05;2.75908491697451e-05;2.82007287632839e-05;2.8780314588098863e-05;2.8950802850687863e-05;2.868341143811039e-05;2.8113704857933847e-05;2.748419905443915e-05;2.701038309064629e-05;2.674020766631739e-05
1197.8391647883143;7.653959688509444e-08;7.855398225132057e-08;8.033749177220118e-08;9.585799071172961e-08;1.2648880811330202e-07;1.425187305962082e-07;1.259263665289861e-07;8.198880399656971e-08;4.0006686221456256e-08;2.243329239392276e-08;2.6991000731326963e-08;4.563933550044272e-08;5.990784985482438e-08;5.4055791354679834e-08;2.8337600213775764e-08;1.7581191708522098e-08;2.4156324750120505e-08;5.3227347352164865e-08;1.0080472441349263e-07;1.5691942763689245e-07;2.028873930929958e-07;2.0664270459835621e-07;1.7445060900111193e-07;1.218058251726153e-07;7.439353230044148e-08;4.113605267714554e-08;2.3277994662774283e-08;1.6649943905564984e-08;1.818785232442708e-08;2.314391628311395e-08;2.582968132766048e-08;2.2994475230144523e-08;1.9817059053441367e-08;2.1768659555960625e-08;2.433115726815157e-08;2.195889557150864e-08;1.6374249909561338e-08;1.5924605117503072e-08;2.0829388856120812e-08;2.5352788052416752e-08;2.9490874610536765e-08;7.344887111070635e-08;3.110498141395433e-07;9.928241616355283e-07;2.2715253602282405e-06;4.140746660505128e-06;6.635411912967066e-06;9.922077522685044e-06;1.4231402654724252e-05;1.94154394032181e-05;2.4890830197896378e-05;3.0045718242818568e-05;3.452720802641938e-05;3.843133708384808e-05;4.191419905446969e-05;4.4921646926035445e-05;4.727325589592174e-05;4.866627228372129e-05;4.8874724190167855e-05;4.7846739104435344e-05;4.586148004895499e-05;4.355340254263102e-05;4.149158988119378e-05;4.014505600781734e-05;3.944555545633092e-05;3.915153526374319e-05;3.8910204116207286e-05;3.8133781952703945e-05;3.701286102500909e-05;3.592648670823927e-05;3.519036935083761e-05;3.474560993256812e-05;3.4216697258276235e-05;3.353683771350154e-05;3.260308789320026e-05;3.164384613072962e-05;3.094357027113486e-05;3.0681088220417435e-05;3.074851270576806e-05;3.0816180398437966e-05;3.065189444939745e-05;3.023657714193466e-05;2.983563355650843e-05;2.9711529589591656e-05;2.990253962565531e-05;3.009571596005484e-05;2.9975042469204745e-05;2.949409902285213e-05;2.8736248497343603e-05;2.810894472423645e-05;2.8078907589627636e-05;2.8488763677536623e-05;2.8929252359120187e-05;2.903337544370637e-05;2.8602526029474372e-05;2.7767296027436715e-05;2.6807088156872965e-05;2.600391192964548e-05;2.547999853796647e-05;2.519978579052277e-05
1199.6182054266792;1.1865095697346943e-07;1.272575250751793e-07;1.1376848170246545e-07;9.923419339945429e-08;1.0650283673969349e-07;1.3471848370455121e-07;1.5847623838957593e-07;1.585451544370793e-07;1.4242291140901712e-07;1.24441581207579e-07;1.183230508155764e-07;1.293815717420496e-07;1.4504278044866026e-07;1.5535126961087584e-07;1.5403774182831233e-07;1.4489400288831758e-07;1.2576303597876084e-07;1.0006552234005133e-07;8.303796271026799e-08;9.243657707413329e-08;1.2508893669138934e-07;1.5184287532602718e-07;1.448650849675841e-07;1.0662374061916825e-07;6.166339128611178e-08;3.2590574980255726e-08;1.9372555515686547e-08;1.499101474572722e-08;1.8843088984281587e-08;3.0788529268219234e-08;4.096241094237832e-08;4.260804236378772e-08;3.5702088574021635e-08;2.6944545725937032e-08;1.9633924201897908e-08;1.2331905081523098e-08;8.47888049157714e-09;1.0449867961638796e-08;1.5551677189323986e-08;2.377367793230168e-08;3.757267918316476e-08;9.30947815225674e-08;2.639847463984049e-07;7.060039189173997e-07;1.6473146792761373e-06;3.2572755596205885e-06;5.898899844098521e-06;9.69002909656854e-06;1.4686303226205932e-05;2.040951653338632e-05;2.6198590146018546e-05;3.160980071854477e-05;3.6401089115762966e-05;4.071175976693202e-05;4.4418664322831534e-05;4.745793267503023e-05;4.968527131188104e-05;5.073483667054349e-05;5.0354336695428e-05;4.8708845130265787e-05;4.6539271816200064e-05;4.442101337935272e-05;4.273839687927076e-05;4.16115468365293e-05;4.071118264304633e-05;3.968211020117847e-05;3.832271857991251e-05;3.679622933086177e-05;3.566543697790576e-05;3.519513257642972e-05;3.5416882819232534e-05;3.524244094047435e-05;3.436949103417274e-05;3.2863584778646405e-05;3.114134491051489e-05;2.999117983304089e-05;2.953294981160775e-05;2.965904837293637e-05;3.001365305381232e-05;3.0027587103598728e-05;2.9568289899863733e-05;2.864559765004953e-05;2.80166267222338e-05;2.817382864500295e-05;2.9033796609490325e-05;2.9989768698518305e-05;3.039119281904333e-05;2.9989489194973972e-05;2.9079004006815916e-05;2.8326262766650347e-05;2.823230194145468e-05;2.874750137270972e-05;2.9313774624166523e-05;2.927716328587092e-05;2.8424271775948508e-05;2.7031492477056777e-05;2.5787565114632267e-05;2.5150053412934816e-05;2.4971732904093167e-05;2.5031702296594836e-05
1201.3965839934535;6.154287197562445e-08;7.87823191571102e-08;8.551452549930822e-08;8.595563613167873e-08;1.0460196458846895e-07;1.5543630777852933e-07;2.198083085208539e-07;2.707852688103925e-07;2.816446198394469e-07;2.4635679733429444e-07;1.932084507832995e-07;1.5414058499803174e-07;1.5037000256720997e-07;2.033062672956141e-07;2.755971821584535e-07;3.065684915947933e-07;2.671584940781564e-07;1.7984687340871457e-07;1.0036870286468656e-07;5.4975354325148765e-08;4.516291417556617e-08;5.878793612021666e-08;6.343848132578839e-08;5.1556087922180135e-08;3.201976002205849e-08;1.99244866469944e-08;1.3661693582353829e-08;1.0259846473974042e-08;1.0727252082210981e-08;1.5978961501042816e-08;2.2858292576946697e-08;3.0742196381971554e-08;3.8066199098779214e-08;3.799388124152032e-08;3.1245513136743815e-08;1.7986576148632102e-08;7.900239172916778e-09;5.096207886943645e-09;7.460458217742067e-09;1.4489927987578784e-08;2.8527420417388223e-08;7.415718900865614e-08;2.1373363969856447e-07;6.195005348858904e-07;1.649182480014423e-06;3.6233377693565503e-06;6.729388414612898e-06;1.1031498636614858e-05;1.6369648697091993e-05;2.2383165835255635e-05;2.8535470403889368e-05;3.450757399721894e-05;4.015028841020167e-05;4.512680841802736e-05;4.8988084885627335e-05;5.15727416192295e-05;5.299062419003948e-05;5.332496424468973e-05;5.266844838176514e-05;5.114613737934362e-05;4.929591573650398e-05;4.754560659364095e-05;4.595534986319015e-05;4.437973382861872e-05;4.26577395092306e-05;4.048829069043923e-05;3.809924406370839e-05;3.614828757923632e-05;3.527311861086963e-05;3.5437774121264866e-05;3.603963028005781e-05;3.604544096985073e-05;3.5135133627133205e-05;3.341819547577158e-05;3.178999142699027e-05;3.083755880718328e-05;3.0580123103923216e-05;3.073955518291502e-05;3.0748310517550825e-05;3.035724878181254e-05;2.9606364989894544e-05;2.8715928842639225e-05;2.8116755118961788e-05;2.822226299673893e-05;2.8880960489355237e-05;2.955631409940469e-05;2.986479632921852e-05;2.947059294092035e-05;2.8785109460567197e-05;2.8387764848653587e-05;2.8581320881028277e-05;2.942009665919682e-05;3.0133413450142765e-05;3.012507634634144e-05;2.9169105132807114e-05;2.764151997610365e-05;2.630847451492612e-05;2.576386287741535e-05;2.578642868026249e-05;2.6102121578265632e-05
1203.1743005289682;1.4722423118916688e-08;3.804288013678521e-08;6.005535828595707e-08;6.791164749828093e-08;7.653900066257696e-08;9.666836782995992e-08;1.5281014267629928e-07;2.077857959300901e-07;2.1378067260101485e-07;1.677624550289301e-07;1.0869614215539152e-07;7.19159116274831e-08;7.47024225176072e-08;1.3365453473012982e-07;2.082880177082987e-07;2.33532243839814e-07;1.8846290067389398e-07;1.1644268843143466e-07;6.225483406867804e-08;2.6276085363747517e-08;1.536173129687349e-08;1.2464361176520208e-08;1.047611640607274e-08;9.02042978570331e-09;8.083633336266411e-09;7.389338249577235e-09;5.93828794415936e-09;4.1117554809238135e-09;2.7232173267713142e-09;2.079806199443786e-09;3.0492630590697414e-09;7.690147003045396e-09;1.4423486473036988e-08;1.794188460176717e-08;1.52627092956889e-08;8.712372409853083e-09;3.7557934040338995e-09;1.9826474679093722e-09;2.8227198243531e-09;5.160225302881947e-09;1.2431596558837491e-08;4.7860612502674286e-08;1.810436221880043e-07;7.134084674379936e-07;2.057932982341028e-06;4.46327628770509e-06;7.900378496370468e-06;1.245503013765763e-05;1.7953527447781593e-05;2.4252507741919754e-05;3.087592672000352e-05;3.738940259461257e-05;4.354128877038838e-05;4.890147556051188e-05;5.284155511327556e-05;5.503614390811769e-05;5.559702409810177e-05;5.509432906381845e-05;5.405630568265417e-05;5.279406159963838e-05;5.147419134047091e-05;5.007778522442079e-05;4.846419907001104e-05;4.649232719302264e-05;4.401747062955724e-05;4.133407967478181e-05;3.887993108407924e-05;3.7027353921412505e-05;3.598526126614284e-05;3.561328093050363e-05;3.5433750804253666e-05;3.5036801211999925e-05;3.4427842305110427e-05;3.3891342453585954e-05;3.3597837714953514e-05;3.364225767806714e-05;3.371345026001132e-05;3.3566932700665206e-05;3.311575178901209e-05;3.2340041546791715e-05;3.132536242108658e-05;3.0290849206530247e-05;2.9348645528092617e-05;2.8604057163972434e-05;2.8107414322693227e-05;2.775369525172127e-05;2.744074288323976e-05;2.7306880718608115e-05;2.7605104752148075e-05;2.8453818916208e-05;2.968126762168843e-05;3.0826422128473363e-05;3.1482346776711914e-05;3.137223325772424e-05;3.04880487246951e-05;2.910485205974358e-05;2.757224694759242e-05;2.675167388032052e-05;2.66673748430432e-05;2.6733602602243017e-05
1204.9513550736738;1.1067018324643552e-08;3.3544449323656345e-08;5.4619029484445056e-08;5.9038051087329867e-08;4.544952532499348e-08;3.1365296752388065e-08;3.9565840374075915e-08;5.346201596022956e-08;5.1911282242829633e-08;3.2875728459484995e-08;1.4174013572988812e-08;1.0045537495034391e-08;2.167391865816145e-08;4.765792062784033e-08;7.86723383432811e-08;8.147681222221613e-08;5.8667765950757135e-08;3.0888656922284184e-08;1.5146699583953987e-08;8.338739563542311e-09;7.264326903950993e-09;7.698301016290365e-09;7.541259819500731e-09;6.465089779152666e-09;4.762808944623298e-09;2.990648261806662e-09;1.7862331354084611e-09;1.348593076540977e-09;1.188890855290379e-09;1.0655731096229352e-09;9.054219112688571e-10;7.344925894764903e-10;7.059818031337097e-10;6.889243157006485e-10;6.216837029378686e-10;5.612217319067596e-10;5.667421106566378e-10;6.867543523249511e-10;8.759405170026987e-10;1.8138687085783002e-09;9.160582903267125e-09;5.4902513106394874e-08;2.329091588465591e-07;8.378529903497973e-07;2.298337241537334e-06;4.815808741927501e-06;8.444838321780236e-06;1.3264283168633682e-05;1.9193568975636555e-05;2.5953128597692025e-05;3.29951961457381e-05;3.971817087909056e-05;4.576423284444104e-05;5.090915249065927e-05;5.479381748716222e-05;5.709347864508947e-05;5.782693775620562e-05;5.746102505184792e-05;5.65663897283561e-05;5.547223322287488e-05;5.416622837606464e-05;5.2539755409758326e-05;5.044456461405356e-05;4.785295032089936e-05;4.493922828801895e-05;4.197874791732262e-05;3.951343770909086e-05;3.768485560055598e-05;3.642907177264394e-05;3.5527100679985955e-05;3.4821753700757165e-05;3.4243311941217395e-05;3.397661808169642e-05;3.423630992716042e-05;3.478265097605504e-05;3.5346690535373074e-05;3.555899350657646e-05;3.527445110072759e-05;3.4573414119566976e-05;3.368021093250826e-05;3.274067368347716e-05;3.172789593291627e-05;3.055712353376566e-05;2.9279354933502872e-05;2.7996297903819584e-05;2.697873862476816e-05;2.6305756919038037e-05;2.63290024828e-05;2.7253281801225385e-05;2.885892018434332e-05;3.060200517432253e-05;3.147472969123237e-05;3.127413542254298e-05;3.0254139595918716e-05;2.9019857913519232e-05;2.8053689256284094e-05;2.748185937530394e-05;2.723813196035461e-05;2.72030717291385e-05;2.7206305037144083e-05
1206.7277476681377;4.076922257283488e-09;1.3376066370104528e-08;2.4594993827830013e-08;3.29990651875005e-08;2.8973195689991222e-08;2.6489351968989673e-08;2.0994993864074342e-08;1.5699221213207538e-08;1.1481457858836506e-08;7.013671373589655e-09;3.872173853680882e-09;3.596722842902461e-09;6.0514762881761525e-09;1.1302341007316972e-08;1.9508816926952753e-08;2.7567044637601042e-08;3.16930293354451e-08;3.052631004685078e-08;3.5316833192680925e-08;4.5789847119423026e-08;4.937895651760006e-08;4.119640660924496e-08;2.6608596167652557e-08;1.4229468683037034e-08;7.696376833587415e-09;5.28452711892893e-09;3.9359972815029565e-09;5.527868497916181e-09;9.771368719688585e-09;1.2872652875833084e-08;1.2120478278928431e-08;8.441380532250252e-09;7.898119023169128e-09;1.7255242917611338e-08;3.3849707006702285e-08;4.93168406307282e-08;5.251724141471953e-08;4.122171139995144e-08;2.4560493753440146e-08;1.3156571132735256e-08;2.5130117927625626e-08;1.2158025643595545e-07;4.620953557362446e-07;1.3410379770792871e-06;3.096860148841901e-06;5.812445953370673e-06;9.565875777025545e-06;1.4359658010852382e-05;2.050240643591082e-05;2.7560920009249177e-05;3.487168998874642e-05;4.18907203769682e-05;4.818807077497792e-05;5.333546651398764e-05;5.70313041570237e-05;5.928601335696853e-05;6.0444905554029765e-05;6.084894218474426e-05;6.06214935459608e-05;5.9716318159297446e-05;5.79608701899495e-05;5.532995173842684e-05;5.203979149219338e-05;4.855751917685704e-05;4.521641875993478e-05;4.229968024483383e-05;3.997185956290588e-05;3.826748460080591e-05;3.705602104310791e-05;3.61510760266858e-05;3.555718851399824e-05;3.503153597923168e-05;3.46265321825805e-05;3.4497804257466186e-05;3.4733916556074684e-05;3.502485326519515e-05;3.497382023321188e-05;3.434823481324295e-05;3.3233650785869094e-05;3.208140347780798e-05;3.12450136957698e-05;3.076198736018364e-05;3.0351559105704728e-05;2.9744105553691515e-05;2.904449218282998e-05;2.836302745511265e-05;2.8047794264987308e-05;2.8377162054002253e-05;2.9123808017724197e-05;2.985260412641747e-05;3.0079425520969505e-05;2.94248972062988e-05;2.812862942556628e-05;2.675075965204058e-05;2.605698128508973e-05;2.633666957051277e-05;2.7389265498141685e-05;2.8286963093192904e-05;2.8710748251565195e-05;2.8883850219070984e-05
1208.5034783530464;4.9003164619922336e-08;4.4498165842581116e-08;3.2400439066426914e-08;2.15963106216674e-08;1.8293188947590297e-08;2.0311047358786346e-08;2.3594231209982525e-08;2.6248329416335467e-08;2.2816388734090893e-08;1.4496463837398966e-08;6.860929739612793e-09;3.1856295385620147e-09;2.476900092275003e-09;3.201676982019764e-09;5.486725790285909e-09;9.648797059054137e-09;1.7594835986728192e-08;3.232407817565495e-08;5.705099048804147e-08;8.444875949730035e-08;9.178545591413915e-08;7.418981082754117e-08;4.433445096017736e-08;2.0535085272193815e-08;1.1003218872901866e-08;7.59436177496886e-09;6.280855419066641e-09;9.778001838472391e-09;1.8606174536034544e-08;2.6031857216157347e-08;2.9108434000587948e-08;3.247186870013631e-08;4.5779573209638494e-08;7.371010124310753e-08;1.0114509732058825e-07;1.198209919173527e-07;1.1569671108992565e-07;8.509575091181989e-08;4.999348149304533e-08;2.5158012254607036e-08;3.809220863589798e-08;1.82670766236315e-07;6.570016476186209e-07;1.843207964192493e-06;4.00883142738325e-06;7.127569820004563e-06;1.1189920651330929e-05;1.6231476216333045e-05;2.2420256307510076e-05;2.972368478430005e-05;3.7587769287705496e-05;4.537743217319052e-05;5.235653023223016e-05;5.7789378264869465e-05;6.139368813725345e-05;6.34145349913198e-05;6.454506011485511e-05;6.521391987061162e-05;6.51815130774512e-05;6.39596336110904e-05;6.136070666244511e-05;5.760875756863189e-05;5.318668235575765e-05;4.8825685185354487e-05;4.5040098888160805e-05;4.210991850607228e-05;4.007760666691874e-05;3.874878448544717e-05;3.780204572346646e-05;3.727625319907027e-05;3.686332736155163e-05;3.6370721139299554e-05;3.582447159781042e-05;3.539495778307192e-05;3.5241644046436215e-05;3.527869501577884e-05;3.511911521836074e-05;3.441285855655653e-05;3.3253219490401496e-05;3.198768482114771e-05;3.104608180058971e-05;3.058826581189242e-05;3.053466766465979e-05;3.0408166903948965e-05;3.010610298213026e-05;2.9775184314095557e-05;2.9741355137811915e-05;3.0128812570852103e-05;3.0584897886154666e-05;3.068073061291188e-05;2.999095605536188e-05;2.8484732533179413e-05;2.6734028757788985e-05;2.563470307549544e-05;2.567440892124462e-05;2.6754095809225786e-05;2.8214061037958905e-05;2.9457131502023337e-05;3.011675080961119e-05;3.034090886921559e-05
1210.2785471692005;1.0110674356761659e-07;9.16845666173786e-08;6.362288736488316e-08;3.305033911276613e-08;1.7318184386089002e-08;1.6011960368006522e-08;2.2812698731171863e-08;2.9388470784042984e-08;2.8392683009761985e-08;1.9949201501449242e-08;9.552296903451862e-09;4.433811312766758e-09;3.267329728039452e-09;3.406297821602482e-09;4.350628442977221e-09;5.697627314021513e-09;8.638527440116493e-09;1.572820359198089e-08;2.8569286214943853e-08;4.2885933998066134e-08;4.904964440396937e-08;4.497926036881e-08;3.28548415974985e-08;1.8893801920672218e-08;1.2167109516250356e-08;6.970882750815864e-09;4.480497348036839e-09;5.703437668229486e-09;1.0496679276601338e-08;1.6885746805495472e-08;2.808952838405964e-08;5.0509731677964566e-08;8.100957786254287e-08;1.062900262939995e-07;1.1296759453889187e-07;1.0168673013285778e-07;7.952554385532212e-08;5.330215621116013e-08;3.115908052546281e-08;1.8868138865810147e-08;3.23381398186949e-08;1.496127951308576e-07;5.401753758858185e-07;1.5984012406943494e-06;3.7251621736318767e-06;7.149154195152153e-06;1.196613132806005e-05;1.8410870609112517e-05;2.599390647718208e-05;3.4313137690252634e-05;4.265098162241982e-05;5.052862042024349e-05;5.748356907375821e-05;6.303196584024918e-05;6.693321315106896e-05;6.929903803784101e-05;7.058696069673575e-05;7.094822258962222e-05;7.002715164979817e-05;6.75839187479828e-05;6.39178518133043e-05;5.953973843712834e-05;5.483027194217705e-05;5.024510092685669e-05;4.616763063708575e-05;4.3022964332300206e-05;4.087596623071026e-05;3.949461283328354e-05;3.8622933731502135e-05;3.802658479805729e-05;3.751751613891805e-05;3.708572809297686e-05;3.6615650933630295e-05;3.620678383191108e-05;3.6016161632578336e-05;3.607569903190347e-05;3.607226486487421e-05;3.563362727865224e-05;3.467581399087701e-05;3.337055347695211e-05;3.2139222648112564e-05;3.1338781574700735e-05;3.103300748464459e-05;3.1054485381705184e-05;3.089198305612425e-05;3.0723555116047724e-05;3.0475665825144448e-05;3.0319472021391397e-05;3.047356262257381e-05;3.077447772438969e-05;3.076400138103392e-05;3.031668354073325e-05;2.9528884639664148e-05;2.8548338315847808e-05;2.7941427715925817e-05;2.7960888042095785e-05;2.853339923979553e-05;2.906451796755972e-05;2.9363502779173143e-05;2.947256115747988e-05
1212.0529541575197;5.947802211960852e-08;5.46897195219156e-08;4.238486860720744e-08;3.076589219695473e-08;2.425069453799083e-08;2.4437871653430857e-08;2.767926790005236e-08;3.0753748806481746e-08;2.9250158547576186e-08;2.113548056426678e-08;1.1091551233986832e-08;6.490275727870826e-09;5.938098532105208e-09;6.640407377175804e-09;7.821219801863348e-09;8.171462193897076e-09;6.917337169145608e-09;4.4416650091712865e-09;2.3293298801909693e-09;1.955033739697667e-09;5.170360480118188e-09;1.2328393433808128e-08;1.8488655255413488e-08;1.90130477030198e-08;1.363715299559734e-08;6.5228480542383364e-09;2.630087354104729e-09;1.8330025777148599e-09;3.53374652111639e-09;1.0268694718757403e-08;2.8988587609244104e-08;6.163755049254441e-08;9.07012050223839e-08;9.703484107203557e-08;8.14591198579591e-08;5.220351593892685e-08;3.158815979749337e-08;3.4305803899262994e-08;4.628759720241575e-08;5.167479116823679e-08;4.848591914698878e-08;9.63641380416137e-08;3.864640673065056e-07;1.2612420221322882e-06;3.177927759687979e-06;6.619089390238518e-06;1.2049658310173624e-05;1.956553120663723e-05;2.86462195265602e-05;3.82953730866013e-05;4.7408928002783495e-05;5.546205503457689e-05;6.22858910520347e-05;6.773169134062912e-05;7.172139163376555e-05;7.430754174129488e-05;7.5571137758738e-05;7.539346980216301e-05;7.361704851835198e-05;7.047635085303752e-05;6.648844984361683e-05;6.201526394387924e-05;5.718236350183812e-05;5.231073227544205e-05;4.789952106716814e-05;4.438415846350863e-05;4.169350382072218e-05;3.951035115039998e-05;3.810245923994017e-05;3.720010035893798e-05;3.6755448650158335e-05;3.646146322559856e-05;3.611578311521153e-05;3.574546599425355e-05;3.551713747295969e-05;3.535752570874704e-05;3.5025830558552e-05;3.452776479352381e-05;3.3720885404051274e-05;3.269103595090007e-05;3.1685574598280895e-05;3.092724270423755e-05;3.066348808028433e-05;3.088823474674653e-05;3.131018154829262e-05;3.149576979580865e-05;3.1146628890051685e-05;3.056144624393989e-05;3.0099324722829745e-05;3.004427914802876e-05;3.064474895572406e-05;3.129788545727533e-05;3.204520917558905e-05;3.2020539595980225e-05;3.1207740406991165e-05;2.991762349071168e-05;2.8799429278617068e-05;2.828245285925248e-05;2.803148374300418e-05;2.7928336548234127e-05
1213.8266993590405;3.4864135917019455e-08;2.6456939466577167e-08;2.1109304042310578e-08;2.519437003096568e-08;3.159597236841186e-08;3.1847037246331696e-08;2.5761029351550745e-08;1.974887747797164e-08;1.6383082977719124e-08;1.3735764938492632e-08;1.3417702442759911e-08;1.4895059387721056e-08;1.5179857888450637e-08;1.31762837457905e-08;1.0634858951668006e-08;8.551650565739108e-09;6.814976466073327e-09;4.159747589259725e-09;2.221865383482789e-09;1.7212396799335559e-09;2.4566923663045823e-09;4.896666895781729e-09;8.538021953837956e-09;1.2996612079004544e-08;1.4300382317138182e-08;1.1137971888910214e-08;8.938992390010936e-09;6.667014047228664e-09;6.622520571970772e-09;1.4553712101708676e-08;3.7315555859216334e-08;7.317592582949928e-08;1.0142160968554359e-07;1.0793040046446265e-07;9.322974842881733e-08;6.970935920783675e-08;5.2937514043775475e-08;6.379345934419948e-08;1.088045617624033e-07;1.5430224030324e-07;1.8226967929307653e-07;2.3554445306080795e-07;5.623194319909436e-07;1.4932451340393697e-06;3.386621507770141e-06;6.707928243247407e-06;1.219857203831484e-05;1.9989252842326897e-05;2.947469968444177e-05;3.972806872176388e-05;4.9865355509871485e-05;5.932021614367221e-05;6.744128838850772e-05;7.349918640927667e-05;7.721114822592225e-05;7.888313656180124e-05;7.907415578259675e-05;7.811393998805792e-05;7.60361847636849e-05;7.300301617697765e-05;6.908274201430562e-05;6.437044123854074e-05;5.900540657717718e-05;5.339417221315812e-05;4.82592730555308e-05;4.393441722401612e-05;4.047321165373694e-05;3.786054515259982e-05;3.6309850678174415e-05;3.587037691204426e-05;3.615874600720405e-05;3.659502891817687e-05;3.659612226122105e-05;3.616023381231704e-05;3.540928187797832e-05;3.443276430596153e-05;3.340504723240262e-05;3.2396621860157674e-05;3.161136271208939e-05;3.126770458469745e-05;3.134149372537416e-05;3.180614858822102e-05;3.227006077000301e-05;3.2617252303820444e-05;3.284318128684259e-05;3.262768771926385e-05;3.1985190026054286e-05;3.108435062039291e-05;3.0200697633279327e-05;2.9807025183590288e-05;3.025361295073117e-05;3.1341470923601815e-05;3.261120439548255e-05;3.329820562409077e-05;3.2854758663912706e-05;3.154693860271494e-05;2.9920267264400137e-05;2.877194172670086e-05;2.8119324422699293e-05;2.7764710329966166e-05
1215.5997828149193;5.4969048165330954e-08;4.466139228290094e-08;2.902082723628589e-08;1.940430934234297e-08;1.990216998629217e-08;1.7534009108747423e-08;1.1230311360643822e-08;5.5751322103674924e-09;3.517461918438562e-09;6.399777878543327e-09;1.3655960445549912e-08;1.9864602631204583e-08;1.9927032248339956e-08;1.529474145594623e-08;1.0711140787113725e-08;8.45279278498791e-09;6.5946634055431704e-09;3.868415223638852e-09;1.966574580254103e-09;1.376014529867441e-09;1.1648429923669403e-09;1.302255070022663e-09;2.232911546533323e-09;6.0289862667661085e-09;1.4371411684176016e-08;2.2024005836245325e-08;2.230413351478424e-08;1.5641326483942513e-08;8.950893065553843e-09;1.0433744548550976e-08;2.3488473600254865e-08;4.4419044966411656e-08;6.612017847122732e-08;8.581340908947978e-08;9.607886203129349e-08;9.287591970349154e-08;8.02040220058488e-08;7.584630448236911e-08;1.1392512179530749e-07;1.8887066261638706e-07;2.691916061862729e-07;3.633873477640294e-07;6.773025024356904e-07;1.687605861006062e-06;3.8071633472819128e-06;7.710729258736403e-06;1.3774518753480588e-05;2.1886208922276337e-05;3.136556371043497e-05;4.155485840389016e-05;5.214624632235307e-05;6.267646872412669e-05;7.215531377502456e-05;7.93310666471126e-05;8.343398597109386e-05;8.478239947377263e-05;8.416962534311495e-05;8.227532630825678e-05;7.945339588564044e-05;7.584110101593739e-05;7.13639744425147e-05;6.607867398391814e-05;6.03048820298421e-05;5.455070754791692e-05;4.9407518299493794e-05;4.524954851182235e-05;4.216160622351683e-05;4.034640223988515e-05;3.959663472126143e-05;3.9550791521623065e-05;3.969703845989377e-05;3.942844257271281e-05;3.857698055172043e-05;3.7301333730536086e-05;3.580173693109727e-05;3.430870372959428e-05;3.299877167040929e-05;3.1928922692828145e-05;3.131669324539788e-05;3.139534010371392e-05;3.216263557151525e-05;3.333586571465943e-05;3.4286101656744224e-05;3.460620100041583e-05;3.4292126862155366e-05;3.378320469333467e-05;3.311066466529103e-05;3.221419032154949e-05;3.120581849425149e-05;3.030540619447566e-05;2.9896454888331063e-05;3.033222665239008e-05;3.12507766585917e-05;3.2188633903166094e-05;3.253250793288754e-05;3.2086018757190155e-05;3.13045738670539e-05;3.0141922719992503e-05;2.9203093645508518e-05;2.862831807795944e-05
1217.372204566418;4.489720911186871e-08;5.8577863273928e-08;6.007864911790278e-08;4.6226928365191616e-08;2.7171487640310416e-08;1.2722613100181325e-08;9.751834665610852e-09;1.0783928059898952e-08;1.1160473928946415e-08;1.0765988086064844e-08;1.0974830059481497e-08;1.1317547328246231e-08;1.0255727505058569e-08;7.809755344141029e-09;7.804859626993879e-09;1.6844597236507567e-08;3.3828440686171125e-08;4.707915754878722e-08;4.8866249321782846e-08;3.7451241283203775e-08;2.2015540452623506e-08;1.2663092703410886e-08;1.523939188678784e-08;3.055150920192274e-08;4.8449760159743284e-08;5.84980319807855e-08;4.96631651607342e-08;3.057584259098547e-08;1.5583081990974458e-08;9.73927811176554e-09;9.163419903603734e-09;1.2758381992824976e-08;2.109587776556632e-08;4.1131994311697344e-08;6.930293050156335e-08;9.17373481746822e-08;9.96445604372495e-08;8.972103394343141e-08;8.369828581856629e-08;1.0254919343278362e-07;1.360277203109122e-07;1.8770498792598285e-07;4.116356041158378e-07;1.464365199672154e-06;4.110287498134189e-06;9.005932746263008e-06;1.611261650043709e-05;2.482062523740192e-05;3.447235513292302e-05;4.472590103049708e-05;5.552906666600288e-05;6.639403745546804e-05;7.62031668197365e-05;8.37023843590404e-05;8.800189090836726e-05;8.933501737514041e-05;8.836585395194667e-05;8.59029832568371e-05;8.247682025744348e-05;7.832571247331005e-05;7.364282588578574e-05;6.821106930762254e-05;6.238819020007586e-05;5.673703372154732e-05;5.223991961345595e-05;4.916595745403641e-05;4.734584012725217e-05;4.634182707547764e-05;4.568407623070477e-05;4.473359522166507e-05;4.327998276751113e-05;4.11261421650494e-05;3.891745455803427e-05;3.699654994327109e-05;3.551647358010286e-05;3.44362563404897e-05;3.3685716294579017e-05;3.323911841434929e-05;3.298814259680766e-05;3.2976019258829765e-05;3.3332407577797086e-05;3.3683094149583016e-05;3.390088093355633e-05;3.395792747552204e-05;3.3885657898895164e-05;3.376833528775777e-05;3.348887124055647e-05;3.2695977982605263e-05;3.134048080164636e-05;2.9752581207628634e-05;2.8456605297724547e-05;2.7968351536979384e-05;2.838019333333358e-05;2.9450742048366317e-05;3.061379069755347e-05;3.142019843123165e-05;3.145039112084321e-05;3.079156607296747e-05;2.9972805918890028e-05;2.93877870717408e-05
1219.1439646549295;4.4013573703477326e-08;8.762490303201984e-08;1.2080537809932636e-07;1.1827915578438025e-07;8.315784183202755e-08;4.313569454514952e-08;2.5250721910330736e-08;2.3388865043919242e-08;2.2286211535855922e-08;1.7017542042945543e-08;1.044647076507109e-08;5.5983721055314074e-09;3.632522496671703e-09;2.9876256734902653e-09;7.669890202675526e-09;3.3665638689295225e-08;8.154552619342113e-08;1.254870315229318e-07;1.421119471183546e-07;1.2170016190909133e-07;8.694098659572842e-08;6.444292275271033e-08;6.544760298764754e-08;8.585629132925153e-08;1.0321091948069295e-07;9.998387282841907e-08;7.329775646467133e-08;4.3052970178921124e-08;2.28348454713656e-08;1.4032793283702869e-08;1.0806740762745657e-08;1.1913867432999222e-08;1.7711107284681725e-08;3.3004381800816574e-08;6.177763046672871e-08;9.532504396205332e-08;1.1232776974309993e-07;9.952723785978664e-08;6.787854921813171e-08;3.734377665681567e-08;2.4372963226380342e-08;4.913793055336178e-08;3.3159967106627e-07;1.5277156347166864e-06;4.590885295392758e-06;1.0005027307858992e-05;1.7614775968261933e-05;2.681100311866088e-05;3.689944448972925e-05;4.750993818917815e-05;5.832446066507461e-05;6.92037072204719e-05;7.922895975744856e-05;8.683928086895482e-05;9.096297309184174e-05;9.18216600330846e-05;9.04823368606562e-05;8.797197250895215e-05;8.447406489025166e-05;8.025957685995048e-05;7.531330978257721e-05;6.973305166057837e-05;6.375854567615412e-05;5.814922985218311e-05;5.358129950778696e-05;5.039982561190399e-05;4.825358448090466e-05;4.654688616351342e-05;4.492542976803676e-05;4.299328774742574e-05;4.0811601962224925e-05;3.866968243338e-05;3.687953310483557e-05;3.565381399551573e-05;3.491446466945737e-05;3.462204840012765e-05;3.458147059715536e-05;3.458134364111357e-05;3.458202797744656e-05;3.466414593073236e-05;3.482125704398156e-05;3.484672735983048e-05;3.4684588339307254e-05;3.428510301789371e-05;3.37068208519407e-05;3.292262640044583e-05;3.226774590426214e-05;3.1601660500683035e-05;3.0822560921709766e-05;2.9936319992320215e-05;2.880266170340535e-05;2.792616155359045e-05;2.739893702975059e-05;2.764252048529451e-05;2.8385055708039158e-05;2.9555412852978225e-05;3.031553685560445e-05;3.0470037910959743e-05;3.031512991402737e-05;3.003019076663536e-05
1220.91506312196;5.491534923710692e-08;1.0917929050348895e-07;1.5610159399710112e-07;1.605044802052822e-07;1.2150598169357306e-07;6.713177971010798e-08;3.307768762361034e-08;2.2496826614787e-08;1.8631578304534204e-08;1.5413692942715545e-08;1.3058361511931527e-08;1.446962018922228e-08;1.5809715716474838e-08;1.4612302390753794e-08;1.7417224243181162e-08;4.8153570610154265e-08;1.089760011655505e-07;1.6625976943888477e-07;1.8709968332342814e-07;1.6355584905111946e-07;1.2449576987553334e-07;1.0174826298610217e-07;9.935971546095417e-08;1.02853124878203e-07;9.360070915765137e-08;7.375595454192348e-08;4.9075828702388255e-08;2.9221050625660976e-08;1.698276926284578e-08;1.299801293262178e-08;2.2031726939777212e-08;3.963314859389037e-08;5.6798861456805176e-08;6.527295704062114e-08;6.631137332396503e-08;7.215150908596552e-08;7.319530881376465e-08;7.320070230249042e-08;6.55239939926288e-08;5.99813517369228e-08;5.3454923418589465e-08;1.1642680059774714e-07;6.410673742528312e-07;2.2421619908999978e-06;5.647138171499573e-06;1.1298824892829454e-05;1.8862019478882845e-05;2.7845158494335117e-05;3.7829150546114616e-05;4.842967970977098e-05;5.933775730176036e-05;7.031784661060516e-05;8.066128865893892e-05;8.884419445378297e-05;9.381808676258503e-05;9.56746842348518e-05;9.47074155757802e-05;9.196216358733648e-05;8.768530065720817e-05;8.215658914835532e-05;7.579616644603411e-05;6.967596316859535e-05;6.373159272255637e-05;5.8213739476387065e-05;5.343422081560906e-05;4.946709904073527e-05;4.628925873095362e-05;4.357469047598191e-05;4.121517048030571e-05;3.92743339311701e-05;3.78478087462365e-05;3.676269672760233e-05;3.599629928666126e-05;3.5461920317444884e-05;3.503788360132199e-05;3.496799204222555e-05;3.506178925343436e-05;3.533186136482031e-05;3.571256247386012e-05;3.621869611765004e-05;3.670408090588025e-05;3.702599506006759e-05;3.6934320956135376e-05;3.6008398846379567e-05;3.4362787773985165e-05;3.248897983601988e-05;3.119472915622836e-05;3.077023164430018e-05;3.1048011070114814e-05;3.145173024254884e-05;3.129101092652734e-05;3.043693907443247e-05;2.905352313929616e-05;2.8010779253008405e-05;2.7842687401671705e-05;2.8343083448984914e-05;2.9221661573724484e-05;3.002076303749637e-05;3.0462032164478065e-05;3.0572139796717115e-05
1222.6855000091164;5.4002225237410026e-08;9.111002812143376e-08;1.216765083026579e-07;1.2163234604899884e-07;9.115113742667486e-08;5.024400246346227e-08;2.2479515123902568e-08;1.1963035511910478e-08;1.104200314130054e-08;3.200932314991068e-08;7.33334471847033e-08;1.0519394494801029e-07;1.0229307714780459e-07;6.896481079064192e-08;4.357172073163493e-08;6.412703471190567e-08;1.2243262161656634e-07;1.745600535043704e-07;1.8161785352676984e-07;1.4643453199582346e-07;9.976281311482368e-08;7.21420811061694e-08;6.504444953387622e-08;5.9187158648007756e-08;4.674823558491056e-08;3.5193585571628715e-08;3.8482283011075446e-08;4.715743226513364e-08;4.80866001664715e-08;4.7805662193948664e-08;7.261364900142112e-08;1.2069800529484617e-07;1.5424801051088845e-07;1.4374142981942598e-07;9.760884885816275e-08;5.28005036417807e-08;3.507548441776428e-08;4.6682140336659167e-08;7.349596477922183e-08;9.179971082213645e-08;9.751348909435317e-08;2.1051171004480265e-07;9.028181678223504e-07;2.779556284425848e-06;6.349330884880999e-06;1.1864897881446284e-05;1.905410528100301e-05;2.7815352325851664e-05;3.787162195781933e-05;4.878756067364533e-05;6.009182775226738e-05;7.128102139923652e-05;8.179255920995318e-05;9.075432213333871e-05;9.68037515994559e-05;9.923750804295364e-05;9.799505177124716e-05;9.419127938339104e-05;8.847807055811143e-05;8.177733902526737e-05;7.519521635672357e-05;6.934373029408239e-05;6.396504067836072e-05;5.871857084191382e-05;5.369461163972103e-05;4.9180796254049065e-05;4.560531717238343e-05;4.304342047917058e-05;4.1139690482318464e-05;3.973185903505888e-05;3.86438611158699e-05;3.754918971909371e-05;3.667208189971487e-05;3.610231840839171e-05;3.575565835848958e-05;3.569667226629349e-05;3.595452126056183e-05;3.631032497117377e-05;3.678133161001237e-05;3.7166178042583975e-05;3.739753384320885e-05;3.745771010432677e-05;3.7107352264331375e-05;3.611845734626792e-05;3.4504431520565625e-05;3.272326999723363e-05;3.155804393155309e-05;3.122457423701204e-05;3.1574636157352314e-05;3.20832978380875e-05;3.217702389579769e-05;3.155422086907538e-05;3.0637476092016645e-05;2.9587234586529e-05;2.8878238274013964e-05;2.865849616993459e-05;2.881099107789807e-05;2.8982982221895216e-05;2.9180441213910976e-05;2.926509364571848e-05
1224.4552753581374;3.009266900944648e-08;3.9008199642540336e-08;4.835837639699212e-08;5.050237926335247e-08;4.148371991667795e-08;2.6161927668838943e-08;1.2848914726511482e-08;6.388471617403946e-09;9.226525129473638e-09;5.0244782922022985e-08;1.2756881430022684e-07;1.7909333595817937e-07;1.6581666992414585e-07;1.0192863036314677e-07;5.339621458169587e-08;6.015322011567933e-08;1.0013885244609873e-07;1.382319862293341e-07;1.4217498959645286e-07;1.0835082776707626e-07;6.24764198634349e-08;3.148047683654795e-08;2.10840623128989e-08;2.0625500770441543e-08;2.7293670181863572e-08;4.3188538209511166e-08;7.283215944214747e-08;9.665677928816068e-08;9.526481018472253e-08;8.486563197088789e-08;1.009413327394796e-07;1.433349830018276e-07;1.705742942237982e-07;1.5067778239749636e-07;9.926389237625775e-08;4.9622774496956766e-08;2.9980180784180785e-08;2.9878018177550484e-08;4.497269698124751e-08;5.313215387744778e-08;7.593015737882056e-08;2.442795937526003e-07;9.417639498086936e-07;2.694084930564893e-06;6.078668936236712e-06;1.1332532487813624e-05;1.8400195855063636e-05;2.7378993401577986e-05;3.800425645137513e-05;4.9796451661941824e-05;6.198506304666999e-05;7.379797983963758e-05;8.438950980123601e-05;9.307650277416516e-05;9.859905111587452e-05;9.98991613870433e-05;9.758226463323683e-05;9.26048054290274e-05;8.659402173755234e-05;8.049203981556845e-05;7.528859860111723e-05;7.036506841421462e-05;6.509934006909363e-05;5.962571117691532e-05;5.4162215536856565e-05;4.9538372467766725e-05;4.627689084314451e-05;4.4196904429687184e-05;4.27479142131174e-05;4.11832850283907e-05;3.963641898962399e-05;3.8063353144780086e-05;3.680350913471538e-05;3.620478125860469e-05;3.625316567001046e-05;3.655879043696597e-05;3.666238892376325e-05;3.659147334159755e-05;3.6425166274338845e-05;3.621605445626412e-05;3.600439738774988e-05;3.570029641960128e-05;3.520377906129266e-05;3.440722772844196e-05;3.343620119792153e-05;3.2384985711645107e-05;3.1549592860817106e-05;3.1141607114540416e-05;3.110254938630776e-05;3.117751723659824e-05;3.125399177827413e-05;3.13063485364917e-05;3.1338126924374904e-05;3.1169096461768504e-05;3.0659844709661016e-05;2.9878100229733788e-05;2.9020641848101086e-05;2.826046818455133e-05;2.7766345822131597e-05;2.755050896696166e-05
1226.2243892108818;4.8615729583301285e-09;3.396793018848386e-09;6.744414578803818e-09;1.3486766499925504e-08;1.798310070699229e-08;1.7120480787703823e-08;1.1803920795138892e-08;6.249759666410572e-09;1.0853315028708364e-08;4.526701079146961e-08;9.586320650720696e-08;1.31088156088227e-07;1.1803754896350024e-07;7.061745336164722e-08;3.4186120277520185e-08;2.876465703313249e-08;3.91604941028214e-08;5.275636510342892e-08;5.675283601564168e-08;4.4021251224192295e-08;2.4960618507389932e-08;1.1311472567988916e-08;6.203443561553183e-09;9.067563850548257e-09;2.1783953384553127e-08;4.3814596847328326e-08;6.625949662250615e-08;7.425875807530398e-08;6.281401603059303e-08;4.7415183173867456e-08;4.6390170560664933e-08;5.7896639830239116e-08;6.50692787986242e-08;5.565928691541608e-08;3.8013668917771645e-08;2.4358465065581564e-08;1.7365203605597798e-08;1.4057764704520142e-08;1.00981607677739e-08;7.676945491572013e-09;3.1602385605795497e-08;2.0962407869352066e-07;8.225524590580937e-07;2.3658457483955803e-06;5.503538800548425e-06;1.0691783520691514e-05;1.7971737942879608e-05;2.7202673011775997e-05;3.800753757761315e-05;5.006861879411096e-05;6.263349223499737e-05;7.472868166369282e-05;8.531404266370258e-05;9.3521653747692e-05;9.839068052661192e-05;9.95084602180928e-05;9.764101733294404e-05;9.317072258257024e-05;8.794403681771024e-05;8.239355177280054e-05;7.685513827637173e-05;7.144499697416033e-05;6.544110583267696e-05;5.953494826845689e-05;5.418621271257677e-05;4.997770462401612e-05;4.709653498743017e-05;4.501779776493747e-05;4.3217682988229344e-05;4.135701331110026e-05;3.953127960652631e-05;3.820808182614741e-05;3.7388395009421706e-05;3.710189214412413e-05;3.71702790072218e-05;3.716975583265869e-05;3.6751288371806e-05;3.613813546396761e-05;3.555407362891426e-05;3.515146602208116e-05;3.487658868453161e-05;3.457254004528152e-05;3.3903038393823044e-05;3.2951629113099265e-05;3.1876849004338815e-05;3.0798629340124867e-05;2.981273354402849e-05;2.913322442247753e-05;2.883162768732169e-05;2.889203231094549e-05;2.92929706055803e-05;3.01341141395494e-05;3.111704329745559e-05;3.167024187209916e-05;3.1710000027252295e-05;3.0895732787582995e-05;2.952655773569164e-05;2.831926591333633e-05;2.749915025033252e-05;2.7118588067220215e-05
1227.992841609299;8.961511775719121e-10;1.613397402272968e-09;2.748233480434207e-09;4.4938287010031645e-09;6.052555980947998e-09;6.734907771906807e-09;6.1253305619948275e-09;6.4025248666344675e-09;1.6680502371687903e-08;4.100001941403481e-08;6.816997320011626e-08;7.90465311980072e-08;6.619062848315985e-08;4.001580044439559e-08;1.897391028667684e-08;9.231075013575577e-09;5.797267661025945e-09;4.902738244070346e-09;4.720225404160671e-09;4.737322366523174e-09;4.520805005673314e-09;3.949909007481954e-09;3.195718784495898e-09;3.955293207362153e-09;1.0375558601780397e-08;1.811398871720845e-08;2.1508415920481103e-08;1.9187064589500556e-08;1.3673475178407225e-08;9.015001105394824e-09;6.516686641186713e-09;4.367338029019388e-09;2.366409003338148e-09;1.3411091406610083e-09;2.921617237549017e-09;9.345350132042553e-09;2.1292611484916892e-08;2.8087292204629517e-08;2.5195533313238693e-08;1.5166071141670818e-08;2.2743632613613534e-08;1.6402645300132785e-07;6.869714279707171e-07;2.20840901823833e-06;5.526748826389837e-06;1.0957595057023692e-05;1.8291020359146625e-05;2.716674623078279e-05;3.733799119374194e-05;4.880236672160878e-05;6.113880428451577e-05;7.335361555593874e-05;8.441236278679108e-05;9.336258478428608e-05;9.849832187141044e-05;9.9802272633617e-05;9.824658276198516e-05;9.465813620913252e-05;8.98936748326271e-05;8.431516716176575e-05;7.786191393356716e-05;7.13005984758678e-05;6.50029766860272e-05;5.9335355029782415e-05;5.426891666810247e-05;5.010235497420832e-05;4.701976547060287e-05;4.477030125871416e-05;4.294394747979017e-05;4.156626912424241e-05;4.028011512561023e-05;3.938867180465688e-05;3.8724534148579375e-05;3.824877226912094e-05;3.785108767161585e-05;3.7325488942042486e-05;3.682267943609107e-05;3.6322613549739927e-05;3.59663337544433e-05;3.564050571421507e-05;3.5216298901547606e-05;3.458955171099948e-05;3.369712319195455e-05;3.2665985754730325e-05;3.142774409724622e-05;3.0185824496664945e-05;2.9072678823249143e-05;2.82077699789411e-05;2.770099859167773e-05;2.7660524544706468e-05;2.814779998333209e-05;2.906606825574588e-05;3.0312071806085272e-05;3.141096214034731e-05;3.1782675965598656e-05;3.114722223050646e-05;2.9794872525346e-05;2.8321173334174496e-05;2.727983945442542e-05;2.665833909403525e-05
1229.760632595484;2.752693692466366e-09;1.8364744974129998e-09;1.4451748346641579e-09;3.833337572431457e-09;1.0992473415994692e-08;2.0500498738714792e-08;2.895564031210456e-08;3.8205683934452206e-08;5.219448687390114e-08;6.537360433272687e-08;7.11088820425964e-08;5.86849058951439e-08;3.663236313749304e-08;2.0192307746620773e-08;1.0584331065208776e-08;6.181581662960541e-09;4.318318316338208e-09;3.276324216795046e-09;2.5933681721875747e-09;2.232271632947374e-09;2.2228896393998073e-09;2.5001840685735482e-09;2.5927790117643326e-09;2.209639517870122e-09;1.4800456935122102e-09;8.00334549797866e-10;7.351855540788048e-10;2.3474135656677547e-09;5.9867766757249085e-09;8.904565678171708e-09;8.74099716304143e-09;5.9571812288200395e-09;4.376621310397184e-09;1.003941084923175e-08;1.905665946659684e-08;3.0548106215548865e-08;4.2481320467505824e-08;5.1020513728659866e-08;4.529614115153404e-08;2.769401493448043e-08;2.205549221587445e-08;1.1650954214040948e-07;5.641047228037477e-07;2.138124724043202e-06;5.862967139354002e-06;1.1987036482165364e-05;2.006334825634464e-05;2.93283310763192e-05;3.93324380253268e-05;5.0271557200120286e-05;6.208607438713031e-05;7.417850351452675e-05;8.544887116200068e-05;9.416323485575004e-05;9.90133301559127e-05;0.0001000877645829;9.822966990052692e-05;9.493917615490875e-05;9.059382203494806e-05;8.541779983312016e-05;7.949816599697312e-05;7.307695347862552e-05;6.70821054466337e-05;6.134513071122863e-05;5.601885531462288e-05;5.131794186661994e-05;4.7532893773104414e-05;4.482955544257135e-05;4.305860717447214e-05;4.179702108387316e-05;4.081109742715796e-05;3.997905773248796e-05;3.916854955555257e-05;3.839420887172572e-05;3.772936985998576e-05;3.725762846040828e-05;3.694685450288828e-05;3.675981571576531e-05;3.654863054382896e-05;3.618489292166298e-05;3.55854751590227e-05;3.474398658267534e-05;3.381877549766499e-05;3.291690952433732e-05;3.2141907297200385e-05;3.1496146397139594e-05;3.092551031334952e-05;3.038154666065019e-05;2.986584171298511e-05;2.9502159220032862e-05;2.939952920176112e-05;2.958261498141276e-05;2.9841464265543e-05;3.0127737772361973e-05;3.003078242370562e-05;2.9467662637236464e-05;2.860277803819628e-05;2.7719643036059564e-05;2.7074708950670365e-05;2.6730157428235294e-05
1231.5277622116228;4.60611513311663e-09;2.293662142645129e-09;1.5371120071896106e-09;6.814940331683316e-09;2.16733460236361e-08;4.0815918755734826e-08;5.67171686690212e-08;7.005848359861201e-08;8.492279117708847e-08;9.024005757761654e-08;7.460132263169037e-08;4.47143179708341e-08;1.9262978294344288e-08;9.109160885940711e-09;6.49822976132666e-09;5.056510588710393e-09;4.192380270765486e-09;5.361239535504909e-09;1.3736981385744556e-08;2.7908058357902624e-08;3.956992695290088e-08;4.1185903677543555e-08;3.1442238307613965e-08;1.726276013926961e-08;8.167397217040912e-09;4.3717670493765444e-09;3.160858782166304e-09;4.168041330018647e-09;6.858356121798322e-09;9.11536791336197e-09;8.699712381987281e-09;6.279914583297945e-09;7.702941335343246e-09;1.978031294361729e-08;3.848905240070357e-08;5.5525182512637946e-08;6.203855758411876e-08;5.7130735665462034e-08;4.2282494736370296e-08;2.361704134414732e-08;1.3785242217421056e-08;6.818810272613224e-08;4.0286273281573366e-07;1.8155064106957573e-06;5.3702759882845e-06;1.1712407553612083e-05;2.0508006149380173e-05;3.074292586012053e-05;4.13680547634521e-05;5.211813153816539e-05;6.280285993925366e-05;7.331865459558426e-05;8.313315437730885e-05;9.100058285569715e-05;9.651002524443856e-05;9.936512594618398e-05;9.934929121656916e-05;9.780327174140574e-05;9.42665439587186e-05;8.925608100375152e-05;8.311588352515403e-05;7.629101741737183e-05;6.939133258049122e-05;6.271600240860485e-05;5.677152286519551e-05;5.179331255501836e-05;4.783900393563936e-05;4.496490420697232e-05;4.299106664483499e-05;4.158000113254774e-05;4.049469977008549e-05;3.966341822246702e-05;3.904706465202967e-05;3.845733458200792e-05;3.784633018222516e-05;3.723078294895304e-05;3.661515504134319e-05;3.596298610805127e-05;3.5425101539867586e-05;3.511319790766775e-05;3.498338191041411e-05;3.486653445028421e-05;3.456335238471784e-05;3.408729741444456e-05;3.367240967740242e-05;3.337205820459617e-05;3.320265675353271e-05;3.304229410094405e-05;3.278107710655176e-05;3.24338702724958e-05;3.201769607518136e-05;3.154702478448954e-05;3.087299122481194e-05;2.9840085499583158e-05;2.855764510068457e-05;2.734035592437352e-05;2.659480236506142e-05;2.6451096354178144e-05;2.6678524255345683e-05;2.707195809778505e-05
1233.2942305000288;2.3029226322894913e-09;1.168102594792631e-09;8.565226750098052e-10;3.5875558974093794e-09;1.10682416477952e-08;2.2054557464280297e-08;4.1112446251872415e-08;6.637311189380088e-08;8.647858994015733e-08;8.914193207242069e-08;6.871026880101439e-08;3.4332425905672025e-08;1.53343323314857e-08;8.211565447739015e-09;6.891231956566321e-09;1.5720196157679965e-08;4.1339159971230786e-08;8.476117559369746e-08;1.4126515423156278e-07;1.845873320341785e-07;1.8534758644599425e-07;1.4637725192303417e-07;9.890517557511789e-08;7.562285278623552e-08;8.250347230094145e-08;9.723504901529125e-08;9.492920462658562e-08;7.370169127340258e-08;4.7262332056686955e-08;2.77134312264425e-08;1.8214505643996244e-08;1.286232666748386e-08;1.1201062201594484e-08;1.7118942031421432e-08;3.364524256298777e-08;6.390189815264562e-08;1.060147187306743e-07;1.242129498878382e-07;1.064960233473991e-07;6.511985777889903e-08;2.9327724208553618e-08;6.149404696575834e-08;3.665239176318191e-07;1.614575647433561e-06;4.836976147707532e-06;1.0752112237185323e-05;1.9198348836535444e-05;2.924760443316321e-05;3.979713755102905e-05;5.020267491129324e-05;6.02762516384274e-05;6.993480124522453e-05;7.900629036288408e-05;8.726772284634195e-05;9.433373399748892e-05;9.9297585895372e-05;0.0001012445617915;9.992930596741388e-05;9.602146238442176e-05;9.034748165214824e-05;8.357591111387156e-05;7.62098108432931e-05;6.878653235524921e-05;6.184458901095378e-05;5.588065183511666e-05;5.115753676668802e-05;4.768929263569388e-05;4.528665603470993e-05;4.359560736685536e-05;4.230153442460576e-05;4.129342300223282e-05;4.043084960629523e-05;3.969306475912375e-05;3.896020933597492e-05;3.818891949282977e-05;3.725125419876386e-05;3.6124981753073234e-05;3.489275392823368e-05;3.386569028424713e-05;3.353451798140841e-05;3.376165070587822e-05;3.4229951676240865e-05;3.4493659969900354e-05;3.444127810382347e-05;3.4253047702755685e-05;3.411700943000797e-05;3.404534454255875e-05;3.394510858934699e-05;3.3717731303412564e-05;3.341739016955317e-05;3.30702797205704e-05;3.274763086827164e-05;3.236979243913748e-05;3.1656170260864337e-05;3.0387510405814997e-05;2.869157505800253e-05;2.7225255831811672e-05;2.6475538122364905e-05;2.639962409106715e-05;2.665742328829257e-05
1235.060037503128;3.5197476813894226e-11;6.350437228826204e-10;2.615828269260668e-09;5.137858208272838e-09;6.449570884415976e-09;7.692218415040915e-09;2.234148238529956e-08;5.871365833755832e-08;8.770392585327618e-08;8.66733053550059e-08;5.970496953584331e-08;3.735056253486236e-08;3.5288010164861015e-08;3.550676126685409e-08;3.159393066944694e-08;4.082572584864649e-08;8.370494711351585e-08;1.629548557505265e-07;2.572582009446815e-07;3.140250546437736e-07;2.9236805200059694e-07;2.1256543963467157e-07;1.3872970036916086e-07;1.2059624194663532e-07;1.5129230122089593e-07;1.870377552982895e-07;1.8430037834536318e-07;1.418270509256428e-07;8.879841684277287e-08;5.0204005629755764e-08;3.1765578462765e-08;2.25307997084441e-08;1.512605916301482e-08;1.1768530307313198e-08;1.8944840539628452e-08;5.7500814573846756e-08;1.267617213386118e-07;1.7724594733155756e-07;1.674812477981675e-07;1.0916127405237192e-07;5.40845216829381e-08;1.0402456581596509e-07;5.202486463304269e-07;1.8434691335491932e-06;5.072528345544075e-06;1.083344272529731e-05;1.8964041062864816e-05;2.8591911007890515e-05;3.883882006235148e-05;4.931816173411343e-05;5.990798037243412e-05;7.044597928951345e-05;8.049123646383905e-05;8.941315556474616e-05;9.668488758946595e-05;0.0001012193133726;0.000102382264873;9.955253135558628e-05;9.414490484444884e-05;8.761495425050437e-05;8.081687162924038e-05;7.417801496044931e-05;6.788477353363064e-05;6.19425423302487e-05;5.680854422887623e-05;5.245722280579887e-05;4.898186413058994e-05;4.639508953713417e-05;4.4545531936419454e-05;4.2900939898785774e-05;4.152330528073325e-05;4.031866041916073e-05;3.924707370999225e-05;3.84349772972826e-05;3.785559491651193e-05;3.732308532998147e-05;3.6758093714419054e-05;3.627440244361733e-05;3.5674253964153524e-05;3.5120213473206725e-05;3.458486866649157e-05;3.4018711887504944e-05;3.3434062586696424e-05;3.300195302089954e-05;3.2905440930266526e-05;3.311322279533228e-05;3.343172920527114e-05;3.359094604937395e-05;3.339836381427245e-05;3.2926406251387866e-05;3.232247521245719e-05;3.203810951654646e-05;3.2081783510804224e-05;3.2193367079841535e-05;3.190791634558118e-05;3.075949428648549e-05;2.9173335703788336e-05;2.765726573064469e-05;2.6602062768031102e-05;2.6204014601303607e-05
1236.8251832634596;1.9513896556802278e-10;2.415927444313472e-09;9.350812486737772e-09;1.7607368521537437e-08;2.1415436644573078e-08;1.91258162157999e-08;1.7438068790424805e-08;3.105629887072023e-08;4.691006193042165e-08;4.7980965314956784e-08;4.1940249316388736e-08;5.1446671423954246e-08;7.258125719974543e-08;8.085641250363964e-08;7.160258633895907e-08;6.434671417811035e-08;8.60002009921679e-08;1.369097754266551e-07;1.924693641177012e-07;2.1994187448650255e-07;2.032209307699778e-07;1.56706594524103e-07;1.0905735005407413e-07;8.518041199055186e-08;8.90178393885821e-08;1.0083549578850802e-07;9.745715450285665e-08;7.667325064996502e-08;5.334875119842804e-08;3.845670929153585e-08;3.154901749611887e-08;2.46769054574105e-08;1.575092316390124e-08;8.0335566924513e-09;7.531971425424031e-09;2.5461474878912363e-08;5.777024967742669e-08;8.359134897799127e-08;8.163654806484578e-08;5.7981962120496284e-08;5.216841265998827e-08;1.9491753117798925e-07;8.919178843779253e-07;2.656995309897403e-06;6.211889841235341e-06;1.196132368763654e-05;1.968721879133291e-05;2.9193302412072638e-05;3.9752547663769256e-05;5.1002122983730144e-05;6.262986075514266e-05;7.418934090925167e-05;8.486996786774307e-05;9.366014994214162e-05;0.0001000165772796;0.0001030524953;0.000102893946452;9.970102871592444e-05;9.407939221044188e-05;8.750721231564959e-05;8.102148174874847e-05;7.518698379215455e-05;6.957650098031771e-05;6.441732077833719e-05;5.959573578299363e-05;5.520082410246636e-05;5.1279365855530016e-05;4.7803356667763815e-05;4.4855944906838365e-05;4.2617923099699295e-05;4.091169794509564e-05;3.948777889160177e-05;3.818567252610095e-05;3.711423064189498e-05;3.642049005814445e-05;3.627344273612039e-05;3.665126160527184e-05;3.732734530699412e-05;3.784309668870934e-05;3.740731231184085e-05;3.628321174948368e-05;3.4686158695688575e-05;3.318486282730143e-05;3.222283408368639e-05;3.196479147004901e-05;3.219300621306688e-05;3.271744545573792e-05;3.318064336956173e-05;3.33355797939568e-05;3.3097321192711464e-05;3.2441575086900216e-05;3.166177197873609e-05;3.101602424776545e-05;3.050516533588616e-05;3.0065510696370868e-05;2.9463159850980176e-05;2.8687514370233992e-05;2.7920486030615504e-05;2.7233606804967e-05;2.689813023548309e-05
1238.589667823675;1.3700810773436073e-08;3.438219763889335e-08;6.344131219355968e-08;8.35388486660863e-08;8.271707686346521e-08;6.330351551104795e-08;3.6434980255548916e-08;2.44070707110735e-08;3.5200037909683805e-08;5.2915317736296445e-08;7.956450564620951e-08;1.1072303611475137e-07;1.3231419515993546e-07;1.3116587090746438e-07;1.1024098809909073e-07;8.845401538594764e-08;8.6161218458032e-08;9.563703675176765e-08;9.866595043233052e-08;8.847473118471959e-08;7.220557152658038e-08;5.907127153104542e-08;4.5664765684182194e-08;3.083504612679932e-08;2.0253358263961418e-08;1.3994641947499822e-08;1.1102644145857344e-08;1.0424328202356886e-08;1.4308885849104666e-08;2.3937698751697932e-08;4.4070407947755446e-08;6.820514021354979e-08;8.167800092387842e-08;7.67827075804421e-08;5.6909811190638834e-08;3.2558639321120435e-08;1.6881989325232946e-08;8.924102734810944e-09;6.560079429775984e-09;1.0784164176042007e-08;4.9829882033529355e-08;2.9317288629250653e-07;1.2039404267510518e-06;3.271275268927921e-06;6.949529037286751e-06;1.256610510048919e-05;2.028268702092191e-05;2.999046306026121e-05;4.117841925470618e-05;5.3294621835551606e-05;6.576895794372449e-05;7.794367515098188e-05;8.87415520239696e-05;9.698479059182946e-05;0.0001021183468289;0.0001042938246415;0.0001038793850216;0.0001010474990911;9.638863462594624e-05;9.032978179678909e-05;8.385922076260137e-05;7.76203696888856e-05;7.178984489506052e-05;6.650135366255194e-05;6.15750872262924e-05;5.706836556283907e-05;5.305558769195141e-05;4.94830368272588e-05;4.6467791801112e-05;4.427235737326305e-05;4.2678052643091946e-05;4.120734689618966e-05;3.954348006431617e-05;3.778641254095415e-05;3.629201642175748e-05;3.568077461721239e-05;3.5991717747660515e-05;3.68037653883579e-05;3.758768836826384e-05;3.742613001293097e-05;3.639127413124744e-05;3.490142862134696e-05;3.355286778063666e-05;3.274222630728383e-05;3.247819104940489e-05;3.253696330665703e-05;3.2745685144495065e-05;3.299439675749383e-05;3.3233736428913536e-05;3.332191189252291e-05;3.3062585821352585e-05;3.222587684744732e-05;3.0923813992651144e-05;2.9509227700837004e-05;2.826447516852318e-05;2.757507574235813e-05;2.7422248275129597e-05;2.769088364041221e-05;2.809623827178312e-05;2.8401278267872677e-05
1240.3534912265386;7.389765628364362e-08;1.014052217620557e-07;1.3605909774910193e-07;1.5352904058310678e-07;1.4112527028559253e-07;1.0319451275733825e-07;6.491638777080706e-08;5.213071913348364e-08;6.571298163281429e-08;9.595614417306869e-08;1.327043551023626e-07;1.634827960317643e-07;1.7566046321162698e-07;1.6319892038573198e-07;1.3080485268432737e-07;9.403105060275228e-08;6.880835204004815e-08;5.3593663510919115e-08;4.1198682689923054e-08;2.8995051512058947e-08;1.7796679584656962e-08;1.1132090909709364e-08;8.807438850834289e-09;9.565881859303897e-09;1.1816306170903682e-08;1.4069655031117402e-08;1.6015751379034753e-08;2.522858173920552e-08;4.3459433984876794e-08;6.354230194615529e-08;9.442924519341833e-08;1.34826461687534e-07;1.60397705242129e-07;1.5273658073316256e-07;1.1404109636557247e-07;6.862910811491691e-08;4.1818721871903184e-08;3.1607350528234666e-08;2.6186702401462018e-08;2.295578904991952e-08;5.8433446717451446e-08;2.672943707017947e-07;9.65840190541286e-07;2.708727794552449e-06;6.1386654284858206e-06;1.2050142577137838e-05;2.057716190950939e-05;3.1229657002493203e-05;4.342479845626466e-05;5.634630443502204e-05;6.954636505835396e-05;8.240404213211697e-05;9.382924748860528e-05;0.0001026839993147;0.0001081734296898;0.0001107665094508;0.000110501300052;0.0001075582872447;0.0001021621865942;9.47602263191792e-05;8.662375563897969e-05;7.877835478776687e-05;7.174782014889239e-05;6.581008760453584e-05;6.087784781173026e-05;5.675340701383289e-05;5.331245830683413e-05;5.041124841206081e-05;4.798695281381397e-05;4.602480613925838e-05;4.4484185970536486e-05;4.3035932233700266e-05;4.158527747327713e-05;4.017203569740077e-05;3.902109524367043e-05;3.84077006754807e-05;3.834068124045304e-05;3.853441580866661e-05;3.854068412314048e-05;3.808164035425347e-05;3.694402756302912e-05;3.5587623356029944e-05;3.4450077736192765e-05;3.376810793484278e-05;3.3553872420411014e-05;3.350442216667289e-05;3.336022849035972e-05;3.314422899356987e-05;3.3101980051303764e-05;3.319116364919504e-05;3.319982294749733e-05;3.27340122501276e-05;3.154537799556734e-05;3.0025487288431412e-05;2.859436600864404e-05;2.7815596627208843e-05;2.7977139979131124e-05;2.8581281350711286e-05;2.9440483274417174e-05;2.9949070984891234e-05
1242.116653514939;1.0752772897621393e-07;1.0538224423870126e-07;1.0292276619122137e-07;9.727777653084545e-08;9.029471050061665e-08;8.402026960274988e-08;7.640220793525175e-08;6.931589246198068e-08;6.79424588706152e-08;6.777363967087472e-08;7.63850616834037e-08;8.755797785411687e-08;9.159064912598237e-08;8.432526884201887e-08;6.682263901760034e-08;4.474299893700291e-08;2.609016384553628e-08;1.42959908412707e-08;7.544506980796485e-09;5.035324731116091e-09;4.018834592504746e-09;3.221007594836993e-09;2.816577686267261e-09;3.265018694663708e-09;5.119967131937201e-09;9.618650801709206e-09;2.0607908242658745e-08;4.352941417363649e-08;7.070559093028741e-08;9.045391357014465e-08;9.862875238286633e-08;1.0121925575969576e-07;9.813875150876708e-08;8.484856329257526e-08;6.237330924660454e-08;4.491269986301539e-08;4.599798378795133e-08;5.805475202707068e-08;6.938831398571406e-08;7.535328150249119e-08;9.769900133783272e-08;2.086562670502086e-07;6.874747689952336e-07;2.2513730222662173e-06;5.751397387344659e-06;1.2117300051065251e-05;2.1485634838323784e-05;3.336801026248576e-05;4.688024198905486e-05;6.10611142065105e-05;7.516235238025641e-05;8.861583656609516e-05;0.0001008555580345;0.0001108778362021;0.0001177077155806;0.0001210917640172;0.000121071817169;0.0001175517053061;0.000110500075412;0.0001007883737462;9.005476817502817e-05;8.00760077736002e-05;7.165394077345792e-05;6.493108665576943e-05;5.955530478367367e-05;5.52453608808996e-05;5.1910177269411575e-05;4.92823529270318e-05;4.716090930370601e-05;4.546216509566498e-05;4.41293068852864e-05;4.302044045257605e-05;4.202163000653051e-05;4.114694886720455e-05;4.047635949760361e-05;4.009525144967511e-05;3.996585247190374e-05;3.988800069406748e-05;3.960603569712864e-05;3.895216182794094e-05;3.7740842890185926e-05;3.6288559294040106e-05;3.496819391420061e-05;3.407617112214094e-05;3.3640074586357384e-05;3.345156851872204e-05;3.336180309135861e-05;3.332172487648391e-05;3.3410968313297824e-05;3.352835612352662e-05;3.339942747257502e-05;3.2823584766028454e-05;3.174062250353921e-05;3.056558235141298e-05;2.959279243378008e-05;2.9274791190204225e-05;2.962414703775188e-05;3.016601177044035e-05;3.063031030682054e-05;3.075953456066567e-05
1243.8791547318615;5.597032599332653e-08;4.100655472488236e-08;2.5746572630747437e-08;1.8668322414064816e-08;2.9080549827659725e-08;6.381497391793924e-08;9.997740607908704e-08;1.1327526414961398e-07;9.3897354631914e-08;5.5261760896731916e-08;2.6295508981645383e-08;1.3737452399516713e-08;8.627255551592837e-09;7.024646693314136e-09;1.0124801375966717e-08;1.935632024939149e-08;2.5681082308159788e-08;2.398523162956636e-08;1.5292224895830152e-08;6.00737665627015e-09;3.210770514975486e-09;2.618805594730154e-09;2.0633812320850835e-09;1.6215310161036103e-09;2.3312815168424402e-09;1.0714281511672885e-08;3.1721734074464075e-08;5.126227298876217e-08;6.106405347249613e-08;5.6448426972749055e-08;4.071929572682802e-08;2.6137910277760387e-08;1.448512546850936e-08;7.495838107487792e-09;5.9275872424954404e-09;1.5644135914372412e-08;4.6236506227048194e-08;8.797682038934554e-08;1.2117428310089077e-07;1.371695839179953e-07;1.3950908882046969e-07;2.160645320147812e-07;7.068843876008864e-07;2.520665686583944e-06;6.587552260591148e-06;1.3507571512696864e-05;2.371248938911949e-05;3.684895949815946e-05;5.202786393684181e-05;6.778182239507995e-05;8.264434196580828e-05;9.610305824101432e-05;0.0001079986590912;0.0001176623760033;0.0001242803425348;0.0001275129271201;0.0001274084721445;0.0001239788727854;0.000117119671484;0.0001072755152275;9.582932385296716e-05;8.473532410546127e-05;7.528260004613785e-05;6.725677184609135e-05;6.076900821570737e-05;5.581650553649797e-05;5.237700618580768e-05;4.962077424476128e-05;4.750568598020363e-05;4.57568229145366e-05;4.431300247420249e-05;4.303722154418968e-05;4.176783807912229e-05;4.050038623198975e-05;3.9467852783114415e-05;3.879296909630711e-05;3.8516808194902544e-05;3.85064051433436e-05;3.8445722240050246e-05;3.801473858421849e-05;3.715579153367596e-05;3.601673974183425e-05;3.484385544179341e-05;3.3904442096413615e-05;3.324545626604821e-05;3.2904444290750175e-05;3.286409733727504e-05;3.310994367052193e-05;3.355747029666369e-05;3.390776104937577e-05;3.388015556808606e-05;3.330844332955587e-05;3.236296754090715e-05;3.149487835482915e-05;3.091038021453927e-05;3.0912754599750725e-05;3.109026695320325e-05;3.098517159568326e-05;3.064017549859041e-05;3.025917992270457e-05
1245.640994920428;2.236005852784505e-08;1.1766940012690772e-08;5.4242523364720365e-09;1.1142854120821725e-08;4.733433085634394e-08;1.3028576552828661e-07;2.323108640184803e-07;2.896308748592626e-07;2.525102394050471e-07;1.638926455168779e-07;8.338553014837249e-08;3.975194710162161e-08;2.2051673146591862e-08;1.6815951896965193e-08;2.1976970526824204e-08;3.7647669197926775e-08;5.3021285044469134e-08;5.230702635532684e-08;3.58489164220551e-08;1.734339819854215e-08;8.058530384585291e-09;7.508796007671385e-09;2.9665448632821093e-08;7.430326470662807e-08;1.2432435521522981e-07;1.6545132144895024e-07;1.812894172103916e-07;1.5796818799540714e-07;1.118059011051326e-07;5.963917423971206e-08;2.470342408924132e-08;1.4680477137718797e-08;1.2413144742270086e-08;1.5287805113973334e-08;2.7440327093953634e-08;5.112320275166211e-08;9.074803980233979e-08;1.3304756036205516e-07;1.4849729022580538e-07;1.392689538283165e-07;1.200144433296217e-07;1.872687430570379e-07;7.17069768743438e-07;2.8316057815641644e-06;7.571383721882909e-06;1.5564112999760315e-05;2.677949405148308e-05;4.071808143202472e-05;5.6454223267521135e-05;7.264301053615682e-05;8.787691414554535e-05;0.0001016384817295;0.0001132095094379;0.0001221934155593;0.0001281504873259;0.0001307782315605;0.0001302915392215;0.000126866918364;0.0001208825361766;0.0001122707202488;0.0001021828542203;9.189727682744952e-05;8.213165275222298e-05;7.325482179272794e-05;6.570301596289708e-05;5.9667353662676926e-05;5.50798458840812e-05;5.177905398002434e-05;4.930625948526454e-05;4.728832452616328e-05;4.542775106115236e-05;4.360817514454532e-05;4.191345240420465e-05;4.043840714532595e-05;3.929957878615711e-05;3.860723536784778e-05;3.814091795380894e-05;3.792506718920879e-05;3.77476662438491e-05;3.743873348499925e-05;3.700888337536699e-05;3.647256137939049e-05;3.595838326253888e-05;3.5411678739749846e-05;3.478063314566148e-05;3.407052412667236e-05;3.3433810837626794e-05;3.3070154776005455e-05;3.309871240428323e-05;3.3438856143063786e-05;3.375979337218189e-05;3.3791191119974856e-05;3.3594104787987136e-05;3.3343533739494844e-05;3.337142792801041e-05;3.3327466158198666e-05;3.2870886348950306e-05;3.195465858922817e-05;3.0934671292171175e-05;3.0159978455075518e-05
1247.4021741238505;5.8638408348680997e-08;5.3577353074055046e-08;3.901863585280492e-08;3.4733110098224084e-08;1.0256903715641469e-07;2.679081535207453e-07;4.5085736674235643e-07;5.45515177655601e-07;4.910467043145644e-07;3.399975327508381e-07;1.9545375848591865e-07;9.965275694874552e-08;5.173575511109296e-08;3.38771863185238e-08;3.1013298347073865e-08;4.15341373577194e-08;5.8810556503742425e-08;6.614064563578029e-08;5.5080677788050346e-08;3.6618602028030746e-08;1.8452194249025666e-08;1.6971639249820187e-08;5.800108547009508e-08;1.510915756987497e-07;2.528060977691953e-07;3.1551503126560294e-07;3.0910770525713854e-07;2.3749351604347874e-07;1.5066615801353225e-07;8.210671147075418e-08;4.235919777206017e-08;2.5154576812105858e-08;1.9486852053492963e-08;2.6649552975092622e-08;4.9711830070602725e-08;7.998169496069224e-08;1.0780867484264645e-07;1.1940119609487105e-07;1.0672944449429666e-07;9.392436940788765e-08;1.05755789654332e-07;2.197974364663357e-07;8.360244057313247e-07;3.034914449766904e-06;8.024632782682769e-06;1.6591270820113813e-05;2.8375823257146036e-05;4.245624884548659e-05;5.7869073644814e-05;7.40061071247806e-05;9.015803348359688e-05;0.0001051877808004;0.0001176459408378;0.0001268674610642;0.0001326891990658;0.0001349456167107;0.0001338079454839;0.0001294132815783;0.0001226837154226;0.0001145745347772;0.0001056937394389;9.652030687896304e-05;8.726408527737745e-05;7.845675797539525e-05;7.028143827593285e-05;6.28818047547321e-05;5.6518101109499045e-05;5.185580946038771e-05;4.858941287555183e-05;4.638865522612742e-05;4.478725933018983e-05;4.343862815934137e-05;4.222450205736258e-05;4.1223948583800194e-05;4.0486712358964505e-05;3.9955638105420885e-05;3.9532793145644215e-05;3.910950955944769e-05;3.859308520199027e-05;3.7999518021592994e-05;3.74578753884752e-05;3.711593723880498e-05;3.703642984358923e-05;3.701730880672602e-05;3.670260027601615e-05;3.5866016780533857e-05;3.4669360845972565e-05;3.349955656123571e-05;3.2711961695558805e-05;3.229472531058817e-05;3.227027973245606e-05;3.261426638978114e-05;3.331228379206909e-05;3.437174526372338e-05;3.5506500923667965e-05;3.592002323864218e-05;3.521469027187349e-05;3.380773890232614e-05;3.2258669897904023e-05;3.117868733947588e-05
1249.1626923854674;8.531853620756911e-08;8.971909587781419e-08;7.049602849200948e-08;4.942539038921646e-08;1.0207725413044169e-07;2.547383805167503e-07;4.204587165269476e-07;5.052370116446099e-07;4.612705812325974e-07;3.378378938248201e-07;2.115912819944365e-07;1.1427654398623205e-07;5.7673039636273063e-08;3.4976788409566994e-08;3.208308170058676e-08;4.687458192095951e-08;9.35883509933671e-08;1.447383897603385e-07;1.600070325439167e-07;1.3325600395593274e-07;8.235981069407087e-08;4.650891776594895e-08;4.937170202083753e-08;9.336638788091224e-08;1.4760237474460454e-07;1.8033609056650748e-07;1.764749553668099e-07;1.4470881165523764e-07;1.080009356970547e-07;7.831049460142662e-08;4.9594937961176525e-08;2.8285901280157644e-08;1.8475488488866907e-08;2.19289844194328e-08;3.399700878539836e-08;4.543623152973993e-08;4.939175675238713e-08;4.347458725089063e-08;3.5481275932776475e-08;4.9112252528915726e-08;1.0951347627298199e-07;2.79197664674181e-07;9.525884246855406e-07;2.9788218260113057e-06;7.622331948249518e-06;1.5739009023932185e-05;2.7223304309698e-05;4.132140197437838e-05;5.717901715626934e-05;7.418150594322243e-05;9.145856293272812e-05;0.0001078129902641;0.0001219450485542;0.0001329661678237;0.0001397361291884;0.0001413443828985;0.0001381774441213;0.0001317353954094;0.0001235129811933;0.0001146434565765;0.0001058173823059;9.700830836415264e-05;8.824115524377047e-05;7.971162930010857e-05;7.139210635947292e-05;6.361899603783665e-05;5.679221193213984e-05;5.130241994963067e-05;4.741667034575686e-05;4.508440991527787e-05;4.396515123515651e-05;4.35577666195102e-05;4.320832641274063e-05;4.255170497570458e-05;4.161238363034192e-05;4.053336964062572e-05;3.971543880546229e-05;3.896898891662926e-05;3.8226315494586696e-05;3.7496557292509965e-05;3.689925352711303e-05;3.657593503569888e-05;3.650187572089623e-05;3.65424450256312e-05;3.640129047405546e-05;3.5962229530330187e-05;3.511930256871722e-05;3.392951132702106e-05;3.278658321352612e-05;3.194768742323586e-05;3.141149606845352e-05;3.155403559647793e-05;3.2394138819351266e-05;3.3660090202346765e-05;3.4945247687893834e-05;3.55848269732724e-05;3.503309702170006e-05;3.371017740748515e-05;3.227358518715703e-05;3.130818797423535e-05
1250.9225497487205;4.03658460747708e-08;4.37051007596317e-08;3.495395240625522e-08;2.210325049826888e-08;3.465151914977932e-08;8.444674595551394e-08;1.421528752888121e-07;1.745793400933464e-07;1.6485547619600314e-07;1.2774690595971613e-07;8.470773031482206e-08;4.737654235882733e-08;2.3534636299542632e-08;1.4835287343671064e-08;2.185826278388588e-08;5.50494572950145e-08;1.273049885123787e-07;2.052253421778471e-07;2.39176759264462e-07;2.0763149061786653e-07;1.3389762903713086e-07;6.773026103865586e-08;3.4678094264760964e-08;2.4081221742681678e-08;2.422665444498677e-08;2.9100821347708325e-08;3.92488839736146e-08;6.307979978323734e-08;8.259735292828789e-08;8.118254710677663e-08;6.080307887421096e-08;3.325216284199227e-08;1.8081893679430818e-08;1.7658211391571224e-08;1.900751906740016e-08;1.722730636714266e-08;1.2511949586905566e-08;7.80576280138618e-09;9.779407669214214e-09;3.0317717396484945e-08;9.209740787673736e-08;2.8505221045261364e-07;1.0439008933326422e-06;3.2385520744153216e-06;7.882936507289947e-06;1.5579623277213316e-05;2.6381733504975587e-05;4.012662679027916e-05;5.59400851131675e-05;7.3260647822254e-05;9.096077895119669e-05;0.000108037105508;0.0001234852293305;0.0001361416610334;0.0001439331649929;0.0001457025992469;0.000141680566667;0.0001338922663248;0.0001246158733054;0.0001149202302254;0.0001053055913706;9.597149174213857e-05;8.688444833360005e-05;7.810872731257414e-05;6.989443037237728e-05;6.265777084486478e-05;5.672560275661199e-05;5.2122447768262654e-05;4.9122730333934966e-05;4.725609475563371e-05;4.6429082376236365e-05;4.610741585444647e-05;4.544362850420157e-05;4.408399091030947e-05;4.2009571408638976e-05;3.988547824105792e-05;3.825869289835847e-05;3.727993350483837e-05;3.682954354877119e-05;3.6669682309268734e-05;3.645616295305777e-05;3.62546845920374e-05;3.60334737940296e-05;3.58427127184374e-05;3.5614824873620894e-05;3.53245970695778e-05;3.4975670486053386e-05;3.4445777888044885e-05;3.372925121767646e-05;3.294415093543787e-05;3.2380361372328964e-05;3.215919993161028e-05;3.234708824511153e-05;3.255091116448339e-05;3.2779286771137814e-05;3.266356237602968e-05;3.216079619478163e-05;3.14489240432492e-05;3.079896647662643e-05;3.0400550233540826e-05
1252.681746257178;1.0058984421257759e-09;3.3560240875638398e-09;2.8321080945704184e-08;7.74511799524953e-08;1.196416756138114e-07;1.256683340105817e-07;9.269742022877549e-08;4.789635904387064e-08;2.244766733589739e-08;1.3450867457878928e-08;1.1836782726034238e-08;1.8201459303493857e-08;2.9144251355954962e-08;3.728566801506583e-08;4.5872422125115386e-08;7.732184525449833e-08;1.3102740336633786e-07;1.895438153748437e-07;2.151515424188504e-07;1.857210706518905e-07;1.216675606904859e-07;6.292363644808426e-08;2.981212603696243e-08;1.7019966990740145e-08;1.3062294790327509e-08;1.2487745968791386e-08;1.9425377397313987e-08;4.9533325620608056e-08;9.452317539648412e-08;1.354119581439363e-07;1.490698471356436e-07;1.2075672874829e-07;7.758157046453882e-08;4.525470210153597e-08;2.73602818334295e-08;1.8701392995717672e-08;1.3442823512719594e-08;1.1007765674401533e-08;1.3757033721538433e-08;2.8778006256992053e-08;9.118718144293313e-08;3.4681242198468804e-07;1.241654474027301e-06;3.810458791272162e-06;8.938278118368343e-06;1.6925126111722368e-05;2.7418322834595595e-05;4.0300987525664165e-05;5.555870308859869e-05;7.264327286099349e-05;9.088826313810468e-05;0.0001085348784139;0.0001240397223741;0.0001363277372275;0.0001440458776268;0.0001468307419978;0.0001447246120127;0.0001386390436871;0.0001301241613361;0.0001202986011021;0.0001090897597249;9.737275838776792e-05;8.628666875392903e-05;7.657722118818992e-05;6.83848685110526e-05;6.197669902841381e-05;5.7214929241472525e-05;5.36218219735594e-05;5.0780263723496185e-05;4.8744535223081146e-05;4.7368568063312506e-05;4.6367195344830174e-05;4.541417391779623e-05;4.3977211215742e-05;4.2026405155745786e-05;4.022626344233968e-05;3.883547045158334e-05;3.792444484681588e-05;3.740530687741051e-05;3.704058471399009e-05;3.670691995810428e-05;3.640217251105133e-05;3.615099184001286e-05;3.594297602314116e-05;3.5636642172314195e-05;3.511733459969669e-05;3.4500326364042066e-05;3.406311269501684e-05;3.387202017206774e-05;3.386106117679321e-05;3.401804281165094e-05;3.3899145593411224e-05;3.3323096602222416e-05;3.249012110608721e-05;3.1586044041090306e-05;3.087662126624977e-05;3.066485131054246e-05;3.0652220066389256e-05;3.074399033234598e-05;3.081333583006733e-05
1254.4402819545066;3.100182998150722e-09;9.375125230844412e-09;5.624452237242499e-08;1.567400944542943e-07;2.473694983575434e-07;2.659083366386632e-07;2.0103294187536654e-07;1.0601150532097952e-07;4.8616884956756e-08;3.3139597591697855e-08;4.416908822860701e-08;7.802026741818896e-08;1.1482360510429644e-07;1.2637160027679233e-07;1.1625665226239176e-07;1.1505260039186753e-07;1.4335889618371692e-07;1.820859347366977e-07;1.9435197566923317e-07;1.620449782904669e-07;1.0782689069561125e-07;6.127063566861335e-08;4.4741363712840366e-08;5.964301011032696e-08;1.0010527330557653e-07;1.4365150262667377e-07;1.759991707013572e-07;2.0674828283544907e-07;2.553643936337344e-07;3.099709265566645e-07;3.261644045796953e-07;2.777964132862207e-07;1.8876951996175693e-07;1.0592562708870525e-07;5.0635482650246876e-08;2.7765335676004708e-08;1.9294093824416043e-08;1.7220027942854003e-08;1.779633797379299e-08;2.3292302455458825e-08;6.990350996056156e-08;2.942765543610795e-07;1.096668563752522e-06;3.671530218427046e-06;9.15082780111568e-06;1.7625456900317082e-05;2.880132555142062e-05;4.188909818129291e-05;5.739010374536296e-05;7.502328275706291e-05;9.37241266461832e-05;0.0001111734857106;0.0001261534637738;0.000137867338404;0.0001449757834514;0.000147616648526;0.0001462836378787;0.0001417869572586;0.0001347235189274;0.000125306638212;0.0001139700320089;0.0001013507747427;8.933135549528961e-05;7.89028238883779e-05;7.048395538386761e-05;6.40442250824186e-05;5.89226610746918e-05;5.4667423030722224e-05;5.0754160090820126e-05;4.747782929654822e-05;4.5264612928748194e-05;4.393968376941784e-05;4.318816205910109e-05;4.267235132722452e-05;4.226264302263355e-05;4.173598897679756e-05;4.089959710901489e-05;3.980044431563807e-05;3.859564125944064e-05;3.738801505535299e-05;3.664850116722989e-05;3.629098862960652e-05;3.618244159025151e-05;3.604675665624268e-05;3.546682373515252e-05;3.435594498326165e-05;3.318384036763183e-05;3.258685956987155e-05;3.308703418363749e-05;3.454418930021844e-05;3.615167702440499e-05;3.673709918336612e-05;3.582280785796778e-05;3.390350361655148e-05;3.18625069466771e-05;3.07469715001922e-05;3.072266663700336e-05;3.144552208992684e-05;3.2301507142648895e-05;3.2801574191606534e-05
1256.1981568844967;2.476150156479984e-08;1.7196635364066114e-08;3.6461753248072984e-08;8.63436362145752e-08;1.392479711977755e-07;1.57453161756418e-07;1.266943476774497e-07;7.23895815922416e-08;3.5951138266237655e-08;3.2961629073683666e-08;5.9079526819143856e-08;1.0560015089523113e-07;1.447113076807705e-07;1.4696829220874965e-07;1.2270894963382217e-07;1.0527994065263337e-07;1.1579966577586192e-07;1.3585521777142664e-07;1.3536201048380285e-07;1.074717961828916e-07;7.09028563671895e-08;4.684493254524163e-08;5.068730384019137e-08;9.747382778459989e-08;1.840657558559509e-07;2.743088468305871e-07;3.338266010030976e-07;3.503708501505896e-07;3.505545331095501e-07;3.411150608163101e-07;3.1074093099326374e-07;2.504371161639589e-07;1.7258254466553945e-07;1.036736394723396e-07;6.139816995342114e-08;4.227900937434737e-08;3.241233833064763e-08;2.739676710515393e-08;2.18597887698726e-08;1.6790694441026448e-08;3.7859024789092846e-08;1.7670804913784198e-07;7.836673202106425e-07;3.131740994762277e-06;8.43224231738383e-06;1.7406428015215022e-05;2.9528235636769265e-05;4.386599773605251e-05;6.011207629911015e-05;7.785323787271156e-05;9.59242336308024e-05;0.0001126877750685;0.0001270312070526;0.0001378388931899;0.0001441290462656;0.0001457742286607;0.000143552421514;0.0001387536745538;0.0001322418274608;0.0001240141158249;0.0001140998376865;0.0001027134124136;9.087782373500306e-05;7.985119498320144e-05;7.083732329531877e-05;6.40656761444933e-05;5.910945061640475e-05;5.471363987895567e-05;5.073104257549592e-05;4.7326481152654246e-05;4.480746352009515e-05;4.314405801423769e-05;4.206107835663695e-05;4.15474092191549e-05;4.150144496125239e-05;4.124084650739964e-05;4.0557486774252056e-05;3.941825534796904e-05;3.8054864141918326e-05;3.688718035214324e-05;3.626043821188329e-05;3.607948582058209e-05;3.608649201761912e-05;3.5756343743073964e-05;3.492949508005984e-05;3.380694064723663e-05;3.285826350376738e-05;3.2745590249863294e-05;3.376164238854585e-05;3.559634557729888e-05;3.745547225453458e-05;3.81735945255961e-05;3.720450994125019e-05;3.485565899096822e-05;3.23290533049702e-05;3.084282621831764e-05;3.0731435415310294e-05;3.1525043643964345e-05;3.2337064271920345e-05;3.278130750890954e-05
1257.9553710910404;4.959605242630571e-08;3.10197696597322e-08;1.632609289545373e-08;1.1290508715577272e-08;1.4336947342998264e-08;1.957697660103193e-08;2.0525357148425767e-08;1.5976392121397923e-08;1.0714424402355078e-08;1.37271180077944e-08;2.7018398077201146e-08;4.595594756202636e-08;5.97046433219898e-08;5.953879571351694e-08;5.509159221796503e-08;5.984855426312207e-08;7.732984701866709e-08;9.804144853817504e-08;1.105848256928114e-07;9.912205093589589e-08;7.398410519663149e-08;4.9490028623160965e-08;3.9099540552030766e-08;5.721789726092757e-08;9.682102368895425e-08;1.403258233610985e-07;1.6862057299599377e-07;1.6994510936912645e-07;1.512007642699223e-07;1.264695309911058e-07;1.018529365795993e-07;8.309544376626622e-08;7.261010750215348e-08;6.519205502482028e-08;7.215097824170176e-08;7.636460350908583e-08;6.945760941328226e-08;5.3031650069546575e-08;3.20015592462261e-08;1.6474633085815392e-08;4.111459012688933e-08;2.038740705370041e-07;8.149494391780272e-07;2.8695106703637246e-06;7.592955707101294e-06;1.6126595637351393e-05;2.828211595568499e-05;4.332181645683319e-05;6.0472396647662326e-05;7.843544443356462e-05;9.60969337358368e-05;0.0001131612887999;0.0001269384857134;0.0001361699930334;0.0001409557240983;0.0001413970236303;0.0001386657220004;0.0001339033935588;0.0001278136548531;0.000120208406648;0.0001107555652164;9.95496151738101e-05;8.741914211009966e-05;7.609855695884335e-05;6.713101839007198e-05;6.076646182993563e-05;5.650469612942416e-05;5.330753162593403e-05;5.047482883413476e-05;4.802337246723029e-05;4.56574918379208e-05;4.363794676460128e-05;4.209106520175378e-05;4.106728991239786e-05;4.048673649643252e-05;4.004191204066322e-05;3.96424186318063e-05;3.889626045455982e-05;3.779911205699966e-05;3.669142617384139e-05;3.594957219089131e-05;3.5516261642091067e-05;3.526608706075781e-05;3.492650049217892e-05;3.443527374757386e-05;3.401485661026813e-05;3.367924602741053e-05;3.373512614028413e-05;3.416526671327795e-05;3.502485895185303e-05;3.5783017684762054e-05;3.5990528110995526e-05;3.539060869513236e-05;3.406024040142686e-05;3.255323394582403e-05;3.147138109113265e-05;3.107111313524069e-05;3.113124075442562e-05;3.123187954420118e-05;3.129140498303415e-05
1259.71192461815;5.74761396131769e-08;9.453677975604153e-08;1.1858736829609487e-07;1.172662762396252e-07;8.571116011387976e-08;4.3306254937568447e-08;1.6876874963583962e-08;1.0635587317588872e-08;9.01604577042207e-09;7.826081050039485e-09;1.4495093255404524e-08;4.0520954835283854e-08;7.499755653958002e-08;9.86987665292372e-08;1.0646196895565335e-07;1.051942048446265e-07;1.1862224667676673e-07;1.5966317424579286e-07;2.041054013930061e-07;2.170747296563452e-07;1.8721350004669265e-07;1.311299218309391e-07;8.885342985116545e-08;7.910998197826966e-08;7.965577910271795e-08;7.154560917973095e-08;5.087766153427188e-08;2.6753793356681312e-08;1.3795505275364882e-08;8.972704838546907e-09;8.734334181929245e-09;1.9198386522510632e-08;5.7209844081117795e-08;1.3009546448354286e-07;2.0513626205147145e-07;2.3593964744480138e-07;2.055855933763305e-07;1.3253586552343637e-07;6.527441982255744e-08;3.1297228478474425e-08;5.1082958218492766e-08;2.017570490422761e-07;7.987256541928844e-07;2.708234019708604e-06;7.234575496919177e-06;1.5487806112589314e-05;2.7672366084029107e-05;4.300208194579124e-05;6.0309937341150005e-05;7.86513249632705e-05;9.695643999471636e-05;0.0001139265184255;0.0001272498036525;0.0001356917944637;0.0001392998970276;0.0001391314249173;0.000136311427713;0.0001314298936672;0.0001249423035288;0.0001170530003013;0.0001076491208339;9.682824468909112e-05;8.549919239329128e-05;7.503067930943523e-05;6.625789713076924e-05;5.946707999963343e-05;5.4464971112915375e-05;5.105809822321823e-05;4.890648410880661e-05;4.719960657849894e-05;4.5632224337291256e-05;4.415469694235034e-05;4.27875646014939e-05;4.167199411209117e-05;4.08908046158738e-05;4.04687580702536e-05;4.0232923413602815e-05;3.9765423734399046e-05;3.8883284152044925e-05;3.754498599110952e-05;3.625183561831108e-05;3.5399479907129225e-05;3.487095454140479e-05;3.4586182107574284e-05;3.427059192613771e-05;3.388214145662716e-05;3.343357783545532e-05;3.3073783930788367e-05;3.291680828829522e-05;3.297112658797588e-05;3.314641865052258e-05;3.3251713066707634e-05;3.329690281368153e-05;3.3068504576300503e-05;3.2606782754501704e-05;3.201104340495799e-05;3.141072165369018e-05;3.0964494405669125e-05;3.073251109364148e-05;3.0638031032299804e-05
1261.4678175099434;6.096866247166724e-08;1.4892852308212033e-07;2.2092396829426453e-07;2.254337357303597e-07;1.654496870016823e-07;8.204333226291565e-08;2.973304599227348e-08;1.7238501059000136e-08;1.3659396176555675e-08;1.0988534350544169e-08;2.4737539932188837e-08;7.847698271761626e-08;1.5013473110038697e-07;2.021995999448509e-07;2.1938254749428134e-07;2.037828281519084e-07;1.9728604269395072e-07;2.2807311198810934e-07;2.647776521068347e-07;2.729872686951416e-07;2.3675687279607745e-07;1.735466539359405e-07;1.318013900448755e-07;1.340685071586274e-07;1.45537108344641e-07;1.3431602992504317e-07;9.496042419532614e-08;4.770696862421966e-08;2.251869096955561e-08;1.5591735572052115e-08;1.3254792658742232e-08;1.970187888300424e-08;6.49829747714967e-08;1.7325678360441561e-07;2.838576224495474e-07;3.251697832405624e-07;2.7729339082943576e-07;1.7182685427145995e-07;8.483962038789214e-08;4.794686000591802e-08;5.3336566943854336e-08;1.4064061099533397e-07;6.326426108124528e-07;2.477984048839471e-06;7.136112135923134e-06;1.5842404917727354e-05;2.843319294827529e-05;4.379897048031814e-05;6.054648160062568e-05;7.777923263063846e-05;9.479476805621796e-05;0.0001102956024049;0.0001231990320156;0.0001328902752343;0.0001388581013318;0.0001407378555589;0.0001385371901636;0.0001329455267796;0.0001251576723008;0.000116192290094;0.0001063120023601;9.58568556571169e-05;8.567519222790592e-05;7.622776997911698e-05;6.76474811675294e-05;6.0415701720596815e-05;5.477121120527869e-05;5.071876416003493e-05;4.80072056035944e-05;4.618633256672525e-05;4.47351449354382e-05;4.358420254813256e-05;4.257728780190924e-05;4.1661182438625886e-05;4.096787833719969e-05;4.046471625653027e-05;4.00103590961352e-05;3.935179510589547e-05;3.842662626616535e-05;3.741267768027572e-05;3.635631977140982e-05;3.565696473571664e-05;3.5208026287755995e-05;3.481305738477318e-05;3.431289000576476e-05;3.367524099427038e-05;3.2980437039829456e-05;3.2401880944039745e-05;3.20677667444214e-05;3.1942537652434144e-05;3.1935270272845945e-05;3.204993386822394e-05;3.230452942246475e-05;3.2621394451131085e-05;3.260802741325428e-05;3.2027983681829565e-05;3.1143790140611804e-05;3.004622800869469e-05;2.924453831816572e-05;2.877102869002936e-05
1263.223049810662;4.700355226983097e-08;1.1114452286941065e-07;1.6307378850749086e-07;1.6581917965107936e-07;1.2139366459553813e-07;6.180665580162593e-08;2.5031611554580218e-08;1.4575544684639812e-08;1.0861147001287554e-08;9.38870248796694e-09;2.027229407367591e-08;6.032915004938174e-08;1.1956251639254166e-07;1.7088924931102612e-07;1.9846317194014787e-07;1.923159604496772e-07;1.71364778118591e-07;1.584695390463369e-07;1.5105242443792318e-07;1.3993112855733105e-07;1.166701594716265e-07;8.47279208151688e-08;6.636069883015225e-08;6.964650962362694e-08;7.570194909596457e-08;6.975191166584305e-08;4.9590845052615394e-08;2.7457021663031642e-08;1.9211501675974336e-08;1.991304908130336e-08;1.9986284846018462e-08;1.8501798098298135e-08;3.4810490241967054e-08;7.686773121585409e-08;1.236960422193486e-07;1.437279679583796e-07;1.2816016616685498e-07;8.691854603354751e-08;5.2079504534934845e-08;3.9514347151795855e-08;4.8742792362152055e-08;1.4130994671217604e-07;7.309135150896263e-07;2.6586139353551945e-06;7.328391630502452e-06;1.5627153106830905e-05;2.75720872412297e-05;4.220812085347484e-05;5.806821826634855e-05;7.425146715516669e-05;8.994665683071052e-05;0.0001045711857724;0.0001176210989168;0.0001288406937908;0.0001372767305962;0.0001412411475037;0.0001399883224319;0.0001343845389176;0.0001259052136697;0.0001159894224462;0.0001053905174678;9.477496322764712e-05;8.446174395113106e-05;7.508212225088183e-05;6.7006316228553e-05;6.044860338925129e-05;5.526479843642861e-05;5.144891052497322e-05;4.84065017973826e-05;4.6115175363184885e-05;4.4308916523650577e-05;4.294443453207613e-05;4.191594707207471e-05;4.11153123877074e-05;4.050482956515293e-05;3.996553824470763e-05;3.926476367382446e-05;3.835019415370289e-05;3.725547596606353e-05;3.610495993912544e-05;3.506085862244489e-05;3.424010329149463e-05;3.385484891879159e-05;3.3971753433658e-05;3.4405175785407166e-05;3.496947754559517e-05;3.516816833493739e-05;3.492179378518701e-05;3.425165778841684e-05;3.331521177159694e-05;3.231136899777364e-05;3.156698684499905e-05;3.139654831106991e-05;3.171598638053506e-05;3.210915636598868e-05;3.196874032374818e-05;3.131798551506196e-05;3.021359667597041e-05;2.909178760547017e-05;2.8173366864457862e-05
1264.9776215646343;2.5384343886890745e-08;5.5813718931839165e-08;7.976076742478126e-08;8.038854056556451e-08;5.833635612263286e-08;3.127021545931878e-08;1.5482591793044204e-08;8.627672581084931e-09;5.866746575986829e-09;6.574516755724868e-09;1.2988920861595267e-08;3.210291376157312e-08;6.547679699026647e-08;9.494788506346597e-08;1.046441985248412e-07;9.017211606731722e-08;6.319239115785125e-08;4.27590030721743e-08;2.8217226291313033e-08;2.2645426094080785e-08;1.817927940432049e-08;1.1786408999624048e-08;7.125812919115244e-09;6.097945734763585e-09;6.023536840682124e-09;5.2662438278984725e-09;4.1296780380794195e-09;5.8308406657136075e-09;1.3811781798360556e-08;2.350708524656644e-08;2.980714492287428e-08;2.9871105276662474e-08;2.3555922115800267e-08;1.5842996725482664e-08;9.223087148643516e-09;7.731942536960327e-09;1.2641131525044591e-08;1.7590812525943428e-08;1.8116768651805903e-08;2.2804869176178425e-08;5.936864491580184e-08;2.615147611629217e-07;1.1292882527698283e-06;3.326850584914858e-06;7.889155228947563e-06;1.5360924924079352e-05;2.588433149955384e-05;3.908221173648498e-05;5.409305546933448e-05;7.0591672319835e-05;8.739135135183636e-05;0.0001032173727599;0.0001169847418352;0.0001280253718819;0.0001356835813675;0.0001389489163558;0.0001372832546824;0.0001321148927291;0.0001242574243212;0.0001148161761332;0.0001044975704676;9.393378999247288e-05;8.359016687274164e-05;7.394329787759104e-05;6.57570822529172e-05;5.909538759157082e-05;5.412363851549577e-05;5.061664022944283e-05;4.80485729152224e-05;4.605696176078127e-05;4.452394529659084e-05;4.3242828937007154e-05;4.205608278771296e-05;4.1144891156592446e-05;4.028369137558881e-05;3.955589642295569e-05;3.8849741998592526e-05;3.8154887634436345e-05;3.732802371663916e-05;3.639892415539293e-05;3.517396827598004e-05;3.386108233022858e-05;3.299412459740373e-05;3.307292011809712e-05;3.40648316078167e-05;3.5517737971738574e-05;3.66031197432924e-05;3.687187401852971e-05;3.624703321720357e-05;3.491816960707637e-05;3.331477480546112e-05;3.184575102123506e-05;3.084981633156172e-05;3.0565182788775885e-05;3.0827850827985046e-05;3.132639979558621e-05;3.160048383378168e-05;3.142399648893227e-05;3.094227740168553e-05;3.0476660318701726e-05
1266.7315328163277;8.930402755546788e-09;1.9150944176912452e-08;2.713078615391589e-08;2.7259335209404118e-08;1.9676153581920882e-08;1.0643785105399595e-08;5.6147468649565435e-09;2.962822156532702e-09;1.935718591509286e-09;2.638750031997057e-09;4.993884866451905e-09;1.1088709429513254e-08;2.2310461469824606e-08;3.0399677427193795e-08;2.8209046494330694e-08;1.7754098863485963e-08;7.580492315452232e-09;4.359091018357263e-09;4.930879257804926e-09;5.3415655458795425e-09;4.591408007199585e-09;3.090013043657753e-09;2.5162987085955606e-09;3.628508423919482e-09;4.749410931228912e-09;4.619261021369892e-09;3.47173953575867e-09;3.0784152226231324e-09;6.638167531893297e-09;1.456629447824894e-08;2.366481038927161e-08;3.211441574517656e-08;3.117547705523643e-08;2.5808204009230347e-08;1.588733723399843e-08;1.0109854753913582e-08;9.555217068049856e-09;9.025890181578604e-09;7.1740385798948245e-09;1.3249089652546038e-08;7.791419398236649e-08;3.87492632497444e-07;1.3893690197556518e-06;3.669318534069667e-06;8.177284922413855e-06;1.5261356399731567e-05;2.492466811047843e-05;3.706493090210262e-05;5.159642938286826e-05;6.832249512604008e-05;8.617243227777738e-05;0.0001033036769146;0.0001178504879922;0.0001287541013432;0.0001355751545393;0.0001379169342312;0.0001357876347225;0.0001300454222398;0.0001219379421002;0.0001127809804077;0.0001030431663117;9.320676889259376e-05;8.380679849432504e-05;7.490793598381318e-05;6.706588914165059e-05;6.0366706797897375e-05;5.492081376565893e-05;5.074016257463016e-05;4.767481762444704e-05;4.5762740809095545e-05;4.449568886608607e-05;4.359750461406881e-05;4.272004078886374e-05;4.160745339694565e-05;4.026115023547138e-05;3.892780583964392e-05;3.765166645401839e-05;3.705279889671189e-05;3.6975421945182615e-05;3.719655946212789e-05;3.690709567987808e-05;3.625180004344504e-05;3.519627586836902e-05;3.440402429444376e-05;3.429050973793185e-05;3.461280432049798e-05;3.49833291160543e-05;3.497493697169735e-05;3.455817972724512e-05;3.378381878253091e-05;3.2764531466828296e-05;3.1560713075417435e-05;3.0332245212212067e-05;2.9543162490509412e-05;2.935266667249581e-05;2.98552647241048e-05;3.059329523775209e-05;3.134388743124567e-05;3.1719917288815684e-05;3.206156908073479e-05
1268.4847836102963;1.4722967116722166e-12;2.3023690665602305e-12;3.220439603228618e-12;3.948140175183118e-12;4.6567783800035175e-12;5.529255480526923e-12;5.875292984779799e-12;6.180976989599004e-12;9.30062749781342e-12;1.7916437285820027e-11;2.7966879459454992e-11;3.105981630793728e-11;3.7215300797539e-11;4.065843704687513e-11;4.729326238515133e-11;7.407850201081432e-11;1.206258004883881e-10;1.5801604764151428e-10;1.8074049416267267e-10;2.027419600801251e-10;2.2342927183639214e-10;2.5361324571445383e-10;5.048186600397682e-10;1.341812909898208e-09;2.1493793113978797e-09;2.2450908363530523e-09;1.9147778812935193e-09;1.5377336147333047e-09;1.5845280292457027e-09;2.7658188500190044e-09;6.533879872726912e-09;1.2015792869079873e-08;1.4834810881529232e-08;1.3821912503389889e-08;1.0810614555354721e-08;8.375368932692465e-09;7.164790674442113e-09;5.138124744103029e-09;3.235355654335994e-09;7.536200846575956e-09;5.3338474710136465e-08;3.0971880009984325e-07;1.3025898995323652e-06;3.602693522276708e-06;8.056638968512306e-06;1.5170050824129827e-05;2.5008442593421417e-05;3.753499754491032e-05;5.235396158105281e-05;6.88578360521019e-05;8.60038832011831e-05;0.0001021670950216;0.0001158750504076;0.0001266653806017;0.0001340027342997;0.0001372888877397;0.0001364915181204;0.0001311023091324;0.0001225225639782;0.0001123990510727;0.0001017330454772;9.170775603963293e-05;8.270425097864115e-05;7.499357708216025e-05;6.823963741331879e-05;6.223233918880314e-05;5.663569413325491e-05;5.1530418410532095e-05;4.75016144091655e-05;4.503735975741179e-05;4.3954242710336014e-05;4.361695087095688e-05;4.32806714394555e-05;4.219767190595423e-05;4.049447407345304e-05;3.855706414206088e-05;3.704572568954732e-05;3.655992749041031e-05;3.677480689415779e-05;3.7182804103364295e-05;3.746985172564875e-05;3.707151605253274e-05;3.641303493094562e-05;3.558862135035279e-05;3.4916716085055824e-05;3.4281455615005616e-05;3.381244330770551e-05;3.347921097205765e-05;3.320990994117597e-05;3.2853206494383935e-05;3.2280861648099804e-05;3.145310783302952e-05;3.0485994707849567e-05;2.956954497757772e-05;2.912146490904717e-05;2.9164048674703025e-05;2.960671373744884e-05;3.0379048272729555e-05;3.104405917542644e-05;3.148359643107095e-05
1270.237373991229;4.575518315893581e-09;5.238098318053061e-09;4.793155557493258e-09;2.886230264435662e-09;1.1198223203482624e-09;8.29479197126866e-10;1.706062930230478e-09;2.825621383781598e-09;2.633258588830882e-09;2.04760576936058e-09;1.8863293551883202e-09;4.4913006953667565e-09;1.3375508420258946e-08;3.260039940333012e-08;4.1020785918745815e-08;3.933701223757126e-08;2.8605638164356763e-08;1.6456770192754063e-08;8.040826618334988e-09;2.422036450276362e-09;1.525375409029638e-09;1.2075086586724888e-09;9.419301731637826e-10;7.111856644870601e-10;5.621518756244464e-10;5.808557881490715e-10;8.619062007057034e-10;1.4753533100597646e-09;2.2774785357647037e-09;2.735146544286427e-09;2.518695367396014e-09;2.621952871143648e-09;6.043097836727072e-09;1.8611456865991712e-08;4.998302304548414e-08;7.653980124228e-08;9.17497154453326e-08;8.620812541080828e-08;6.477872069106262e-08;4.1095089277490366e-08;3.2309949319106974e-08;1.855062091375418e-07;1.0445179612396944e-06;3.2822355533897006e-06;7.658246073703979e-06;1.4822597620432082e-05;2.523571565033299e-05;3.882055968074511e-05;5.4552756496356296e-05;7.094017183646028e-05;8.6667408176388e-05;0.000100986531536;0.0001133658138389;0.0001237483485349;0.0001314219840615;0.0001360708265606;0.000136912061931;0.0001334985643427;0.0001258386064844;0.0001150027031838;0.0001028163660041;9.134860517661194e-05;8.140689920765179e-05;7.322944192576104e-05;6.651966601297368e-05;6.086901512979609e-05;5.5813138469409925e-05;5.1146107568788215e-05;4.74403217779143e-05;4.494380972699316e-05;4.36944591267719e-05;4.300611819848191e-05;4.223230361027494e-05;4.102135582081706e-05;3.954924175462624e-05;3.820906547385647e-05;3.77326076370733e-05;3.778414229087964e-05;3.799675783278032e-05;3.789034949583004e-05;3.738851258160138e-05;3.632251677520941e-05;3.531449755665759e-05;3.4555107850196015e-05;3.40603659548651e-05;3.365573965901477e-05;3.3400916296073995e-05;3.334703855449631e-05;3.332214508814147e-05;3.316232473350494e-05;3.272101158663173e-05;3.203519172081971e-05;3.125426664317859e-05;3.054337434741629e-05;3.001886891907992e-05;2.972852792164772e-05;2.9648013402513743e-05;2.962313879079953e-05;2.9710327261222447e-05;2.9701175910298154e-05
1271.9893040039096;1.6032211891771784e-08;1.6992064811536127e-08;1.4101456231201956e-08;8.326666410164879e-09;3.556584495681606e-09;2.618380051551722e-09;4.374427308175765e-09;6.8400466071146395e-09;8.061805248919296e-09;7.278303069167747e-09;7.018058869318797e-09;1.5723990883198666e-08;3.831928803289267e-08;6.518846149095115e-08;8.202596296053903e-08;7.865465218065355e-08;5.7192292109868777e-08;3.2897820140003995e-08;1.6078831432669717e-08;7.953141382931759e-09;5.4920655225688734e-09;4.389581295170946e-09;3.4320132444841262e-09;2.6270138535712634e-09;2.0333465012299207e-09;1.7253514983937266e-09;2.2300298072525343e-09;6.105903358835879e-09;1.967638351911151e-08;3.6409032852480576e-08;4.7342115525025e-08;4.8056832826980485e-08;4.7046812149259193e-08;6.281351872275415e-08;1.001649105189141e-07;1.4843672852193293e-07;1.799694806659244e-07;1.7464918722265498e-07;1.4373638144097545e-07;1.1816533670862737e-07;1.1425365272244645e-07;2.135548133994147e-07;7.978944270914444e-07;2.580145562908717e-06;6.689207308290078e-06;1.4048060210531898e-05;2.5000289300853843e-05;3.903218792028902e-05;5.470180953029696e-05;7.0655697847235e-05;8.585543640662916e-05;9.974373534014046e-05;0.0001125109125132;0.000123213934658;0.0001310129653305;0.0001357920027292;0.0001369874269787;0.0001341513792186;0.0001271070332787;0.0001166849188371;0.0001044693369366;9.255505389143286e-05;8.18224913651883e-05;7.285679283517167e-05;6.571988072721791e-05;6.002135926373352e-05;5.536450004120956e-05;5.144524755552341e-05;4.814081122865528e-05;4.557220819906339e-05;4.382485840013913e-05;4.256287134897109e-05;4.1798473530204735e-05;4.0956302698613454e-05;4.003875228719388e-05;3.924810233212402e-05;3.869658637970889e-05;3.852574756642424e-05;3.842185778823295e-05;3.803900948850894e-05;3.715684360798586e-05;3.617676079758948e-05;3.528072437571695e-05;3.466693486450278e-05;3.429245377446488e-05;3.408275711538635e-05;3.380417095925098e-05;3.3429295801523095e-05;3.295757444307772e-05;3.2391539447818286e-05;3.176751846864041e-05;3.1175624813463255e-05;3.0718423542076776e-05;3.049792684767585e-05;3.043785924258812e-05;3.027117413452264e-05;3.00730327274668e-05;2.9717620346429475e-05;2.9298912553541247e-05;2.893404367169548e-05
1273.7405736932303;6.820623650542079e-08;4.825862286971447e-08;2.89355126561478e-08;1.62313213172089e-08;9.343642741252898e-09;6.7433995204064675e-09;6.596058136719916e-09;9.277975169811991e-09;1.8616331603649143e-08;3.4478268205069025e-08;5.278549839607036e-08;6.708824231769134e-08;7.34786140744813e-08;6.476329649462638e-08;5.923334903416957e-08;4.5879817212432716e-08;3.2736931544381555e-08;2.0479441142469167e-08;1.5959789677069104e-08;1.9730675610544537e-08;4.67108002557824e-08;7.189122497505402e-08;8.32576377216938e-08;7.45965960615974e-08;5.149786574433038e-08;2.743308536039881e-08;1.656134825915558e-08;2.3169774573163613e-08;5.2564073289712175e-08;9.626882502021599e-08;1.317695949151132e-07;1.4128634368129246e-07;1.275843753654368e-07;1.1337841943831396e-07;1.0563624666590535e-07;1.1856853817562996e-07;1.1991829155020057e-07;1.1978991402576478e-07;1.2757437723901445e-07;1.531111147490421e-07;1.8957484217942425e-07;2.93440436099408e-07;7.305030290369754e-07;2.150248999489607e-06;6.084495843725498e-06;1.3634883649249682e-05;2.4861044140778257e-05;3.891605727866047e-05;5.42275106096296e-05;6.99935854916876e-05;8.553741714741655e-05;0.0001001196984776;0.0001131973757342;0.0001240465035835;0.0001319802719869;0.0001359606612947;0.0001357269466002;0.0001313239372773;0.0001237546461793;0.0001142156798646;0.000103496109251;9.270314417887008e-05;8.24370931472338e-05;7.370124313875248e-05;6.641393904641043e-05;6.039800334972126e-05;5.53520656921524e-05;5.118414527227752e-05;4.7986998846363785e-05;4.546992063578199e-05;4.386106404020621e-05;4.309743977075837e-05;4.307835306086597e-05;4.287311256549227e-05;4.206941175618853e-05;4.068002489755541e-05;3.923943183140777e-05;3.8099212765430886e-05;3.736721650118697e-05;3.687857297337389e-05;3.64695165903428e-05;3.610254396710162e-05;3.58631825840708e-05;3.578369746514508e-05;3.574617040464498e-05;3.561914603124752e-05;3.52832926843949e-05;3.464196626490017e-05;3.370268431127213e-05;3.255697376202969e-05;3.143424024888403e-05;3.062220301356568e-05;3.022665124397429e-05;3.0232133321689183e-05;3.0453933710706644e-05;3.0644913281985655e-05;3.0578070995947244e-05;3.0241656051042343e-05;2.98658466322235e-05;2.9524358202119588e-05
1275.4911831042043;1.737185184032944e-07;1.1306258328126569e-07;6.100094904811611e-08;3.258326965096449e-08;2.04877576306224e-08;1.5522678833398267e-08;1.8554245188251012e-08;4.393596368886514e-08;9.548796644921436e-08;1.603288383117529e-07;2.037317994646581e-07;1.9571001290097255e-07;1.3909690311117504e-07;7.885506637840628e-08;3.5922197443704064e-08;1.6841788426568623e-08;1.277809990733324e-08;2.8517043089337052e-08;1.0029046956293186e-07;1.892514683172353e-07;2.744542755121936e-07;3.1514498492681014e-07;2.865416664355144e-07;2.1644756713675185e-07;1.3364141082928745e-07;6.810643377277084e-08;3.731517768507981e-08;3.740738952449692e-08;6.271956719788516e-08;1.0454059636963456e-07;1.4388225105601358e-07;1.6092083014690334e-07;1.5028493247601493e-07;1.2507131366446693e-07;1.0404695097402241e-07;1.1273312414373153e-07;1.5718654234629346e-07;1.9766940990692003e-07;2.029358940013573e-07;1.73649637131216e-07;1.5844984677749106e-07;2.732368353850024e-07;8.162008208274288e-07;2.5135609185522145e-06;6.705953002822615e-06;1.4322416308271996e-05;2.541426932822966e-05;3.935920603972092e-05;5.520897858427316e-05;7.195132759083134e-05;8.871753778847292e-05;0.0001041949341388;0.0001174664758199;0.0001278295098023;0.0001344362412863;0.0001364366730127;0.0001339675633235;0.0001279945574319;0.0001199188468563;0.0001109079181252;0.0001014091554161;9.182646631534394e-05;8.248306022101053e-05;7.40475910925707e-05;6.650139278538883e-05;5.991729219007096e-05;5.451283954052115e-05;5.032420359313312e-05;4.731398519080845e-05;4.542202912005271e-05;4.428179405505952e-05;4.38664529778264e-05;4.36550887180763e-05;4.3359195675652754e-05;4.2437847844800586e-05;4.092469999337829e-05;3.937244370499781e-05;3.786006897505732e-05;3.684474626090103e-05;3.623581683032874e-05;3.592893537162707e-05;3.578464413956513e-05;3.555711683596713e-05;3.529899757477177e-05;3.515403961192715e-05;3.517883905340441e-05;3.527772992592822e-05;3.519187488646682e-05;3.474097860653372e-05;3.3852450398588495e-05;3.267730824985946e-05;3.15826650212556e-05;3.071264631860703e-05;3.03498102468018e-05;3.01820883694913e-05;3.024066643847113e-05;3.022403367512144e-05;3.0134664712590275e-05;3.00835196376872e-05;2.9996473963743506e-05
1277.2411322819426;1.7729764399996901e-07;1.167879186865688e-07;6.331304902530434e-08;3.294747093651879e-08;2.0344834905031786e-08;1.6859289361153982e-08;2.8022517373393048e-08;7.298960747608679e-08;1.5292965519319845e-07;2.3454148915984926e-07;2.6548220356536544e-07;2.2433669248752035e-07;1.453471684486672e-07;7.524530426068479e-08;3.740782202963276e-08;3.975478726771152e-08;6.399897721826939e-08;1.287864516204689e-07;2.510980439998247e-07;3.881676459478297e-07;4.6282607489175297e-07;4.525486721650342e-07;3.4590121260504066e-07;2.2370111142941e-07;1.2337262100438073e-07;6.265218590134587e-08;3.840164172437397e-08;3.2505272895316875e-08;3.937689615896836e-08;5.5858846742446105e-08;7.219564884920593e-08;7.887683164964466e-08;7.378056109080352e-08;6.33840955106168e-08;6.364946244712434e-08;1.2083536219815282e-07;2.559073806415077e-07;3.573659024524606e-07;3.5826770202678294e-07;2.6710228456424785e-07;1.7130733605158924e-07;2.061628650251051e-07;7.595110831365206e-07;2.669799787867657e-06;6.9665654028743294e-06;1.4505245799656986e-05;2.552481470491855e-05;3.9770244534576765e-05;5.6338036052380606e-05;7.404584314763668e-05;9.132287559218572e-05;0.0001069691654296;0.0001202062662725;0.0001301090014719;0.0001357275480136;0.0001368445450847;0.0001340925798986;0.0001283347219984;0.0001204227393987;0.0001110401868378;0.000100885238808;9.065152850318507e-05;8.120123494412138e-05;7.239539260719608e-05;6.472466897377308e-05;5.838451287478236e-05;5.362990982729393e-05;5.033846016563563e-05;4.8024336517083445e-05;4.6381160866376496e-05;4.521568179122864e-05;4.437313021452728e-05;4.356707576323825e-05;4.290818199245885e-05;4.218692957624698e-05;4.128492697318509e-05;3.9977448851786285e-05;3.8543590886835805e-05;3.718169423913934e-05;3.625069452303885e-05;3.570746124536101e-05;3.5212742602434515e-05;3.470899656824493e-05;3.410887697050692e-05;3.369591916410708e-05;3.3521091080821155e-05;3.3670420740056084e-05;3.390962934155626e-05;3.397168915376635e-05;3.3679274278331696e-05;3.296335717321707e-05;3.193675301476364e-05;3.083802471343077e-05;2.9966009865679905e-05;2.950305476354058e-05;2.945983638179286e-05;2.978762191166932e-05;3.0233217492607755e-05;3.0591119849568725e-05;3.080395092056083e-05
1278.9904212716829;6.46449011742235e-08;4.873274844971675e-08;3.24937938578038e-08;2.0275608231567482e-08;1.2783647611985083e-08;1.2637127375997977e-08;2.736758041479036e-08;6.68024817974858e-08;1.300664413094359e-07;1.8888509078157482e-07;2.0600303777261586e-07;1.6823320943210386e-07;1.19883430102781e-07;7.54033612731397e-08;6.593905017775006e-08;1.0358694467491233e-07;1.698767902112937e-07;2.4336474084357813e-07;2.9844691887860665e-07;3.214365735747646e-07;2.951643678151799e-07;2.338208707261829e-07;1.5539224699129725e-07;8.99710198839719e-08;4.8434561266821644e-08;3.3590924534362085e-08;3.589094595552807e-08;4.12389890761193e-08;4.544413934104937e-08;5.2698584811325745e-08;5.9007631284871904e-08;5.739187758239254e-08;4.487936973653625e-08;2.773727233542986e-08;2.345501432761385e-08;6.482278235560455e-08;1.725178988661463e-07;2.99937065057724e-07;3.6706849061270265e-07;3.369355255711729e-07;2.5656156066210004e-07;1.9089941214333857e-07;5.167532769330885e-07;2.1458753575444863e-06;6.172092195892284e-06;1.3703275082570576e-05;2.512511233769472e-05;3.987894492709103e-05;5.648611662339044e-05;7.377675546084628e-05;8.967294084846815e-05;0.0001037542967799;0.0001162044417461;0.0001263317832262;0.0001332879697126;0.0001364252124472;0.0001355364765136;0.0001311054043468;0.0001235085045342;0.0001132279152339;0.0001012704560822;8.922532784532198e-05;7.86704567042046e-05;6.975624684153628e-05;6.283042577432071e-05;5.7575515395937446e-05;5.387318047895858e-05;5.119952389619588e-05;4.904594343266386e-05;4.700644230665471e-05;4.514613402367871e-05;4.3269078886388194e-05;4.193409084756265e-05;4.106789854665424e-05;4.077588034815415e-05;4.068433619690912e-05;4.0191690749534586e-05;3.9054882642885066e-05;3.771454025167912e-05;3.643204017764911e-05;3.536401454290327e-05;3.460531665181105e-05;3.399046295917989e-05;3.352924020100711e-05;3.309814388554553e-05;3.284007685657178e-05;3.2822245574879325e-05;3.2920350655328995e-05;3.293145156174904e-05;3.275908736058227e-05;3.23173354651531e-05;3.166462752116997e-05;3.092046201181216e-05;3.032263250652592e-05;3.000571124085668e-05;3.0025567702820115e-05;3.0207184078645407e-05;3.0742254194556515e-05;3.1099815998488e-05;3.133939544211092e-05
1280.739050118751;1.0302120185058951e-08;2.1259683283484128e-08;2.7235035097916585e-08;2.4511860383991828e-08;1.6737623411475162e-08;1.5500772914664228e-08;3.0885772231630546e-08;6.48914843554377e-08;1.1083499986926805e-07;1.5376372790547673e-07;1.7700244577993217e-07;1.6847894823811772e-07;1.364938933401237e-07;1.0145712712087621e-07;9.568404142181043e-08;1.3764701410013357e-07;1.9023445675187922e-07;2.1369600887738866e-07;1.8818212074457848e-07;1.307576658023447e-07;7.657069280939366e-08;3.618089709113369e-08;2.119665723417503e-08;1.3972354906322944e-08;1.19532989658864e-08;2.0588091824047843e-08;4.02507676250461e-08;6.364575837658216e-08;8.686814104340844e-08;1.0690114221186745e-07;1.1930670234714272e-07;1.1332709423618825e-07;8.220038184443965e-08;4.7622118328963455e-08;2.302603657157433e-08;2.3094323552429967e-08;6.47886338333375e-08;1.5735773558044245e-07;2.440422287993117e-07;2.742144227749168e-07;2.343925329212927e-07;1.9796687048877459e-07;4.942270743618421e-07;2.020965006516889e-06;6.0836667657060845e-06;1.3905216718290111e-05;2.572417522798813e-05;4.046520546096004e-05;5.639540611192375e-05;7.226101985263628e-05;8.709299099226008e-05;0.0001006628101138;0.0001131876029791;0.0001242564869938;0.0001325037749776;0.0001364750007854;0.0001358342051523;0.0001307551570825;0.0001223454680418;0.0001119413625879;0.0001003539350836;8.868194516063678e-05;7.889732937806619e-05;7.098041684647333e-05;6.471830132537786e-05;5.969368304781904e-05;5.539652233654436e-05;5.209470693455103e-05;4.910304748503994e-05;4.623795509796273e-05;4.361802291206679e-05;4.150264177044847e-05;3.994481914181117e-05;3.908459653168838e-05;3.891302224716269e-05;3.921165907111882e-05;3.931936641422513e-05;3.894506549386126e-05;3.80281528737949e-05;3.688735277440064e-05;3.5762800782584395e-05;3.486461555148172e-05;3.410869401072865e-05;3.3473831056857875e-05;3.293254128670294e-05;3.262599432931545e-05;3.249695438261189e-05;3.250077436556744e-05;3.2634981672937275e-05;3.265615684189447e-05;3.2620764702158695e-05;3.248440074058417e-05;3.224066050998365e-05;3.189237079249304e-05;3.1362618703996634e-05;3.081449124470706e-05;3.0257453274136018e-05;2.9872318334996365e-05;2.973864895333051e-05;2.974971162790226e-05
1282.4870188686036;5.927861830760047e-08;5.467698123877464e-08;4.51987619748524e-08;3.2577475320770865e-08;2.3493587298368768e-08;2.5955244973182e-08;4.5358505798180766e-08;7.054110862959095e-08;9.542980166937165e-08;1.0537730142232517e-07;1.025152028911453e-07;9.830201868716645e-08;8.402563164652398e-08;6.791698108739e-08;6.190231498105293e-08;7.033850456205662e-08;7.961441111898298e-08;7.709233076554421e-08;5.0293677250258796e-08;2.3998548786947183e-08;1.4079937065826569e-08;1.0132121465241044e-08;7.551636725928637e-09;5.245819222172715e-09;4.210728730707671e-09;8.879447445774056e-09;2.415173594422172e-08;4.606925066175577e-08;7.430561092198229e-08;9.971388455397533e-08;1.1073175817497118e-07;9.959145427936364e-08;7.110423153425604e-08;4.1251419993167784e-08;2.2353228165272984e-08;1.7798678362191443e-08;2.60343902088843e-08;5.036828563496372e-08;8.18054509614412e-08;1.0729914071874032e-07;1.0308136935973885e-07;2.1956457275015467e-07;8.197635112124264e-07;2.7895350811859477e-06;7.253403704427357e-06;1.4963787227680932e-05;2.6052288826896536e-05;3.956184540864162e-05;5.453911076318027e-05;7.00550548286907e-05;8.57814922519114e-05;0.0001008121336972;0.0001144390885918;0.0001260462370076;0.0001340115103172;0.0001368634566675;0.0001344879029214;0.0001276696578786;0.0001184881517089;0.0001086155166484;9.876547021333158e-05;8.958367479061473e-05;8.11481631152203e-05;7.347442038591036e-05;6.654813942321128e-05;6.041731567798102e-05;5.4991280328912016e-05;5.071697693175341e-05;4.734329435853302e-05;4.458902857631406e-05;4.236882466212569e-05;4.082707934241368e-05;3.958039156363037e-05;3.895585009457053e-05;3.862132875263857e-05;3.858248015794751e-05;3.856165561702241e-05;3.835967043873562e-05;3.7770818589984526e-05;3.707146761313592e-05;3.639086090100016e-05;3.560294135580084e-05;3.4871416279344585e-05;3.4195979817145815e-05;3.3572094798573617e-05;3.3007327829065995e-05;3.2637195894332486e-05;3.2647321154022905e-05;3.3054825102536736e-05;3.374496804207157e-05;3.4308127840079395e-05;3.423292156006009e-05;3.3657237505796625e-05;3.26523260832362e-05;3.168204132762158e-05;3.0908828912997984e-05;3.043063636871316e-05;3.006385664329697e-05;2.9871154997572925e-05;2.978853618830079e-05
1284.234327566788;1.0475578399581458e-07;7.936556496442343e-08;5.068990961672797e-08;2.793854819979369e-08;2.0771303501876572e-08;3.1315072861124746e-08;5.6053556616429826e-08;7.588683771280436e-08;7.651463455309306e-08;5.68146035605937e-08;3.1466419560610864e-08;1.782910217086564e-08;1.5006205534005577e-08;1.4930850097883212e-08;1.4004620852896088e-08;9.101040765538123e-09;6.100877174663366e-09;4.370150422865506e-09;3.220063079395722e-09;2.4561285660921874e-09;2.241039060669212e-09;2.500651564327649e-09;2.78230007567312e-09;2.595627403901344e-09;2.083979492734429e-09;2.1906599374960156e-09;4.6507226748226494e-09;1.1354176871246688e-08;2.3035987590314712e-08;3.6354423417574096e-08;4.929099932670241e-08;5.698963880796263e-08;6.171834749113588e-08;5.6025493913661157e-08;4.45410251734806e-08;2.869636587375348e-08;1.6686676024510366e-08;9.486539110610627e-09;5.297550900462529e-09;6.785985148122241e-09;3.5695199105276504e-08;2.267136150088443e-07;1.0409034278782068e-06;3.448900546304356e-06;8.238877422046738e-06;1.5683276577631232e-05;2.558562069848693e-05;3.776391693372853e-05;5.20613525067672e-05;6.78033741884101e-05;8.42838518177084e-05;0.000100209769434;0.0001144635910684;0.0001260747235529;0.000133501049948;0.0001356447339239;0.0001322857019768;0.0001251600092868;0.0001162626368406;0.0001066510042202;9.70147012324131e-05;8.811920186499626e-05;7.960515341250211e-05;7.195701077783804e-05;6.505034527414893e-05;5.889079784002274e-05;5.408606657887265e-05;5.010049917876457e-05;4.688034005130209e-05;4.432834133964397e-05;4.2255488449725946e-05;4.057266296724766e-05;3.951665512765721e-05;3.903420682562883e-05;3.897927962094792e-05;3.892713456771827e-05;3.8524811760337374e-05;3.754690443148113e-05;3.634071433512688e-05;3.5218851776993435e-05;3.469822198044402e-05;3.485167555680083e-05;3.5376506889793073e-05;3.572166033952361e-05;3.553826636324687e-05;3.486540896222609e-05;3.4028669871090015e-05;3.35409916792621e-05;3.365696876743833e-05;3.418442273357494e-05;3.4535228103081976e-05;3.432236409003103e-05;3.3506940540396285e-05;3.2394436295100974e-05;3.1583618700444514e-05;3.126919722510214e-05;3.130829888409278e-05;3.1396586882848846e-05;3.136707657549365e-05;3.124205414485144e-05
1285.9809762589755;5.1860153336764856e-08;3.998090686998019e-08;2.7938130309535598e-08;1.8544890462195197e-08;1.5572993324687992e-08;2.0330468514064803e-08;3.203728251564292e-08;4.1621491736657355e-08;3.5587503454306066e-08;2.167915498395184e-08;1.0296441874890064e-08;4.756972711827849e-09;2.718109744623559e-09;1.8868609506505115e-09;2.1644622966087287e-09;6.073281099909567e-09;1.485614479793048e-08;2.7125740376564763e-08;3.8256186084903666e-08;4.130429667313845e-08;3.414049756605778e-08;2.2647142771308523e-08;1.2604931524382554e-08;8.582452603553678e-09;9.605809156287396e-09;1.0610734720763456e-08;9.4412051195644e-09;5.970539100395939e-09;3.566993351219524e-09;6.962043118838225e-09;2.1503208041996923e-08;4.9812557233955786e-08;7.518134779265255e-08;8.194770564964513e-08;6.986598189609894e-08;4.610003396076853e-08;2.7189550020851893e-08;1.5801123962384322e-08;8.37580064882736e-09;8.595083758841983e-09;4.0569022396308026e-08;2.0715793674150602e-07;9.369486821382958e-07;3.186505957420368e-06;7.746430668821616e-06;1.50533163583013e-05;2.4862323328251912e-05;3.7052622490696905e-05;5.100508137368098e-05;6.61989442031148e-05;8.198691945633346e-05;9.733528117465068e-05;0.0001109300655252;0.0001217706093943;0.0001283555819815;0.0001300586629778;0.0001270835439246;0.000120786985055;0.000112484571347;0.0001029619943319;9.297527446599616e-05;8.324933822357656e-05;7.484469545670345e-05;6.803736185162799e-05;6.243151613300716e-05;5.804848537389461e-05;5.4612840476038536e-05;5.161302325654508e-05;4.910553173807012e-05;4.656801960870891e-05;4.398164126440095e-05;4.1555074538481776e-05;3.977183090442348e-05;3.872719503188509e-05;3.859513493396021e-05;3.873045157183404e-05;3.8313807635968896e-05;3.714089729630258e-05;3.546479155075569e-05;3.406099261423113e-05;3.3627500874779595e-05;3.42899136212412e-05;3.5558669759158453e-05;3.652321632256956e-05;3.67763550977482e-05;3.629700117455529e-05;3.542693691973804e-05;3.46085391290016e-05;3.407783175798709e-05;3.3739601534658297e-05;3.343489261839761e-05;3.317762211450233e-05;3.28198139377589e-05;3.251267268978616e-05;3.23385860817809e-05;3.216145310222202e-05;3.186015403833059e-05;3.136211519003301e-05;3.072724322825286e-05;3.011326837771972e-05
1287.7269649909358;7.89969671951135e-10;5.081071797461044e-09;1.1569197408627232e-08;1.56433696162058e-08;1.521788031447387e-08;1.1678160258591933e-08;8.882685548119042e-09;7.74370108895113e-09;6.1866919095378404e-09;3.770801389942099e-09;1.8625989615782346e-09;1.0149069775271e-09;7.205257617069645e-10;5.587095869321018e-10;1.2411555397702995e-09;7.551457857107365e-09;2.525951666141928e-08;5.041232668525787e-08;7.373660343611455e-08;8.08900505504802e-08;6.706330855761878e-08;4.370160375507288e-08;2.2767621032098993e-08;1.4267620929103646e-08;1.6564273245590486e-08;1.9052714706723564e-08;1.7256444858452323e-08;1.1559888252032246e-08;6.071512565147418e-09;5.347365246758616e-09;1.0810228504692171e-08;2.6574135914995162e-08;4.131116859019421e-08;4.4882448452082926e-08;4.1664209160761036e-08;3.38816852268775e-08;2.6864991646536586e-08;2.2805046597880763e-08;2.4096163899416e-08;4.0787863266309727e-08;1.0504232886411287e-07;2.9524069482244746e-07;8.915347985813111e-07;2.558683812486193e-06;6.263221794063693e-06;1.3041656056496244e-05;2.3093526787465785e-05;3.597475041002412e-05;5.015109800034295e-05;6.491728208439423e-05;7.96285511402018e-05;9.363635833213248e-05;0.0001058495028189;0.0001152271481718;0.0001209262333177;0.0001227077641436;0.0001207214802467;0.0001154201219925;0.0001076349450732;9.82964448709418e-05;8.849177990228913e-05;7.918200120394223e-05;7.11948181966528e-05;6.474711919037999e-05;6.001645975020808e-05;5.657955485963554e-05;5.376473427704656e-05;5.142337097831102e-05;4.944947360020244e-05;4.757135686424944e-05;4.5460689028574894e-05;4.317820459642575e-05;4.1033883838290734e-05;3.945401344116897e-05;3.85220380466076e-05;3.804862819646911e-05;3.769016633557174e-05;3.705326945652524e-05;3.633359656247764e-05;3.574855828805001e-05;3.552448178382337e-05;3.5622825012753405e-05;3.583565811109168e-05;3.608397130687201e-05;3.588933786951703e-05;3.543842462946551e-05;3.491379003077339e-05;3.445192813688184e-05;3.3960673194508154e-05;3.3439324888557093e-05;3.287851786602545e-05;3.235123284226908e-05;3.202718998462211e-05;3.194708740845921e-05;3.191039945652369e-05;3.1572134689599347e-05;3.0896618724925614e-05;2.997467529740962e-05;2.909595518256653e-05;2.8498385019260733e-05
1289.4722938085542;2.4785921449235493e-08;5.657257053141589e-08;8.15194991429159e-08;9.221824907158732e-08;8.602900784720895e-08;6.756893137741464e-08;4.477980571745648e-08;2.2438927467676728e-08;1.1385055815416384e-08;8.058385817302215e-09;7.673882864166981e-09;7.714344583800513e-09;6.768307524072623e-09;4.247964528302578e-09;2.3471493660871003e-09;5.324170558820699e-09;1.3829094157811634e-08;2.6150868958379324e-08;3.761259961301428e-08;4.103017721733406e-08;3.3944932219646227e-08;2.212243381241432e-08;1.1596536103596162e-08;7.397405338162461e-09;8.631327217041336e-09;1.0179969400638e-08;1.0941622981471552e-08;1.3730691153039171e-08;1.7688921968749635e-08;1.9341071753349122e-08;1.7550163313334395e-08;1.1852475123770557e-08;8.215765651354857e-09;7.653438873399458e-09;8.354460424768791e-09;1.001250655362356e-08;1.3143379477145793e-08;2.5411546196332914e-08;6.45515060351486e-08;1.303422294494963e-07;2.3659074989524653e-07;4.808100666684989e-07;1.0806826570996506e-06;2.479290438426852e-06;5.7076589981010766e-06;1.2031985930742737e-05;2.184232762185576e-05;3.4588741319935344e-05;4.885283650656408e-05;6.324092527027308e-05;7.718116937043893e-05;9.015413967410065e-05;0.0001011427164786;0.0001094695727102;0.0001148068148699;0.0001169372807743;0.000115726577628;0.0001111736935821;0.0001039331004837;9.52888739191053e-05;8.632511190801811e-05;7.765328442934613e-05;6.981716158410922e-05;6.339560687799797e-05;5.856046437427666e-05;5.502679178253046e-05;5.239083120196943e-05;5.017099974858386e-05;4.805664685729557e-05;4.637815943564268e-05;4.466529020240083e-05;4.296014250178482e-05;4.136191386650068e-05;3.990975657317942e-05;3.874889471213621e-05;3.778269547670684e-05;3.698765934338672e-05;3.652920369335669e-05;3.645648707132436e-05;3.659692224678587e-05;3.681938968183364e-05;3.676744270957496e-05;3.614544408261234e-05;3.519651693988396e-05;3.4344195644595585e-05;3.378326976091768e-05;3.354819694611872e-05;3.352145451111262e-05;3.3384740261691874e-05;3.293301154039471e-05;3.2100754477658186e-05;3.0996240846599784e-05;2.9985932795811653e-05;2.9310643643133937e-05;2.884236779996804e-05;2.848269859391956e-05;2.822055999138048e-05;2.801632552951292e-05;2.797435793530856e-05;2.800358843282481e-05
1291.216962757815;6.877309881599536e-08;1.1266560069724761e-07;1.5297321058707837e-07;1.6938378464720902e-07;1.5726235763042806e-07;1.2556754329868577e-07;8.933560329527342e-08;6.588681736856666e-08;6.069645841412135e-08;5.6069729009960977e-08;4.375447505258412e-08;3.1969569188136353e-08;2.4039221689848943e-08;2.22542624476685e-08;2.8109652222628667e-08;3.4627281539095406e-08;3.2111837872514704e-08;2.2744603078962346e-08;1.3473932331540116e-08;7.444974804401942e-09;4.206631681437854e-09;3.021290428543282e-09;3.988474750599263e-09;7.942989186247204e-09;1.6091152803316916e-08;2.6102543917187176e-08;3.4294154649137985e-08;4.1807557715153895e-08;4.637301696375136e-08;4.290856100085034e-08;3.238693840964882e-08;1.9174478545793426e-08;1.045712839615655e-08;7.814363195376786e-09;6.4901464241823564e-09;5.60152582894457e-09;8.342466672792045e-09;2.7142024291698288e-08;8.092586725652505e-08;1.606338122251912e-07;2.468374700378544e-07;4.787560151706781e-07;1.14666425655723e-06;2.7384761623122407e-06;6.251729863990004e-06;1.254064511892746e-05;2.174059356640719e-05;3.3339533642427665e-05;4.632760217361712e-05;5.961506399047436e-05;7.267428457880294e-05;8.492035092554011e-05;9.52982350919992e-05;0.0001031884334535;0.000108312434942;0.0001104487254644;0.0001095298958635;0.0001056518860904;9.955840921019988e-05;9.241001728159832e-05;8.480999690599036e-05;7.704795064975465e-05;6.956311762814637e-05;6.306221053630016e-05;5.7721987088429154e-05;5.377180812265607e-05;5.094885367410753e-05;4.870336066030038e-05;4.677167066358394e-05;4.503423414145731e-05;4.340954869642824e-05;4.192186270588353e-05;4.073551021143797e-05;3.954078947008905e-05;3.81917769616243e-05;3.6681010690544895e-05;3.515362527202039e-05;3.418060545008867e-05;3.38938316617748e-05;3.431252312877318e-05;3.499958100896251e-05;3.5298917881175377e-05;3.491005084194916e-05;3.38094730454002e-05;3.288250687068968e-05;3.253885578650716e-05;3.263975841044291e-05;3.2956843591618246e-05;3.300519355740039e-05;3.239083021802282e-05;3.118891009454809e-05;2.9721354555454927e-05;2.843831347006612e-05;2.753273989590962e-05;2.700397216412143e-05;2.682658786309513e-05;2.6992769817749424e-05;2.742660639519631e-05;2.794422352774972e-05;2.8274683685386337e-05
1292.960971884826;9.828634561165623e-08;1.0794364261780742e-07;1.1295035725102001e-07;1.0215611045032838e-07;8.698475084057869e-08;7.777268660646007e-08;8.793677223677691e-08;1.1915831028861378e-07;1.450124772764221e-07;1.4652613329361733e-07;1.156654479583144e-07;7.42938738518047e-08;4.9253422925719926e-08;5.1955166059812905e-08;6.926843180141769e-08;8.237154669419915e-08;8.227113515926649e-08;6.844688756014583e-08;4.8034635429704445e-08;2.7976293591505106e-08;1.3568848453075141e-08;8.437343054303287e-09;1.0410052116463131e-08;2.0101768797146223e-08;3.9293737796394346e-08;6.20974745529116e-08;7.774079024778138e-08;8.098673205347531e-08;7.020434400072032e-08;4.9619780146335615e-08;3.1629928526979685e-08;2.5295862991567165e-08;3.1690490291402963e-08;4.443144822713772e-08;5.3718270039453384e-08;5.091429835398885e-08;3.9520118977912776e-08;3.3085543984881285e-08;4.5171561810951373e-08;7.189806153094698e-08;1.0097579207941024e-07;2.430624817820422e-07;8.007066680181784e-07;2.3937744949123407e-06;6.000808773372362e-06;1.2171517590354427e-05;2.06709408040691e-05;3.081658880667059e-05;4.18491198412688e-05;5.345460136372719e-05;6.561176677328167e-05;7.727993305944541e-05;8.747194020406924e-05;9.5592853364269e-05;0.0001011423439573;0.0001035224893406;0.000102583846021;9.879416182609212e-05;9.328615486306444e-05;8.73217934488312e-05;8.120882118038652e-05;7.498172406870928e-05;6.867943434249422e-05;6.259725051883851e-05;5.7109387445212616e-05;5.266725831285249e-05;4.930682840762692e-05;4.688579582691375e-05;4.514044606737819e-05;4.356080950941125e-05;4.234583691534039e-05;4.143261751685223e-05;4.060658824878655e-05;3.952813978137157e-05;3.800332396705493e-05;3.617682327804287e-05;3.4414838778866865e-05;3.3167501093151635e-05;3.2637819792811387e-05;3.2715862955546235e-05;3.305295495617521e-05;3.309889835784184e-05;3.2706955926006736e-05;3.208090507411909e-05;3.14792649980528e-05;3.125746135266067e-05;3.136511265672752e-05;3.1599767076980047e-05;3.155838558772967e-05;3.0998068123289335e-05;3.001150151802991e-05;2.902214014975165e-05;2.8411465663499368e-05;2.7862229705707497e-05;2.777612497366574e-05;2.7754802884989767e-05;2.77566740627876e-05;2.7665561836095368e-05;2.764789871793407e-05;2.773149835631808e-05
1294.704321235793;1.0034936132420725e-07;9.138406029968e-08;8.342160700721699e-08;8.745888632416516e-08;1.0326773306528168e-07;1.202715881479893e-07;1.4425411281828706e-07;1.7225398779125539e-07;1.919592150738626e-07;2.023770411354857e-07;1.905774925875116e-07;1.589414409778515e-07;1.2924794090752485e-07;1.1408860499382706e-07;1.1146182434037865e-07;1.1627983859439758e-07;1.2285667034710128e-07;1.1631996054346617e-07;9.14914383255894e-08;5.854671808188117e-08;3.128164000785826e-08;1.7977807023241775e-08;1.931259801813322e-08;3.3340311616662315e-08;5.7776906684048434e-08;8.582238553295848e-08;1.0636413766442775e-07;1.09083030311111e-07;9.181517388142329e-08;6.321232926400414e-08;3.9700216852876926e-08;3.7018878308979576e-08;5.6766344191725554e-08;8.735845443910774e-08;1.1201442923907657e-07;1.1629828141625833e-07;1.0166481988667025e-07;7.673700017188893e-08;5.1824662016649955e-08;3.2904851032466433e-08;2.4674028574543794e-08;9.488578691224761e-08;4.99812802033048e-07;1.8048917250376157e-06;4.890881788506428e-06;1.0285312353951822e-05;1.7874403458991366e-05;2.6872239549678087e-05;3.690266751893006e-05;4.768106193983867e-05;5.878412975265882e-05;6.971298540117838e-05;7.966747207481805e-05;8.798877018010231e-05;9.40059817884751e-05;9.68677170091387e-05;9.623958640880412e-05;9.274864215373293e-05;8.763560636116036e-05;8.220677075337828e-05;7.694179435135273e-05;7.189784338023939e-05;6.677420666600456e-05;6.168749584869398e-05;5.680076423191072e-05;5.249517002123379e-05;4.892829321551163e-05;4.613603440141551e-05;4.395649759327604e-05;4.219649552193174e-05;4.085943819533974e-05;3.992501097556515e-05;3.9412230699280176e-05;3.900854522145708e-05;3.849283375468599e-05;3.766540819793483e-05;3.662688228421704e-05;3.5622547849959834e-05;3.4826309861304714e-05;3.431357526893098e-05;3.392173595035422e-05;3.346388402025744e-05;3.2823239291715085e-05;3.19900886067223e-05;3.112825453551734e-05;3.037691212527023e-05;3.004490951910372e-05;3.0070647828888697e-05;3.0120141962675288e-05;3.001431597245593e-05;2.976381267826359e-05;2.9372017465071008e-05;2.910372021558282e-05;2.902007204712047e-05;2.899673351126965e-05;2.882219175718113e-05;2.834844925110197e-05;2.7708250350643644e-05;2.713446869082872e-05;2.6715475854031063e-05
1296.4470108570276;4.9461983413397184e-08;5.504589887417721e-08;8.081397615967945e-08;1.3869431964439252e-07;2.0321808691920546e-07;2.3762050588486839e-07;2.3027676615711e-07;1.997086739287139e-07;1.762535021415479e-07;1.752496265384834e-07;1.9338326598754466e-07;2.044595864582483e-07;1.9708417333141465e-07;1.796445898634501e-07;1.66006379566965e-07;1.6245821593670758e-07;1.6099786878348885e-07;1.4601161856382916e-07;1.125074723245519e-07;7.484745749526326e-08;4.445729072175548e-08;3.6089541031001634e-08;5.1143339198468226e-08;7.67271217425711e-08;1.02611065232198e-07;1.2121098352417666e-07;1.272264979449257e-07;1.2557668032713581e-07;1.070238613043286e-07;7.850419905315205e-08;5.079503344586304e-08;3.6954620951109765e-08;4.0423414816107765e-08;5.909946036242647e-08;8.569211648109374e-08;1.0804478765918848e-07;1.1706587978666156e-07;1.0715044365896795e-07;8.180716494645505e-08;5.3099606041364284e-08;3.3376900909171446e-08;9.072542707805096e-08;5.037018723823048e-07;1.8353911915575024e-06;4.810965576317019e-06;9.92387512593992e-06;1.7106200421484125e-05;2.58595340739091e-05;3.551191148423452e-05;4.560110609439076e-05;5.5560740525565486e-05;6.502142565768675e-05;7.391653024527877e-05;8.15368272221476e-05;8.729222512543373e-05;9.050948559368978e-05;9.078453441312392e-05;8.850396350854173e-05;8.44733451678308e-05;7.958263953411269e-05;7.440849615206736e-05;6.928039182430517e-05;6.432159663383364e-05;5.959634143277515e-05;5.51496011043352e-05;5.1074877150726096e-05;4.75931863714099e-05;4.4783581517523406e-05;4.250926046861829e-05;4.063098042945721e-05;3.927553494975323e-05;3.841716506714516e-05;3.8172414362685616e-05;3.84096578737685e-05;3.866506692066586e-05;3.85314489838668e-05;3.779837828291654e-05;3.6640722218628375e-05;3.551006140841736e-05;3.4896549448900616e-05;3.4562654183461686e-05;3.430576802529728e-05;3.379131451304612e-05;3.2812085744660365e-05;3.150897304766402e-05;3.032518579233812e-05;2.9719331692355465e-05;2.9837288595772577e-05;3.0455109047762637e-05;3.114391978790109e-05;3.14979574255426e-05;3.135720304856531e-05;3.0838100737170496e-05;3.026205123446139e-05;2.9571048816012768e-05;2.8938638438689244e-05;2.8494875783372288e-05;2.8074537049015447e-05;2.778739860724632e-05;2.7622816548527237e-05
1298.189040794954;1.5030312446767055e-08;2.1428804941972877e-08;3.84805175795575e-08;7.632151035261032e-08;1.292779927707503e-07;1.6534725803077566e-07;1.6551254656029125e-07;1.3936654811014097e-07;1.1096803835295595e-07;1.0823364567093437e-07;1.297578142950718e-07;1.505481330891703e-07;1.61888017039307e-07;1.638099415315521e-07;1.6059255027157226e-07;1.522517802099535e-07;1.341568263146996e-07;1.0722383510803038e-07;7.61986062086943e-08;4.886833854175108e-08;3.5175050260388594e-08;4.4696740214068985e-08;7.393053710055786e-08;1.03599021405361e-07;1.1635573002048217e-07;1.0877110696265689e-07;8.923192611650129e-08;7.177334807985692e-08;5.761820499633481e-08;4.283031464878664e-08;2.8651663433382134e-08;1.7585048327135722e-08;1.2360040295430902e-08;1.5068412577347238e-08;2.6657466241118326e-08;4.3375555090333415e-08;5.628300555131912e-08;5.735284634203496e-08;4.5477436058824166e-08;2.8764593348354756e-08;2.0277045829514176e-08;7.7943703542098e-08;5.058727675207793e-07;2.0456929168293794e-06;5.3600392275073656e-06;1.0924402882689887e-05;1.848461652667768e-05;2.728274515238016e-05;3.655371534494072e-05;4.58650899865401e-05;5.4995519640385474e-05;6.347613251494399e-05;7.127411611731673e-05;7.810479124396256e-05;8.352294803751862e-05;8.698520258798286e-05;8.804064306425052e-05;8.668471445386327e-05;8.329232163946823e-05;7.858665272007716e-05;7.320841089746146e-05;6.765591271414855e-05;6.238354013698588e-05;5.75505529009594e-05;5.310618212097989e-05;4.897705480181676e-05;4.538473029946351e-05;4.24508706943847e-05;4.038439814593346e-05;3.896811527007721e-05;3.822693405543583e-05;3.81456817287941e-05;3.8304093228682415e-05;3.847683019824646e-05;3.834855652576042e-05;3.756902652437114e-05;3.615951051663591e-05;3.4890720349689674e-05;3.4045184684802015e-05;3.37420261568929e-05;3.374024418951504e-05;3.363193148261968e-05;3.318983513248334e-05;3.240679000015627e-05;3.150711048292273e-05;3.0849450653502825e-05;3.068843647368582e-05;3.102245697871935e-05;3.16510585219166e-05;3.234538875032672e-05;3.2657878547816456e-05;3.260231248176613e-05;3.195426598659816e-05;3.0816670284087e-05;2.953829452509721e-05;2.8635376833855244e-05;2.8513362385381343e-05;2.8909432176177848e-05;2.939448797015897e-05;2.9761280497435183e-05
1299.9304110961057;3.787681936985024e-08;2.339652623461126e-08;1.2622223594934413e-08;1.2319548160107908e-08;2.4465169192534727e-08;3.680579868049062e-08;4.3370297415440666e-08;4.5226912973557856e-08;4.5044680342482355e-08;5.85914319261378e-08;7.5661160285459e-08;8.613132029109432e-08;9.108758496691897e-08;8.709355312134217e-08;7.78609753963886e-08;6.61398532038872e-08;5.5421608894429323e-08;5.19346291211568e-08;4.8288501388027043e-08;4.6020055866777496e-08;4.382488947638356e-08;4.136794324575072e-08;4.944676897634335e-08;6.249352124464678e-08;7.261096156244006e-08;6.91666850798905e-08;6.194967595367721e-08;4.582509445717073e-08;2.5655141475006666e-08;1.3592775823868782e-08;9.22731124051212e-09;7.714364048862722e-09;6.566710447024047e-09;6.045808511734272e-09;5.4018643851193524e-09;6.516215557051414e-09;9.84412654741374e-09;1.588284781545546e-08;2.1831246608631353e-08;3.0195949150248585e-08;3.9465067504013265e-08;7.97418672914642e-08;4.337387161076836e-07;1.780328513186158e-06;4.988133746893394e-06;1.0467901533321273e-05;1.7965335533850008e-05;2.6770802211469538e-05;3.605188656239344e-05;4.542766962513151e-05;5.457683773951269e-05;6.348206802460194e-05;7.166148662845508e-05;7.916595470410557e-05;8.533053090534681e-05;8.917538040473076e-05;9.014919057385771e-05;8.83652813409923e-05;8.446199945776059e-05;7.933274311967088e-05;7.35666557529926e-05;6.77048575379075e-05;6.226547269719862e-05;5.7417763775557214e-05;5.3044426114415375e-05;4.899562444001912e-05;4.528580959233352e-05;4.210241047752752e-05;3.972884139255704e-05;3.834537322404484e-05;3.763178317424468e-05;3.751853418242829e-05;3.758759513361458e-05;3.7350411373108754e-05;3.6579405228227706e-05;3.539483978385177e-05;3.422622767338344e-05;3.354321890843384e-05;3.3408126220795794e-05;3.356879504723029e-05;3.371173453872465e-05;3.33871891806761e-05;3.2643852952072225e-05;3.16962918853489e-05;3.100459325426488e-05;3.0785337210584174e-05;3.101243814970512e-05;3.1472210439067904e-05;3.195154820833416e-05;3.238484902944641e-05;3.2533086202233104e-05;3.248733728449321e-05;3.206896826170482e-05;3.129097589227391e-05;3.0318597038187145e-05;2.979496047805808e-05;2.9796648557454317e-05;3.027489429768172e-05;3.0791698191153984e-05;3.105845456265255e-05
1301.671121807114;3.972434867424204e-08;2.4603087991249412e-08;1.2721147526369245e-08;6.2576471817800605e-09;4.214203671240718e-09;4.031257052919431e-09;4.54169082190171e-09;6.682670350378509e-09;1.2135199952012048e-08;2.0660132768115963e-08;2.7959718060161752e-08;3.110805267798295e-08;2.9007892925581065e-08;2.274327959602718e-08;1.5107137590644192e-08;1.1264622165322057e-08;1.813106703520379e-08;4.035942434633244e-08;6.505875010103165e-08;7.36746667875421e-08;6.232514045590058e-08;3.901046418477913e-08;2.200936270291317e-08;2.0852034719311547e-08;3.6751776584439147e-08;6.192375304165173e-08;7.775321248009229e-08;7.409175315645019e-08;5.3000375035241833e-08;2.7953874614487522e-08;1.4636627645298157e-08;1.2564949612280546e-08;1.41604940474414e-08;1.4838547048946643e-08;1.2950455388345796e-08;9.6186858282122e-09;9.255030602754611e-09;1.6456365421457528e-08;3.3196382163437976e-08;5.517964165253824e-08;7.609262687869313e-08;1.744503356629685e-07;5.94336858368805e-07;1.870315173335412e-06;4.887243682671579e-06;1.0014524075193496e-05;1.7219567669562194e-05;2.604411432877192e-05;3.5573875634957005e-05;4.535532963400946e-05;5.50932341567249e-05;6.479041702098939e-05;7.416635874112203e-05;8.267577859326957e-05;8.937257597775274e-05;9.31906037348643e-05;9.373014978449234e-05;9.128092563483996e-05;8.667515583935079e-05;8.095162552032239e-05;7.476030337332539e-05;6.876648384579729e-05;6.32176827074201e-05;5.819552251783738e-05;5.371279917951337e-05;4.972491577723886e-05;4.6236655470993735e-05;4.325211918326264e-05;4.07003821289185e-05;3.882300466930714e-05;3.757339287954044e-05;3.677514689372799e-05;3.602844402106064e-05;3.523291047173228e-05;3.4352688595477255e-05;3.373780939552827e-05;3.3731849085304866e-05;3.4084024649521025e-05;3.4725986546290126e-05;3.530827548816429e-05;3.54006883577378e-05;3.475397288392961e-05;3.347901755934475e-05;3.1931975282339375e-05;3.06255063693944e-05;2.9917827294375036e-05;2.991472686240408e-05;3.0478118176254585e-05;3.124582803142192e-05;3.193575357910247e-05;3.231941861330237e-05;3.21422725653223e-05;3.1587009970497194e-05;3.0822900184234985e-05;3.0135812479051437e-05;2.9775668806794416e-05;2.9708420075072367e-05;2.987918366270391e-05;3.018349360787432e-05;3.0356934303992763e-05
1303.411172974731;1.3856943364948941e-08;9.679022368825927e-09;5.505062906348796e-09;1.892145960412317e-09;9.686604361174203e-10;2.221768061414049e-09;8.962175592452391e-09;2.3672788569341657e-08;3.769069566749697e-08;4.029852980896509e-08;2.7633370935559413e-08;1.1923724589023333e-08;4.761083802481895e-09;2.7166577435009202e-09;3.6534010021723956e-09;1.4163320757084772e-08;3.9067980055976414e-08;6.914546690536863e-08;9.124487980795601e-08;8.231272885136967e-08;5.8370663463022384e-08;3.3649140896942786e-08;1.5563142201463012e-08;1.0825000382258924e-08;1.5900052522459312e-08;3.390186994740516e-08;4.9969077382839924e-08;6.4857950204308e-08;8.133009790253463e-08;9.658136877028157e-08;1.0179928906420455e-07;9.195894757689325e-08;7.056134335737088e-08;4.6575767411308864e-08;3.0011937423065244e-08;1.9645096841283462e-08;1.308483662257272e-08;1.4148390654729885e-08;2.1719627589782843e-08;3.6018872539810794e-08;8.083372193295557e-08;3.360157707629486e-07;1.0653676675580462e-06;2.6732462992404765e-06;5.7524654337975085e-06;1.0703057442768492e-05;1.7759896253755772e-05;2.6629590011754743e-05;3.654222482142099e-05;4.695328523021705e-05;5.7368344084400766e-05;6.763907846509023e-05;7.732362344812504e-05;8.560272053712047e-05;9.17492561180678e-05;9.508288714848412e-05;9.537078296212554e-05;9.29075669356395e-05;8.841358455378196e-05;8.280515039802786e-05;7.6685894337676e-05;7.05745718112603e-05;6.474463496533044e-05;5.9385911472150334e-05;5.467683197739655e-05;5.072240240847076e-05;4.755889743037313e-05;4.498700905801097e-05;4.275981102048948e-05;4.073766520229682e-05;3.895805544533958e-05;3.734005779701685e-05;3.582237419354378e-05;3.472019829039237e-05;3.4230994071677014e-05;3.447519741525046e-05;3.51953804973412e-05;3.608216601457364e-05;3.673960344654445e-05;3.6779094159924176e-05;3.617753147759704e-05;3.514478363603126e-05;3.385940885789122e-05;3.2441260918971606e-05;3.1175570080867846e-05;3.037402582260656e-05;3.011516320380837e-05;3.03583182133017e-05;3.087917111006431e-05;3.1303792482559754e-05;3.1338899680708904e-05;3.082815625728638e-05;2.9965473606938432e-05;2.9090285645465337e-05;2.83970988442571e-05;2.7965067666473272e-05;2.7779183150563417e-05;2.7751578704726516e-05;2.7807025362783732e-05;2.7881162928576988e-05
1305.1505646458063;4.070741440423146e-09;2.274888970279605e-09;1.0018047302850315e-09;5.83869217393286e-10;4.5705309781213555e-10;2.012384568226937e-09;1.5359489818478278e-08;4.794004627426509e-08;8.154082944902266e-08;9.055763816484892e-08;7.015156177365897e-08;3.784945836624527e-08;1.649320936399356e-08;8.534426216385171e-09;8.524098704986512e-09;2.6382095956966142e-08;6.550086483657215e-08;1.015448830979443e-07;1.1047843453184672e-07;8.701762851689573e-08;5.13047462849644e-08;2.7062420660000253e-08;1.4584875677016138e-08;8.689347246441133e-09;6.494838545568028e-09;6.583892836100518e-09;1.6623350867395823e-08;4.671883881889662e-08;9.78752493272566e-08;1.562182401348985e-07;1.847619575386224e-07;1.6437645836441592e-07;1.1288766860140645e-07;6.092320673515615e-08;3.1939290505406645e-08;2.0147010090790952e-08;1.3878413530935152e-08;1.158847496293397e-08;1.123382536056142e-08;1.7585785803348365e-08;7.746000922194297e-08;3.418866773384879e-07;1.1229693447992462e-06;2.850365795607389e-06;6.094973710963924e-06;1.1371376907520268e-05;1.8715781090126856e-05;2.7801675856378804e-05;3.8163712801628906e-05;4.9266356356424674e-05;6.0439797729023865e-05;7.102262556015482e-05;8.042220770078251e-05;8.812749109268836e-05;9.369658203171504e-05;9.672126061987662e-05;9.706047379285424e-05;9.502980796607949e-05;9.123847064969246e-05;8.630054825099645e-05;8.062973075881842e-05;7.464834474437533e-05;6.869548867442408e-05;6.295152735830557e-05;5.779519842702446e-05;5.335922900195414e-05;4.969472749093946e-05;4.682113696542352e-05;4.4567410877698e-05;4.265043451542854e-05;4.0910099893576016e-05;3.9227120610477534e-05;3.773447834698662e-05;3.651676632136814e-05;3.581621264538635e-05;3.5776984885074846e-05;3.620052405864264e-05;3.641108242965496e-05;3.62132610336536e-05;3.553741925850126e-05;3.465186709499508e-05;3.383766398798168e-05;3.3201991215771134e-05;3.265567772662401e-05;3.201503116636776e-05;3.1417487009660505e-05;3.0930413030764474e-05;3.0577493575864725e-05;3.044388762742108e-05;3.0348833846780017e-05;3.0104360051568985e-05;2.9797055275048447e-05;2.9416617483352547e-05;2.908206499655033e-05;2.87017265495873e-05;2.8030838435098155e-05;2.7370599543652172e-05;2.680719116708339e-05;2.6195841452480585e-05;2.5883225400796067e-05
1306.889296867299;8.779897150451451e-09;5.1738280942781745e-09;2.487033860399515e-09;1.3250076761151506e-09;1.0170627541629767e-09;2.329322638153545e-09;1.3126775583995113e-08;4.292104942810494e-08;8.076882112998046e-08;9.799810397347059e-08;8.837659887977554e-08;5.828263614562432e-08;2.8882187379944894e-08;1.3957036562894586e-08;1.0627741358248048e-08;1.8509426442947182e-08;3.772903317931735e-08;5.5165196958455077e-08;5.859276851861249e-08;4.57203898409441e-08;2.5206039790139812e-08;1.3631960167720578e-08;8.919625374071757e-09;5.7914939289432984e-09;4.093797072812921e-09;3.10312675588058e-09;5.909414569059132e-09;2.116521711473033e-08;5.5643362736530406e-08;9.576739355740497e-08;1.3146154800554864e-07;1.2944183844959913e-07;9.545724444943873e-08;5.2850024757864467e-08;2.8562745079832432e-08;2.161743911222189e-08;1.87829965765313e-08;1.851809268530348e-08;1.7720471458790698e-08;1.9212225662044312e-08;4.3714346672663474e-08;1.7625670614406165e-07;7.618727186971981e-07;2.432933498323887e-06;5.860171674711208e-06;1.1661920313514038e-05;1.9715431692673572e-05;2.956151096989161e-05;4.06422442825068e-05;5.241079333811287e-05;6.423904475402626e-05;7.547545989225764e-05;8.552012718448895e-05;9.371993430848732e-05;9.95249856814586e-05;0.0001027136606752;0.0001032304038304;0.0001012507640439;9.722756703546796e-05;9.143257076918788e-05;8.495059274964356e-05;7.834846588784702e-05;7.198356917575372e-05;6.603029691691758e-05;6.05129828204132e-05;5.543550593612732e-05;5.096093710661917e-05;4.736259509952413e-05;4.459726033002306e-05;4.260751914693269e-05;4.129769646835079e-05;4.031104384285742e-05;3.929299725411795e-05;3.817056304138986e-05;3.707725523659421e-05;3.610286593018184e-05;3.537278131920347e-05;3.48296275320533e-05;3.4450507591077044e-05;3.4125350105099184e-05;3.384129220436192e-05;3.370729090461315e-05;3.354233346769041e-05;3.3252485025982254e-05;3.268150100396146e-05;3.182724980524323e-05;3.102914347952697e-05;3.046664628714609e-05;3.0218335216633444e-05;3.01634027202879e-05;3.0404360168739667e-05;3.079188887130471e-05;3.1175545012707666e-05;3.129403171786888e-05;3.0927060905636834e-05;3.004826862967761e-05;2.8895188802530976e-05;2.781142579998646e-05;2.705826202483685e-05;2.6662737581345677e-05
1308.62736968627;5.349528104621766e-09;3.5243204469145272e-09;1.9710658233596643e-09;1.1165340592990122e-09;8.858074977705456e-10;2.547030732892217e-09;1.080786699281498e-08;3.284612082171627e-08;6.422178092281177e-08;8.72381622423011e-08;8.886101112060124e-08;6.931783621616204e-08;4.0858907017318775e-08;2.0135197986409232e-08;1.13758888642668e-08;8.558160052901981e-09;7.4328070128312314e-09;6.313944970949371e-09;4.848465667083846e-09;3.463974606668623e-09;2.9384304622356303e-09;3.276914076273072e-09;3.725486267607402e-09;3.848926536463076e-09;3.8896387389490865e-09;6.858551669891425e-09;1.6859456575819534e-08;3.3666767120494634e-08;5.2556670942518984e-08;7.424744559552949e-08;9.369576515306158e-08;9.689031214457375e-08;7.992146999529283e-08;5.576088093793609e-08;3.3219279178244195e-08;2.9050253459622656e-08;3.6884091119806326e-08;4.138899173193271e-08;3.5142034366876944e-08;2.2261317936079544e-08;1.480753961729334e-08;1.2278489963350044e-07;6.734108010022268e-07;2.268127747221277e-06;5.801327582334855e-06;1.1905280716413031e-05;2.0655375573252306e-05;3.153303368212561e-05;4.3619206728467736e-05;5.6156879879198366e-05;6.857901092504826e-05;8.048042048291071e-05;9.123597799179949e-05;0.0001000522598987;0.0001063543764621;0.0001099281484086;0.0001105019918963;0.0001080770458474;0.0001029416782134;9.576927200410047e-05;8.77688786340396e-05;7.984945504868293e-05;7.243080321400546e-05;6.564005733056414e-05;5.956182512803125e-05;5.430405773586143e-05;4.9887671874783e-05;4.635424934219745e-05;4.371590908548103e-05;4.193832227068844e-05;4.087817854571932e-05;4.021785882919279e-05;3.9504323117867145e-05;3.8663090142030713e-05;3.7675109299298095e-05;3.659102605303122e-05;3.559631137332654e-05;3.503739556602346e-05;3.4824394410792014e-05;3.487766398424958e-05;3.5061168448523246e-05;3.5193771245315286e-05;3.5064333283017736e-05;3.458462790153924e-05;3.3867710140353944e-05;3.296346112170262e-05;3.214181985291104e-05;3.15107879320565e-05;3.1200534762822063e-05;3.123754978522458e-05;3.153050624672355e-05;3.1940724273823203e-05;3.227204659249692e-05;3.233572594175828e-05;3.206375534822096e-05;3.165023348958121e-05;3.100477312359286e-05;3.0314637814605786e-05;2.9952942901127237e-05;2.9764330011515644e-05
1310.3647831499002;6.403701530378865e-10;6.258144753238595e-10;7.02792318060155e-10;1.6750737017393795e-09;4.499793938410142e-09;9.809961926609776e-09;1.960210007963725e-08;3.3717367362642596e-08;4.8399926400724444e-08;7.040470932722462e-08;9.116109938586669e-08;1.0800604911351577e-07;1.0625994017642617e-07;8.620074248301807e-08;5.669295897871605e-08;3.3126304218027584e-08;2.1289216591246436e-08;2.4332523593991265e-08;3.9133261746023214e-08;5.718642864297242e-08;6.96893843499013e-08;7.266222084418854e-08;7.317163682922333e-08;7.842259784888712e-08;9.100427914248872e-08;1.0791568501316025e-07;1.2375663422424068e-07;1.3322945553260978e-07;1.3042920122005394e-07;1.193838201375561e-07;9.673810768875577e-08;7.349908615887411e-08;5.506911923338455e-08;4.0081407924649753e-08;2.6086610538957183e-08;3.4580775719236006e-08;9.000365874480686e-08;1.820578855541564e-07;2.650545588275216e-07;2.932077757804014e-07;2.559495018914461e-07;2.9338967230191466e-07;7.312137851052879e-07;2.198495868464524e-06;5.828167556839881e-06;1.247069264620503e-05;2.222733677409833e-05;3.4325305830907874e-05;4.738936090407329e-05;6.044688471664654e-05;7.294515129405904e-05;8.45110101653657e-05;9.497087075607356e-05;0.0001036323468465;0.0001097889409333;0.0001132622718871;0.0001136504619371;0.0001110180465978;0.0001055649708626;9.847884375907737e-05;9.017082404600546e-05;8.152057187784376e-05;7.291399482967933e-05;6.496668387420581e-05;5.808127365209024e-05;5.2500840240771954e-05;4.827241491448645e-05;4.519228351942838e-05;4.313142737778651e-05;4.182705116265312e-05;4.110869169040902e-05;4.074555029345002e-05;4.046001993435315e-05;3.985977524926694e-05;3.886495703923867e-05;3.771429933814703e-05;3.672940525707057e-05;3.603352434601204e-05;3.562784071184155e-05;3.54528394393956e-05;3.555850271680037e-05;3.5718394269718665e-05;3.569834852371177e-05;3.533695294431608e-05;3.469850687974738e-05;3.399002317291224e-05;3.3317006733345326e-05;3.2763900092672174e-05;3.230995190338217e-05;3.202035025786144e-05;3.165633877484186e-05;3.123320305536673e-05;3.0866756776212225e-05;3.054127437742143e-05;3.034622916214906e-05;3.042202138274989e-05;3.06086404770829e-05;3.0723605621828e-05;3.071885556133705e-05;3.070944474244927e-05
1312.101537305458;4.938305287724498e-08;3.61378931178188e-08;1.9932957598981973e-08;1.0938420856180589e-08;1.3095369228098508e-08;2.4990006749813172e-08;4.4269544815685785e-08;6.26736597754107e-08;7.314969888235445e-08;8.710130033124304e-08;1.1842828953509977e-07;1.542495786665579e-07;1.7045172278514586e-07;1.506014700968939e-07;1.0349730904106441e-07;6.111758178494827e-08;3.926952593761178e-08;4.5840356474437824e-08;7.587182744312523e-08;1.1221909777309176e-07;1.371024366314642e-07;1.427147924097966e-07;1.438449841753255e-07;1.5453610033298344e-07;1.778510478327202e-07;2.005783524194082e-07;2.0117797098240554e-07;1.750213759655291e-07;1.3164270667599958e-07;8.813932078482142e-08;6.009746824447359e-08;5.0980097394748685e-08;5.806954835126974e-08;5.941101214458056e-08;5.326935733825592e-08;5.349756510977929e-08;1.3214698506244358e-07;3.038404914763731e-07;4.790576905024894e-07;5.596546726683823e-07;4.974787389674986e-07;4.203745084851106e-07;6.814361592377409e-07;2.176947032409917e-06;6.282961146937115e-06;1.3889692690193376e-05;2.493153974072358e-05;3.815546048822206e-05;5.181763105918811e-05;6.502148189158915e-05;7.732289417345604e-05;8.858202635694782e-05;9.854922209941244e-05;0.0001068696733884;0.0001128424338419;0.0001158664145306;0.0001157178523781;0.0001126756929973;0.0001073361730792;0.0001003876120396;9.23286950665751e-05;8.367951409487235e-05;7.50274640460894e-05;6.69393466110185e-05;5.970334031173256e-05;5.37679928063292e-05;4.938448280723576e-05;4.646619399418493e-05;4.46306342788641e-05;4.34024577777854e-05;4.236421825843307e-05;4.124879103694783e-05;4.006409191088877e-05;3.8848611695540105e-05;3.776307762691925e-05;3.688653307986038e-05;3.6194342155048176e-05;3.564036458608711e-05;3.5227969262094604e-05;3.498113612728324e-05;3.487591324065093e-05;3.485135195624175e-05;3.473415119203138e-05;3.4342063831662914e-05;3.3868876993393394e-05;3.350634977490215e-05;3.327871979265373e-05;3.315451819478208e-05;3.28582799959061e-05;3.224326658468555e-05;3.1366468844025124e-05;3.0409728088350437e-05;2.957962619407264e-05;2.8992153509858684e-05;2.870072240399816e-05;2.863489699133822e-05;2.866185656832314e-05;2.8704721748531026e-05;2.8708408992631094e-05;2.8691637848095343e-05
1313.8376322003387;9.873869257455453e-08;7.687155297248082e-08;4.985461422310272e-08;2.7061966427534633e-08;2.032555098532529e-08;3.480545413601748e-08;6.372681352848771e-08;9.146078673411217e-08;1.0645898234021121e-07;1.0722753920853785e-07;1.0928359858294654e-07;1.0780548437723837e-07;1.0084063801421049e-07;8.309553852363854e-08;5.7865140792940054e-08;3.7269538396273975e-08;2.80826915144469e-08;3.7105867434841286e-08;6.189775777703287e-08;9.20651642174816e-08;1.1486250940830792e-07;1.2093023648750946e-07;1.1556860011711077e-07;1.0531463121271432e-07;1.0360193221480317e-07;1.0597482744294785e-07;9.763885776057057e-08;7.68139010624814e-08;5.49124598207432e-08;4.568264991709745e-08;5.566210489649755e-08;8.34200071832688e-08;1.1322487578866013e-07;1.1993491680492324e-07;1.016084947433362e-07;7.620177127033607e-08;8.776728023287988e-08;1.596988598698614e-07;2.439216105757172e-07;2.835296142395921e-07;2.7736751296842053e-07;3.555895117180418e-07;8.110429382438564e-07;2.604895679699829e-06;7.004679498576198e-06;1.474833843369259e-05;2.553003693306199e-05;3.832996754612864e-05;5.200356792936871e-05;6.58413214499016e-05;7.903874219451754e-05;9.11626649359301e-05;0.0001014822584251;0.0001094303382447;0.0001147172521052;0.0001170638623401;0.0001161725880217;0.0001125402673953;0.0001070726804715;0.0001003138130687;9.275900737105824e-05;8.47121460199535e-05;7.695937496028788e-05;6.94324857766214e-05;6.232768339888857e-05;5.619006475070368e-05;5.141316312216689e-05;4.823629377367637e-05;4.641696802206127e-05;4.518995199801519e-05;4.3635301895289805e-05;4.144165771296215e-05;3.89820577270901e-05;3.6937767722113504e-05;3.578847576840845e-05;3.541125748334955e-05;3.542601436835114e-05;3.541764869443412e-05;3.527346410114435e-05;3.507542537804342e-05;3.469601838519482e-05;3.4232604311416155e-05;3.369768473756222e-05;3.325019288585667e-05;3.3033223938155746e-05;3.29607952728689e-05;3.298318109058472e-05;3.283423042765079e-05;3.2401060973011115e-05;3.1818841009044035e-05;3.127677500722301e-05;3.081652332382745e-05;3.0282326573106613e-05;2.967374517295452e-05;2.8942087948560403e-05;2.822462208962661e-05;2.768060299330094e-05;2.7522960875802887e-05;2.7636315472761197e-05;2.7766833330043715e-05
1315.5730678820255;9.600341193366609e-08;8.443011984570234e-08;7.328227392010345e-08;6.089428498276017e-08;5.0973566878081394e-08;5.636359946877001e-08;7.608945779911647e-08;9.659334767368241e-08;1.0764439748022856e-07;1.0406948074771379e-07;8.461897645791558e-08;5.8872207476077835e-08;3.5280574332602846e-08;1.950540921584876e-08;1.2445655862367417e-08;1.0313205451847109e-08;1.3043431942047012e-08;2.2809379926421472e-08;3.986873461244067e-08;6.065881269293487e-08;7.827384636294352e-08;8.285744473213472e-08;7.032762552656389e-08;4.865035948667526e-08;2.8261658172394034e-08;1.7801060947454812e-08;2.416515943119432e-08;3.779075023245285e-08;5.5255740689563466e-08;7.706908642882196e-08;9.752118642296945e-08;1.1540305760892759e-07;1.266287256232123e-07;1.227728870172553e-07;1.0801629639614586e-07;8.479162050565607e-08;5.4713242790239824e-08;3.442976627702979e-08;2.6861450488348755e-08;4.084275355140289e-08;1.3005043859054425e-07;3.845399005198918e-07;1.034877631195248e-06;2.6819298200233665e-06;6.186526572011017e-06;1.2491637750502788e-05;2.19644714978836e-05;3.444457107846171e-05;4.85049289503612e-05;6.313196166199511e-05;7.74737665050574e-05;9.04436177867151e-05;0.0001007908277611;0.0001081542747993;0.0001126881862806;0.0001143852690653;0.0001132830629484;0.0001096596594839;0.0001041165633288;9.753650631863166e-05;9.051795074798624e-05;8.338044451509081e-05;7.629897278239233e-05;6.934676845760191e-05;6.260192251575246e-05;5.633179186391479e-05;5.106154922941974e-05;4.725017666300113e-05;4.516602327920804e-05;4.413208276667961e-05;4.323846373659369e-05;4.1844747619433735e-05;4.023001364403272e-05;3.886764314530956e-05;3.794853114619652e-05;3.758999140352416e-05;3.755340520427487e-05;3.7476040643619335e-05;3.709297692581931e-05;3.62942431154056e-05;3.516530419976462e-05;3.4048526641079226e-05;3.324128245112964e-05;3.3004173852187445e-05;3.314505234576814e-05;3.3142945271971e-05;3.266745360744328e-05;3.181411087141263e-05;3.092010955102812e-05;3.046825498517812e-05;3.055175606165519e-05;3.0947437118884275e-05;3.098929680559887e-05;3.0456407975403787e-05;2.936761447457164e-05;2.815771735027184e-05;2.7460018029650098e-05;2.7435355584034277e-05;2.783328041186856e-05;2.8276041795615768e-05
1317.307844398114;9.097053489924721e-08;9.257596893088745e-08;9.398721732115473e-08;9.486943895797961e-08;9.580392268470419e-08;9.699356409043269e-08;1.027940006438237e-07;1.0926436267432459e-07;1.1246518441866729e-07;1.078610127524695e-07;9.310670847507769e-08;7.30859493610422e-08;5.395771104863973e-08;3.695393956447999e-08;2.4792494364552492e-08;1.6707234622377913e-08;1.439347813443444e-08;1.9289779189292192e-08;2.89441718220256e-08;3.826294266471951e-08;4.33417232686916e-08;4.11606308555201e-08;3.486857625684324e-08;3.9336485248543403e-08;5.3985611851233975e-08;7.82307134683714e-08;1.0838461274882078e-07;1.283985601304647e-07;1.286600091129335e-07;1.1639425919444e-07;9.776118515535157e-08;8.041105232519549e-08;7.351234689215205e-08;7.8061946353001e-08;8.876001474886113e-08;9.168618670072033e-08;8.178109012518803e-08;6.462523375388837e-08;5.760623042556586e-08;9.32140565309325e-08;2.1796372364053185e-07;4.388581247205458e-07;9.043611486977736e-07;2.051926152698929e-06;4.802674617177256e-06;1.0290418122350016e-05;1.9279136488850275e-05;3.1480926459701074e-05;4.572806114472521e-05;6.044180171480042e-05;7.440827480156851e-05;8.661233981026687e-05;9.60810466855151e-05;0.0001030306867156;0.0001076760716521;0.0001096874472625;0.0001092034759076;0.0001061462956299;0.0001007618013332;9.383994721138418e-05;8.636790073100365e-05;7.896067541757356e-05;7.181936476940736e-05;6.530547769483878e-05;5.9501192951986615e-05;5.431101026062882e-05;4.969450938546283e-05;4.6012479591807707e-05;4.352057167632595e-05;4.216868365411061e-05;4.168755779537412e-05;4.160674913823808e-05;4.143196230195175e-05;4.091341313826184e-05;4.0210326482032025e-05;3.956486573296147e-05;3.899676337681912e-05;3.848678572925881e-05;3.79252367852557e-05;3.7097131525982285e-05;3.589864170950316e-05;3.453845997643734e-05;3.351983722786957e-05;3.298739626223594e-05;3.289260729046238e-05;3.272316712625765e-05;3.2075266475319214e-05;3.1148999422563426e-05;3.0264500833839198e-05;2.982928413037815e-05;2.9982966241188537e-05;3.0412494942694627e-05;3.064587854147957e-05;3.0388203688034505e-05;2.9659899456822027e-05;2.867157319872249e-05;2.804701228632203e-05;2.789708597345549e-05;2.811406690694317e-05;2.834559438958377e-05
1319.041961796309;5.4061260456809296e-08;5.8997523236768824e-08;6.81106709509971e-08;8.81407763400175e-08;1.2232366262620772e-07;1.544081218702972e-07;1.6708044626973244e-07;1.5477610959741332e-07;1.254524498910125e-07;9.744606150404545e-08;7.159385892724866e-08;5.605014830513769e-08;4.838753748684167e-08;4.10827345016154e-08;3.2080774554775355e-08;2.1780481461112023e-08;1.6342914694830598e-08;2.7961710081115223e-08;5.3538648618242043e-08;7.96860683825894e-08;9.341475481752069e-08;8.773613806681075e-08;7.145967580476475e-08;6.948022821758784e-08;9.620868135876297e-08;1.3765855365510486e-07;1.668442189924406e-07;1.631487411197321e-07;1.2823664003091226e-07;8.510247904523662e-08;5.2259073960947244e-08;3.9718924104854594e-08;5.0572968427857374e-08;8.227851820366538e-08;1.1536350606215649e-07;1.3543550051318373e-07;1.2575046517623517e-07;9.787585489638497e-08;8.067351823000086e-08;9.947527337090287e-08;1.6360476264799765e-07;2.968376211401996e-07;6.737969628977685e-07;1.8783466610088376e-06;4.8839870869109375e-06;1.0547221544175248e-05;1.9098729325735637e-05;2.995096347293454e-05;4.250548569529633e-05;5.600287513406172e-05;6.93004266677878e-05;8.109293281078017e-05;9.063959190881524e-05;9.784989602728682e-05;0.0001026433169076;0.0001048378769963;0.0001043946926133;0.0001015531303109;9.661446883804806e-05;9.002194344250684e-05;8.2346054291089e-05;7.427326242119599e-05;6.67543202333016e-05;6.042623677807156e-05;5.540950327824725e-05;5.159029715924979e-05;4.850980504878282e-05;4.597097577549384e-05;4.374300163253966e-05;4.225330438529891e-05;4.1613737756992544e-05;4.155734632526504e-05;4.1453914059598944e-05;4.085041277854464e-05;3.973366226722036e-05;3.846099654380247e-05;3.7369546070858935e-05;3.691070763222384e-05;3.667878389562829e-05;3.64174542682795e-05;3.5841587956761875e-05;3.484369104222467e-05;3.3858547988829525e-05;3.3031656071697745e-05;3.247402341129794e-05;3.2124271000183075e-05;3.1867742873070904e-05;3.1610740968515024e-05;3.1298037506033257e-05;3.093236516210858e-05;3.0525561037534054e-05;3.008800520032447e-05;2.9651320420030167e-05;2.922157900821964e-05;2.8793267142116778e-05;2.838514510110126e-05;2.7987621477795192e-05;2.764068570769318e-05;2.7380057564871952e-05;2.7207934379662492e-05
1320.7754201244134;1.7952582659387056e-08;1.5234658408596866e-08;2.7056807584481516e-08;6.65370216720053e-08;1.305272700320443e-07;1.957083143761804e-07;2.2980690467027259e-07;2.1430346257191587e-07;1.605998913409391e-07;9.66617650148691e-08;4.94065273592922e-08;3.032638032611046e-08;2.5521325995387623e-08;2.3306709859335454e-08;1.9544742247370028e-08;1.4300382832460677e-08;1.504165810950027e-08;3.796375563258042e-08;8.722953982909832e-08;1.4443832596226876e-07;1.8677881401440961e-07;1.938224720603073e-07;1.627301695795121e-07;1.214031387054102e-07;9.804017320278365e-08;9.051140021126205e-08;8.735830801783237e-08;7.445860842388525e-08;5.247491495871722e-08;3.880708453887222e-08;3.883164324943975e-08;6.246413261639634e-08;1.0609760022203021e-07;1.5308023585787306e-07;1.850025228624876e-07;1.8970658639283765e-07;1.5872114147009825e-07;1.1708603637577476e-07;8.64921606456862e-08;7.902164365581647e-08;9.698805700435553e-08;1.969436834393228e-07;6.280587836112212e-07;1.9883802049490548e-06;5.1221962319845e-06;1.0552273957293162e-05;1.8205119473498e-05;2.761616233735615e-05;3.83228404131404e-05;5.020304967349501e-05;6.285489227863652e-05;7.502562440585322e-05;8.529008145514077e-05;9.279849690372364e-05;9.71847916578298e-05;9.874120067150076e-05;9.806829973695212e-05;9.552584964754276e-05;9.130853747724586e-05;8.562630838242024e-05;7.875112999413252e-05;7.122240603906507e-05;6.402294530338322e-05;5.794517113834338e-05;5.330035733843885e-05;4.996467291321931e-05;4.7581068654920566e-05;4.578319781600391e-05;4.434166127548194e-05;4.3390236135510007e-05;4.26723788768832e-05;4.185050736963246e-05;4.072212328480675e-05;3.925107509657307e-05;3.776592559350508e-05;3.649621089004208e-05;3.575601242971455e-05;3.5563100164460654e-05;3.54909052459886e-05;3.53455218402363e-05;3.498773580381519e-05;3.440189999803018e-05;3.372382425270013e-05;3.312497746085174e-05;3.2716301328623745e-05;3.254068952933018e-05;3.2551764374576086e-05;3.2521231157289486e-05;3.242407129277289e-05;3.194116753884105e-05;3.106217294821298e-05;2.999697378391657e-05;2.9050911435756168e-05;2.8400507773401836e-05;2.808939801090945e-05;2.7947349460344263e-05;2.7746819015142688e-05;2.744468436496752e-05;2.7034899639277905e-05;2.670717376746644e-05
1322.5082194303395;2.0653328798832827e-08;2.983077278772213e-08;4.502397154599819e-08;6.85872161690695e-08;1.0778103468020432e-07;1.4704879916128653e-07;1.7746783922697697e-07;1.792808448573104e-07;1.4887445433670226e-07;9.351913633644684e-08;4.6977340760454156e-08;2.334606275433548e-08;1.4460676387016898e-08;1.040713084553376e-08;7.936893107968625e-09;6.2885127848356795e-09;8.524570010282785e-09;2.2099466818941362e-08;5.170292028637177e-08;9.064400445877958e-08;1.283377589700611e-07;1.4950687302606305e-07;1.397473366268948e-07;1.0680214739537809e-07;6.698009066507943e-08;3.3577884747736645e-08;1.4797717880793064e-08;9.108783315107929e-09;9.179497382715884e-09;2.0838045487976312e-08;4.79897769520165e-08;8.506013299511308e-08;1.251569668307256e-07;1.456889035378379e-07;1.4227766571912332e-07;1.2217304073598524e-07;9.226152994171107e-08;6.527955145026531e-08;5.679050241985745e-08;6.958089557505544e-08;1.1671768385333301e-07;2.394455902836644e-07;6.432866689344224e-07;1.8657740285807584e-06;4.57553777075317e-06;9.366829072815673e-06;1.6309438593566314e-05;2.5022362920434263e-05;3.5389619459137885e-05;4.65067777069198e-05;5.772512465636666e-05;6.837860473643027e-05;7.765441973064058e-05;8.488178260340381e-05;8.965063172033796e-05;9.216719433500456e-05;9.260432106249336e-05;9.081864807656664e-05;8.682810860380748e-05;8.09487599168949e-05;7.404528152879794e-05;6.701540183461297e-05;6.073042788525634e-05;5.586022001373873e-05;5.22146041718976e-05;4.9359151571686666e-05;4.7071527140996e-05;4.529749038948588e-05;4.39027582653708e-05;4.262569137106254e-05;4.139359480757234e-05;4.02215690380348e-05;3.896734564458286e-05;3.777149987490258e-05;3.675578783092457e-05;3.596488785355153e-05;3.535285910789484e-05;3.4834125974857714e-05;3.4238822898464715e-05;3.382697550317434e-05;3.37514022904002e-05;3.392165303031963e-05;3.405915976061908e-05;3.3961365907289896e-05;3.357828950030954e-05;3.2963926499014176e-05;3.2390539640311894e-05;3.170398790087125e-05;3.1195254237692675e-05;3.06881638457079e-05;3.01625953398888e-05;2.964552586361552e-05;2.9280139873890764e-05;2.920001419641665e-05;2.909891255157115e-05;2.893748357149893e-05;2.8630078068820257e-05;2.821875423162238e-05;2.778717219382572e-05;2.7488511606315667e-05
1324.2403597621087;2.4697995633180854e-08;5.2787096017624114e-08;8.868496596284491e-08;1.2696185196897934e-07;1.6626229969466637e-07;2.069695979692087e-07;2.2912431536039085e-07;2.1505050706220485e-07;1.6695880494340037e-07;1.035282401150588e-07;5.372213900319417e-08;2.8855814205370094e-08;1.9403116940513673e-08;1.5822860966782254e-08;1.3226235830930716e-08;1.042279184960818e-08;7.677831905258482e-09;6.730129689178087e-09;1.0426866327700729e-08;2.237917345235007e-08;4.31287501368e-08;6.704196876021996e-08;7.955909714380049e-08;7.456907875406878e-08;5.5263626197196335e-08;3.219900483164649e-08;1.5604345610913897e-08;8.207954455935942e-09;6.628658761663376e-09;9.976520582555284e-09;2.5027919795982505e-08;4.1269618025510974e-08;5.2187663884618134e-08;5.014342944986332e-08;4.004867002697368e-08;3.877994329181096e-08;5.6151650059773136e-08;7.96352041749196e-08;1.0461419680724229e-07;1.2392766193560081e-07;1.550057388403722e-07;2.670726035539934e-07;6.114231754929849e-07;1.6136038151101025e-06;3.930480598594268e-06;8.228979694609502e-06;1.5023852252442406e-05;2.3938670901749358e-05;3.4081018679931884e-05;4.445269280595468e-05;5.409034058622324e-05;6.263848385680244e-05;7.027763265763759e-05;7.721964285699301e-05;8.308527674964704e-05;8.71983753279306e-05;8.883764694307088e-05;8.748124608340873e-05;8.35158673794717e-05;7.738558102007452e-05;7.018193732709113e-05;6.330175196425328e-05;5.76947546990082e-05;5.3640355943689055e-05;5.087462042634889e-05;4.877735294393106e-05;4.665150798093536e-05;4.4402647708800426e-05;4.22270321852686e-05;4.0361471781280535e-05;3.901898824993102e-05;3.815916102303656e-05;3.778117455004862e-05;3.771403016558893e-05;3.754188753563759e-05;3.691205013636165e-05;3.584485196562976e-05;3.4536537282505144e-05;3.336794352018599e-05;3.259022940661645e-05;3.2473233699888e-05;3.29253554608448e-05;3.356292403168494e-05;3.381112471208609e-05;3.342286847846985e-05;3.2562465037142615e-05;3.152967180689351e-05;3.072850326830282e-05;3.008126055110043e-05;2.9608300327215867e-05;2.928115979126226e-05;2.9158456732610636e-05;2.903433658667117e-05;2.888595400478163e-05;2.8725925598497035e-05;2.8537468269364617e-05;2.8366999263728772e-05;2.8319652406311965e-05;2.8243920009487237e-05;2.828778928770716e-05
1325.9718411678368;1.228791693819642e-08;3.1652654855667245e-08;7.193839624643354e-08;1.3865856867418472e-07;2.2189260758033966e-07;3.0815639838672484e-07;3.431153001270261e-07;3.0687095772086736e-07;2.210657659786827e-07;1.2533140382099018e-07;6.184508443895486e-08;3.5168644121286464e-08;2.5678449035620648e-08;2.228805252827505e-08;1.9732922130812172e-08;1.6019652514201706e-08;1.14350341475594e-08;7.546178052545577e-09;7.761288044772456e-09;1.6177642487298008e-08;3.364775455659888e-08;5.658613066259362e-08;7.432225804655987e-08;7.554183864890668e-08;6.065961822298483e-08;3.863217933975505e-08;1.9312043644635945e-08;9.183345295495429e-09;6.016244043293319e-09;4.922499684976423e-09;4.427002654497476e-09;4.366670930651389e-09;4.525326882038093e-09;3.476973996942272e-09;9.624151444031773e-09;3.89996409024203e-08;9.388132528170884e-08;1.530143450642123e-07;1.8817133867665442e-07;1.8216324981829626e-07;1.5064837268809334e-07;1.7784462827350905e-07;4.331382841395479e-07;1.3747082474592626e-06;3.820172606689106e-06;8.343005150860833e-06;1.511097340409186e-05;2.364609389076244e-05;3.2752574013945385e-05;4.177124273732741e-05;5.0221090222383335e-05;5.818740603480977e-05;6.58748139642432e-05;7.314179885939058e-05;7.939456295950252e-05;8.405573346211288e-05;8.62438950157793e-05;8.548429485157581e-05;8.185135768368679e-05;7.610953470594745e-05;6.925995712043237e-05;6.250752614934537e-05;5.678238947441608e-05;5.250707735851573e-05;4.960294575550054e-05;4.740794644910151e-05;4.5259162423515096e-05;4.297681483521229e-05;4.077497709368277e-05;3.9158952738032544e-05;3.8324210138641806e-05;3.796180972745365e-05;3.781391820222115e-05;3.761206167789289e-05;3.7260484344879645e-05;3.646149407139681e-05;3.5427843474964974e-05;3.4162918628599285e-05;3.3197905639303365e-05;3.252963805346812e-05;3.222846160127938e-05;3.226625788812644e-05;3.2390199627249376e-05;3.230942684342446e-05;3.1970909750123807e-05;3.1521853232428936e-05;3.110386501845074e-05;3.1100649654231354e-05;3.12002642126666e-05;3.114769985292768e-05;3.0714549144886605e-05;2.985079977130128e-05;2.872553541392351e-05;2.765145517764393e-05;2.6989440799237066e-05;2.6894149936263563e-05;2.72829627195706e-05;2.789704907370533e-05;2.845798569833654e-05;2.8802832815666096e-05
1327.7026636957562;2.702757393299172e-11;3.586213346791594e-09;1.8521236363997904e-08;5.056676326267527e-08;9.908651397722449e-08;1.4813553253993818e-07;1.6890903323958193e-07;1.521923419037539e-07;1.0979455254459985e-07;6.21087219224185e-08;3.041935225359094e-08;1.7086267331221822e-08;1.2374224658856549e-08;1.0769167097899053e-08;9.627018237603296e-09;7.899425849496265e-09;5.7192421736311655e-09;3.864029304598911e-09;3.467772710656622e-09;6.8210768761453304e-09;1.4541002522867047e-08;2.5551595070354884e-08;3.604037960225116e-08;3.890026003084692e-08;3.1971418593995774e-08;2.131128303085028e-08;1.1051465020559717e-08;5.461415146206577e-09;3.752670786118318e-09;5.100692126013255e-09;9.556242196906464e-09;1.4311530081332413e-08;1.6158673103964812e-08;1.3645024840356084e-08;1.1492408245508886e-08;2.7757817053537334e-08;6.18192565132816e-08;9.618326982197352e-08;1.1190059308245026e-07;9.897355956843121e-08;6.941524647722545e-08;7.75735732706976e-08;3.293656754474746e-07;1.3993091302478126e-06;4.059368307891168e-06;8.766649849514975e-06;1.5167608503896228e-05;2.2772860621901264e-05;3.0786308114025355e-05;3.889273691355448e-05;4.72591116916429e-05;5.585881807942119e-05;6.422459162340868e-05;7.167140862183414e-05;7.76746915814214e-05;8.201910598545305e-05;8.449307387188964e-05;8.475927674988238e-05;8.239168182549162e-05;7.780385139219209e-05;7.158456701547086e-05;6.470543806883308e-05;5.816421691808403e-05;5.263206314898873e-05;4.870961301322292e-05;4.5811242091717074e-05;4.371851918401302e-05;4.208718693329837e-05;4.07164660175194e-05;3.983617983156665e-05;3.940201211704798e-05;3.90475449393334e-05;3.836173316275373e-05;3.726134620033988e-05;3.6080542407143214e-05;3.533835833094606e-05;3.50759753511005e-05;3.500553219703931e-05;3.475485527448856e-05;3.431745912505793e-05;3.369969007116249e-05;3.3031261022716126e-05;3.244051809723948e-05;3.1918587119207244e-05;3.1466708958485546e-05;3.1120380098920634e-05;3.1066915364360214e-05;3.136669484800123e-05;3.1909827845520185e-05;3.22132721564474e-05;3.178387613531777e-05;3.0549898334065815e-05;2.895800338985711e-05;2.7490334957561084e-05;2.676568422637313e-05;2.6826057967007063e-05;2.724538806428343e-05;2.7616881723705626e-05;2.7808676662566445e-05;2.777879983963275e-05
1329.43282739419;1.413015422949881e-10;8.721139911228264e-11;8.153756315102875e-11;1.4107639336790716e-10;2.0773175940928595e-10;2.494859284019882e-10;2.57530392217162e-10;1.9258563155974663e-10;1.5245513905091535e-10;1.5639961252830227e-10;1.6895124407105263e-10;1.5126530014711266e-10;1.1334377634007064e-10;1.85545119525214e-10;1.3692646743834482e-09;7.193354569318688e-09;1.7901298123892543e-08;3.0849235963548165e-08;4.049348689167064e-08;4.1633815708564744e-08;3.3555756593320786e-08;2.173560152909662e-08;1.1962586913277442e-08;6.8913585385057485e-09;5.801200517520132e-09;5.533157410338497e-09;4.599911426359144e-09;3.371478895531282e-09;4.0620632218201855e-09;8.922282435837758e-09;1.8530423994245057e-08;2.8968409021335105e-08;3.359489774194346e-08;3.318043189777776e-08;3.4399613372682886e-08;4.252062422428492e-08;5.2163831871019424e-08;5.010777277480253e-08;3.53233640448949e-08;1.9253778055627903e-08;1.8922847453555472e-08;8.979564718403749e-08;4.409431920754653e-07;1.6236735829590402e-06;4.21592129444594e-06;8.452457118850967e-06;1.436184871836187e-05;2.1539793811177576e-05;2.9651222885277547e-05;3.864867601768737e-05;4.811231317746659e-05;5.736364516716191e-05;6.563511167103104e-05;7.240254274104907e-05;7.748606786799147e-05;8.101569751937034e-05;8.304588007270253e-05;8.335436566391657e-05;8.165068780730557e-05;7.762753595022271e-05;7.160610179562941e-05;6.450253468359995e-05;5.7489939378265975e-05;5.164453705994333e-05;4.7548277364229965e-05;4.508295314430285e-05;4.357107762604515e-05;4.24939221738116e-05;4.163073036426847e-05;4.082834059719039e-05;3.998265623111418e-05;3.866826171025755e-05;3.712424827035082e-05;3.563014176289685e-05;3.47996871991666e-05;3.489450273331626e-05;3.5477691246409395e-05;3.611895457442711e-05;3.629444318475688e-05;3.5818158652591825e-05;3.471863005041668e-05;3.359469490506719e-05;3.277335331133326e-05;3.222825110898694e-05;3.19250538817518e-05;3.167921883519791e-05;3.1531823527932364e-05;3.154734682844428e-05;3.1545141117265555e-05;3.1504735463289325e-05;3.106513249460695e-05;3.017998487634764e-05;2.9243735851181527e-05;2.846470900165011e-05;2.8102091092383632e-05;2.7935082756020145e-05;2.765507468502501e-05;2.7213867303203904e-05;2.668871642069248e-05;2.6230361357989604e-05
1331.1623323115818;8.8770151030486e-08;7.38103668670641e-08;5.231209941151956e-08;3.06586488213768e-08;1.5697166705311042e-08;8.743546918390025e-09;4.572525113631815e-09;3.532147888042716e-09;3.693568144896899e-09;4.191631862991819e-09;3.815215093974434e-09;2.816630875614086e-09;1.7467357321382612e-09;1.3360356008033952e-09;3.938748570869062e-09;1.4644225212245113e-08;3.582575792908979e-08;6.148877340630737e-08;8.091626947075279e-08;8.437417658142541e-08;7.051704459623149e-08;4.772231571349442e-08;2.7027002668417983e-08;1.3657531583100381e-08;8.430625379193972e-09;6.740730308942255e-09;6.91743348582727e-09;7.518296779895814e-09;9.943897101452617e-09;1.5112848624992765e-08;2.190259634910024e-08;2.64043591040436e-08;2.8774975203693272e-08;3.7760716672795165e-08;6.240114717228189e-08;9.534534174374616e-08;1.1813163106379017e-07;1.1396065905795397e-07;8.418072062368721e-08;4.92322252759368e-08;3.861738895993077e-08;1.3095657800909862e-07;5.730565812495019e-07;1.8215988960587776e-06;4.261760428482144e-06;8.183661899145873e-06;1.3770826244436288e-05;2.094850578771838e-05;2.975870041916973e-05;3.976350735815022e-05;5.0056189242314185e-05;5.973399471341727e-05;6.780632006623017e-05;7.405936136867987e-05;7.854177304742338e-05;8.142050558767554e-05;8.264933892652737e-05;8.198157530997532e-05;7.936931180591567e-05;7.466124944456439e-05;6.842794868983164e-05;6.170321839090635e-05;5.550822492798154e-05;5.09277332438663e-05;4.7650117775330334e-05;4.5638672243498334e-05;4.4159663320655424e-05;4.279828704369764e-05;4.1198977865697786e-05;3.937375055559549e-05;3.736109788179833e-05;3.538887986979105e-05;3.382088576620231e-05;3.2918708336836444e-05;3.277456418516148e-05;3.325857606418775e-05;3.397426608548357e-05;3.468222626696887e-05;3.478929854436332e-05;3.4299866110535225e-05;3.3556224409697464e-05;3.290801032916922e-05;3.2434260489215737e-05;3.210168990210026e-05;3.182216151045686e-05;3.156729736961826e-05;3.120126767028584e-05;3.085725618822475e-05;3.061699338886451e-05;3.05214328597561e-05;3.0422528672447475e-05;3.032346769111984e-05;3.007264475334739e-05;2.9743823541257368e-05;2.9135476765941964e-05;2.8306326936686883e-05;2.741471481759399e-05;2.6538156839557023e-05;2.59892272496919e-05;2.567472619440303e-05
1332.8911784964655;1.9788743857124059e-07;1.9971514852235682e-07;1.8572192353015362e-07;1.519470651733073e-07;1.0881601288109393e-07;6.596410957731041e-08;3.3970015947035775e-08;1.9691979006151827e-08;1.6623923592042294e-08;1.6230554641646316e-08;1.5122511962191168e-08;1.2792194323999628e-08;9.655857789969365e-09;7.152137598370389e-09;7.228831459083446e-09;1.171550405165036e-08;2.093330797845275e-08;3.2750983688030964e-08;4.2763219750961264e-08;4.6399954995072056e-08;4.1621482434639857e-08;3.134997602210159e-08;2.0085524719127123e-08;1.0989055543519864e-08;5.789854297826035e-09;4.4564685163940455e-09;6.113686818743142e-09;8.89713568835982e-09;1.1429430151624596e-08;1.301530992143378e-08;1.2393477321640926e-08;1.0168382227163892e-08;1.0598677293659966e-08;2.3627685456644e-08;5.7283110251845076e-08;1.0474762757409078e-07;1.478010080000925e-07;1.6316668576416704e-07;1.482341032012206e-07;1.0875917092750373e-07;7.738882033601576e-08;1.3863168667623806e-07;5.319143375003448e-07;1.7213577351974462e-06;4.200541800091327e-06;8.432287075110211e-06;1.4379205341561284e-05;2.189900735386274e-05;3.068744789474743e-05;4.006299584029835e-05;4.9630743946738696e-05;5.86248598891208e-05;6.655766791427726e-05;7.325791902972184e-05;7.843479203264298e-05;8.156345879139477e-05;8.257763504566367e-05;8.13096479648015e-05;7.800983188267305e-05;7.332703460238591e-05;6.764783314309355e-05;6.173386807026488e-05;5.647662961221278e-05;5.231869563730404e-05;4.920684625442461e-05;4.676352701855296e-05;4.451019328180666e-05;4.217360908263745e-05;3.967326886440226e-05;3.716406627480493e-05;3.483375672927744e-05;3.320143950296231e-05;3.218339190090795e-05;3.1640492343111994e-05;3.1425087144634734e-05;3.138913451933802e-05;3.160337240765264e-05;3.18749960134427e-05;3.214387878647918e-05;3.245566823814304e-05;3.282070755867607e-05;3.3048489464495776e-05;3.308748674902339e-05;3.290231122212026e-05;3.2374018210608205e-05;3.156704861606996e-05;3.063447172610122e-05;2.9844067162733512e-05;2.940204014572467e-05;2.934135959403676e-05;2.958224865541968e-05;2.987576640430633e-05;2.9906718089682187e-05;2.9414533729416085e-05;2.8600129733510387e-05;2.7513741168880256e-05;2.6465182018124407e-05;2.565104013581724e-05;2.517801752826471e-05;2.4948740993637823e-05
1334.6193659974815;1.3034225616026908e-07;1.784972136013531e-07;2.1475262040575918e-07;2.121904455977765e-07;1.7263500592644758e-07;1.1298548310560185e-07;6.480141859149476e-08;4.42130239874943e-08;3.778644432885023e-08;3.3923358374149065e-08;3.9428460090849057e-08;5.858545213828347e-08;7.858541318970846e-08;8.516195528222546e-08;7.339800232550829e-08;4.83598464767643e-08;2.5352899507001576e-08;1.2933501831698102e-08;8.383988822341793e-09;8.075718321053431e-09;8.699093730687252e-09;9.62496326253272e-09;8.725327305161065e-09;6.528511461090996e-09;4.017592829912989e-09;2.829390218991614e-09;3.500505410982097e-09;4.8847328833300595e-09;5.565337076240666e-09;4.9926021821807414e-09;2.876413226876691e-09;1.476473516037438e-09;2.339595797897485e-09;9.099861045961253e-09;2.757963744498945e-08;5.4731827583097326e-08;9.102220437294877e-08;1.2459496259384414e-07;1.3645490815100985e-07;1.2407672913283322e-07;1.170703000586287e-07;2.0961014478393019e-07;5.91408362607288e-07;1.7215804994534045e-06;4.298622924911123e-06;8.840328758823104e-06;1.5402365683690325e-05;2.344913411679757e-05;3.2045859374677766e-05;4.06150195843712e-05;4.893583221544339e-05;5.6776425913301006e-05;6.419893695319976e-05;7.106641488023757e-05;7.674066268901457e-05;8.039681766683426e-05;8.161960701427013e-05;8.046028628997369e-05;7.726648492536667e-05;7.297918638456938e-05;6.789491048392088e-05;6.235389202935596e-05;5.708754588275266e-05;5.258428923525124e-05;4.901927079176429e-05;4.622777605002413e-05;4.3819149711064e-05;4.139939123519896e-05;3.914125410898213e-05;3.690892192982878e-05;3.530657012605094e-05;3.423339391741203e-05;3.363702030006827e-05;3.316777219787475e-05;3.248661377577899e-05;3.155443789145806e-05;3.0670817738274e-05;3.0158234896116316e-05;3.059176758828825e-05;3.1892003977079014e-05;3.3428836183309395e-05;3.457280435101564e-05;3.485162047958476e-05;3.431729120240024e-05;3.330234026096049e-05;3.188502416373712e-05;3.0629974223486166e-05;2.9733947573619936e-05;2.931234371159386e-05;2.9189366085971905e-05;2.9240913025162464e-05;2.9094392666505983e-05;2.88804206779213e-05;2.8417334629806987e-05;2.7752334504376538e-05;2.6961428301704685e-05;2.6071169952738618e-05;2.5284376722046652e-05;2.470508388530604e-05;2.429413499003037e-05
1336.346894863378;2.1103079924560155e-08;5.2617092600063925e-08;8.155429252269719e-08;9.124366598498253e-08;8.048671961529618e-08;6.103137911535261e-08;4.880792267149148e-08;4.6752958753920596e-08;4.45872726117683e-08;4.1242730600209843e-08;5.5395221033386666e-08;9.665932356662853e-08;1.3988013358689368e-07;1.559777637015394e-07;1.3484877593511426e-07;8.688803469316034e-08;4.4204638667465286e-08;2.1633874239629442e-08;1.2274098176235617e-08;9.039897008682391e-09;8.262854360343045e-09;8.211385170004458e-09;9.369973098030025e-09;1.5900027433819715e-08;3.6758306121204475e-08;4.7918046729856356e-08;4.7218492512607966e-08;3.4963909002014604e-08;1.8201979890624432e-08;7.748506409625722e-09;4.504171549939824e-09;3.441903854898068e-09;3.092316711799332e-09;4.779808384256109e-09;1.035210647139974e-08;1.9978997596839888e-08;3.3910284099005746e-08;5.3232681659575416e-08;6.03893751336551e-08;5.9292804561074886e-08;9.53571040709706e-08;2.726455199163568e-07;7.571094934659204e-07;1.934399377084993e-06;4.484409029440424e-06;8.989814318237364e-06;1.5617073564171146e-05;2.387627964855104e-05;3.278729414757065e-05;4.182530687383735e-05;5.035762361010779e-05;5.8522574710821135e-05;6.604333429115376e-05;7.259726574869388e-05;7.769329839082335e-05;8.080219028660584e-05;8.167490409370621e-05;8.036357279617815e-05;7.721098988392174e-05;7.28149929270725e-05;6.746487711723715e-05;6.165338007422334e-05;5.5940938228383815e-05;5.110757381174198e-05;4.75813582217687e-05;4.528147684988143e-05;4.354077492039168e-05;4.197237644302021e-05;4.005461329698172e-05;3.796803615351614e-05;3.635583474030535e-05;3.5545632766608776e-05;3.559508892721404e-05;3.576466795099732e-05;3.540991878115287e-05;3.433627636080255e-05;3.2817621124847743e-05;3.142248070903868e-05;3.1244766206626244e-05;3.2237926800007226e-05;3.373628758948105e-05;3.4770966621530486e-05;3.472254735735481e-05;3.3585646806953955e-05;3.1862641082138046e-05;3.04453642888619e-05;2.982138436768436e-05;3.0057464288579124e-05;3.060250370839619e-05;3.090329144876287e-05;3.060853924953984e-05;2.97740902098466e-05;2.8775958168339808e-05;2.798905881302911e-05;2.729894322586733e-05;2.689203961840461e-05;2.6504062435828757e-05;2.5993852899405683e-05;2.558226187757455e-05;2.5273326793738924e-05
1338.0737651430136;3.981447480651998e-11;2.1550708351225118e-10;5.299580294496181e-10;8.032697130951478e-10;1.4809854832022072e-09;5.711711156638759e-09;1.3719905902836698e-08;1.9129652883379933e-08;2.096955220322173e-08;2.1797989135513897e-08;3.0518369131606623e-08;5.124581887518392e-08;7.15329187685403e-08;7.796538442484323e-08;6.659408591238005e-08;4.3032923840026527e-08;2.195443326488941e-08;1.0805878677120515e-08;6.297848907563745e-09;4.9307536052651134e-09;4.725956285645948e-09;4.4477679376414775e-09;9.790728939740411e-09;3.1953068935756416e-08;6.698712131999371e-08;9.24678383397332e-08;9.636168095058857e-08;8.210265040208187e-08;6.213130894370305e-08;5.0175423350466754e-08;4.3392371835843455e-08;3.224618507483677e-08;1.882145707694537e-08;1.1479475228890892e-08;1.2112652368364857e-08;1.7222207360928263e-08;2.0208167616978215e-08;1.88369695275901e-08;1.3680563997692309e-08;9.018245097855285e-09;3.306847161090147e-08;1.6075427346523525e-07;5.746198994177049e-07;1.6826487187695389e-06;4.174304259404459e-06;8.679158682549528e-06;1.5267270578554498e-05;2.362124554327401e-05;3.308636244058396e-05;4.3065614136727816e-05;5.310383247993644e-05;6.26602919327536e-05;7.094125576788411e-05;7.740646927233637e-05;8.181927031914705e-05;8.401287058247298e-05;8.39644970727314e-05;8.180325689124789e-05;7.787729550011696e-05;7.270400289058034e-05;6.685498174283523e-05;6.0934728256595175e-05;5.536116533908639e-05;5.0992001586830855e-05;4.834144868955625e-05;4.673269254872656e-05;4.559690875897531e-05;4.405713407547341e-05;4.165297968508191e-05;3.90904853586208e-05;3.681222360709759e-05;3.559205725620031e-05;3.5567865135190165e-05;3.621815594078386e-05;3.667123073818097e-05;3.639575380975296e-05;3.5315345381460854e-05;3.419100271350921e-05;3.361629993478268e-05;3.348428080346515e-05;3.3716613902248346e-05;3.37626580049042e-05;3.3377925263950136e-05;3.246040246268091e-05;3.10976137198926e-05;3.0164332435054204e-05;2.9962886381600454e-05;3.047233529674216e-05;3.120715946065008e-05;3.156053176625853e-05;3.123856330987867e-05;3.021015876987068e-05;2.879901154253244e-05;2.7562508651785447e-05;2.685617308066547e-05;2.6837556742239093e-05;2.7416210455245607e-05;2.819565952432809e-05;2.884489370585422e-05;2.9259811757018702e-05
1339.799976885326;2.206844300043933e-08;1.5124152969766455e-08;7.186270253702552e-09;3.1415181187675303e-09;2.050307445435873e-09;1.790242154724509e-09;1.398981427765231e-09;1.9006533664906424e-09;5.990034396814726e-09;1.2741536878091536e-08;1.74255847500425e-08;1.7544626222321114e-08;1.3199797860659344e-08;6.8474091767047566e-09;2.928893877570182e-09;2.755917532444128e-09;5.436054498339853e-09;1.2099225317572617e-08;2.4320971309554964e-08;4.2773436420499245e-08;5.5125157893652575e-08;6.12652827272934e-08;6.242382291794582e-08;6.6567728497476e-08;6.56108250608839e-08;7.160147172605902e-08;6.856557666709897e-08;7.031715075835583e-08;7.745400640160563e-08;8.315687281262924e-08;7.803210181035429e-08;5.784912787739473e-08;3.2593070008747893e-08;1.7208155843629192e-08;1.3126909369387256e-08;1.3692794397180558e-08;1.3266705026148593e-08;1.1129868832459862e-08;7.3954317935355435e-09;4.906009999939501e-09;6.775488971340198e-09;6.029936204011379e-08;3.779836700482706e-07;1.4385945543252151e-06;3.937827167657139e-06;8.40999897338962e-06;1.474654776148672e-05;2.293650886899234e-05;3.2740968741116705e-05;4.3697977802868695e-05;5.512249648668555e-05;6.599124292538925e-05;7.516066687017718e-05;8.197655766993978e-05;8.614371662973101e-05;8.766115708690723e-05;8.677397662838114e-05;8.378715148703441e-05;7.918548091882105e-05;7.373459495692696e-05;6.825931698455019e-05;6.303626780621705e-05;5.849260530628709e-05;5.490134819822245e-05;5.217867874341895e-05;4.987291686907892e-05;4.787951288585737e-05;4.546632653951768e-05;4.277213264988727e-05;4.005123672649113e-05;3.756249173455178e-05;3.5802597698954905e-05;3.4982811466064155e-05;3.48214437445061e-05;3.512320955896955e-05;3.558166160406392e-05;3.594592131701573e-05;3.615892188638658e-05;3.571940287277006e-05;3.4768876133439795e-05;3.375736947696558e-05;3.283817525403303e-05;3.217393441156666e-05;3.168947592252845e-05;3.1275877028330176e-05;3.094966333420772e-05;3.081991300284675e-05;3.07899612654484e-05;3.107422249269389e-05;3.1269388516902604e-05;3.096128117163528e-05;3.013304521032413e-05;2.896507645031329e-05;2.777297767435381e-05;2.7225118551097505e-05;2.7552501520364053e-05;2.8720477741655768e-05;3.031555721104769e-05;3.166367761457931e-05;3.252531128024044e-05
1341.5255301393809;4.4108057724110396e-08;3.0037456732586824e-08;1.6777144282863812e-08;7.99336665150226e-09;4.952901039068874e-09;4.025106919010115e-09;3.263775018313304e-09;4.417086544003449e-09;1.2381631161947676e-08;2.650476087909365e-08;3.753321662097318e-08;4.080155116961905e-08;4.332261435126448e-08;4.584667452505842e-08;4.9098429364055126e-08;5.042097221968237e-08;4.043672867295088e-08;4.322041085458123e-08;6.132237910835429e-08;8.68922066946556e-08;1.1029589676357101e-07;1.2320917010055764e-07;1.2157016553611985e-07;1.0279760671222513e-07;7.444682394586103e-08;4.63103882264776e-08;2.8499308539415186e-08;2.749217544270481e-08;3.677461819192627e-08;4.3363971073748854e-08;4.118338837030124e-08;3.081509220906885e-08;1.887098847784701e-08;1.3263514305725904e-08;1.3955603864613656e-08;1.4469597990268737e-08;1.3071203410558384e-08;9.929673968461872e-09;5.761089034785671e-09;4.2485350521213125e-09;8.18802412130617e-09;7.118187349659106e-08;4.004069547479441e-07;1.5190959487054869e-06;4.101575442205318e-06;8.501281345576008e-06;1.470102430542065e-05;2.2790884125355105e-05;3.267400014002801e-05;4.418203854373233e-05;5.662473260201281e-05;6.86423645010281e-05;7.878178622866544e-05;8.625670177261698e-05;9.053533207075756e-05;9.166588991385544e-05;9.01947775065644e-05;8.688024731096662e-05;8.253737578773105e-05;7.783493755323199e-05;7.306756577941153e-05;6.816791747192938e-05;6.348590162666675e-05;5.904169938932496e-05;5.4824061288844993e-05;5.10713076692488e-05;4.798282700506786e-05;4.553777077589277e-05;4.368332079766428e-05;4.176904137242165e-05;3.968687872184063e-05;3.7656460473931006e-05;3.590142609664589e-05;3.479884232918148e-05;3.4846893145755215e-05;3.5732195260756026e-05;3.68803441038667e-05;3.724570731004161e-05;3.642342636318145e-05;3.478864716320659e-05;3.295055799883448e-05;3.152706845412287e-05;3.094157234544258e-05;3.064263247425924e-05;3.0477067458087923e-05;3.037568897145697e-05;3.041498951592836e-05;3.078458523772499e-05;3.132491533189086e-05;3.174377891168509e-05;3.170041091075646e-05;3.1097955418683286e-05;3.0136260861302788e-05;2.894250696757124e-05;2.821296420548612e-05;2.825324702038561e-05;2.864456553165987e-05;2.93337449027022e-05;2.998344220352998e-05;3.041172655359246e-05
1343.2504249543415;3.194363611641982e-08;2.795237834246633e-08;2.2853446771866823e-08;1.6580193766232673e-08;1.09053523495432e-08;6.743867961220822e-09;5.317691755247879e-09;7.828388900382871e-09;1.91015260591185e-08;4.0920291805888734e-08;6.176270458960184e-08;7.287468206238135e-08;8.167849245541348e-08;9.325183873386445e-08;1.001497358736234e-07;1.004887253827119e-07;9.394617680272249e-08;8.704881740977066e-08;8.98884109782607e-08;9.29060862729254e-08;9.997598366348529e-08;9.470246293565633e-08;8.386659065849797e-08;6.975047013861482e-08;5.3593195170515403e-08;3.0036217614966525e-08;1.581726621102209e-08;8.733881666920433e-09;8.079718097027586e-09;8.58748403255717e-09;1.0593622525450351e-08;1.1858544243827332e-08;1.20329549108673e-08;1.3666194310005726e-08;1.6012224784911117e-08;1.700456153209879e-08;1.5002889052313962e-08;1.081350405762009e-08;9.187360571666328e-09;2.0359049316802518e-08;6.474512569837242e-08;1.6037871476225837e-07;5.092525886144804e-07;1.6812470478777578e-06;4.3871932358407575e-06;9.015259970890434e-06;1.5937619227930366e-05;2.523206842099133e-05;3.680102795029062e-05;4.967163742642567e-05;6.304512390862185e-05;7.532600942637036e-05;8.533515684205988e-05;9.224344123455543e-05;9.640482072966776e-05;9.800075721905022e-05;9.74806425989583e-05;9.564851773464754e-05;9.235936415810336e-05;8.752335826199309e-05;8.153776622854263e-05;7.474654639191895e-05;6.749719971855226e-05;6.075473459012767e-05;5.494874392129734e-05;5.038189551630323e-05;4.723142348153936e-05;4.5344542538952855e-05;4.427620392944729e-05;4.319908485457279e-05;4.169538642473822e-05;3.981101994221893e-05;3.786908486887559e-05;3.6793381411951066e-05;3.6614970571176e-05;3.708027050635215e-05;3.749512446663719e-05;3.729657240126502e-05;3.609814230918303e-05;3.4366573964578735e-05;3.272626820329129e-05;3.176567658084191e-05;3.1486995448444855e-05;3.147542384931675e-05;3.146252595237718e-05;3.1330100970156145e-05;3.1186070907005706e-05;3.146848393990443e-05;3.180977120616768e-05;3.1983907335920503e-05;3.190250405750783e-05;3.140626853945108e-05;3.059432666676002e-05;2.962085297968613e-05;2.870902870887168e-05;2.803963473109657e-05;2.7720675359280218e-05;2.758769910628589e-05;2.755473472602176e-05;2.7530726328632105e-05
1344.9746613794596;2.864430474706753e-08;3.1056247184213956e-08;2.9376042965848586e-08;2.4149268312764897e-08;1.7271659743206644e-08;1.6905600425834992e-08;2.8266926634094873e-08;4.48170723787907e-08;6.38284144092549e-08;8.555528584830699e-08;9.9549794799339e-08;1.0037772195775125e-07;9.404094435861539e-08;8.836102522157522e-08;9.122706578472222e-08;1.0545570312574678e-07;1.4239669505071057e-07;1.6207035394283354e-07;1.603567571805415e-07;1.3502887242980844e-07;9.499071712109985e-08;5.7017206206631146e-08;3.263116786655213e-08;2.3360894484483922e-08;1.938403526342964e-08;1.7068821828684372e-08;1.5288816722942782e-08;2.250091440376694e-08;4.1410448778489826e-08;5.27309000370807e-08;5.418004080785059e-08;4.465120203696102e-08;3.004677803061601e-08;1.910482806460106e-08;1.3872987261592473e-08;1.1562208100790813e-08;9.564207958004342e-09;9.978362160348672e-09;2.193330046638989e-08;7.130499468087934e-08;1.6096185119244088e-07;2.836709972969154e-07;6.396287565941339e-07;1.825962326384411e-06;4.587314525563425e-06;9.587888785777927e-06;1.7360873904781673e-05;2.8136465181456905e-05;4.139999715577863e-05;5.611003575304441e-05;7.047572888613802e-05;8.266520860359979e-05;9.204012666566386e-05;9.878384626154925e-05;0.0001032137437808;0.000105762480502;0.0001064625765618;0.0001050801974742;0.0001014307883245;9.56016122880232e-05;8.803934184719598e-05;7.959911417064606e-05;7.133275760856067e-05;6.375591801463323e-05;5.706596142508582e-05;5.190899957753384e-05;4.808351736496503e-05;4.553746306970557e-05;4.384784468871783e-05;4.24028473918793e-05;4.110551194269391e-05;3.9915900059641496e-05;3.89025290109414e-05;3.8155346892570593e-05;3.763950493217441e-05;3.726604406206137e-05;3.684716325220463e-05;3.6250970239845673e-05;3.548668649818235e-05;3.4630972358186385e-05;3.3904522226341034e-05;3.3414787671802906e-05;3.2848967310378235e-05;3.2405012312413254e-05;3.2138290426335063e-05;3.208475330977116e-05;3.222856723745885e-05;3.230256125594734e-05;3.21359695687131e-05;3.168593636549521e-05;3.107575922240167e-05;3.053279060078236e-05;3.012101776443183e-05;2.997541545091158e-05;2.968402921183143e-05;2.9091233847378937e-05;2.8570773906377367e-05;2.803484283879106e-05;2.7595564950319737e-05;2.723169160108203e-05
1346.6982394641054;3.261876624045812e-08;2.6035790914729983e-08;1.9864002037878363e-08;1.470232599884982e-08;1.2663549391967163e-08;2.2516338826957145e-08;4.796718688268015e-08;7.550645999371748e-08;9.333408724804753e-08;9.704651117929565e-08;8.51130193357028e-08;6.674940363136056e-08;5.0561084927894695e-08;4.117043116914269e-08;5.3802360330605446e-08;9.797015446601902e-08;1.523240381125053e-07;1.8450359852287986e-07;1.769267312342339e-07;1.3318440735299156e-07;7.481030188638603e-08;3.652203814753558e-08;1.987237098384864e-08;1.8187255535767134e-08;2.151876191374167e-08;3.8668087527041056e-08;6.275212685573089e-08;8.673671165145632e-08;1.0651262661728729e-07;1.0964474787996597e-07;9.3974560467175e-08;6.711638431998012e-08;3.8109671840808254e-08;2.0780410003356345e-08;1.854188686957768e-08;2.6737106185667677e-08;3.968865796861884e-08;5.440676049352149e-08;8.074116125197631e-08;1.2219586960750338e-07;1.6915873716392466e-07;2.232853045189181e-07;4.549371019735205e-07;1.5433666010471043e-06;4.4424543750568135e-06;9.89150417738983e-06;1.836247600556191e-05;2.9748188172531465e-05;4.315343089271024e-05;5.768182885901845e-05;7.192644540637564e-05;8.456496753225262e-05;9.507854820509952e-05;0.0001034439546393;0.0001094616564716;0.0001127536902481;0.0001127546671144;0.0001093749774373;0.0001034172552022;9.620595746458744e-05;8.865193600587139e-05;8.126312128488446e-05;7.435440597843482e-05;6.791473048395345e-05;6.162772748228991e-05;5.573604091842375e-05;5.049636568767591e-05;4.6212419209074e-05;4.283616424847191e-05;4.0476665977372245e-05;3.917879149853445e-05;3.872034354363628e-05;3.8698555224552696e-05;3.835696737972237e-05;3.758265896354643e-05;3.644212915099559e-05;3.531834760547738e-05;3.455170053564008e-05;3.450395759970393e-05;3.489091322099051e-05;3.516003887313944e-05;3.486609382495258e-05;3.3955884167862144e-05;3.277998522455765e-05;3.1750427150196655e-05;3.1206504108760255e-05;3.114815077768508e-05;3.1153625598584185e-05;3.1049774563624984e-05;3.088716572714467e-05;3.071975725925376e-05;3.0792273810991376e-05;3.100889685540164e-05;3.104961281352009e-05;3.0853343172071974e-05;3.036936649936877e-05;2.9408129425236025e-05;2.8425293868848065e-05;2.767187637852257e-05;2.721361984667668e-05
1348.4211592577522;1.3860426137718486e-08;7.925171764056441e-09;3.515690202132617e-09;1.9218161511781206e-09;3.008138177978452e-09;9.80936307321451e-09;2.2978844661099733e-08;3.5726824522625446e-08;4.1198680535538686e-08;3.651346140882619e-08;2.4311678100223955e-08;1.3079674662809252e-08;5.9345150497656465e-09;5.939252534691818e-09;1.6182473424946147e-08;4.5549334578054995e-08;6.968158851480783e-08;7.951962554605718e-08;7.045933485693258e-08;4.7336319578384444e-08;2.4387195731815963e-08;1.2049010735092784e-08;1.0327143488453588e-08;2.021063828825909e-08;5.0307837112180726e-08;9.374814334812657e-08;1.311929043786615e-07;1.4295688434231466e-07;1.2875607957799544e-07;9.694319364634844e-08;6.463649612727457e-08;3.981193060210749e-08;2.261080324707312e-08;1.796598116185184e-08;2.8703812582594892e-08;5.9466116057987e-08;1.0044504756652025e-07;1.3316269015938182e-07;1.5197076786430308e-07;1.404287810294181e-07;1.1541162714302025e-07;9.90980118398534e-08;2.1297743522023739e-07;1.2349586112669589e-06;4.570977351153088e-06;1.10584337920316e-05;2.078240655388945e-05;3.299540058593377e-05;4.622279580144699e-05;5.969149320414291e-05;7.294382314696245e-05;8.555181375562572e-05;9.71696449264382e-05;0.0001073627736064;0.000115115663796;0.0001188787977641;0.0001178549685335;0.0001125398804011;0.0001045855873098;9.634887814442016e-05;8.907600421436162e-05;8.294628639596142e-05;7.704099261682486e-05;7.114583268004573e-05;6.502836582790986e-05;5.8891851500776006e-05;5.317598881265828e-05;4.8130500122862654e-05;4.412879393216336e-05;4.146440995958368e-05;3.9955841302126535e-05;3.935145519297054e-05;3.915498492328184e-05;3.876911940749188e-05;3.761543421551474e-05;3.596327650742741e-05;3.445556770383744e-05;3.376936745928572e-05;3.415822956603898e-05;3.548840532399404e-05;3.684009585367952e-05;3.7000053695974247e-05;3.609959718772983e-05;3.452018384225249e-05;3.266646739889884e-05;3.1349289622576336e-05;3.061889675514003e-05;3.042369623116268e-05;3.053621588266109e-05;3.079758501543269e-05;3.116380564843048e-05;3.142905718070123e-05;3.1416362561241147e-05;3.10014665598228e-05;3.018538685224885e-05;2.920521418646021e-05;2.831990254444913e-05;2.7676968869560556e-05;2.7312551441865185e-05;2.7177704254356533e-05
1350.1434208099529;1.353979996760183e-09;3.545638183971362e-09;5.9482927777326085e-09;7.3671052199368655e-09;5.725508725011458e-09;2.278128310224003e-09;6.856493825633244e-10;4.133673344738762e-10;4.384968282756793e-10;5.040421014501883e-10;6.170056997017162e-10;1.4239332302402372e-09;2.908130229852754e-09;3.916307777592228e-09;4.0633929782399354e-09;3.5688080401120083e-09;2.861421087935777e-09;3.4134788509794544e-09;7.3753063465917734e-09;1.5319811984835947e-08;2.4819131370861128e-08;3.3822122349234545e-08;4.41430384854663e-08;6.251478566079024e-08;9.831766974070433e-08;1.314084045071975e-07;1.4671489483661565e-07;1.3152203433744545e-07;9.313059207812645e-08;5.3456581140408055e-08;2.7044822731419033e-08;1.3800679501800386e-08;9.781775348620491e-09;1.2527042516707178e-08;2.4176987209436855e-08;5.1848287207803504e-08;9.16449148154622e-08;1.2251801539353478e-07;1.288544024703341e-07;1.0875603147278846e-07;8.225961760265944e-08;1.1270847660893253e-07;3.024872650385226e-07;1.4071503908335917e-06;5.03887880938286e-06;1.230160439788872e-05;2.30603077241709e-05;3.62921865959548e-05;5.0125992915810687e-05;6.405926762735237e-05;7.780565691628251e-05;9.083958798384632e-05;0.0001027041139226;0.0001134759433423;0.0001216835151669;0.0001258692466512;0.000125150884796;0.0001198800188848;0.0001120008162112;0.0001035874663535;9.519724688597454e-05;8.713953253849234e-05;7.978419278520873e-05;7.265387366478196e-05;6.598554432304355e-05;6.013742074583217e-05;5.500513049991511e-05;5.050740408180925e-05;4.682740428810514e-05;4.398885186097816e-05;4.193924874947598e-05;4.061640159038121e-05;3.95113748285651e-05;3.865991778715679e-05;3.771032060844711e-05;3.650809636160116e-05;3.567046166886154e-05;3.5492155376045124e-05;3.590424195889474e-05;3.654378546976024e-05;3.704287231808271e-05;3.692737248269848e-05;3.60916689526609e-05;3.476764859450464e-05;3.3411664575139646e-05;3.23106877301434e-05;3.166615964297145e-05;3.1325822483372454e-05;3.120130504983678e-05;3.120554484713256e-05;3.13337789116251e-05;3.127010087946645e-05;3.0906576146343584e-05;3.047642319159384e-05;2.981531267725729e-05;2.903887476083856e-05;2.8531811829243548e-05;2.821538080070429e-05;2.803688629149011e-05;2.792996603568227e-05
1351.865024170398;5.261741832556486e-08;6.042172983505363e-08;5.7592684857029164e-08;4.3499229956200587e-08;2.5087961660495444e-08;1.2583061065828531e-08;1.1772562003528178e-08;2.154281309456677e-08;3.5460331819201824e-08;4.592233169499885e-08;4.638701178095702e-08;3.7485731646969885e-08;2.6668737337213532e-08;1.8048490592162005e-08;1.2700596753979497e-08;9.728325756772324e-09;7.553013269685421e-09;8.407572544994338e-09;1.6302589782083316e-08;3.212833903905892e-08;5.0826240646019745e-08;6.756495954018137e-08;8.201839280254416e-08;9.7991351222614e-08;1.144025527373994e-07;1.2507788660307066e-07;1.2223737153258124e-07;1.0849532588693756e-07;9.109063973913559e-08;7.867377766606116e-08;6.502044528803414e-08;4.9027114158647434e-08;3.313355829852147e-08;2.023495737303964e-08;1.6245134159071418e-08;2.1066007659731447e-08;3.2179801181771875e-08;4.2150371367706657e-08;4.5252315829574855e-08;4.3461368267522895e-08;5.1242606203476324e-08;1.3991298012280614e-07;4.651237581528936e-07;1.7220103158002717e-06;5.4306959723353824e-06;1.2782560796634628e-05;2.3886242839392232e-05;3.785926171523647e-05;5.301604858851892e-05;6.831483307476337e-05;8.318943250213676e-05;9.69990290152892e-05;0.000109214312682;0.0001194944130564;0.0001272982961582;0.0001316347721108;0.0001318084126963;0.0001279596701147;0.0001208309801052;0.0001116185182679;0.0001008169989401;8.96912189065985e-05;7.928285690940857e-05;7.048036413066494e-05;6.351597693121698e-05;5.8108851867359e-05;5.373523850576478e-05;4.9950000410261744e-05;4.659316589145218e-05;4.363999375099676e-05;4.113129552703816e-05;3.913816757634218e-05;3.775033709086421e-05;3.7043926533302e-05;3.700704924245117e-05;3.7478783183831945e-05;3.8022959961900535e-05;3.858092139177765e-05;3.8360213589535136e-05;3.744433352927202e-05;3.602614505581504e-05;3.4918134982425526e-05;3.4199232268942383e-05;3.3838968075648246e-05;3.371222045641706e-05;3.339935889706319e-05;3.270824444954901e-05;3.1864966602994564e-05;3.1240359170352144e-05;3.0948001779168456e-05;3.0986013504433524e-05;3.11149156279366e-05;3.121311294114977e-05;3.112770916572473e-05;3.081372211590516e-05;3.0316407857429727e-05;2.975814484220605e-05;2.92359966679162e-05;2.8827325127830373e-05;2.8588347688377097e-05
1353.5859693888451;1.6229177609893222e-07;1.3894681624438372e-07;1.0974694182480434e-07;7.302668478556357e-08;3.8910300694059735e-08;2.1328947833844163e-08;2.3904615035511785e-08;4.4486172881861626e-08;7.237502416125508e-08;9.293333284692225e-08;9.297191826378656e-08;7.249829002807644e-08;4.6005424348770855e-08;2.5347336069485425e-08;1.4414127183704952e-08;1.1142082495989811e-08;1.059148112668323e-08;1.1622466460154506e-08;1.5209892764457258e-08;2.1602103435431405e-08;2.888876376514292e-08;3.5673675217171106e-08;4.1850278712131486e-08;4.829607063323964e-08;5.670115161393013e-08;6.866005266918063e-08;7.958559904487072e-08;9.61678886963557e-08;1.1257181192129337e-07;1.188020598997146e-07;1.088339662928458e-07;8.519197072688456e-08;5.669846937499021e-08;3.1778795156835205e-08;1.6799102226348392e-08;1.0968211880078358e-08;9.66459511756186e-09;1.0195070583596397e-08;1.0930528071248425e-08;1.2994079962013032e-08;2.2997292973198453e-08;1.320805774232405e-07;5.97579307356234e-07;2.1524328430633464e-06;6.166064881107196e-06;1.3731035721815686e-05;2.5081064786875333e-05;3.948854000701724e-05;5.535119608243687e-05;7.144290405271099e-05;8.677282523156813e-05;0.0001006977931358;0.0001127758279483;0.0001226151610505;0.0001297895244892;0.0001335073174577;0.000133542209778;0.0001295990962924;0.0001220222635209;0.0001119065349789;0.0001004013765209;8.856232044227825e-05;7.74043937942633e-05;6.807963286020521e-05;6.104842165399995e-05;5.586291432723863e-05;5.189639330014184e-05;4.848484578170089e-05;4.550659297366834e-05;4.288002925346962e-05;4.05801064821336e-05;3.868707089662484e-05;3.76216573583929e-05;3.7383416321933366e-05;3.792526324213173e-05;3.915843464085393e-05;4.015937889694877e-05;4.023926844084921e-05;3.932472430698286e-05;3.772779611608472e-05;3.58688867985215e-05;3.4515279367709526e-05;3.4031844182498394e-05;3.415472821035561e-05;3.434668338450678e-05;3.410112080076104e-05;3.318109450712556e-05;3.188430097567716e-05;3.073380648484995e-05;3.0065490909098505e-05;3.0047098839907185e-05;3.054239258909446e-05;3.112671304051682e-05;3.1301423853343364e-05;3.0930952731470055e-05;3.011040633571194e-05;2.9173274456847755e-05;2.8426683887175465e-05;2.7995037254584887e-05;2.7830046805854632e-05
1355.3062565151813;1.7459350978194985e-07;1.3358911337268233e-07;8.82020573266316e-08;5.1187995388355226e-08;2.7656464242914476e-08;1.7450241148541284e-08;1.832117615900745e-08;2.797862643140879e-08;4.1268351476257435e-08;5.0787678001603686e-08;4.9674223219777e-08;3.782351462367978e-08;2.3149693297200075e-08;1.1971490862836285e-08;6.3501589675304395e-09;5.1139319794323304e-09;5.4520538526806645e-09;5.7896541119850925e-09;5.403354348669274e-09;4.215152954998988e-09;2.701877978588433e-09;1.663398873945489e-09;1.2740399732427876e-09;2.100927691199374e-09;5.6496450519087196e-09;1.3562233028298491e-08;2.7305823229366956e-08;4.4794680472047335e-08;5.561606395067046e-08;5.948614868408618e-08;5.503375928356744e-08;4.504863719217692e-08;3.63966479714156e-08;3.380454728552834e-08;4.2920712041260535e-08;5.079362183269486e-08;5.0399277009483095e-08;4.0246934052118435e-08;2.694783760760141e-08;2.1455402961780883e-08;3.5822069633480854e-08;2.0518316897849746e-07;8.85823717710312e-07;2.7591975234179157e-06;6.798834934458594e-06;1.4058774703970042e-05;2.517912385818492e-05;3.971021385102341e-05;5.614917215382182e-05;7.283710204449272e-05;8.832092079847224e-05;0.0001019347020749;0.0001130824212459;0.0001216780604262;0.0001276733179558;0.0001305880020018;0.0001299317872178;0.0001257990987448;0.0001186365209723;0.0001093805157557;9.933323480081322e-05;8.937555332242205e-05;8.022093897343065e-05;7.210541207195974e-05;6.510966221865557e-05;5.911168915150696e-05;5.397775434270041e-05;4.972405952076935e-05;4.641383727652205e-05;4.401249907406644e-05;4.243836990063628e-05;4.152407658665988e-05;4.11554473916639e-05;4.123822093253755e-05;4.1548497702252366e-05;4.173037327331023e-05;4.1568211736696345e-05;4.046810513389692e-05;3.909405655925149e-05;3.760154523881788e-05;3.638666263119328e-05;3.5705597008244474e-05;3.544826062922335e-05;3.5300891565044886e-05;3.505102945562152e-05;3.430083517380321e-05;3.329557439575611e-05;3.212108427261845e-05;3.095865085611939e-05;3.02811545491983e-05;3.017734078009554e-05;3.065890532566514e-05;3.122206561317446e-05;3.142908109047096e-05;3.088177672409833e-05;2.9780675576503088e-05;2.8545041499680617e-05;2.7619383815106204e-05;2.7163131111693968e-05;2.7057792185415355e-05
1357.0258855993743;1.1702985877072073e-07;1.2214905760959485e-07;1.1573291030288614e-07;9.029559266993656e-08;5.4099071605668864e-08;2.428407991306646e-08;1.4157324998126658e-08;1.0195858219010474e-08;8.496781120172283e-09;7.49041977076494e-09;6.2914133710108195e-09;4.66105471920691e-09;3.425269557605818e-09;2.4400211595030628e-09;1.822589700544184e-09;1.5998183284431755e-09;1.6262403299270987e-09;1.6938564317237127e-09;1.584850518312072e-09;1.257508062073924e-09;8.83924930627834e-10;6.504743070567336e-10;9.711418792405263e-10;2.785654645006816e-09;8.044694675840184e-09;1.6651850389121243e-08;2.4716147044877915e-08;2.9391408763540796e-08;2.996094766476835e-08;2.175008636153692e-08;1.0846777946929344e-08;8.145740950345748e-09;1.4387213055005693e-08;3.61759890667046e-08;6.940061925488498e-08;9.103600186126033e-08;8.90486600881851e-08;6.553185415338556e-08;3.7154798080315935e-08;2.7373225951202292e-08;5.747687653219494e-08;2.6731696667701485e-07;1.0002960507525223e-06;2.790014034464804e-06;6.440552337198249e-06;1.3033773853620145e-05;2.3311276171209197e-05;3.719327408979408e-05;5.352858313071787e-05;7.034678382493819e-05;8.587966281826396e-05;9.921392340683736e-05;0.000109810405633;0.0001175659068726;0.0001225795508657;0.000124955093635;0.0001243971992455;0.0001211985485814;0.0001155384291905;0.0001078901659461;9.928114046014864e-05;9.057764499593495e-05;8.242218869188283e-05;7.499495909338611e-05;6.798005363079356e-05;6.136120315396334e-05;5.5298486917152165e-05;5.031569126944825e-05;4.672753181942387e-05;4.449612162798778e-05;4.331119401311088e-05;4.264164872569164e-05;4.222742336864917e-05;4.200123874348313e-05;4.18782893483532e-05;4.1680136368987975e-05;4.132182857447663e-05;4.054989364156051e-05;3.957831197381967e-05;3.864891805754208e-05;3.79524413092194e-05;3.7552054037121005e-05;3.7250030131229486e-05;3.6843288343863e-05;3.621742909659809e-05;3.532556154946331e-05;3.426402075585257e-05;3.323868539685524e-05;3.225847958198328e-05;3.171985935310627e-05;3.164053271502355e-05;3.189297690788504e-05;3.217618693804703e-05;3.2008314667738205e-05;3.1346908849127854e-05;3.0293392683292254e-05;2.9173520903300644e-05;2.824275012389534e-05;2.7740858139617185e-05;2.7571902664932175e-05
1358.7448566915043;1.3203335275594102e-07;1.8167935027177306e-07;1.996333947231076e-07;1.747910852013444e-07;1.1549679130186489e-07;5.8320620459472434e-08;2.795826998633561e-08;1.6266430754192948e-08;1.2636351802188144e-08;1.1852027696264305e-08;1.0951787796149376e-08;9.402887930506924e-09;7.2452424686857545e-09;4.800795676351193e-09;3.105189733438986e-09;2.647591482516524e-09;2.989043444474788e-09;3.420664095063332e-09;3.4361530845013403e-09;2.9068422356486887e-09;1.984030901281223e-09;1.2677056799800322e-09;2.159437566357569e-09;7.780077502050163e-09;2.5241858890253663e-08;5.4326041592354257e-08;7.928482561934432e-08;8.684160823110698e-08;7.444128591238298e-08;4.825859868307518e-08;2.4868262644777684e-08;1.3593805614900648e-08;1.1222488091161088e-08;2.4053660400760115e-08;4.3249437014339615e-08;5.642804330889497e-08;5.524599767955536e-08;4.098148656825016e-08;2.303240024650417e-08;1.6702054210429494e-08;4.467466560078991e-08;2.1772093235538041e-07;8.588188830960834e-07;2.486215465216617e-06;6.001555745369446e-06;1.2338908887328896e-05;2.175608755810537e-05;3.429736233034919e-05;4.934939496108562e-05;6.556602938996056e-05;8.151769592344149e-05;9.583047275172542e-05;0.0001074655481497;0.0001156626485677;0.0001206481838351;0.000122833177906;0.0001225660529357;0.0001200129510253;0.0001151270680237;0.0001081727014362;9.991336514332812e-05;9.025904588047623e-05;8.087639415033335e-05;7.214465066970599e-05;6.449278314771327e-05;5.800155309547501e-05;5.253491300874635e-05;4.814140233188822e-05;4.488856455530098e-05;4.264717099622091e-05;4.109921275028645e-05;3.991707068283014e-05;3.905098521403696e-05;3.8617148222723774e-05;3.871537564435866e-05;3.928247221366984e-05;4.00001970588176e-05;4.040093609399505e-05;4.017941545811105e-05;3.94764919882133e-05;3.853849672055419e-05;3.77460882750194e-05;3.726266755817406e-05;3.7006118242143606e-05;3.680716092844896e-05;3.616075825552527e-05;3.5126648391699044e-05;3.391038629286757e-05;3.277663054294583e-05;3.193216541176742e-05;3.163664884156373e-05;3.1740151379174296e-05;3.192023201548818e-05;3.193705135130436e-05;3.172958828315324e-05;3.1266641203026074e-05;3.050617860262848e-05;2.9710642952212533e-05;2.9050351054134304e-05;2.8616637166943896e-05
1360.4631698417506;2.5369003569719384e-07;2.592984651466227e-07;2.281231986331724e-07;1.8013183179706116e-07;1.4937183106737177e-07;1.630789762327963e-07;1.8439499257252656e-07;1.8577987960703717e-07;1.5449809498791944e-07;1.0147488381194753e-07;5.367662065241613e-08;2.8896132080108e-08;1.9410343848292545e-08;1.4259882734413965e-08;1.149001663145962e-08;1.0870872661667022e-08;1.0790140733634328e-08;1.0097001866237923e-08;1.0389985027900818e-08;1.72040327226366e-08;3.94393614463926e-08;9.230917552863293e-08;1.892301005434439e-07;3.039749426684982e-07;3.7940618838648713e-07;3.8237303344779645e-07;3.123129288665676e-07;2.0386647082230545e-07;1.115782510089326e-07;5.8143900370959776e-08;3.4767892053143485e-08;2.3212181649046322e-08;2.092464932465808e-08;2.324200079605117e-08;2.8409637615211542e-08;3.17052063385104e-08;2.9040067316807252e-08;2.0807727923253127e-08;1.2139858011642184e-08;9.512975968926804e-09;3.39894081005697e-08;1.6463521316709577e-07;7.81281967922039e-07;2.608360430002548e-06;6.4629171231789145e-06;1.2969817789703556e-05;2.2227879929279867e-05;3.4056561525774426e-05;4.8214396727875537e-05;6.398494882094358e-05;8.020406767622794e-05;9.522339190704105e-05;0.0001075314422991;0.0001165184471745;0.0001221344665533;0.0001246535357023;0.0001245371263839;0.0001219990594174;0.0001170676257519;0.0001098959931208;0.0001007962117833;9.045579868467796e-05;8.001409274108835e-05;7.063368917515477e-05;6.273485627528534e-05;5.628902834248824e-05;5.110546485868242e-05;4.694444513013286e-05;4.369699542088955e-05;4.127063257495946e-05;3.95327393054767e-05;3.8430352372036046e-05;3.785775101907759e-05;3.769317195770713e-05;3.79352962754356e-05;3.8573374456740095e-05;3.928348854877413e-05;3.979864523450556e-05;3.97688020616216e-05;3.907297439607412e-05;3.800620016881084e-05;3.707368094615081e-05;3.646172749624604e-05;3.614920289656433e-05;3.582648838019944e-05;3.525991508973383e-05;3.451654467657006e-05;3.3573058378353934e-05;3.273322806460891e-05;3.203292763561049e-05;3.1546268535585274e-05;3.126525598864381e-05;3.1114995880652074e-05;3.120431979358947e-05;3.137251968154796e-05;3.142002075899805e-05;3.1201280461538774e-05;3.072202594673128e-05;3.026989595379012e-05;2.9821227309215705e-05
1362.1808251004004;4.407485949662197e-07;3.4679857274819e-07;2.334272313581635e-07;1.5170007346757546e-07;1.6059747669890406e-07;2.4753877369287973e-07;3.328930700321175e-07;3.523888561785029e-07;2.942238232471392e-07;1.883643480737738e-07;9.541858168388253e-08;5.6298459292404875e-08;5.614211065356536e-08;6.588732761933925e-08;7.24135218913012e-08;7.078404154750417e-08;6.062091246716516e-08;4.5354794168070804e-08;3.3178208903511054e-08;3.8514282136538734e-08;8.006711039507091e-08;1.854396470343256e-07;3.772585587357573e-07;5.986051990586778e-07;7.321376698812611e-07;7.248677974430177e-07;5.872150539053954e-07;3.904448787652266e-07;2.3150717472174905e-07;1.4290386858265508e-07;9.417030935912415e-08;6.257733217301077e-08;4.5901316738646965e-08;4.1700760963115954e-08;4.255797851892929e-08;5.337868475923165e-08;1.1260368007970041e-07;2.301749072077354e-07;3.375846512213899e-07;3.657784569757938e-07;3.037907532929739e-07;2.5503115775219135e-07;7.085462304518633e-07;2.768501374076517e-06;7.3289871691040444e-06;1.4816592020798146e-05;2.515270585175521e-05;3.811712231174872e-05;5.338842007540581e-05;7.013401205991004e-05;8.62993308771525e-05;0.0001003382734181;0.0001115006502174;0.0001196931441716;0.0001251378120647;0.0001280117337853;0.0001282781493418;0.0001256146530332;0.0001199350850041;0.0001115667424853;0.0001011496102226;9.014779477809528e-05;7.973082320614341e-05;7.103407202084197e-05;6.374890795444611e-05;5.756874883047047e-05;5.23968573017388e-05;4.8030666375743423e-05;4.453524517866275e-05;4.207047621612706e-05;4.068936816235808e-05;4.0176684139347336e-05;4.006524430363776e-05;3.995230640303547e-05;3.976583087153824e-05;3.9644987121802174e-05;3.979184375551917e-05;4.0112795335666695e-05;4.05121205110128e-05;4.061967257442165e-05;4.0098406542359904e-05;3.8942402076577566e-05;3.7384173288891456e-05;3.5847388038201056e-05;3.4628883823067244e-05;3.372616108906901e-05;3.307505910714469e-05;3.265559342065508e-05;3.24588031127905e-05;3.246722564607082e-05;3.225897635937358e-05;3.192550523144513e-05;3.1534748704693824e-05;3.118754906159181e-05;3.0960019438852615e-05;3.07369238685694e-05;3.0458213879937407e-05;3.018308495168437e-05;2.9919252909319304e-05;2.9729616644013764e-05
1363.8978225178216;4.777665159775972e-07;3.618153055654868e-07;2.241448808258305e-07;1.2771869602047926e-07;1.1195991640357139e-07;1.4425820120488322e-07;1.812957081915705e-07;1.8755326884767895e-07;1.561273599066512e-07;1.0167568451507657e-07;5.71868872299859e-08;4.935307379912298e-08;7.192842508015924e-08;1.0083641872467972e-07;1.1801276037965773e-07;1.152799278485246e-07;9.563203674876192e-08;6.808074606841141e-08;4.3975623165303646e-08;3.545889454151479e-08;5.215478526223895e-08;1.0357260907002065e-07;1.9732644823791225e-07;3.0689323500039413e-07;3.864660059919382e-07;4.27059737874863e-07;4.273430116542228e-07;3.868580848866845e-07;3.163228969436236e-07;2.388105511650524e-07;1.6713607751553258e-07;1.05095073290547e-07;6.12438431990313e-08;4.1838562700156694e-08;3.4089467067258514e-08;5.417243131043961e-08;1.824582909065623e-07;4.379397718503109e-07;6.744314155291355e-07;7.38693548708116e-07;5.892783137475399e-07;3.933910529989025e-07;6.726591136580348e-07;2.6892936277945598e-06;7.531198812555736e-06;1.5861695345413884e-05;2.755170816243204e-05;4.202284660380541e-05;5.8532104198811446e-05;7.598000449277704e-05;9.22963258458628e-05;0.0001061516989766;0.0001170551547347;0.0001251401992987;0.0001304097436265;0.0001331866987534;0.0001332049455689;0.0001298573970574;0.0001229813097187;0.0001132106793518;0.0001017117591906;9.02732115674013e-05;8.009436399912935e-05;7.16639283331019e-05;6.474323807917232e-05;5.891431757521742e-05;5.398303997915923e-05;4.971638126454246e-05;4.620019586233559e-05;4.3700645553792766e-05;4.240439062636591e-05;4.205635783935642e-05;4.217726370424338e-05;4.227898279982237e-05;4.204603706058309e-05;4.147184081579913e-05;4.091161237657848e-05;4.069326803918691e-05;4.068667593014224e-05;4.064917305383373e-05;4.0043948887511286e-05;3.867823645903071e-05;3.68091939835173e-05;3.503146589240102e-05;3.377170918536305e-05;3.2927096885838035e-05;3.2260429446017e-05;3.181067786108504e-05;3.1672377007963576e-05;3.179865988996905e-05;3.212843474555275e-05;3.2423818180178865e-05;3.25524372554761e-05;3.2598731494955824e-05;3.236608957505141e-05;3.175574313716695e-05;3.082860618589544e-05;2.9945995718271956e-05;2.9121613770530264e-05;2.869669133533811e-05
1365.6141621444986;2.5549511720021344e-07;2.0234219304923706e-07;1.35015960789058e-07;7.442545115626699e-08;3.8564041799523415e-08;2.358545228728541e-08;1.675879275928679e-08;1.2928110968007981e-08;1.0417708047615293e-08;8.607853668047475e-09;9.366451830022252e-09;1.6657342228691684e-08;3.115030751097296e-08;4.6657745868159234e-08;5.56344466881399e-08;5.42406150388145e-08;4.4473791248440674e-08;3.129682679897089e-08;2.002934159628712e-08;1.4022927369353401e-08;1.2532331689994088e-08;1.2103703876459008e-08;1.0744450446935689e-08;1.1818627892910836e-08;3.049614255818106e-08;8.007532875308351e-08;1.5638092451024213e-07;2.1954992956778899e-07;2.37663533856102e-07;2.081413620030605e-07;1.5187904975685477e-07;9.339961599047457e-08;5.163588187937988e-08;2.709954621870364e-08;1.6809988332482427e-08;2.556305474940617e-08;9.440997024317045e-08;2.372003900340598e-07;3.7424161061665466e-07;4.163118632317969e-07;3.388869666298996e-07;2.852297536240034e-07;6.789440344268439e-07;2.5292716429592707e-06;7.210293094134463e-06;1.569912316433778e-05;2.8040973855174683e-05;4.33648858607368e-05;5.9976226515136505e-05;7.6532174266803e-05;9.247552444392844e-05;0.0001067016983664;0.0001187069169649;0.0001283974924853;0.0001354911030744;0.0001395375400679;0.0001397570432548;0.0001358003869085;0.0001281714198727;0.0001178299797585;0.0001058996706889;9.386302738895455e-05;8.272272927863792e-05;7.343122356914513e-05;6.614839012231212e-05;6.039775022599001e-05;5.555176223962714e-05;5.13620992435737e-05;4.7829379736546446e-05;4.509899870923153e-05;4.3437548127061234e-05;4.285221258871937e-05;4.308419129440306e-05;4.35359060661246e-05;4.346023682894283e-05;4.264552256801858e-05;4.134290787128815e-05;4.0042575905269e-05;3.8703299426143234e-05;3.728786867973151e-05;3.577093385964992e-05;3.4523746800910074e-05;3.372804185731511e-05;3.330304098214687e-05;3.2976967996170136e-05;3.272114586555217e-05;3.231196594879463e-05;3.171702192651326e-05;3.133472937430756e-05;3.134839879951931e-05;3.1831584861908064e-05;3.248147651315026e-05;3.307914571747846e-05;3.3461902447996374e-05;3.345781518441111e-05;3.2958786617481146e-05;3.206937049233598e-05;3.098660865782808e-05;3.005440844890818e-05;2.942671782628776e-05
1367.329844031021;4.9155263318809325e-08;4.2518973641157414e-08;3.18177900199311e-08;1.8002149159211882e-08;8.280618638586648e-09;5.4637796446859355e-09;4.661922672346978e-09;3.9857756552262435e-09;3.057257482573827e-09;2.08664137785264e-09;1.4986947540326786e-09;1.207169460257359e-09;9.791461275542403e-10;8.074277045152216e-10;7.465648044494452e-10;8.62114270797959e-10;1.0313679531407096e-09;1.1765522144019454e-09;1.507608685293265e-09;2.092553142549652e-09;2.480856533149883e-09;2.692811049290378e-09;3.989015869096923e-09;1.1194237381657376e-08;3.326784237569517e-08;6.728532183646177e-08;1.0011448233831677e-07;1.1678524808825753e-07;1.1593279005900069e-07;9.931791937812845e-08;6.905864993356023e-08;4.262763806418241e-08;2.4850524794489127e-08;1.2109058528259549e-08;6.956232190163154e-09;5.556216226656059e-09;1.0518065076476344e-08;2.7348755963515883e-08;4.612206722547318e-08;5.477422946907987e-08;4.947531989859921e-08;1.1954026398244858e-07;6.250728224462846e-07;2.4565165247993665e-06;7.298841340698184e-06;1.6293188568354915e-05;2.9282655723008208e-05;4.498708538674464e-05;6.109323748858866e-05;7.634968055113241e-05;9.088319849076544e-05;0.0001046434195599;0.0001177184575619;0.0001294687631173;0.0001393603278979;0.0001450821123195;0.000145724304301;0.0001414375498497;0.0001330152930974;0.0001222648539953;0.0001100831672573;9.720315207618976e-05;8.503846383941898e-05;7.478579620217763e-05;6.660937351076978e-05;6.0180813560338966e-05;5.498584661817026e-05;5.077401713337e-05;4.7454036152759534e-05;4.4946961917626254e-05;4.329702234038841e-05;4.255006738455527e-05;4.266775142614051e-05;4.3008769810142734e-05;4.294076054149471e-05;4.219311501805429e-05;4.08409482576606e-05;3.913557825863062e-05;3.750561162115119e-05;3.594966937657842e-05;3.46245865946615e-05;3.36629322722065e-05;3.3054700816282785e-05;3.272524082219362e-05;3.259566054865539e-05;3.23994170452164e-05;3.2120238837935754e-05;3.183275157920598e-05;3.1669967526187665e-05;3.1767413467265386e-05;3.201960512053141e-05;3.230759040202088e-05;3.25206282148816e-05;3.248010654033641e-05;3.227629870366734e-05;3.196901894669731e-05;3.1574082054550606e-05;3.120130842918504e-05;3.080356780265591e-05;3.041532325665345e-05
1369.044868228062;6.454618822485078e-08;5.3955589374831834e-08;4.031573261475623e-08;2.72939777509136e-08;1.7892803709673942e-08;1.6693562905304076e-08;2.4114465712255797e-08;3.7056584369936245e-08;4.640805241978306e-08;4.5357731819967537e-08;2.7985574649353083e-08;1.34401205313598e-08;5.844509695525361e-09;4.271456740451891e-09;1.04251770506353e-08;2.91028038683547e-08;4.331392040007528e-08;5.0087936728999334e-08;4.480324916669056e-08;2.5468968138923248e-08;1.4385631436197796e-08;1.612161583163001e-08;2.879365760506242e-08;4.479549915350663e-08;6.142522184025318e-08;7.038878098065037e-08;7.124580925800966e-08;5.708259257944765e-08;3.6670484096241484e-08;2.23167867945188e-08;1.4209308519757412e-08;1.3256426858294272e-08;1.2440945453503792e-08;1.81532326505328e-08;3.736584668546738e-08;5.389692716513192e-08;6.395132097265476e-08;6.429427133747002e-08;5.443400299184374e-08;3.816675640825005e-08;4.0711810503031824e-08;1.6150180507603997e-07;7.248191797435664e-07;2.784276338876669e-06;7.971749226399568e-06;1.7265085067018288e-05;3.0384988898989804e-05;4.583672416288496e-05;6.149338877586342e-05;7.650815773495575e-05;9.100973219038931e-05;0.0001054868474868;0.0001197234409066;0.0001329638783961;0.0001430500678626;0.0001477171340884;0.0001470594299515;0.0001412232137367;0.0001315385061391;0.0001198451526961;0.0001077296907965;9.556140235477324e-05;8.418103026176109e-05;7.427448436146427e-05;6.593842799635933e-05;5.913428750443371e-05;5.373969074245555e-05;4.965611396193612e-05;4.672680189868763e-05;4.472566407307704e-05;4.335534199434489e-05;4.248149990653317e-05;4.1986987020570745e-05;4.163778582982274e-05;4.093806719517637e-05;3.996044457549383e-05;3.86775792829608e-05;3.729782057228429e-05;3.622867513973266e-05;3.561174988250017e-05;3.541227395867429e-05;3.513435567635594e-05;3.4867119337796945e-05;3.443520845333213e-05;3.397153215933361e-05;3.35320268171317e-05;3.31447242443023e-05;3.287119282555929e-05;3.2689729401307174e-05;3.263857011138413e-05;3.26942903314539e-05;3.2727672050097064e-05;3.2558696783385394e-05;3.2145206209370724e-05;3.159957476217513e-05;3.098044379729888e-05;3.049712456176101e-05;3.014288134054782e-05;2.992909497806269e-05;2.981228806932359e-05
1370.759234786412;1.7358545613742653e-07;1.466284949177064e-07;1.1206068382339638e-07;8.532364447466868e-08;7.461904610411117e-08;7.787182757092411e-08;9.099255510953657e-08;1.050441664981702e-07;1.0960281699689497e-07;1.0425916698497945e-07;9.910146688767367e-08;9.880992098062817e-08;1.0246026194930357e-07;1.083833332161861e-07;1.1309683900289204e-07;1.1616843041693861e-07;1.1896190587278764e-07;1.1589447397299613e-07;9.73422858890487e-08;6.709582356483111e-08;4.293698635838252e-08;4.02216470627899e-08;5.8675976926364016e-08;8.20381714810125e-08;9.355198019975177e-08;8.319999423728889e-08;5.827784231204603e-08;3.869552912824335e-08;3.958823714306308e-08;6.041312767670293e-08;8.601109263642955e-08;1.005242444863266e-07;9.973167143005049e-08;9.23315240724478e-08;9.831011699025499e-08;1.1781312646853085e-07;1.2635858215565214e-07;1.1286691622687073e-07;8.204905678717183e-08;4.735938545401144e-08;5.6549343969797495e-08;2.248400043535413e-07;8.211211830702946e-07;2.770658759451289e-06;7.5466965107117876e-06;1.625237357448229e-05;2.895234223978178e-05;4.4719515205124185e-05;6.120017146930625e-05;7.753167495419381e-05;9.340130526057608e-05;0.0001086080094253;0.0001223532227271;0.0001339756481691;0.0001418741118725;0.0001454847030372;0.0001440469287276;0.0001377776277884;0.0001284453607443;0.0001173675603769;0.0001057234357735;9.440678250324524e-05;8.388050070161853e-05;7.435527684188368e-05;6.622385268190481e-05;5.955654066199428e-05;5.424677171298024e-05;5.018720811614248e-05;4.726497383226343e-05;4.528338410878408e-05;4.391014266551206e-05;4.284255850579182e-05;4.167857454878523e-05;4.044442191094805e-05;3.90187282886435e-05;3.744861095232517e-05;3.5947743471191864e-05;3.4850346769644324e-05;3.42377909926958e-05;3.43221763137874e-05;3.487903446251412e-05;3.5552742214108385e-05;3.588393388712954e-05;3.591594847422898e-05;3.554650915084279e-05;3.505708630564866e-05;3.4455285270174834e-05;3.395957606816825e-05;3.3713884340459945e-05;3.3844839548210984e-05;3.412479454605626e-05;3.448329872025104e-05;3.452923362140348e-05;3.401732345432995e-05;3.296680087318739e-05;3.1617110046636773e-05;3.0277854298185628e-05;2.935944346021338e-05;2.8781629680122505e-05;2.8540743793855853e-05
1372.472943756944;2.50892753196872e-07;2.159915136485553e-07;1.6583055966029782e-07;1.2691082943263532e-07;1.1610045497271221e-07;1.2166811779367421e-07;1.2160454879818205e-07;1.1030146800859587e-07;9.754136184768973e-08;1.0854740413504788e-07;1.604594164657555e-07;2.2726156127878854e-07;2.662350491866148e-07;2.636866657606664e-07;2.22344324834099e-07;1.6719111446131065e-07;1.3196794357351832e-07;1.1534751705474657e-07;1.0498510097895169e-07;8.838081297468016e-08;6.413303451691616e-08;4.956907442259045e-08;4.593130679663561e-08;5.35235057419702e-08;6.107966340625574e-08;5.7927374249243925e-08;4.0492255940319215e-08;3.7800249884616975e-08;6.758121690688701e-08;1.306918114224208e-07;2.0239751769495398e-07;2.4040203154610805e-07;2.2817816132343934e-07;1.748012078375218e-07;1.185528464146061e-07;9.128577193003637e-08;7.977892328229513e-08;6.804220104249945e-08;5.233595908868408e-08;3.5786604064883353e-08;4.1048271459037775e-08;1.5060035382117533e-07;6.569887810328174e-07;2.2300657489969424e-06;6.324650488618715e-06;1.4266264521599712e-05;2.6252068898152407e-05;4.159018835030055e-05;5.8983731710356016e-05;7.670723554740802e-05;9.35271682488168e-05;0.0001085289186334;0.0001210108708897;0.0001306268089091;0.0001372017790686;0.0001405126909788;0.0001396216236359;0.0001351668246924;0.0001277080983749;0.0001182328136953;0.000107533998548;9.675063803574398e-05;8.631740806786306e-05;7.657071130433684e-05;6.772816129735462e-05;6.011550233643622e-05;5.37306798924136e-05;4.911259949209973e-05;4.623988190720006e-05;4.460949971956825e-05;4.352509314035973e-05;4.239317611286004e-05;4.104191704017256e-05;3.955843831619144e-05;3.832576660011291e-05;3.730637374107662e-05;3.65865272041013e-05;3.607930191272541e-05;3.574896432441013e-05;3.558784649825748e-05;3.560287856175762e-05;3.583593768503122e-05;3.587158309473342e-05;3.587785559619649e-05;3.560804213090657e-05;3.513670538492783e-05;3.460709612804257e-05;3.4180098731191274e-05;3.4014998278096e-05;3.416499499402949e-05;3.4540496474531935e-05;3.4968094765167435e-05;3.518182035568867e-05;3.491650040693165e-05;3.401774805817396e-05;3.270532777903278e-05;3.122142625321547e-05;2.9754278332154182e-05;2.8652469130124368e-05;2.8021160670341057e-05
1374.1859951906445;2.369523715908396e-07;2.168758906600725e-07;1.73287072381792e-07;1.2499534153316286e-07;9.990221292450855e-08;8.82552908112705e-08;7.272223855783635e-08;5.379494026133946e-08;4.6511628403535185e-08;7.595826999915864e-08;1.5077249066601684e-07;2.285785602806986e-07;2.5906085913258605e-07;2.312411496153192e-07;1.6644703870043353e-07;1.0913839960123621e-07;8.389084748924883e-08;8.55848293254727e-08;9.936132664859625e-08;1.0273628460291129e-07;8.53595557224481e-08;5.43024972874688e-08;2.7487330796201914e-08;1.793443383243433e-08;2.0750050872772932e-08;2.6905479620953864e-08;3.07753512096913e-08;3.5814362919685394e-08;6.07959616586504e-08;1.0852529185604703e-07;1.6791636398589465e-07;2.0768772142313602e-07;1.9962686370871733e-07;1.477673637327723e-07;8.45143257714527e-08;3.9759004318288254e-08;2.00288163671634e-08;1.442556712505284e-08;1.5250445464993428e-08;1.893085058882129e-08;4.0818479293588964e-08;1.8596247188497242e-07;8.224973663621271e-07;2.557953333555132e-06;6.552097050318456e-06;1.3752635820393382e-05;2.458194385763603e-05;3.8458577869346575e-05;5.5123980759904815e-05;7.288119488729842e-05;9.060152893717888e-05;0.0001066660668278;0.0001194253009177;0.0001287407011552;0.0001344822308603;0.0001368346417168;0.0001357867661711;0.0001316656227973;0.0001246951870004;0.000115874977191;0.0001065289285902;9.714573667115816e-05;8.768097960883302e-05;7.844572307450024e-05;6.948364670038577e-05;6.089917916138334e-05;5.3641125776242486e-05;4.848091717272371e-05;4.555642807574939e-05;4.4273001907472296e-05;4.355645658045505e-05;4.25840093241152e-05;4.127893132127622e-05;3.995517583688962e-05;3.91127327178451e-05;3.902374523386654e-05;3.950668907082735e-05;3.9895921442448096e-05;3.9595493027954335e-05;3.845333832249503e-05;3.685334673252996e-05;3.538616222358552e-05;3.465837695019033e-05;3.449411195623709e-05;3.467725608826924e-05;3.4898983411555026e-05;3.494906325050117e-05;3.470795841049915e-05;3.4272780960215624e-05;3.366850973680633e-05;3.3333915875632355e-05;3.2881599773149486e-05;3.260945363181306e-05;3.268616264327452e-05;3.288093857723817e-05;3.291787298359452e-05;3.2601189706979504e-05;3.175050138604907e-05;3.084301453828728e-05;3.0130582119748426e-05
1375.8983891385942;1.0110964075536217e-07;1.01516977833699e-07;1.041924689999337e-07;9.891450915185502e-08;9.083342392790122e-08;7.825355939958384e-08;5.63659145221459e-08;3.296538427212378e-08;2.2347917691201417e-08;3.172711019495506e-08;6.494626349115141e-08;8.93820070823817e-08;9.200678416678393e-08;7.524416928174678e-08;5.228452790727719e-08;3.724079645471154e-08;4.1462130415275564e-08;6.569417479077163e-08;1.1411315569721081e-07;1.783411379269995e-07;2.19050056285281e-07;2.158938864344445e-07;1.7886512723581028e-07;1.269792613976248e-07;8.572571003758211e-08;6.371970749249811e-08;5.2147560031384004e-08;4.681782140749102e-08;5.107282529867325e-08;6.738528461155971e-08;9.304186876193869e-08;1.1752490435835462e-07;1.1736776682362509e-07;9.124527839206037e-08;5.35348904149276e-08;2.6522047687888373e-08;1.6031389324222472e-08;1.8367083740579952e-08;2.9426359956133762e-08;4.805835176237119e-08;9.764720669873028e-08;3.068458564002873e-07;9.87342900830329e-07;2.7529728896485837e-06;6.586628138069764e-06;1.3465321084777583e-05;2.3747495087984093e-05;3.735207066861154e-05;5.318895125699775e-05;7.032049314701285e-05;8.779289144591511e-05;0.0001040622960536;0.0001174387317309;0.0001269491774627;0.0001323916995957;0.0001341070063338;0.0001323862397132;0.0001276909273247;0.0001204607428795;0.0001117874348635;0.0001025899300602;9.341879151821771e-05;8.467784945136132e-05;7.645107168308054e-05;6.855670068054733e-05;6.090322911743928e-05;5.445288896294254e-05;4.9584334254301936e-05;4.6582067321787206e-05;4.510209924030908e-05;4.43020858629289e-05;4.338098705147733e-05;4.204989650823233e-05;4.0605541636978576e-05;3.947137657225762e-05;3.902871679984132e-05;3.925828821086268e-05;3.96414859446391e-05;3.9455889600328014e-05;3.836425081624578e-05;3.656392261269173e-05;3.464549934616846e-05;3.3305773448524405e-05;3.275894911931649e-05;3.299877112288485e-05;3.3638977752897505e-05;3.4131754777292894e-05;3.4214166711731315e-05;3.382701122677676e-05;3.3076094654440515e-05;3.2107515510662894e-05;3.121990123369641e-05;3.0691130377677284e-05;3.076503655757842e-05;3.149668272398731e-05;3.2454889326394466e-05;3.313183468466371e-05;3.337499393951142e-05;3.325497488420642e-05;3.293722667429526e-05
1377.610125651976;5.158551664026764e-10;8.277335229224535e-09;3.29788240832512e-08;6.754590021955681e-08;9.025073312880713e-08;9.081528546955265e-08;6.897468115868e-08;3.832675953613356e-08;1.7811934063426882e-08;9.353647576229048e-09;6.006126601300836e-09;4.441945464768317e-09;3.8585624929261346e-09;4.527666905711615e-09;6.211830575647045e-09;9.806124369426463e-09;2.06777119222352e-08;5.385592105566384e-08;1.3163036867898217e-07;2.4351076143037585e-07;3.378455502207323e-07;3.733641440598651e-07;3.323411633085656e-07;2.3725617739175083e-07;1.461303047957268e-07;8.695416132185469e-08;5.404237531258167e-08;4.195884211107685e-08;4.4602607663602936e-08;6.48642597561296e-08;9.100780799015101e-08;1.0669985375625275e-07;9.92592688821138e-08;7.327692279957509e-08;4.4019238376262956e-08;2.2915971951828752e-08;1.7467368723273845e-08;2.641389850182643e-08;4.52739763856943e-08;7.10473829085366e-08;1.097994208038623e-07;2.36958016039333e-07;7.010570724059175e-07;2.24800538181464e-06;6.077369718664813e-06;1.3269483414129813e-05;2.3817608303306112e-05;3.761644936234245e-05;5.341260979130015e-05;6.99530045129416e-05;8.594284476859326e-05;0.0001004252571485;0.0001121793528946;0.0001202820368476;0.0001249931847296;0.0001265265542996;0.0001255438195999;0.000122410698572;0.0001167171972417;0.0001085721659174;9.873289196671028e-05;8.841324895533284e-05;7.89158388460711e-05;7.041209398662057e-05;6.265617686327947e-05;5.614286311332638e-05;5.140956738031071e-05;4.822959770114796e-05;4.6389654271271634e-05;4.529490875725997e-05;4.419808280440719e-05;4.275731442933863e-05;4.097100533610473e-05;3.92094124421623e-05;3.782488939707646e-05;3.706699907585765e-05;3.676033125761032e-05;3.67418886872719e-05;3.672932329769361e-05;3.66261414810719e-05;3.599926314896359e-05;3.505407404977863e-05;3.4104192134146427e-05;3.326028306308567e-05;3.267460503987979e-05;3.242151333798911e-05;3.2137547722909834e-05;3.188911347519828e-05;3.155798005847897e-05;3.1140829855470315e-05;3.0663948945257145e-05;3.062230469715942e-05;3.086645970743612e-05;3.129350263081693e-05;3.1909851592615865e-05;3.252967965029548e-05;3.298467775422481e-05;3.325156901409791e-05;3.3221117335776294e-05;3.306565171050965e-05
1379.3212047820634;4.19864566299863e-09;7.2528183829027e-09;1.0993865284259894e-08;2.6495092652766023e-08;4.150102420044698e-08;4.2868796080403636e-08;3.9818769690632135e-08;3.60490615940291e-08;4.2664427291675694e-08;5.3540889032498626e-08;5.476608890773444e-08;4.3499295760092734e-08;2.6728089048478804e-08;1.3157811438323176e-08;7.695891848095388e-09;1.6346160762197473e-08;3.571263121720158e-08;6.629597215453587e-08;1.1631295555740545e-07;1.6871173963042461e-07;1.9668446628175554e-07;1.975426927923895e-07;1.758648059120527e-07;1.2926664755830777e-07;8.09468735573876e-08;4.505237207374165e-08;2.322924055321081e-08;1.5713690898101468e-08;2.026336395089581e-08;3.2226136568310645e-08;4.582811148376288e-08;5.19612746393644e-08;4.9866752823709094e-08;4.217623841803103e-08;3.2322166751433814e-08;2.1880395225403476e-08;1.5507652919047242e-08;1.597085790323863e-08;2.3138085018491903e-08;3.3759386249756825e-08;5.119746320748305e-08;1.456244388605586e-07;6.095829673524174e-07;2.385945600101969e-06;6.577101787317507e-06;1.3823246616001247e-05;2.423617280750453e-05;3.739215776739983e-05;5.260151448240472e-05;6.841584402948143e-05;8.31501460640734e-05;9.544483080451767e-05;0.0001049092285414;0.000111748450145;0.0001161082975926;0.0001181310234763;0.0001179890961097;0.0001156026399533;0.0001106498865217;0.0001029873616262;9.327499885739056e-05;8.306511390512283e-05;7.345815361335412e-05;6.480979046519338e-05;5.741374948973234e-05;5.173702058898422e-05;4.8103051836884486e-05;4.625251190581357e-05;4.555319517440557e-05;4.482997342118444e-05;4.348329479792541e-05;4.155705232983851e-05;3.953814988136208e-05;3.781794370247711e-05;3.671287656048947e-05;3.6196128879001794e-05;3.602103023010937e-05;3.618338121553157e-05;3.643375519285331e-05;3.654676322890659e-05;3.648155820941297e-05;3.614735057562242e-05;3.555431943401829e-05;3.4788376545831645e-05;3.386657734055851e-05;3.2855071378086875e-05;3.179592761792722e-05;3.0767498487828786e-05;2.9882552498763065e-05;2.91936047114306e-05;2.908048445199044e-05;2.9554327452178378e-05;3.045633339467821e-05;3.1487121284092705e-05;3.222023669127229e-05;3.235218892968077e-05;3.1967164599096364e-05;3.127395286456258e-05;3.056173643833641e-05;3.009260038829936e-05
1381.0316265802394;1.3540452492378251e-08;7.068356770782138e-09;2.8351973604350463e-09;1.732082779315371e-09;1.302156214224721e-09;2.6985918644051275e-09;1.2627274176023622e-08;3.557995745941758e-08;6.838656281765795e-08;9.836234144692196e-08;1.0414825432410496e-07;8.316489580653771e-08;5.053128946869578e-08;2.4190082329166814e-08;1.7172787885632622e-08;3.01996063281943e-08;5.7777850191936695e-08;8.397592194646694e-08;8.97940085141523e-08;7.09588164301637e-08;4.258216456410271e-08;2.72057877841621e-08;2.7904700537333794e-08;3.151373015530464e-08;2.8710649239977707e-08;1.9352145208999192e-08;9.447959459567294e-09;4.509834397300646e-09;2.987255956244607e-09;2.183501873627728e-09;1.8267522034813838e-09;3.713642000287301e-09;1.1399339320894111e-08;2.225568408780988e-08;2.9460944283222877e-08;3.1781197167187825e-08;3.623745980098973e-08;4.313338169127289e-08;4.876364926703801e-08;4.920715718357713e-08;5.5896337632574003e-08;1.7653385328174537e-07;8.15072499168922e-07;2.884679467567428e-06;7.188254604782525e-06;1.4188604357630749e-05;2.3838950916533705e-05;3.581592027587519e-05;4.947430005595743e-05;6.380843757996092e-05;7.727177068703701e-05;8.855148310611021e-05;9.834705153567922e-05;0.000106341239273;0.0001119168629097;0.000114617242004;0.0001143398729352;0.0001110838921696;0.000105294686464;9.734572546793236e-05;8.790724015917824e-05;7.820243164782066e-05;6.929875310190008e-05;6.180629170946944e-05;5.586458790591653e-05;5.151084286572216e-05;4.836698511742139e-05;4.645575556355165e-05;4.52131032850606e-05;4.39581265546449e-05;4.236086466387136e-05;4.060581104254823e-05;3.8947230826159976e-05;3.76792542846811e-05;3.691311428928774e-05;3.663005615197107e-05;3.679365146351744e-05;3.709045006128141e-05;3.722218923517002e-05;3.677054994883835e-05;3.619268719044953e-05;3.546067830049603e-05;3.4690171676656365e-05;3.4090129036904894e-05;3.3609406525221475e-05;3.304985388185124e-05;3.2380731049968335e-05;3.1603432221442694e-05;3.074464761435381e-05;2.992188204661332e-05;2.9425456196524784e-05;2.943538396600075e-05;2.982955777952224e-05;3.0329616129102924e-05;3.04885055870328e-05;3.0161783551680897e-05;2.947261821509693e-05;2.851559592661183e-05;2.7848468750588504e-05;2.7499342161557404e-05
1382.7413910979812;5.888273659330596e-08;3.77087138167356e-08;2.1003163547646828e-08;1.075895901385265e-08;5.923177166676308e-09;4.8482278884308605e-09;7.716543044387637e-09;2.0066109232227417e-08;3.6413164834059674e-08;5.1141144859327016e-08;5.352706605451477e-08;4.3223733250852025e-08;3.01627307455479e-08;2.2403760247027805e-08;2.545798802613281e-08;3.2971132725155064e-08;4.3752104943953726e-08;5.104638607354369e-08;4.220098191618685e-08;2.648373774962599e-08;2.12964820903094e-08;3.2640435286976426e-08;5.26245249404989e-08;7.142320813104299e-08;7.31006202942465e-08;5.6895744243344744e-08;3.2267225751798554e-08;1.4913108280858388e-08;7.931432979101724e-09;5.269804935570794e-09;5.0007740682201315e-09;1.0581238807128784e-08;2.495848979158945e-08;4.7944188329154055e-08;7.492587820520654e-08;1.0042512010450367e-07;1.1686806840490305e-07;1.23085356855866e-07;1.1931203333863045e-07;1.0534736222607759e-07;1.0158297071157189e-07;2.4620878726403613e-07;9.901560300736942e-07;3.127263226696513e-06;7.371363905691087e-06;1.410052699480313e-05;2.3117218066837983e-05;3.401422091228695e-05;4.598519018616821e-05;5.859019525398774e-05;7.13140529001525e-05;8.350987231115807e-05;9.467973286111952e-05;0.0001038784699259;0.0001100559304901;0.0001129383599566;0.000112474874698;0.0001088795828287;0.0001026232095805;9.44932430637063e-05;8.544287285166039e-05;7.628850405327209e-05;6.820457170653331e-05;6.150512813757129e-05;5.631879471529949e-05;5.241288929024515e-05;4.942258756236644e-05;4.693832146061148e-05;4.464479869547295e-05;4.214304648303932e-05;3.973826716828751e-05;3.780195830070695e-05;3.6484491508110265e-05;3.6019514761922895e-05;3.629144376030896e-05;3.693996353304592e-05;3.756007089454117e-05;3.7525197878331536e-05;3.6900216227201646e-05;3.562545910332534e-05;3.406681555892562e-05;3.28129251726127e-05;3.209101879708298e-05;3.185319454613316e-05;3.1906402945661086e-05;3.2063337350658375e-05;3.214164471951657e-05;3.199502593127962e-05;3.156866020040306e-05;3.104693607472732e-05;3.057875113063484e-05;3.0271158144958736e-05;3.0064641486947656e-05;2.97672999184427e-05;2.926721453401609e-05;2.861822203910204e-05;2.806944087638888e-05;2.7791565793395925e-05;2.7668460710076168e-05;2.7656026867456835e-05
1384.450498386872;1.8440842304915318e-07;1.680193422280545e-07;1.3464308939002254e-07;9.137920575838039e-08;5.3642343442922467e-08;2.974628514424089e-08;1.6682573458254887e-08;1.1616622087204946e-08;1.0547272559236789e-08;1.6116922603579022e-08;2.9774840943170514e-08;4.719874121979326e-08;6.354951959783118e-08;7.283940690338173e-08;7.054583207397778e-08;5.767871486828284e-08;3.909265322408391e-08;2.1367600589836182e-08;1.0684347776025737e-08;9.06061816889531e-09;1.5531471950917538e-08;3.3069735911646635e-08;6.622259566486129e-08;9.695294577897155e-08;1.0430247643894843e-07;8.659374526240538e-08;5.2161094215982294e-08;2.4348952484144216e-08;1.2419272203301537e-08;8.592847073278745e-09;1.1336444956874036e-08;2.4727984766256163e-08;5.2369588439125146e-08;9.324274536935693e-08;1.400928411450493e-07;1.738648390540652e-07;1.764801732268531e-07;1.474240653099467e-07;1.0714540444473812e-07;7.405550002091632e-08;7.872306689264199e-08;2.519530980943477e-07;9.687295893923992e-07;2.937929562121789e-06;6.866883738523626e-06;1.3086154689110076e-05;2.1444203802994087e-05;3.146728029809069e-05;4.282869617683508e-05;5.539381170897284e-05;6.885814842214335e-05;8.240000885538073e-05;9.433804830372452e-05;0.0001036674031236;0.0001096063784157;0.0001119291882732;0.0001108404481308;0.0001067377701265;0.0001001797681442;9.249003868486678e-05;8.429585879286375e-05;7.626017443997493e-05;6.888863540208657e-05;6.24529524550362e-05;5.729140358264337e-05;5.3149200244946535e-05;4.961960566641656e-05;4.64814545103767e-05;4.355141872864609e-05;4.066828801262227e-05;3.798829931796131e-05;3.586297835153593e-05;3.472088187069661e-05;3.464020028228848e-05;3.530028505533591e-05;3.601579735456749e-05;3.647349694664248e-05;3.6425002101532345e-05;3.5942697477624575e-05;3.484786299409216e-05;3.364916676304466e-05;3.2491421672843016e-05;3.161974319045035e-05;3.1097564841671656e-05;3.104363547864546e-05;3.120417636056375e-05;3.161386069831416e-05;3.1709686359197346e-05;3.147669145253773e-05;3.111431274194912e-05;3.0765192876541806e-05;3.0483963573657177e-05;3.027878190549353e-05;2.9911738312768607e-05;2.9380340157415235e-05;2.8827385682027683e-05;2.8365718168265136e-05;2.8149528442688944e-05;2.8121431174499947e-05;2.8168504537254984e-05
1386.158948498571;2.2858083226652434e-07;2.3746156719719547e-07;2.1190393999189525e-07;1.5476687729257296e-07;9.485185942967015e-08;5.269825506534303e-08;2.9435133374919584e-08;1.899072913694828e-08;1.6549323352329527e-08;2.801571174310421e-08;5.638329535634149e-08;9.06927500090428e-08;1.1554762480618717e-07;1.1814620634261946e-07;9.796579758865642e-08;6.928313967701987e-08;4.938958783993746e-08;4.358881165334714e-08;5.1969488586306337e-08;5.410645313524957e-08;4.8993687916608774e-08;4.250217832652624e-08;4.86063910077331e-08;5.46197069102863e-08;5.412724001838127e-08;4.469182599093493e-08;2.7952545745307205e-08;1.4116715215359508e-08;8.385765721707396e-09;8.813694834426275e-09;1.7440195906698665e-08;3.9581052130755946e-08;7.449620589035488e-08;1.1313518943105281e-07;1.4312905514218957e-07;1.4775112277689534e-07;1.229115214174479e-07;8.32880230165585e-08;4.489076668245625e-08;2.1580919623763947e-08;3.3695423103443406e-08;1.7550232022005561e-07;7.121160560594631e-07;2.2090726099232403e-06;5.501858109212204e-06;1.1176700045129523e-05;1.9141827677161256e-05;2.9121099112604023e-05;4.103510887636585e-05;5.459227624660656e-05;6.899021434813306e-05;8.28664715303331e-05;9.45716744657047e-05;0.0001031097044417;0.0001081738675471;0.0001099081912446;0.0001085067779989;0.0001045800596137;9.88843841905316e-05;9.19283879318158e-05;8.419718741849199e-05;7.631846124890483e-05;6.87607068290818e-05;6.218636400379487e-05;5.6760037120977575e-05;5.232576527487249e-05;4.8578009330123176e-05;4.533825281028187e-05;4.246089295296595e-05;4.0349281575957655e-05;3.861245697017572e-05;3.746688461676334e-05;3.688596441617901e-05;3.644502664700029e-05;3.593661682818581e-05;3.537142331997689e-05;3.496501538622996e-05;3.470160065309518e-05;3.456145579962281e-05;3.456570033427654e-05;3.441532817332113e-05;3.373148941100158e-05;3.2847882792299486e-05;3.211912983044332e-05;3.1632808674368976e-05;3.1504196890269444e-05;3.160240931221205e-05;3.170187379903928e-05;3.153365814645067e-05;3.118592872613045e-05;3.073247399319355e-05;3.0259562211482677e-05;2.9898180174838005e-05;2.961169045520014e-05;2.9338998420692817e-05;2.904335375784584e-05;2.8638935773160677e-05;2.8185682428978468e-05;2.788902740838392e-05;2.7654801074608974e-05
1387.8667414848603;1.7411848013348256e-07;1.873098066791812e-07;1.7435812010434873e-07;1.350411685688332e-07;8.890136431708058e-08;5.290365234415007e-08;3.1833011981804463e-08;1.9622312383717825e-08;1.517193078132471e-08;2.025879183140864e-08;3.725760887298576e-08;5.79123162420712e-08;7.090295081983587e-08;6.757699353962767e-08;5.089213477694527e-08;3.621721228035933e-08;3.940870462835518e-08;6.309954176717315e-08;8.717977868019319e-08;9.35578850039616e-08;8.105461967400905e-08;6.103589267534144e-08;4.713094386754224e-08;3.8453994866053535e-08;2.8273809066111634e-08;1.7131249729198018e-08;9.199815650170616e-09;5.549288387666074e-09;4.759228179390967e-09;9.094219119438404e-09;2.382690801435412e-08;5.9002545030873967e-08;1.1717404523120914e-07;1.644311474773898e-07;1.84622672869835e-07;1.6763177765080317e-07;1.203570499358138e-07;7.538675128747906e-08;4.309457252826265e-08;2.368145055201888e-08;2.486941745256211e-08;1.3448606381482308e-07;5.685814663716551e-07;1.80866545906132e-06;4.809697967274298e-06;1.0275890203995268e-05;1.844598847820962e-05;2.9176683811405188e-05;4.184724161712532e-05;5.589612497234607e-05;7.025193900899159e-05;8.339805494534415e-05;9.407518080067488e-05;0.0001013551875482;0.0001055481641945;0.0001070019350771;0.0001059836078516;0.000103155693712;9.889786151383172e-05;9.30658476803838e-05;8.623813968654171e-05;7.863455824430124e-05;7.087814922580353e-05;6.404320631383351e-05;5.83528303295294e-05;5.38022972418819e-05;5.01039159470133e-05;4.6901392844778806e-05;4.409149812767242e-05;4.190890100214561e-05;4.059685993536528e-05;3.999574564684749e-05;3.972832992206475e-05;3.920974080301612e-05;3.823651987634672e-05;3.695071514667291e-05;3.5363780579493654e-05;3.426960991748431e-05;3.3510166838340136e-05;3.3334678740656306e-05;3.33015309842345e-05;3.3311960129753256e-05;3.321337973751654e-05;3.292737292586267e-05;3.245922132477085e-05;3.209152241568399e-05;3.1693816107904966e-05;3.134062064469507e-05;3.108553478812633e-05;3.066109092211391e-05;3.008784057720374e-05;2.953323651463729e-05;2.9168612459112877e-05;2.9140910381041317e-05;2.936061618279073e-05;2.95204983276374e-05;2.93406325679673e-05;2.875790746274435e-05;2.8026091234115588e-05;2.745026549112533e-05
1389.5738773976118;1.4661952755581326e-07;1.460732197771991e-07;1.348106225387872e-07;1.1039281984682908e-07;7.941571701113284e-08;5.039235220493212e-08;2.9235637793719785e-08;1.953170080869301e-08;2.1609513270736605e-08;3.392813889164683e-08;4.7765468240469995e-08;5.3661092674400436e-08;4.8121239828514357e-08;4.0220997559519395e-08;4.1816848594818664e-08;5.0564982265849546e-08;6.05012681565372e-08;6.952635681557755e-08;6.894068399626437e-08;5.886669694603668e-08;5.161711599931941e-08;5.3037232502686064e-08;5.5879792359844916e-08;5.866823824705854e-08;4.949106673485448e-08;3.2339447339250714e-08;1.7686680109692512e-08;9.28867963983722e-09;6.218947367265126e-09;1.12425769340209e-08;3.9568625125571647e-08;1.023952717281024e-07;1.859929373792783e-07;2.517879991506248e-07;2.708304253835475e-07;2.385545928210052e-07;1.7615583313174677e-07;1.1527016030137641e-07;6.85677369944847e-08;3.8838857552770014e-08;3.706324008861173e-08;1.7174145875231986e-07;6.816232280930919e-07;2.028054150862014e-06;5.023664483943749e-06;1.047475436245002e-05;1.8825459851876044e-05;2.9894630300352224e-05;4.286727544030463e-05;5.679535693810338e-05;7.048881049927873e-05;8.294087970880241e-05;9.299737681858536e-05;0.0001001381426907;0.0001042979729016;0.0001056674372782;0.0001050354131801;0.0001029505537599;9.949251998970225e-05;9.47469160498162e-05;8.867098345945941e-05;8.157145977627227e-05;7.414595860160355e-05;6.732053524485858e-05;6.149552397068068e-05;5.680592828766832e-05;5.307229427189648e-05;4.9968781561114594e-05;4.718518231859852e-05;4.474726460546903e-05;4.297881069964912e-05;4.176574254555441e-05;4.102219835193696e-05;4.049632087014842e-05;3.9843807238936616e-05;3.872351831021472e-05;3.712378556665005e-05;3.552686937355535e-05;3.4173065412710635e-05;3.3369063485414705e-05;3.313274196701221e-05;3.3309045113548696e-05;3.330347970544406e-05;3.297020512087922e-05;3.2333371998488576e-05;3.157758810382782e-05;3.095982613025907e-05;3.059644371912631e-05;3.0504540711246724e-05;3.0440061930783283e-05;3.029901743444477e-05;3.0140280527508347e-05;2.9951508342399314e-05;2.983035459727858e-05;2.981798515339046e-05;2.981834781131171e-05;2.962375084906237e-05;2.9026564001669745e-05;2.8247111806223143e-05;2.7685568782044463e-05
1391.280356288793;6.61068340359532e-08;6.338791554290854e-08;6.051035327684074e-08;5.4446103574584164e-08;4.3939674977552086e-08;3.0102105587037293e-08;1.7328924716254536e-08;1.3922877316071306e-08;2.651180922467324e-08;5.494926087825204e-08;8.263052142617989e-08;9.284554742054681e-08;8.074083374935865e-08;6.604719567556226e-08;6.93436413366532e-08;8.695794928529899e-08;9.194525784449027e-08;7.484458446910198e-08;4.389839915277635e-08;2.0769035858865528e-08;1.5980260351337572e-08;2.145287886477879e-08;2.8828883727849832e-08;3.3082783026747824e-08;3.2145258106899334e-08;2.6164750738815498e-08;1.8770430013801383e-08;1.2703618857315613e-08;9.518208839172643e-09;2.062109639210065e-08;6.588548078153188e-08;1.4222181350861046e-07;2.0410432232508695e-07;2.2727972125593214e-07;1.9855833300789825e-07;1.4532085144650706e-07;9.934615361019641e-08;6.450543910739025e-08;3.9451938541402167e-08;2.4364669944057822e-08;3.9349810532418266e-08;2.146845227939936e-07;8.46958522796601e-07;2.3971586991503457e-06;5.505647931445198e-06;1.0936240018591148e-05;1.894684151979676e-05;2.9437372249807215e-05;4.164611285669063e-05;5.479176549405164e-05;6.811842669440416e-05;8.084058588313846e-05;9.16463485655784e-05;9.993075633731124e-05;0.0001049585210732;0.0001071690584531;0.0001071305532326;0.0001052158055269;0.00010167408649;9.651222328579392e-05;8.972616148070129e-05;8.213421562411074e-05;7.452296516152923e-05;6.721752795225408e-05;6.077340784071686e-05;5.560190792406509e-05;5.161786553705193e-05;4.853041022112118e-05;4.595788429641413e-05;4.370111293384574e-05;4.178816582027361e-05;4.041709892855924e-05;3.971781622759516e-05;3.953448682040219e-05;3.9565689316606736e-05;3.919596203381173e-05;3.875993104460986e-05;3.787629339103148e-05;3.702215374991808e-05;3.648740115845351e-05;3.612715027758457e-05;3.5709033374120924e-05;3.499469544688272e-05;3.3966128121038274e-05;3.268204595337785e-05;3.144454561026238e-05;3.05523263102267e-05;3.03131882176297e-05;3.0287964228617117e-05;3.04922332998291e-05;3.0767559051558206e-05;3.09747709957614e-05;3.093782992332269e-05;3.059391945237533e-05;3.0039709696822348e-05;2.934061701141263e-05;2.8643712937979184e-05;2.796553817395674e-05;2.738475919280531e-05;2.695964032627714e-05
1392.9861782104708;6.698958774605059e-09;5.1885325127539985e-09;5.790289333992669e-09;8.306907216574443e-09;9.619662172508681e-09;8.813244323928981e-09;6.2905820892160396e-09;5.770343411385838e-09;1.4771854053883377e-08;3.629494967555488e-08;6.306829643032455e-08;8.066828452117174e-08;7.64405523471307e-08;6.063253047574861e-08;5.048791951663159e-08;4.9350452568781016e-08;4.873689624572337e-08;3.942324448566007e-08;1.9293453796993508e-08;1.2116105813947949e-08;1.2424228593721646e-08;1.2380454108937183e-08;1.1151529707404818e-08;9.642490941114204e-09;9.5344454848766e-09;1.0945509129704018e-08;1.3506642973829202e-08;1.578822271615548e-08;2.1880116043097654e-08;4.48708841928282e-08;9.126113991910141e-08;1.316586099058733e-07;1.41319108606277e-07;1.1397855494491495e-07;6.649634670683944e-08;3.0428475826118945e-08;1.4680935365532074e-08;9.145038863893336e-09;6.8454206081902076e-09;6.186018234578195e-09;2.5476950558658523e-08;1.911271457594683e-07;8.577020854223367e-07;2.522580827832892e-06;5.75226480328063e-06;1.110255055537504e-05;1.873548377988066e-05;2.8433216469088813e-05;3.9846438968163466e-05;5.261968853067493e-05;6.633638248515104e-05;8.005790646578448e-05;9.22184117481161e-05;0.0001013642280125;0.0001070442468814;0.0001096399324636;0.0001094445454768;0.0001070293152792;0.0001022651334795;9.559369071214973e-05;8.776098668807872e-05;7.957599083600089e-05;7.152646996415457e-05;6.413244621406262e-05;5.781665020661719e-05;5.273665352369106e-05;4.883483696712756e-05;4.58395587245902e-05;4.340196483363817e-05;4.130397224598426e-05;3.957029433219725e-05;3.831101974033656e-05;3.767829958193319e-05;3.76378078296727e-05;3.80349045471423e-05;3.8441163954464114e-05;3.864979422687002e-05;3.868605843653484e-05;3.861668761000512e-05;3.8452110711758856e-05;3.8124923951275e-05;3.750673245390955e-05;3.663392921799072e-05;3.538196344237441e-05;3.398388853465318e-05;3.257471821575662e-05;3.133030750608609e-05;3.0374706377971985e-05;2.9823794896812973e-05;2.9747179743641295e-05;3.003049886819713e-05;3.039831391269569e-05;3.0534877644117696e-05;3.0270263710255062e-05;2.9613612455312373e-05;2.869399132875535e-05;2.777643078041e-05;2.7121319631973727e-05;2.672060854355505e-05;2.644151625986636e-05
1394.6913432148103;1.311290405685773e-08;8.269196374739228e-09;4.624088311060767e-09;3.319824219884801e-09;3.3212771597118327e-09;3.13897816285374e-09;2.465776500213841e-09;2.365402459631084e-09;4.981717356594639e-09;1.2580982267520716e-08;2.356372036218964e-08;3.1951671770694386e-08;3.3722856077729054e-08;4.322025403079183e-08;8.075609879259063e-08;1.3353041546113805e-07;1.697298469958457e-07;1.6466737774836572e-07;1.2033853097539485e-07;6.97685611918095e-08;3.3618115170069833e-08;2.626859731541598e-08;2.2148496908542763e-08;1.5715917470321522e-08;9.4743133403128e-09;9.241790467303711e-09;2.6726261116261533e-08;6.13931950338175e-08;1.0242482911031964e-07;1.3449643125278236e-07;1.4352148196676897e-07;1.177864809614936e-07;8.35177603883146e-08;4.701473782671218e-08;2.5686454447537023e-08;2.27252573142096e-08;3.2859498196427586e-08;4.7754958600777176e-08;5.3160643861916326e-08;4.5918326960134166e-08;3.79807766494902e-08;1.1459116726900528e-07;6.092335777373341e-07;2.0632528341817746e-06;5.145879632302071e-06;1.0632264996043937e-05;1.86899377500752e-05;2.8982612675183883e-05;4.1133965347536094e-05;5.443927431478364e-05;6.831545115369752e-05;8.188097989425666e-05;9.373862060951776e-05;0.0001027437128857;0.0001083250228455;0.0001105279228589;0.0001097695429162;0.000106233726313;0.0001002412598536;9.268151176318516e-05;8.438630286970226e-05;7.614755226967307e-05;6.849847969760277e-05;6.192017390271832e-05;5.650332674808728e-05;5.193668290892254e-05;4.836852314482728e-05;4.551529414719755e-05;4.331874897363653e-05;4.168014562967893e-05;4.04747735388857e-05;3.948091070828986e-05;3.8462682254651095e-05;3.746114458859016e-05;3.666974799780932e-05;3.610937679328953e-05;3.587602132374088e-05;3.607617047368565e-05;3.651546011158957e-05;3.68730835920898e-05;3.6870708894203136e-05;3.642335533949033e-05;3.5613899956588966e-05;3.465854055499043e-05;3.3724769303917015e-05;3.28710353741692e-05;3.218237798416869e-05;3.143436636600899e-05;3.092988937386954e-05;3.0703224345022323e-05;3.0738031907297086e-05;3.087393900411148e-05;3.07966757165903e-05;3.0343506500071936e-05;2.9573635376569835e-05;2.8708890643633785e-05;2.801132103949486e-05;2.7569725918655342e-05;2.7347940220337988e-05;2.7250576942274288e-05
1396.395851354071;9.291628623839086e-09;6.214858562261568e-09;3.346225283098193e-09;1.4241094491469836e-09;1.3442101384586954e-09;3.376436632185383e-09;7.603420288956381e-09;1.1940679257472853e-08;1.3267162558775296e-08;1.0893421207887489e-08;9.432908005246494e-09;5.3866718471783274e-09;6.869032855219589e-09;3.8691859142759136e-08;1.323322066409763e-07;2.558587327190036e-07;3.3407324062044504e-07;3.254154201585001e-07;2.357846474163269e-07;1.2981237403881778e-07;7.030613370751033e-08;4.7906838323043975e-08;3.763112235420742e-08;2.7592537020027418e-08;1.7357331096574896e-08;1.6159968459801463e-08;4.0927223993275655e-08;1.0280617593000816e-07;1.7265712289841346e-07;2.104630342720377e-07;1.917934759411006e-07;1.305741465677672e-07;6.707279162568091e-08;3.0394055883219216e-08;1.8751597102067353e-08;2.6290298910521873e-08;5.5253385413086234e-08;8.942768173928942e-08;1.0350839945540756e-07;9.183981938016956e-08;6.557512610160189e-08;9.189937754583074e-08;4.784910133698175e-07;1.833308421708816e-06;4.9976377238633815e-06;1.091888160956229e-05;1.9798717374384613e-05;3.108767499039639e-05;4.3779385876741695e-05;5.671468006960666e-05;6.92256689574687e-05;8.094955488949473e-05;9.14364176576212e-05;0.0001001153724789;0.0001062831890873;0.0001095803714795;0.0001098212889136;0.0001065557251899;0.0001005385683914;9.23316385325643e-05;8.349361100945451e-05;7.524875142916487e-05;6.805996276615245e-05;6.218147552440468e-05;5.720301820395538e-05;5.273687036823696e-05;4.87942464760141e-05;4.563019031622156e-05;4.35047538548025e-05;4.238826708602053e-05;4.1938033566614505e-05;4.1469012842161314e-05;4.0382580901837145e-05;3.852902438142733e-05;3.6237477537035664e-05;3.4252261188958635e-05;3.3317893876266584e-05;3.352279763487343e-05;3.4396335241838834e-05;3.5203598703361134e-05;3.542894031800537e-05;3.500611589925857e-05;3.4056454873579227e-05;3.308690674993118e-05;3.243021250399472e-05;3.218088269212664e-05;3.226012920876382e-05;3.237873030707264e-05;3.232820103152058e-05;3.200796594298785e-05;3.1473343824787e-05;3.090740172814109e-05;3.030767224532888e-05;2.9660355061382748e-05;2.9032134283564543e-05;2.8544853973592148e-05;2.829942500882325e-05;2.8171331357634997e-05;2.8141778990216293e-05;2.821181681416101e-05
1398.0997026806108;4.2745739050879326e-09;3.447187934663294e-09;2.2025387603136503e-09;1.0166149037499426e-09;1.4005185192641243e-09;5.769515011424356e-09;1.4352317318563032e-08;2.380121512605633e-08;3.347579325902688e-08;4.246576643388789e-08;4.48264515527011e-08;3.7017250427025255e-08;2.4368006562740962e-08;3.1428028568265806e-08;7.121107009473193e-08;1.3083520977376498e-07;1.6924215926858914e-07;1.6443872369048525e-07;1.2491503553597018e-07;1.0482077681585065e-07;1.2938030722878578e-07;1.6248101755861838e-07;1.6541709480872377e-07;1.2888294972851168e-07;7.221558445141537e-08;3.419845680563439e-08;3.4067700726695295e-08;6.394797587129365e-08;1.0237881572040256e-07;1.250302030466298e-07;1.1723046498062365e-07;8.43271773089646e-08;4.238258866147168e-08;2.354603562972841e-08;1.6689073798886683e-08;1.9378506079477044e-08;3.087342537698982e-08;4.8785842989236955e-08;6.136870117582621e-08;6.20284237115308e-08;5.5615838209391654e-08;1.0809038843919855e-07;5.187008578686601e-07;1.950563616912452e-06;5.312628936143371e-06;1.1467695163893093e-05;2.0606336045065464e-05;3.2000760394151336e-05;4.448067795880022e-05;5.6815263084194665e-05;6.83487124153507e-05;7.89803905484528e-05;8.862614893806292e-05;9.693694871862706e-05;0.0001034945453931;0.0001078288192435;0.0001092200978537;0.0001072358665965;0.0001018885882904;9.411614219403054e-05;8.559958388546854e-05;7.773622200686068e-05;7.093041181056983e-05;6.498573232740357e-05;5.9410506715585705e-05;5.404834731016619e-05;4.90396088328676e-05;4.524226179481006e-05;4.306287046793182e-05;4.23103743862176e-05;4.23199165396434e-05;4.206357324022294e-05;4.117689652629468e-05;3.94633786948317e-05;3.709284555671108e-05;3.516408720652898e-05;3.384352314150122e-05;3.3642102175054754e-05;3.426244641885751e-05;3.505048593092021e-05;3.5594343611772226e-05;3.54746274017172e-05;3.47322367027554e-05;3.36294298218834e-05;3.250809813910962e-05;3.17561986655559e-05;3.16235358699597e-05;3.166954429222119e-05;3.1641646539480866e-05;3.135799652423049e-05;3.0763183460690816e-05;2.9930544442875853e-05;2.912361087548553e-05;2.8464886641089294e-05;2.811016207921514e-05;2.797691237270556e-05;2.800614063944833e-05;2.8208780124896504e-05;2.837744515352512e-05;2.849251743104533e-05
1399.8028972468928;2.2200966803593772e-09;1.832759433303235e-09;1.2659211500717071e-09;6.180098876287563e-10;7.86130095737211e-10;3.0645874904878052e-09;8.039453098788116e-09;1.914115807422897e-08;4.5834104438645844e-08;8.906967356749028e-08;1.2070254603103162e-07;1.2934219124193746e-07;1.1136282180219081e-07;8.233615551890535e-08;6.656402289089549e-08;6.555215027309871e-08;6.671356594586313e-08;6.089013867464767e-08;5.800717752229968e-08;9.405401983075105e-08;1.8009209578116345e-07;2.632065698333025e-07;2.8005313671971094e-07;2.199097360074401e-07;1.217007627234952e-07;5.0034919012011604e-08;2.5692409246030458e-08;2.1159068798158583e-08;2.1935419613295352e-08;2.3121687314504392e-08;2.3069674454864752e-08;2.354824845554372e-08;2.3671760046457744e-08;2.400269389852352e-08;2.0867840333160065e-08;1.4495004329140804e-08;7.879775176519049e-09;7.435350386442582e-09;1.5258767101449616e-08;2.3794391338265847e-08;3.055810025526951e-08;8.978109651121103e-08;4.617755788407159e-07;1.7652736349223235e-06;4.919731969865156e-06;1.082632958208118e-05;1.9733799235303196e-05;3.1096988345605026e-05;4.376371107839688e-05;5.65393074272536e-05;6.850114408465232e-05;7.956371504155994e-05;8.936177118558815e-05;9.732403429233398e-05;0.0001031355530592;0.0001068494132553;0.0001077635714544;0.0001059356779004;0.0001015816645207;9.542631823103056e-05;8.85712061640279e-05;8.142475242956769e-05;7.439465975854723e-05;6.728597585309465e-05;6.041429321073324e-05;5.392104440723828e-05;4.8328831916726285e-05;4.429732073000522e-05;4.2090391318206976e-05;4.143974656645522e-05;4.152273293331827e-05;4.145549324169982e-05;4.082019004770372e-05;3.956972822189478e-05;3.788503379309294e-05;3.629762582523066e-05;3.5072015479556865e-05;3.449269483993237e-05;3.466266993947436e-05;3.532920871225703e-05;3.609571812503259e-05;3.640105282294889e-05;3.5869576390026547e-05;3.44867228749626e-05;3.269197350975507e-05;3.1215546665590466e-05;3.051474717102459e-05;3.057195017205558e-05;3.0994216248868376e-05;3.127865920153867e-05;3.1155744923611364e-05;3.0639655605417213e-05;2.99836216929904e-05;2.9467154210114785e-05;2.9207741732918785e-05;2.9144317741299215e-05;2.908418114615617e-05;2.8969348048386573e-05;2.876536091845451e-05;2.851689678519731e-05
1401.505435105464;1.091619704283323e-09;1.2052836532405672e-09;1.084680899723087e-09;7.603655469029422e-10;4.4750918801556104e-10;5.108582630005738e-10;1.840465412172209e-09;1.0710504021973528e-08;4.170510068959165e-08;9.900520630204913e-08;1.5734922612960762e-07;1.9227509893576214e-07;1.947375809176822e-07;1.667664524342961e-07;1.4632347119673933e-07;1.3781506141915833e-07;1.320705255180621e-07;1.198413081964155e-07;1.0146904305427197e-07;9.234530551094649e-08;1.225595281794504e-07;1.5160827909148705e-07;1.526073488097085e-07;1.173516768183268e-07;6.618711846993912e-08;3.0122317659000965e-08;1.5241681816913954e-08;1.0228814665918153e-08;7.84945318014481e-09;7.718218508347938e-09;1.0217152700392575e-08;1.5033090482372798e-08;2.2600198278782e-08;2.5263684040606947e-08;2.2329320639814305e-08;1.5230678915511236e-08;1.1466165610908098e-08;1.6702883368337478e-08;3.5001206369659786e-08;5.987917203815165e-08;8.47665448653927e-08;1.555781786095931e-07;4.778706337420875e-07;1.6972680710902564e-06;4.777016867716889e-06;1.058484350119638e-05;1.94805700421476e-05;3.1070513341431184e-05;4.4268526421486375e-05;5.794753559568183e-05;7.111223660162937e-05;8.319292901639395e-05;9.363280727007864e-05;0.0001017408224732;0.000106905039719;0.0001089276181754;0.0001078319898445;0.0001046634411969;0.0001000172618583;9.446177952098776e-05;8.835684626205481e-05;8.166383109380003e-05;7.431395047685784e-05;6.658572450229322e-05;5.914020368248003e-05;5.259188578954666e-05;4.739756244099768e-05;4.378632628334061e-05;4.168349132014332e-05;4.080922777584752e-05;4.036152798933029e-05;3.9902197603104776e-05;3.9061060452918886e-05;3.797232819016631e-05;3.6889389542133866e-05;3.606360265259826e-05;3.5725808645384785e-05;3.555467867971256e-05;3.5562251846399695e-05;3.577726107848872e-05;3.601056762113834e-05;3.600295950174088e-05;3.536089717032294e-05;3.407359297485897e-05;3.246123544183885e-05;3.127412840489464e-05;3.0687701976412755e-05;3.086849910628933e-05;3.137836409161684e-05;3.1723710375456654e-05;3.159859338975587e-05;3.122562502834815e-05;3.09008605955659e-05;3.075604878726105e-05;3.0803610188885174e-05;3.076933428541767e-05;3.0359285837110083e-05;2.943190997528347e-05;2.8426172100849344e-05;2.7610250548619613e-05
1403.2073163089772;7.148590807496551e-10;1.8084681504547435e-09;3.3948255057933862e-09;5.814828151781214e-09;8.54304862359822e-09;9.276093193149004e-09;5.549891510080475e-09;7.171218033847785e-09;2.308775103095033e-08;5.675049238719051e-08;1.0226512464375397e-07;1.395220694555108e-07;1.533533716179079e-07;1.4562003601138984e-07;1.2477767819780824e-07;1.0348416815003318e-07;8.742287871687693e-08;7.162816606991524e-08;5.8384444249993533e-08;4.963929840140512e-08;4.241470771375077e-08;3.564410216033812e-08;2.7230441760561985e-08;1.6802964304178058e-08;9.316329801131133e-09;6.284150447489971e-09;5.1208865862740125e-09;3.8429607716986514e-09;3.429084493462638e-09;5.741468244198906e-09;9.820762422899049e-09;1.3443604220209309e-08;1.6919255168467792e-08;1.6264226106755597e-08;1.2027291122932806e-08;8.650507072521145e-09;1.4826763559713096e-08;3.945144142380484e-08;8.466254195982098e-08;1.4023163699771893e-07;1.8705080148402935e-07;2.895961306905425e-07;8.136124713377023e-07;2.451694039790062e-06;6.084214283341819e-06;1.2430781941386023e-05;2.182565877020516e-05;3.3944547409749256e-05;4.768619272887789e-05;6.176116149009347e-05;7.492529064197612e-05;8.683922358543005e-05;9.71574605097404e-05;0.0001053712376054;0.0001106707280983;0.000112463648424;0.0001110312413559;0.0001065614984079;0.0001001953546703;9.34647480116014e-05;8.664796234752087e-05;7.99055157550248e-05;7.308918939788106e-05;6.600866872530723e-05;5.9167694469165454e-05;5.324801577800881e-05;4.858673657252342e-05;4.52911036067153e-05;4.310676771156663e-05;4.175207823255687e-05;4.0740069522871793e-05;3.975648013756586e-05;3.887124577626071e-05;3.825453995110112e-05;3.7942144587553393e-05;3.77713392418723e-05;3.7469496012059615e-05;3.687529324270253e-05;3.619101855215179e-05;3.565746057463944e-05;3.527812441497395e-05;3.4974695695090465e-05;3.439155659135812e-05;3.349272247675786e-05;3.252592106511103e-05;3.179423986939111e-05;3.154804232406166e-05;3.160469925375904e-05;3.160580187495315e-05;3.1380251674225433e-05;3.0850638571442134e-05;3.034382029767048e-05;3.009729309539973e-05;3.01018658968538e-05;3.0012253930684365e-05;2.943560355866456e-05;2.8420631297305432e-05;2.719505882824763e-05;2.606608299495636e-05;2.526181454892092e-05
1404.9085409101754;6.533288782951613e-09;3.072571606749596e-08;7.344711836874638e-08;1.1003758920757695e-07;1.1725004020878029e-07;9.082667255497629e-08;4.975117939920631e-08;2.2387833635364203e-08;1.4945025957386617e-08;1.962462009711408e-08;3.228487744427448e-08;4.713049458598455e-08;5.459659248643767e-08;5.8013054221161377e-08;5.6379451927033726e-08;5.633717015182662e-08;7.55311484553976e-08;9.70370932139059e-08;1.0624835141885963e-07;9.628364459976634e-08;6.686059520074046e-08;3.957033286110433e-08;2.9934586128402046e-08;3.9510227399991865e-08;7.601283321543969e-08;1.4418609715781756e-07;2.1929878186445013e-07;2.5802772319661804e-07;2.4147337839017416e-07;1.788963995483563e-07;1.0744368868205713e-07;5.8552489694079226e-08;3.2163539957710214e-08;2.086271057609088e-08;1.7510188998807828e-08;3.081376638916924e-08;7.610707452275698e-08;1.5204369515066756e-07;2.334191420732183e-07;2.807863229431331e-07;2.728258899616844e-07;3.3987911117292225e-07;1.0453899790674028e-06;3.048784224554183e-06;6.988638185083934e-06;1.349151129716142e-05;2.2963550195219933e-05;3.528361301729995e-05;4.944022118027577e-05;6.380507382831662e-05;7.698215809705836e-05;8.832747635285627e-05;9.78227466141421e-05;0.0001055727247867;0.0001113149976547;0.0001145843800174;0.0001145335299276;0.0001108092696818;0.0001043499387971;9.630405292393506e-05;8.81516320436404e-05;8.05320218891524e-05;7.351233252121117e-05;6.698947633338925e-05;6.09182661052031e-05;5.554399414177045e-05;5.102059714995674e-05;4.751467814591046e-05;4.498992140448593e-05;4.316085698140202e-05;4.201939941660781e-05;4.134049809304288e-05;4.100122264854212e-05;4.083067417176045e-05;4.055119166386357e-05;3.9848760761025765e-05;3.871713459742408e-05;3.720107951989429e-05;3.581623852389998e-05;3.493008646835948e-05;3.44896907325252e-05;3.420130505026724e-05;3.358156571062891e-05;3.2656232331401405e-05;3.17285518671202e-05;3.096072211958092e-05;3.068393048707531e-05;3.0704720457703285e-05;3.075040631033279e-05;3.048549220872402e-05;2.995566352215984e-05;2.933427220922621e-05;2.870389227147716e-05;2.8216788563758226e-05;2.759502639246584e-05;2.6843936359580496e-05;2.60525862710614e-05;2.5350021283713127e-05;2.476324226700961e-05;2.443964083979093e-05
1406.609108961904;6.5016688095946e-08;1.1333613060068558e-07;1.8435483857288238e-07;2.318509611403861e-07;2.2292407796530006e-07;1.630556019895265e-07;9.103769899880193e-08;4.750120589771393e-08;4.753119218686424e-08;7.765788703000518e-08;9.473612044142709e-08;9.43798825433725e-08;7.881216074938724e-08;6.239972505706969e-08;6.106237432969049e-08;8.831772345205476e-08;1.5251752351916945e-07;2.1753043176481238e-07;2.3620431182951697e-07;1.9394007710694158e-07;1.1432050922358002e-07;5.194016543468402e-08;3.5410055125536574e-08;6.371450728973729e-08;1.4490394879824142e-07;2.859046860407974e-07;4.423274767526455e-07;5.32459825619149e-07;5.221695889942096e-07;4.242494158557595e-07;2.977728393023133e-07;1.969757367335543e-07;1.264935344960343e-07;7.871686065816437e-08;5.398245488009452e-08;6.993317721007743e-08;1.4274026227656252e-07;2.558006991124448e-07;3.5736045651043934e-07;3.834055753284301e-07;3.168932841516922e-07;2.868438878982844e-07;7.12575042117712e-07;2.3090522401431926e-06;5.895546391793664e-06;1.215659013478419e-05;2.1532451252474786e-05;3.392402059341669e-05;4.837794416309784e-05;6.349045463148933e-05;7.821889542366772e-05;9.094314897637052e-05;0.00010103359597;0.0001086566238786;0.0001139033463357;0.0001165584512126;0.0001164436679449;0.0001134903910434;0.0001078128071439;9.985616276776826e-05;9.092642104147611e-05;8.22058782532243e-05;7.40835146194514e-05;6.69119126052165e-05;6.076693905333221e-05;5.587949773831713e-05;5.178969144868721e-05;4.827300198581003e-05;4.566460192343176e-05;4.368073640902065e-05;4.246989809299391e-05;4.192914163256737e-05;4.168190211901359e-05;4.125268644536793e-05;4.0315548031012304e-05;3.884047398360013e-05;3.7143696145588095e-05;3.5663845228025605e-05;3.470456157183129e-05;3.430292526067744e-05;3.426048223806822e-05;3.3944691101324936e-05;3.318055880045116e-05;3.215152739215484e-05;3.1120341137120864e-05;3.043861146367682e-05;3.0176593286082863e-05;3.01163595080733e-05;3.007237356454953e-05;2.965171120118738e-05;2.8937376054960667e-05;2.8042764255762984e-05;2.7130614661198895e-05;2.6366309139964297e-05;2.588047060357163e-05;2.5772602527848063e-05;2.580089748143756e-05;2.609539643992552e-05;2.643242047479713e-05;2.665599632144549e-05
1408.309020517103;1.1132288541338189e-07;1.3824549130268766e-07;1.6040784587241848e-07;1.5883444268474257e-07;1.299672830023794e-07;8.900104018411507e-08;5.516035875542336e-08;4.936171316759383e-08;8.180688888887806e-08;1.347119641087667e-07;1.7361984917660062e-07;1.760397118590117e-07;1.441365738121933e-07;1.0373160632358905e-07;8.759209914320882e-08;1.062034937280579e-07;1.477862464988296e-07;1.814186155625612e-07;1.7874839635514012e-07;1.4001997596802008e-07;8.260463987921398e-08;3.8091944089333676e-08;2.3930177928779055e-08;3.6106303497311744e-08;7.59165803771205e-08;1.4707126180896626e-07;2.312763269504901e-07;2.945098876125984e-07;3.244776500150452e-07;3.207180452162528e-07;2.887981200361638e-07;2.388266978985627e-07;1.7489950294545185e-07;1.0852135729117861e-07;6.273292072580077e-08;5.309754481772825e-08;8.244112680437566e-08;1.3815146897068452e-07;1.9236321499277677e-07;2.146960767038017e-07;2.021147497935871e-07;2.1668816959548385e-07;4.743833461674335e-07;1.7346239356918544e-06;5.188558394862318e-06;1.1637195530545276e-05;2.1277751191345103e-05;3.3814223098029605e-05;4.830137089372994e-05;6.385433494184237e-05;7.931417213100931e-05;9.31549946568565e-05;0.0001041476181597;0.000111881992491;0.000116278042327;0.0001177208908881;0.0001168659855966;0.0001134833443075;0.0001078261984425;0.0001002346669751;9.133118796604382e-05;8.187504121723321e-05;7.278287307962774e-05;6.493967677032988e-05;5.867495657265209e-05;5.393302274206068e-05;5.033260358888301e-05;4.7363028650530665e-05;4.485993442515738e-05;4.2848900828409934e-05;4.150548509165044e-05;4.08205419817527e-05;4.047134370038276e-05;3.99428645119364e-05;3.894005843919649e-05;3.733796243895469e-05;3.547907422092761e-05;3.408818014990925e-05;3.351692875952563e-05;3.364210689472027e-05;3.41272858532833e-05;3.4415183003369804e-05;3.436614276615548e-05;3.396073488688598e-05;3.336513521448006e-05;3.280927347281976e-05;3.234028179393491e-05;3.188159803129762e-05;3.128668869118732e-05;3.0433648502358216e-05;2.933771398382279e-05;2.8125119353912095e-05;2.6931821163178057e-05;2.6102908536871544e-05;2.5806534873393057e-05;2.6035842390644264e-05;2.6766566070684543e-05;2.7759128721837327e-05;2.87283850573714e-05;2.9387079484610003e-05
1410.008275628803;5.2534347821593643e-08;5.451604643393929e-08;4.681908012959168e-08;3.1903361144801034e-08;2.2539573074826515e-08;2.913926398234975e-08;5.4375977557078627e-08;8.418736481842459e-08;1.0994834733663856e-07;1.2155895962938528e-07;1.2369467982834912e-07;1.0768514005410357e-07;8.20796946419605e-08;5.7131936371977514e-08;4.6544585724551944e-08;4.87120849941194e-08;5.47833484577535e-08;6.057524494220734e-08;6.62430200067415e-08;6.778847779598724e-08;6.745363786344475e-08;5.62210241680962e-08;3.946360921929397e-08;2.257975243487011e-08;1.2216161614824882e-08;8.162253529636909e-09;1.1409550490266188e-08;2.5984866057639776e-08;5.245033513718112e-08;8.207760976393855e-08;1.0250058177964281e-07;1.002019856319206e-07;7.80698325849278e-08;4.798778396576997e-08;2.4952381124138674e-08;1.306007855063016e-08;9.166168153081688e-09;1.1520722547814348e-08;2.0698946631861477e-08;4.1157762171891977e-08;9.532916430350065e-08;2.7111087902918585e-07;7.878029159287803e-07;2.2336311428302056e-06;5.721278652889193e-06;1.2157977793495767e-05;2.1685995775859488e-05;3.394119744160823e-05;4.817001969770593e-05;6.354438418092675e-05;7.88468245542548e-05;9.258106893699529e-05;0.0001035380756205;0.0001112872826419;0.0001158560085898;0.0001176405929771;0.0001168320354188;0.0001135405510619;0.0001079894475737;0.0001006435622036;9.195601455268428e-05;8.257557295870975e-05;7.309057233267216e-05;6.480359929634708e-05;5.797608718443919e-05;5.239555161498734e-05;4.79398420676605e-05;4.4746987078101975e-05;4.247399268131436e-05;4.114374439407065e-05;4.05621988201643e-05;4.033735855588381e-05;4.016531717955919e-05;3.970829524077202e-05;3.876440139968055e-05;3.736124740696522e-05;3.562165513754882e-05;3.413039765244498e-05;3.330755029087123e-05;3.332601914892341e-05;3.39202262936161e-05;3.479485021925347e-05;3.5557656757000866e-05;3.583026169297868e-05;3.5680326550632045e-05;3.519200463973101e-05;3.4431265589672e-05;3.352801128091587e-05;3.255513433837556e-05;3.159403570208501e-05;3.062770544651308e-05;2.969549657693225e-05;2.885428151867264e-05;2.8149880265280763e-05;2.7726483740080065e-05;2.7699052158317298e-05;2.8181887801925468e-05;2.8784012208036903e-05;2.9436783076106e-05;2.994062836418367e-05
1411.7068743501404;7.482363680185046e-08;8.380104036620557e-08;1.0065497124472717e-07;1.178062064220847e-07;1.2868559286080874e-07;1.4272582301448225e-07;1.5712686207963357e-07;1.6153795906970296e-07;1.4919099624018502e-07;1.1281586924548449e-07;6.809661790168357e-08;3.6515217641035924e-08;1.9050059654282316e-08;1.4671016511913498e-08;3.2701114685722014e-08;7.524418108635918e-08;1.0700115173210077e-07;1.21062818451649e-07;1.217721119772385e-07;1.2018995393467638e-07;1.1804055261577705e-07;1.0923301866563705e-07;9.702584923375353e-08;1.0787158638107e-07;1.5382332213585608e-07;1.885633637906453e-07;1.777932046050659e-07;1.2890626762779813e-07;7.153518901837035e-08;4.024122856522829e-08;3.0192961409617565e-08;2.1843019971503336e-08;1.3632364348165084e-08;7.674388136661802e-09;4.842884831725763e-09;3.654360808009642e-09;3.905945979381777e-09;7.667866219748312e-09;1.903646168647772e-08;3.8512273366989854e-08;9.843391604388723e-08;3.438917138248127e-07;1.0430374571916349e-06;2.6433971073589647e-06;5.927923630307595e-06;1.1949644412400368e-05;2.113871996348213e-05;3.333589761907801e-05;4.7630964398191246e-05;6.28161175995721e-05;7.798661351016244e-05;9.202810066893772e-05;0.0001038382297042;0.0001126049836259;0.0001178901236407;0.0001199807054885;0.0001191242718699;0.0001157612010444;0.0001102493932694;0.0001032551772901;9.50245896951713e-05;8.617684777459641e-05;7.712799642062946e-05;6.839966382964519e-05;6.049029534048518e-05;5.368835686643164e-05;4.826323461255345e-05;4.454757320833773e-05;4.25536058943382e-05;4.193751865168098e-05;4.201472588786544e-05;4.193314653453916e-05;4.13627062526113e-05;4.030169049387081e-05;3.88630200940819e-05;3.743914028372997e-05;3.614084288872365e-05;3.501304771292057e-05;3.433641987245556e-05;3.4076245108649926e-05;3.425292942658165e-05;3.471685492304701e-05;3.524902446824216e-05;3.548281050275906e-05;3.5388013098915704e-05;3.491740078670846e-05;3.406484142946998e-05;3.295229613808985e-05;3.173142641795756e-05;3.094330968581155e-05;3.054514767251772e-05;3.048738946667158e-05;3.056138141059388e-05;3.049516138421577e-05;3.0188823571922685e-05;2.962191357295428e-05;2.8913358112278783e-05;2.83550119277532e-05;2.7946881462940792e-05;2.768577011032481e-05
1413.404816734335;1.496035018415799e-07;1.6755286064702897e-07;2.012508700178043e-07;2.352123810105865e-07;2.4145735513388296e-07;2.2292102120103338e-07;1.8646200271479416e-07;1.513450251239157e-07;1.2356230374324837e-07;8.626420611236729e-08;4.9136033472887494e-08;2.6203663072454463e-08;1.5111501282105732e-08;2.1624485058872464e-08;6.776564119060828e-08;1.4493014133395306e-07;2.0590057046691766e-07;2.1744557159868845e-07;1.786764732907688e-07;1.3113281699823546e-07;9.636354226317795e-08;8.228867769320935e-08;9.411485589946979e-08;1.6146388488378708e-07;2.8166923486413405e-07;3.633507103627858e-07;3.439707593377906e-07;2.4079984788741944e-07;1.2026969384794653e-07;6.504187363195754e-08;6.660651927290557e-08;7.45311807511329e-08;6.819843524389066e-08;4.9137685000882875e-08;2.7214038826209533e-08;1.4777159837677485e-08;1.0555726986424751e-08;1.16502432647664e-08;2.2119706201145044e-08;3.9044364291730375e-08;8.420177084792675e-08;3.0068471398701934e-07;1.0246567074373234e-06;2.7160222684856843e-06;6.037293803834119e-06;1.2076910283445991e-05;2.1392110265181406e-05;3.3823434541475385e-05;4.8567461179290256e-05;6.423549381573336e-05;8.011097021403486e-05;9.54708872552086e-05;0.0001088931859328;0.000118431980369;0.0001233322387127;0.0001243177925079;0.000122456353105;0.000118361346987;0.0001123585732277;0.0001049252963748;9.677497877993532e-05;8.835062002232496e-05;7.984665579904344e-05;7.164165307340186e-05;6.410458247467043e-05;5.7478767482215375e-05;5.21548165781557e-05;4.814791881409675e-05;4.5515964772216896e-05;4.407299383938291e-05;4.328427136548196e-05;4.222495037546736e-05;4.090342187157638e-05;3.944281407879086e-05;3.811399415912241e-05;3.706442065137056e-05;3.640790829754068e-05;3.6005653276657615e-05;3.574393885271271e-05;3.558641481395737e-05;3.561060541319255e-05;3.572235881269546e-05;3.578260052151885e-05;3.557893603436134e-05;3.50857113276458e-05;3.430118413791582e-05;3.331684702603429e-05;3.224051895930777e-05;3.123781105065316e-05;3.062694161992065e-05;3.057301519287053e-05;3.0964224132901905e-05;3.15102127665483e-05;3.1737678130652656e-05;3.139743556130284e-05;3.0409763934727712e-05;2.9125043827676812e-05;2.7798829772655413e-05;2.6634547975083965e-05;2.5859593780949734e-05
1415.1021028347132;7.482124220394585e-08;8.377443778955333e-08;1.0061375281146969e-07;1.1761468410173157e-07;1.1959498651529544e-07;1.034724582260808e-07;7.919142255960884e-08;6.110203958418e-08;5.0784817454699144e-08;3.9646173733863226e-08;2.5490260692977747e-08;1.4583071173520334e-08;1.584285414524266e-08;3.7652064115450894e-08;8.69318272664741e-08;1.438496680215207e-07;1.913963125772561e-07;1.9069133927709546e-07;1.4438785155282487e-07;8.581642910365645e-08;4.7416967327856834e-08;3.1487917706494386e-08;4.1676270595102124e-08;9.510270274694373e-08;1.8440431916837361e-07;2.486438940748316e-07;2.446910118741874e-07;1.7901340747205497e-07;9.623175694814017e-08;6.307034356360333e-08;8.622282965036269e-08;1.1340359949507787e-07;1.1435676298198936e-07;8.862665212547268e-08;5.362768486565525e-08;3.2619255722250986e-08;2.3006247576370643e-08;1.6435953719596924e-08;1.8937511185866283e-08;3.0535805358433245e-08;8.117031769000356e-08;3.408788614096348e-07;1.2420395317082092e-06;3.253253805451949e-06;6.946628776614477e-06;1.3038529374275446e-05;2.237741274010941e-05;3.530426533649297e-05;5.09821538170861e-05;6.818654495693047e-05;8.532384133701125e-05;0.0001009535654135;0.0001137677179657;0.0001225020689181;0.000126843269665;0.0001273715850253;0.0001249684165606;0.0001202704792616;0.0001133982279392;0.0001047074663787;9.521738937237162e-05;8.62638514258196e-05;7.837645762030139e-05;7.158523474353219e-05;6.564817897668757e-05;6.024799372586298e-05;5.525314863190157e-05;5.0711418284648525e-05;4.67968514048386e-05;4.367219684156182e-05;4.13285117404232e-05;3.964069293097075e-05;3.85412742463212e-05;3.796606123413261e-05;3.765738225321497e-05;3.743959400767084e-05;3.720222410367811e-05;3.691410590136708e-05;3.626874427377429e-05;3.582168105702791e-05;3.581675042560558e-05;3.61543936636961e-05;3.621543912064127e-05;3.583590842641683e-05;3.498769266749528e-05;3.3832760476224017e-05;3.27713814655149e-05;3.201111244953744e-05;3.169328451733933e-05;3.157810347901108e-05;3.1873424672163976e-05;3.220270089187084e-05;3.249201478183055e-05;3.237160911164931e-05;3.1749046334068734e-05;3.072108451090691e-05;2.944503933695607e-05;2.82213564883532e-05;2.73657467914836e-05;2.683581024206878e-05
1416.798732704694;4.040353926744482e-08;2.6570352141846234e-08;1.4268094330402622e-08;7.111762388977168e-09;4.643359420043178e-09;5.13243752319342e-09;7.969013995601687e-09;1.103763986216708e-08;1.2292244663153649e-08;1.0916304566639556e-08;7.281973220173391e-09;6.333979377289552e-09;1.8520950643809224e-08;5.2151818984753335e-08;1.0287246906647797e-07;1.4848550490714592e-07;1.6735584861417865e-07;1.5255791043979097e-07;1.1729542099736948e-07;7.702537994725533e-08;4.483899622847314e-08;2.522798317815081e-08;2.173578730721576e-08;4.074182550499688e-08;8.704932300687197e-08;1.2765192135219864e-07;1.3069682617912145e-07;1.0468319302883003e-07;6.550616621327903e-08;4.4348532403030597e-08;4.8654684563572266e-08;5.972338382663229e-08;6.233133476600434e-08;5.5330507289771234e-08;4.3430477490490034e-08;3.426229198980172e-08;2.5576234272656185e-08;1.9359879627707077e-08;3.3838401109661346e-08;9.0943921795062e-08;2.482548204878213e-07;6.470166188147348e-07;1.616145392790541e-06;3.5887571706934973e-06;7.141703074193955e-06;1.3269935229826904e-05;2.2903977014178464e-05;3.671273621505016e-05;5.412644333492636e-05;7.29849644082338e-05;9.060128068296306e-05;0.000105191301235;0.0001161641544758;0.000123602615249;0.0001280552565578;0.0001296471906414;0.0001283546884049;0.0001242728095755;0.000117354654879;0.0001080441622814;9.768084603287974e-05;8.767333923322105e-05;7.919192204128376e-05;7.222620518600853e-05;6.643694448366216e-05;6.130833809571529e-05;5.657466306798942e-05;5.193338958131673e-05;4.762048444031759e-05;4.387847090619269e-05;4.076731846106882e-05;3.879568886527137e-05;3.7769276953166696e-05;3.762285645728456e-05;3.803258630625216e-05;3.851669898382641e-05;3.853606891423562e-05;3.796655109581413e-05;3.707489038967344e-05;3.61511940910845e-05;3.577963009563497e-05;3.5831675034691626e-05;3.572905634069784e-05;3.5220603121606685e-05;3.4160163148203096e-05;3.286666090609849e-05;3.188079464433387e-05;3.1434407963280167e-05;3.1561965992291825e-05;3.211204125747481e-05;3.26950393537545e-05;3.299670412557201e-05;3.2895798111648e-05;3.241797066943776e-05;3.177165524064228e-05;3.1191870139979364e-05;3.0578098753280765e-05;2.9877038974883405e-05;2.927450988069929e-05;2.883856019455857e-05
1418.4947063977816;8.071772598771816e-08;5.3176366498210847e-08;2.8628064304875537e-08;1.4164657171030282e-08;8.468154700318732e-09;6.196719752556108e-09;4.838314953610312e-09;4.0370340176606495e-09;3.451401447945913e-09;3.009376147318882e-09;2.705189699088411e-09;3.820650178742495e-09;1.2724966169966426e-08;3.5138953119702394e-08;6.637607457840206e-08;9.323726198943937e-08;1.044920233552473e-07;1.1059176271548645e-07;1.0591651239739645e-07;8.899593442292748e-08;6.58699575181117e-08;4.0195031648507863e-08;2.58118590014778e-08;3.4453266719096816e-08;6.136682138182396e-08;8.748974442675784e-08;9.335075813689432e-08;7.529749642480763e-08;4.4058172752299484e-08;2.1391075916558964e-08;1.2103112504374565e-08;9.651887967959918e-09;9.911890078611473e-09;1.3401754610954177e-08;1.515339013911351e-08;1.5603708928890183e-08;1.6344795686540707e-08;2.5696589600683023e-08;6.884791447718877e-08;1.820084653956629e-07;4.069860539640266e-07;7.435461434652322e-07;1.3443122819139608e-06;2.751518429207044e-06;6.1350910837807525e-06;1.307457268228246e-05;2.417831664412381e-05;3.9825182137952194e-05;5.8687138025161005e-05;7.811959040664603e-05;9.571376768188017e-05;0.0001098797204424;0.000120377628769;0.0001278719990327;0.000133115983542;0.0001362342037617;0.0001365211594867;0.0001334933686601;0.0001271350730608;0.0001180531843987;0.0001077700630422;9.698010646260996e-05;8.671471417501457e-05;7.77168956209437e-05;7.024068723189284e-05;6.393750170766445e-05;5.847663716865886e-05;5.376935172571734e-05;4.970258927740855e-05;4.6284630351129176e-05;4.352995292784348e-05;4.142617182701091e-05;4.003133007328894e-05;3.9461414332936816e-05;3.9955346925220735e-05;4.078370867569883e-05;4.124805928946069e-05;4.0801162080595965e-05;3.9583325171362456e-05;3.794439577197894e-05;3.6665080447833625e-05;3.601707707220015e-05;3.557472378140156e-05;3.503780540336791e-05;3.415841138152111e-05;3.316082082338425e-05;3.2332291494844994e-05;3.187091703747675e-05;3.1871007371563924e-05;3.2322618166098327e-05;3.260103107834201e-05;3.2835250574106345e-05;3.289964328898681e-05;3.274361736081062e-05;3.251967294743073e-05;3.232471963873121e-05;3.203506066913599e-05;3.1470806396859385e-05;3.076530833455503e-05;3.0159383408618216e-05
1420.1900239675924;4.04129038728782e-08;2.6746198774220827e-08;1.4530010391454432e-08;7.2629514524819485e-09;4.2914073206731114e-09;3.0531975234598052e-09;1.693560899670518e-09;2.055323024926007e-09;5.253473185253003e-09;1.311188846171897e-08;3.2291185764945235e-08;4.4233940089383024e-08;4.2873809692424956e-08;3.43476033278734e-08;2.4015088528861652e-08;2.335939829786117e-08;3.5554980458627845e-08;6.293622216786312e-08;9.085271560535205e-08;1.0275514177326657e-07;9.392569600302557e-08;6.85031739403738e-08;4.440924969897896e-08;3.5550474227485696e-08;3.832353390799601e-08;5.532048634801683e-08;9.518015435986664e-08;1.3194970460253149e-07;1.5259229307603018e-07;1.5352421328864553e-07;1.3767113741723626e-07;1.0822749857541849e-07;7.477063738161285e-08;4.559929433274213e-08;2.5263350634748423e-08;1.604910562831882e-08;1.9044679896774153e-08;3.754967543517318e-08;8.046337869615976e-08;1.546625140205075e-07;2.550892384344915e-07;3.776963040387281e-07;6.909314902693574e-07;2.0678136163870667e-06;5.96974895763196e-06;1.4160774522357369e-05;2.7030067065685467e-05;4.397358588378637e-05;6.292452139585798e-05;8.239575692403215e-05;0.0001011869442064;0.0001178621643048;0.0001313583162848;0.0001416079446198;0.0001483318847315;0.0001515998859073;0.0001508174252582;0.0001460472985914;0.0001379638366284;0.0001276895076725;0.0001163016858981;0.0001044791081668;9.304303642884346e-05;8.26559914225936e-05;7.366798944040696e-05;6.617245143231487e-05;6.00634321019207e-05;5.519850717806503e-05;5.139954821800693e-05;4.848204701043637e-05;4.626890887460908e-05;4.462050314662048e-05;4.352286285503385e-05;4.305398771840608e-05;4.327878823120291e-05;4.387207939954716e-05;4.4055240064426126e-05;4.317871648178892e-05;4.109863725407185e-05;3.843909368162662e-05;3.620149849329706e-05;3.498271093391944e-05;3.4858516161498604e-05;3.5385457485671607e-05;3.6023002664048754e-05;3.620051888098536e-05;3.571614761375332e-05;3.474108121903832e-05;3.351192493667311e-05;3.272672334756903e-05;3.244270661154045e-05;3.2343124435579955e-05;3.241871744540823e-05;3.2569847150788896e-05;3.273968957175561e-05;3.2770265169674467e-05;3.24818817909016e-05;3.201860609322542e-05;3.1479375377963334e-05;3.1022352992722e-05
1421.8846854678231;5.916605485181384e-11;1.2024742114894155e-10;1.5489778770784184e-10;1.4539434083902907e-10;7.216268119755322e-11;2.578388465603365e-11;4.883901792095559e-11;1.0344825437263588e-09;8.461958783700297e-09;3.125473903894589e-08;6.432951826611109e-08;8.433110182950983e-08;7.897995777228922e-08;5.279093458070615e-08;2.402586691585248e-08;1.1004398545146772e-08;1.2243888708647414e-08;2.3250710722659272e-08;4.1882226249826965e-08;5.6035718796330815e-08;5.8814177637168167e-08;5.515315529484086e-08;4.6909966047452047e-08;3.4461793109309454e-08;2.837184367790096e-08;5.10305182468362e-08;1.1607969207632505e-07;2.0163949937731809e-07;2.729774040619181e-07;2.9599065414089724e-07;2.6769068916969426e-07;2.0848471575750781e-07;1.4149684463629197e-07;8.355569666977226e-08;4.666250114028399e-08;3.140995171165772e-08;4.04162509869823e-08;7.027812527599714e-08;1.13013749221677e-07;1.4556022552352664e-07;1.465113519385203e-07;1.5906855393343724e-07;5.180901596906639e-07;2.5204927824858303e-06;7.719054659773202e-06;1.7154473270314674e-05;3.0718918220003165e-05;4.710571144117224e-05;6.541594580117093e-05;8.505527182781105e-05;0.0001054929885928;0.0001256685112952;0.0001437805438174;0.0001581435554156;0.0001668522018351;0.0001692001412367;0.0001655910022473;0.0001574269861293;0.0001463303532424;0.0001336592518814;0.0001205505490612;0.0001075941427015;9.530588852887473e-05;8.414860001010079e-05;7.445433551288385e-05;6.652521821798026e-05;6.0458313421854926e-05;5.611776959861456e-05;5.335949196100617e-05;5.114924499737486e-05;4.915768232030279e-05;4.747268578294107e-05;4.625149655931453e-05;4.549445835872768e-05;4.494043673070119e-05;4.46557625458832e-05;4.396337357011301e-05;4.252653989947079e-05;4.041173802815918e-05;3.811218096890073e-05;3.620228640669455e-05;3.519723554094021e-05;3.5564126341740896e-05;3.693478680022526e-05;3.858105421452903e-05;3.963197648640748e-05;3.941068744387435e-05;3.788635859933429e-05;3.5564341591881124e-05;3.3225841677138164e-05;3.162601665617496e-05;3.070971538167578e-05;3.036832994227114e-05;3.0433142651109022e-05;3.077601500735637e-05;3.117815828473057e-05;3.135211275009335e-05;3.1270708426608924e-05;3.1056124617435995e-05;3.08471532546751e-05
1423.5786909522758;1.051877997321571e-09;7.245553486324695e-10;4.0079429715671315e-10;2.3540209723793524e-10;1.0453034154812664e-09;4.396274687395015e-09;1.4591954457807469e-08;3.1785405497728395e-08;4.9997697783418756e-08;6.682919738925437e-08;7.020897621087896e-08;6.268052922516014e-08;4.9186070347044655e-08;3.1375944823962726e-08;1.4861145565219346e-08;6.117966702144967e-09;4.605351782669435e-09;4.104673089182631e-09;3.759858701435878e-09;5.0763743288109725e-09;9.344584326173548e-09;1.5164010039132766e-08;1.8303434198002717e-08;1.6527575125351517e-08;1.2768482104387949e-08;2.5221108544913496e-08;5.7979572028821444e-08;1.0130568651934244e-07;1.389259816874863e-07;1.5367563629207206e-07;1.4109899992629038e-07;1.1031459137213373e-07;7.394640974878085e-08;4.363456025161008e-08;2.7912281614101493e-08;3.1980095458313255e-08;5.4042636995134685e-08;9.702016729401745e-08;1.4979454131633001e-07;1.8499807401845413e-07;2.0589998850114386e-07;3.2005754880810333e-07;1.0847445402458386e-06;3.875380704223166e-06;1.0125526724748818e-05;2.0350287358069645e-05;3.4127388078570934e-05;5.016573158478635e-05;6.819473659174541e-05;8.784265809460155e-05;0.0001090990186211;0.0001313276705494;0.0001524307158613;0.0001696424048502;0.0001800050724511;0.0001825130862798;0.0001779060825936;0.0001681866697136;0.0001555874774136;0.0001415115759168;0.0001270320510124;0.0001127253723057;9.905105268862049e-05;8.657165910991223e-05;7.58291102307837e-05;6.735419721027992e-05;6.137290694886611e-05;5.76090644572124e-05;5.505323935141625e-05;5.284460777081642e-05;5.0661322762484e-05;4.85993310357442e-05;4.694757089385453e-05;4.574076827643491e-05;4.484736011371006e-05;4.409355152522042e-05;4.337933379333318e-05;4.238664356295295e-05;4.106010427114131e-05;3.9857013238904135e-05;3.884251844261279e-05;3.8263035209038846e-05;3.827258907985055e-05;3.879240288244457e-05;3.957253434859401e-05;4.007942816756191e-05;3.977845051838731e-05;3.8514151739711776e-05;3.655827449323071e-05;3.4360161119252315e-05;3.2594929171212844e-05;3.164565927801762e-05;3.119641350297384e-05;3.093036404769443e-05;3.061625841188212e-05;3.0288195511351797e-05;3.010794640664832e-05;3.003541981800929e-05;3.000374574356357e-05;3.003930175947464e-05
1425.272040474836;2.7852854174319407e-09;2.0332074428565082e-09;1.2221678127149928e-09;8.506559828522578e-10;2.3948369467033852e-09;1.070621013283188e-08;3.7017855222512615e-08;8.446428144308081e-08;1.2825389358528776e-07;1.4194140177991068e-07;1.1931932802198806e-07;7.514066419611638e-08;3.7834487796593994e-08;1.870815178091424e-08;1.060970791044083e-08;8.113944466695925e-09;9.171065397490454e-09;1.5119902090319084e-08;2.7860030605300758e-08;4.2881714887013645e-08;5.071688247731029e-08;4.7343660785123065e-08;3.4622031236687545e-08;1.958534633424345e-08;1.110547472119114e-08;1.2504425514329949e-08;2.3561456493056858e-08;4.403527752303114e-08;6.895712043629636e-08;8.688954377930728e-08;8.841309897561473e-08;7.232348032415596e-08;4.7238617557658776e-08;2.8154328370157703e-08;2.3473541306322628e-08;3.4310787322434834e-08;5.123597461556443e-08;7.39682413114403e-08;9.269308306354955e-08;1.0131151493384137e-07;1.532274855641236e-07;4.580440804337532e-07;1.6712232300456658e-06;4.8700853977955e-06;1.115319924547922e-05;2.161542322842735e-05;3.609301715264784e-05;5.370599234161611e-05;7.363936961850749e-05;9.53135965181906e-05;0.0001185482309666;0.0001423360006038;0.0001638032478923;0.0001803266910382;0.0001900624021926;0.000192601226027;0.0001887007141726;0.000179834732651;0.0001677088220539;0.0001535840038407;0.0001384013276502;0.0001227123677755;0.000107291953575;9.329393069193784e-05;8.14884127221168e-05;7.22312564653837e-05;6.530891469311477e-05;5.9892600673237416e-05;5.5473204938062826e-05;5.202520889567356e-05;4.923091059995604e-05;4.715024205067663e-05;4.587668890348566e-05;4.522214117493618e-05;4.478955322207817e-05;4.434399572908227e-05;4.391191827692576e-05;4.332141941678203e-05;4.253502080045285e-05;4.173320966241784e-05;4.0939892465241936e-05;4.021895894585189e-05;3.965209048167865e-05;3.921067075871138e-05;3.8930643542827136e-05;3.856752825126773e-05;3.797797935730045e-05;3.728199066214978e-05;3.649130615005527e-05;3.571866165454734e-05;3.506335592398523e-05;3.4585264293758315e-05;3.398878934366903e-05;3.321120498411063e-05;3.2072272299542046e-05;3.072549574588889e-05;2.9771521019195832e-05;2.940375524460764e-05;2.948072255831134e-05;2.9721637657917485e-05
1426.9647340894917;3.5472756842691763e-09;2.853664823138616e-09;2.113409042079584e-09;1.6188273612274011e-09;2.789907061611727e-09;8.965013527007256e-09;3.070862240187398e-08;7.500217999047906e-08;1.225044186577616e-07;1.4604670731375128e-07;1.3991269048270534e-07;1.1151666602234884e-07;8.745376943784e-08;7.163151443130187e-08;5.49371731590107e-08;3.614761795179472e-08;2.103672418224357e-08;2.8517717833699706e-08;5.2904829947820827e-08;8.31951227300596e-08;9.966650988798177e-08;9.342688166353346e-08;6.791580253254312e-08;3.8010658887271246e-08;2.3805690233301728e-08;3.549339521484601e-08;7.430566345743495e-08;1.2986116351309334e-07;1.8046201725662097e-07;2.0094205436305038e-07;1.8528585556430877e-07;1.3973311663525382e-07;9.07431076322536e-08;5.318805182385832e-08;3.7778190757164694e-08;3.806421713405893e-08;4.24444265051228e-08;3.8832620389685745e-08;2.7121693247905925e-08;1.4470219342403418e-08;6.256480601633785e-08;3.912687354874549e-07;1.5009097855756505e-06;4.428392025118206e-06;1.0477575985332183e-05;2.1198025287110892e-05;3.707944303545671e-05;5.737092459452815e-05;8.097898648191835e-05;0.0001062745111724;0.0001319332528006;0.0001562779979184;0.0001766761123853;0.0001914023417746;0.0001997943978336;0.0002021352086215;0.0001992194252921;0.0001917179431981;0.0001802806056855;0.0001660549518056;0.0001500076282901;0.0001326788770124;0.0001153045530292;9.98212777131838e-05;8.70666434706622e-05;7.69036531832948e-05;6.872635607155277e-05;6.195571411929304e-05;5.647994584556944e-05;5.230116002516666e-05;4.942027745747355e-05;4.748701246443954e-05;4.633592826889937e-05;4.568487405814294e-05;4.517952868510354e-05;4.4623424574807694e-05;4.391577195291713e-05;4.327442071909515e-05;4.258580873069872e-05;4.184829457663245e-05;4.115492716031587e-05;4.0449432896150965e-05;3.976460635832694e-05;3.9104530250244656e-05;3.841107030593796e-05;3.785766364046517e-05;3.750149147249189e-05;3.714525107642676e-05;3.699191456594722e-05;3.679718947981925e-05;3.6386180388691005e-05;3.571870013868448e-05;3.474524248231578e-05;3.3607119430794246e-05;3.233600284836018e-05;3.1112428259758625e-05;3.01475220661406e-05;2.9633528214894542e-05;2.9545790481279147e-05;2.964498127112528e-05
1428.656771850321;1.4354077329503266e-08;9.210035381952745e-09;5.246459143979279e-09;3.0032429959949422e-09;3.1514473745324307e-09;4.371600922285099e-09;1.0271732680804602e-08;2.7084707651964035e-08;5.020696706512562e-08;6.776457359327249e-08;7.967196800341087e-08;9.266010742909349e-08;1.0582495822840109e-07;1.0921293303880105e-07;9.171210188361589e-08;5.9189091945917725e-08;3.3356188295210885e-08;2.6049103245360064e-08;3.3185906754587255e-08;4.5746528870364113e-08;5.277015744802504e-08;4.9252915255240065e-08;3.6409147598864763e-08;2.1920449670883543e-08;1.792575781750732e-08;3.6096566247353694e-08;7.98110034796554e-08;1.3101796445251297e-07;1.6285301023131844e-07;1.589966220084869e-07;1.2752439611911568e-07;8.906687855871416e-08;5.5205329131246755e-08;3.2009910930098885e-08;2.2204734167029862e-08;2.2719230899079072e-08;2.3854362584954163e-08;2.012575130898778e-08;1.47969879374176e-08;9.13137918454648e-09;3.264420196425014e-08;2.591497281163317e-07;1.1504507820369114e-06;3.849573375582705e-06;1.0028993782221965e-05;2.1571482611755952e-05;3.925875042971096e-05;6.194904230068505e-05;8.789969131572852e-05;0.0001149093785881;0.0001415384699346;0.0001665106733358;0.0001880674165951;0.0002045841720014;0.0002149974355465;0.0002188593073087;0.0002161698223592;0.0002073725829855;0.000193590587339;0.0001769920370671;0.0001587482318839;0.0001394122208847;0.0001201168354787;0.0001027651996218;8.86045296958832e-05;7.778159632812316e-05;6.960330223389129e-05;6.342292773155891e-05;5.8973616562576506e-05;5.6012507789501153e-05;5.399626707461168e-05;5.2313395239815233e-05;5.052561970809305e-05;4.8551709065482805e-05;4.663071022754668e-05;4.500849320786185e-05;4.378090509262807e-05;4.302018405421431e-05;4.26177901664701e-05;4.244306284914684e-05;4.210989190352173e-05;4.128823004743248e-05;4.018414429896994e-05;3.92146176037157e-05;3.8390723442624406e-05;3.799043631757199e-05;3.801375614549349e-05;3.800883129106367e-05;3.793438100449369e-05;3.759208481873361e-05;3.696322723008181e-05;3.6142008036896365e-05;3.550822037133038e-05;3.5172591470860673e-05;3.492290265868625e-05;3.467908472933436e-05;3.416104326434314e-05;3.3383404424395505e-05;3.25990244575206e-05;3.1990432144548346e-05
1430.348153811501;8.505326003340293e-08;6.372136941494268e-08;3.9702271360959673e-08;1.775166666630347e-08;8.418337113890829e-09;5.620551884910825e-09;5.808408342230697e-09;1.2510551500994861e-08;2.489178150808156e-08;3.5756164153353176e-08;4.060656901422671e-08;4.702438642266183e-08;5.2491242013196516e-08;5.547291674036855e-08;5.4768110553560496e-08;5.57295035299721e-08;6.534339900902566e-08;6.809274281480639e-08;5.7839890095935294e-08;3.7850646106381984e-08;1.8586002852823548e-08;8.897327839333507e-09;6.368105905964222e-09;5.753705871462575e-09;8.44533675010969e-09;2.0190724325798008e-08;4.044922100113912e-08;5.7553797623446496e-08;6.089599109491512e-08;5.2999237641228746e-08;4.6598606464242724e-08;5.634965068098791e-08;6.015610434123723e-08;5.21234927703475e-08;3.46011135232093e-08;2.275470810274621e-08;2.4409096591772913e-08;3.2567592660135015e-08;3.418405253139926e-08;2.603207606924121e-08;2.6060394814251958e-08;1.6402656679420152e-07;1.0236374479538229e-06;3.997935692612433e-06;1.122834745402448e-05;2.4303854782075072e-05;4.340265092861829e-05;6.773779175943452e-05;9.460881474064836e-05;0.0001222999945278;0.0001497383589739;0.000176023210679;0.0002000270578072;0.0002199427154267;0.0002333121888112;0.000238144917139;0.0002342216357917;0.0002228803649604;0.0002061915382807;0.0001868435913895;0.0001663617276263;0.0001458637868256;0.0001263352296108;0.0001088766747538;9.433095240804827e-05;8.282173512711666e-05;7.39466082675627e-05;6.725785273482929e-05;6.258820938427156e-05;5.954028972272705e-05;5.7544155683106384e-05;5.595951590257345e-05;5.413958581723587e-05;5.1707783842395015e-05;4.8830953609789866e-05;4.613086261648808e-05;4.426548072873183e-05;4.329522012672175e-05;4.321417206034947e-05;4.365092382343217e-05;4.389915315912341e-05;4.342829168187164e-05;4.22424715772951e-05;4.067501985256642e-05;3.926176352312309e-05;3.825886469394305e-05;3.778506070843842e-05;3.767898646973964e-05;3.757198728186469e-05;3.726371032057748e-05;3.6744305442329584e-05;3.6299202772795936e-05;3.630095375531104e-05;3.686085606622492e-05;3.771198418885882e-05;3.817160035342293e-05;3.781936652324593e-05;3.6756246676797226e-05;3.55435860291441e-05;3.463974524587801e-05
1432.0388800272997;1.387459990595027e-07;1.0732693508955987e-07;7.143208055541272e-08;4.64572664136558e-08;4.4392684878867e-08;5.058661106452884e-08;5.400698062040829e-08;5.20038850173424e-08;4.8908095696186435e-08;4.496066035653124e-08;3.4592353018317934e-08;2.0699860790107345e-08;1.1754291364819683e-08;1.2040824397998589e-08;3.4278337592671166e-08;7.612597223969916e-08;1.2256385474611933e-07;1.4291909371480396e-07;1.1836293614888185e-07;7.369735505808996e-08;3.4300196665996594e-08;1.74706435371303e-08;1.570531763736015e-08;1.6852451428334853e-08;1.7080577779476796e-08;1.7787198382003342e-08;2.0308320113787635e-08;2.1266604413180158e-08;2.4973355806829004e-08;4.846744567861802e-08;8.754621428865431e-08;1.3530403286328033e-07;1.557202132594851e-07;1.3405669280046717e-07;8.493877223212629e-08;5.206922642108564e-08;7.408693177304808e-08;1.364915751034471e-07;1.7841398155353046e-07;1.7272496853621553e-07;1.299278651484509e-07;1.5514022110659132e-07;9.53418684035324e-07;4.327828027865842e-06;1.2406452587489271e-05;2.6723569528459358e-05;4.722154684160449e-05;7.258500762664434e-05;0.0001008548238584;0.0001300967882822;0.0001589493854731;0.000186641520409;0.0002123205886668;0.0002336224828449;0.0002471717496765;0.0002510325403416;0.0002456503146576;0.0002330366885552;0.0002153237571157;0.0001942805778358;0.0001717766947595;0.0001503720602071;0.0001315163482231;0.0001153717301447;0.0001015096853126;8.95569883057103e-05;7.9507580818023e-05;7.140677604721188e-05;6.516692534898019e-05;6.077845274239327e-05;5.814837588154689e-05;5.6652858920643965e-05;5.537633239254415e-05;5.36534278365261e-05;5.1307036523548416e-05;4.858013318437157e-05;4.624752755554591e-05;4.484880568428808e-05;4.442182669778465e-05;4.463382644578617e-05;4.501704991755519e-05;4.527053268494438e-05;4.501797071422484e-05;4.382465211190019e-05;4.223111101414456e-05;4.049426112786159e-05;3.894254874217474e-05;3.778019953921243e-05;3.719034919148511e-05;3.69069280980631e-05;3.670928756644568e-05;3.6603301661550464e-05;3.668490460568801e-05;3.6830925323532205e-05;3.7015679297043485e-05;3.700506711963865e-05;3.6662120494676725e-05;3.608185983018548e-05;3.5493459564043945e-05;3.514802707761155e-05
1433.7289505520712;6.995703529434366e-08;5.5984437289916466e-08;5.0679407561413954e-08;7.745955288810729e-08;1.390981327685083e-07;2.0409443241068218e-07;2.2217232378110005e-07;1.849286165320037e-07;1.22735921625441e-07;6.87951981736119e-08;3.6411010516494735e-08;2.0438826680736894e-08;1.350799560172028e-08;1.9197202948702995e-08;4.8508522811550354e-08;8.991014424039251e-08;1.2371535314292988e-07;1.2610455214924609e-07;9.508784203669183e-08;5.38030327950985e-08;2.58131498600514e-08;1.8154817375728884e-08;2.254489997081198e-08;2.7134844528849386e-08;2.7369092859444853e-08;2.2677796997212386e-08;1.571293511327883e-08;1.3914050454370591e-08;2.978669811233125e-08;6.636677153787245e-08;1.1513245624710819e-07;1.549670989872759e-07;1.6044408580530813e-07;1.2863735768499196e-07;8.697371319678596e-08;7.602995858328288e-08;1.3532694856721718e-07;2.322216791151171e-07;2.978676799628613e-07;2.974676304102643e-07;2.2866818048121933e-07;2.318303249499337e-07;1.189358948680661e-06;4.9254848808516144e-06;1.3350954113804554e-05;2.829369203646688e-05;4.982025698022931e-05;7.649432086716887e-05;0.0001066585712829;0.000138059050113;0.0001689777830308;0.0001984188273858;0.0002253673756821;0.00024694509102;0.0002598570279946;0.0002628854944812;0.000256588509211;0.0002427537635657;0.0002231609250414;0.0001996878823822;0.0001752714242487;0.0001530074673453;0.000134316900003;0.0001189960139234;0.0001058934018219;9.392557827402471e-05;8.290029873423593e-05;7.3510195766278e-05;6.637456777926264e-05;6.164219782197346e-05;5.906260162140653e-05;5.788633870616285e-05;5.7099483814010126e-05;5.5960410256611926e-05;5.418786314675264e-05;5.185319719390626e-05;4.935923185043825e-05;4.71014584841513e-05;4.560873124245724e-05;4.512901301733392e-05;4.528456667480492e-05;4.580130622818984e-05;4.608589682858099e-05;4.562413157510157e-05;4.4360277239055405e-05;4.258372902125745e-05;4.070221210109659e-05;3.942947271819081e-05;3.879576920759123e-05;3.843192206991618e-05;3.790500466119754e-05;3.717190003904977e-05;3.649326598835561e-05;3.5834183749600465e-05;3.5428307776381706e-05;3.528922326882127e-05;3.5275873158955245e-05;3.534960231009243e-05;3.53573429223679e-05;3.5333362044940016e-05
1435.4183654402768;4.835609779931467e-09;1.1930749340564364e-08;3.856664450522243e-08;1.0598639693352699e-07;2.169705296964047e-07;3.402047953719447e-07;4.033246685688765e-07;3.754480813506934e-07;2.731261912207145e-07;1.5611688418794838e-07;8.077535898646277e-08;4.3089998688434866e-08;2.6390403761235732e-08;2.7506422958358928e-08;4.416727479046464e-08;6.895567396694968e-08;8.627356570729258e-08;8.069131234539437e-08;6.243799330892739e-08;3.7164823691704e-08;1.7569338207146118e-08;1.4127142876511176e-08;1.7070091181622643e-08;2.1513290610326032e-08;2.9500423480808533e-08;4.5535315648313845e-08;5.4963669885280666e-08;5.797690750373839e-08;6.065626611993184e-08;6.128286166843554e-08;6.783777746769742e-08;7.158145721492037e-08;6.530538093989414e-08;5.8059089898270595e-08;7.0163293681587e-08;1.1808204941573232e-07;1.939346351201156e-07;2.511635899356449e-07;2.6979508628540305e-07;2.2749065443380133e-07;1.650489270175623e-07;3.482681426229505e-07;1.6860558438711614e-06;5.820315378217138e-06;1.4778495025432368e-05;3.0352260053729568e-05;5.268875258895972e-05;8.095950051743294e-05;0.0001128894225213;0.0001468498641916;0.0001813981764383;0.0002140659871524;0.0002427697638528;0.000264234740798;0.0002761966493652;0.0002782578825205;0.0002705124694863;0.0002543789836154;0.0002316135088172;0.0002052874344004;0.0001800037835575;0.0001584057896506;0.0001407755823169;0.0001260467458631;0.0001123008374016;9.895677320236598e-05;8.639764256422605e-05;7.569587183485889e-05;6.773525924743826e-05;6.266556301481197e-05;6.009579650031551e-05;5.892283310784464e-05;5.829241388150889e-05;5.734637292375132e-05;5.563681275665992e-05;5.318846820561799e-05;5.014963067499385e-05;4.737202783559825e-05;4.552639193923116e-05;4.493558330957768e-05;4.533685599612169e-05;4.5973830939300855e-05;4.598102191797037e-05;4.508180152211928e-05;4.356461470404664e-05;4.212408529278433e-05;4.132556028302744e-05;4.127731586998095e-05;4.148262416689556e-05;4.119511656289769e-05;4.014875362910638e-05;3.848766134836537e-05;3.6751063776011776e-05;3.5561188930440026e-05;3.517364661930632e-05;3.531752187518281e-05;3.5574428591707e-05;3.5647565633619674e-05;3.553017702766231e-05;3.539733819531416e-05
1437.107124746468;2.223377156002906e-09;1.3964962446134332e-08;4.436674210134964e-08;1.077826579456527e-07;2.149540863047111e-07;3.568855315742628e-07;4.7373174740672567e-07;5.052491232038944e-07;4.196506301309325e-07;2.691743799270241e-07;1.435730191512894e-07;7.473473082140112e-08;5.2660419265438216e-08;5.8487078236860116e-08;7.285475731027835e-08;9.009059338583518e-08;1.041493623026281e-07;1.0225168312490793e-07;8.246321860553149e-08;5.350496988959186e-08;2.8590850837704063e-08;2.5186753473562912e-08;4.306008800520596e-08;6.498684908951066e-08;8.557218131149532e-08;1.04658229304058e-07;1.1522889526665708e-07;1.1263706702095097e-07;9.047162539464916e-08;5.8298378202621364e-08;3.4915157713252695e-08;2.47707332689099e-08;2.3869553754616962e-08;4.056132574180834e-08;8.418155035247598e-08;1.524332599149781e-07;2.224011968184938e-07;2.453922721443615e-07;2.06180948112196e-07;1.3887985015560384e-07;1.1125932633750197e-07;4.3870606138288054e-07;1.8827912308633268e-06;5.987838467926807e-06;1.5193738702819802e-05;3.1532455314689417e-05;5.519436433655684e-05;8.554581249600839e-05;0.0001196750863803;0.0001549209765205;0.000190973242838;0.0002255551443605;0.0002547823269904;0.0002757919255902;0.0002875056805047;0.0002900230601406;0.0002829549838327;0.000266488347842;0.0002426360606687;0.0002157137068483;0.0001902784084314;0.0001683926723553;0.0001498510127806;0.0001330409235798;0.0001168225293386;0.0001015658372101;8.785395198850678e-05;7.649722040677794e-05;6.82173735012342e-05;6.280918151582056e-05;5.976984283728299e-05;5.808829933832444e-05;5.708927461712054e-05;5.602648462616579e-05;5.4289187363384425e-05;5.1860640075015046e-05;4.916785996223217e-05;4.6833400051041966e-05;4.5585620763316176e-05;4.534196138855913e-05;4.586452440569325e-05;4.628042672719832e-05;4.588222027316746e-05;4.470431367939916e-05;4.327816238154758e-05;4.23961370655932e-05;4.236779107047197e-05;4.285415914887728e-05;4.305630276408036e-05;4.241908475643622e-05;4.0916836715726685e-05;3.876097131026528e-05;3.664766709252945e-05;3.536458255852061e-05;3.493847968382696e-05;3.5114873091647783e-05;3.547174003130516e-05;3.57055405085468e-05;3.580863376509229e-05;3.5788313162406506e-05
1438.7952285252725;1.0298755277813543e-08;1.2782914227997194e-08;2.8464655131695e-08;6.830650012704192e-08;1.4697834990450977e-07;2.704011983643356e-07;4.0360189802382533e-07;4.688592735423678e-07;4.232512795592636e-07;2.93820006555505e-07;1.609765667189303e-07;8.558433656653684e-08;6.764805549883386e-08;8.235096328902468e-08;1.0472884982299437e-07;1.1838670683656623e-07;1.1548116435288345e-07;9.913536646109985e-08;7.14073177305398e-08;4.7999613316632416e-08;4.5594460783945184e-08;7.094057261783382e-08;1.2147005557019106e-07;1.5921676389888198e-07;1.6257596683254198e-07;1.3669281829416458e-07;1.0266128157425525e-07;7.704328287802551e-08;5.593364937270646e-08;3.9285818475092455e-08;3.6998423756809715e-08;4.8170977262359784e-08;6.728775082485436e-08;8.297844431090811e-08;9.914181678928668e-08;1.1858116964295989e-07;1.436860289768065e-07;1.5747417060914997e-07;1.3098235419921896e-07;1.086118163816049e-07;1.285360918940706e-07;4.429326230834335e-07;1.682119750460547e-06;5.663271857092781e-06;1.489268175705599e-05;3.1997936792670656e-05;5.735120050979718e-05;8.905313854124075e-05;0.0001241000917157;0.0001599585027082;0.0001949535078486;0.0002276390523265;0.0002550390296672;0.0002755449093209;0.0002882927460905;0.0002929392675028;0.0002882557137024;0.0002737541723072;0.0002512445707288;0.0002248839616725;0.0001984190213174;0.0001733883083667;0.0001507498434868;0.0001307585260566;0.0001132203068843;9.784982929505108e-05;8.476114512542456e-05;7.437979148812908e-05;6.692261071311506e-05;6.194953888692198e-05;5.86873652331151e-05;5.655849397966728e-05;5.517185467020821e-05;5.39294996232403e-05;5.239617383259713e-05;5.057484430902831e-05;4.885223627614844e-05;4.757298577425275e-05;4.712280549941962e-05;4.713262549519287e-05;4.7309149895917744e-05;4.710751577062115e-05;4.617947590704674e-05;4.50705398643033e-05;4.409003621226505e-05;4.360456160175812e-05;4.359633383274487e-05;4.381825652680048e-05;4.333228087485501e-05;4.203217613936168e-05;4.001746674339506e-05;3.767235698683669e-05;3.564752258353642e-05;3.436159146114188e-05;3.384403946923196e-05;3.389195085920251e-05;3.416341662787431e-05;3.455218603652302e-05;3.4956190986098344e-05;3.517952279369791e-05
1440.4826768314342;4.642082789478148e-08;2.7917846618870107e-08;1.9855027633744774e-08;3.836428602927104e-08;9.30025842953112e-08;1.8242473082382482e-07;2.861804030433253e-07;3.3947218563979786e-07;3.147997125269543e-07;2.3174404591572522e-07;1.3830598266341985e-07;7.674268577069852e-08;5.1573882932512466e-08;5.081993695932769e-08;5.9539552769678224e-08;6.352581152611903e-08;5.6136019237476146e-08;4.168164202661372e-08;2.799590883790406e-08;2.7063041972865643e-08;5.0961443843608996e-08;9.636033371145664e-08;1.416056813682501e-07;1.5936966559383974e-07;1.38934638401107e-07;9.491655629385363e-08;5.427550163217771e-08;2.9196954362920764e-08;1.8763757205860916e-08;2.1405987620611934e-08;4.1056630093622826e-08;7.745950132191141e-08;1.0942041685577301e-07;1.1395406236277585e-07;9.417140438090153e-08;6.74801003306245e-08;5.4673230557793096e-08;6.610352347017381e-08;8.912899896082278e-08;1.1725581109628121e-07;1.7467412095265298e-07;4.335959423698872e-07;1.5772760605534614e-06;5.534923849206134e-06;1.462773393005634e-05;3.1225078198228044e-05;5.648019517334668e-05;8.876431632785661e-05;0.0001254881551231;0.0001636604518076;0.0001991956639375;0.0002300214350304;0.0002551409029415;0.000274390693256;0.0002870460960969;0.0002927633484655;0.0002894875825416;0.0002769338035443;0.0002556865289956;0.0002289365971245;0.000200320249482;0.0001725374210092;0.0001475485269695;0.0001265017368236;0.0001086726473927;9.345736314828282e-05;8.11306849231712e-05;7.172207550566902e-05;6.529586606013189e-05;6.149003354967908e-05;5.925395822152849e-05;5.769916932572309e-05;5.619773451117301e-05;5.437855843384799e-05;5.213350051591162e-05;5.029557957269587e-05;4.868479639944937e-05;4.790532979083679e-05;4.76254873202245e-05;4.764377530852329e-05;4.7427659519166e-05;4.666053450218198e-05;4.537948563937804e-05;4.393459494172503e-05;4.2904118331197374e-05;4.25045377198795e-05;4.26454470994751e-05;4.293022230875864e-05;4.301977989425267e-05;4.220643617506358e-05;4.104255370106788e-05;3.9645077118028384e-05;3.834462295260569e-05;3.729805818600615e-05;3.6457648183404825e-05;3.568776857886437e-05;3.494407543640136e-05;3.4315234023585096e-05;3.390165219373699e-05;3.375762836793548e-05
1442.1694697197709;6.575107559148644e-08;3.944997610177307e-08;2.3242903688208185e-08;3.5622685430374214e-08;8.720942510790031e-08;1.5969517047393061e-07;2.140693888929429e-07;2.2324344469973358e-07;1.8281086961799133e-07;1.2648224393572173e-07;8.376595860979948e-08;6.61440168272594e-08;7.397251215575443e-08;9.312423091441333e-08;1.0311928932430401e-07;8.150596489320036e-08;5.2558138876598266e-08;2.954226256971218e-08;1.7641772492625343e-08;1.8986001288441336e-08;3.266180211754862e-08;5.4035166896131484e-08;6.805769389419456e-08;6.759317534147866e-08;5.538576926981804e-08;3.805683069147813e-08;2.7829501907795363e-08;2.2838907280065e-08;2.195863561608813e-08;3.1865866453768585e-08;6.21261376360329e-08;1.0515237422451228e-07;1.273196264882656e-07;1.1520325094893327e-07;8.172086261266848e-08;4.67036919108546e-08;3.3172539442887214e-08;4.1051781244697153e-08;8.5670157343379e-08;1.6847397468765958e-07;3.066920078042722e-07;5.917045523943121e-07;1.7197996051415508e-06;5.212249009703786e-06;1.3584465385883189e-05;2.919543349229665e-05;5.383932395908078e-05;8.721095166033544e-05;0.0001262490138471;0.0001659855501378;0.0002020432351311;0.0002327131914789;0.000257575865541;0.0002769220278175;0.0002905138425111;0.0002969111927559;0.0002945054909667;0.0002822266189676;0.0002607568647395;0.0002332091852677;0.0002033640098889;0.000174639948297;0.0001490462003794;0.0001272799495165;0.0001091997608102;9.439949684975572e-05;8.227502409076517e-05;7.286287407997159e-05;6.610207966689896e-05;6.226348923256375e-05;6.053080199435128e-05;5.938999111266021e-05;5.7826446580640006e-05;5.560240725579301e-05;5.306728697491994e-05;5.0727202665267805e-05;4.8979948609025816e-05;4.778866518630748e-05;4.697329184903979e-05;4.6547334719798055e-05;4.608962834042349e-05;4.5430823836555456e-05;4.471353676303666e-05;4.403515066893908e-05;4.3489278388817495e-05;4.3052153586563695e-05;4.276261156826852e-05;4.261522009438616e-05;4.259896633377188e-05;4.262751193698162e-05;4.250221466820239e-05;4.216909131691672e-05;4.16176571144017e-05;4.075413569625826e-05;3.959028434571794e-05;3.810753117768251e-05;3.653023881535863e-05;3.5061249418375664e-05;3.3865498466345296e-05;3.307679057545476e-05
1443.8556072452157;2.9001096114553722e-08;1.7881672290464375e-08;1.122207956007127e-08;1.7208845038570726e-08;4.3301128783670356e-08;8.003952061959764e-08;1.024023770309819e-07;9.941321281746737e-08;7.226138128715978e-08;4.482667000842414e-08;3.869280720787074e-08;6.098428460551447e-08;1.1024362304655936e-07;1.631025658217996e-07;1.8858440643298784e-07;1.715163669087769e-07;1.2201860910963906e-07;7.347454648860363e-08;6.331887023487618e-08;6.79188571090089e-08;6.877341698928778e-08;5.5130908287717455e-08;3.4966159473913225e-08;2.1444764411670124e-08;1.5166465732774305e-08;1.2480031352142564e-08;1.1975881011290121e-08;1.3629131482817113e-08;2.0692664105320008e-08;4.161165298500209e-08;8.116616919134149e-08;1.2508438594990433e-07;1.430344183704399e-07;1.574196152507736e-07;1.9648085165103666e-07;2.3501896438458805e-07;2.2861540475936813e-07;1.7048680529810074e-07;1.3834345585245424e-07;2.2335315224055505e-07;3.986905081169532e-07;7.095210722758591e-07;1.770281430470745e-06;5.041999326359823e-06;1.3795116481725442e-05;3.0665886422454e-05;5.638481921633753e-05;8.952104613983933e-05;0.0001263742365332;0.0001636435209611;0.0001985754056294;0.0002299320505775;0.0002569049017008;0.0002786356763243;0.000295608150963;0.0003035313300187;0.0003000996249597;0.0002851234254678;0.0002609609241589;0.0002316505233508;0.0002016281597231;0.0001732722584222;0.0001480725568482;0.0001269022792528;0.0001098937242712;9.634229396464234e-05;8.493495813211396e-05;7.589450628813277e-05;6.897861526104783e-05;6.39763389556127e-05;6.0867535412376014e-05;5.884679107552532e-05;5.728744071490517e-05;5.570688641644476e-05;5.463922687206476e-05;5.336446782130509e-05;5.234763025829811e-05;5.121270682022761e-05;4.9834179374885135e-05;4.830353082315666e-05;4.6910650918754765e-05;4.595607207077091e-05;4.585171337775907e-05;4.626236705277635e-05;4.649779942689435e-05;4.601742134387193e-05;4.48089288934186e-05;4.332082946611043e-05;4.17046947971846e-05;4.073046461564495e-05;3.9816812968292335e-05;3.908544054850482e-05;3.851530416980488e-05;3.802148736277183e-05;3.747265261511288e-05;3.6704556416430014e-05;3.565007002356644e-05;3.444648103377098e-05;3.3343238130741575e-05;3.247961158957092e-05
1445.5410894627676;1.1463377738516956e-09;4.8397830777018355e-09;2.1547134794398334e-08;5.5209134105693246e-08;9.780503841109709e-08;1.3734897744642286e-07;1.530189131603796e-07;1.3681520053389374e-07;9.869105445358009e-08;5.939558776587915e-08;3.974452202150569e-08;4.6964986370941615e-08;7.939384556876859e-08;1.3440353865004838e-07;1.839911859814793e-07;2.152825911852565e-07;1.9389730519589318e-07;1.471916043128099e-07;1.244592751542051e-07;1.2832676844200536e-07;1.244417394843767e-07;9.249684367953925e-08;5.334694303434693e-08;3.4423972234912745e-08;2.8975186983968383e-08;2.4387749947476413e-08;1.7407848977431142e-08;9.403043192419302e-09;1.2126244132463384e-08;2.280869809836421e-08;4.385420397457966e-08;7.49806698651074e-08;1.1091562310754737e-07;1.898376217681798e-07;3.326096565143082e-07;4.556511171496114e-07;4.482197874005073e-07;3.311569245174075e-07;2.2504072730561227e-07;2.7057316668454573e-07;4.085312442853666e-07;7.523923352487865e-07;2.0382453309352118e-06;5.819669737354772e-06;1.5870193154183283e-05;3.427339887418178e-05;6.0516170835101776e-05;9.224528189414718e-05;0.0001258690545934;0.0001602540221067;0.000194327057538;0.0002262201148591;0.0002543685909203;0.0002781720074453;0.0002962282469112;0.0003044729667318;0.0002995889287716;0.0002819953319768;0.0002555949839459;0.0002263741153593;0.0001970853452851;0.0001692252418465;0.0001446016659053;0.0001243170960978;0.0001081373792685;9.53381593583665e-05;8.50724777053236e-05;7.694703994165012e-05;7.090914096045557e-05;6.601893583816146e-05;6.193598866590615e-05;5.885890619506434e-05;5.6872435419654685e-05;5.584687659364408e-05;5.5508639254652045e-05;5.547071926740182e-05;5.53025708718205e-05;5.4510585685937233e-05;5.277370955361383e-05;5.034184233288555e-05;4.788003251971635e-05;4.625538458975761e-05;4.570213789228486e-05;4.576556621309713e-05;4.596734905918408e-05;4.5669860776522406e-05;4.449773004213895e-05;4.259107174407236e-05;4.039985826008207e-05;3.82048192651048e-05;3.6332686849843145e-05;3.5158436678571386e-05;3.480475525911877e-05;3.519286803705086e-05;3.5903722097862893e-05;3.632119088741551e-05;3.595704811322519e-05;3.4927006643507575e-05;3.375336399496082e-05;3.2900139675898614e-05
1447.2259164275383;1.4522696429849524e-09;1.068543760558172e-08;5.456574783990653e-08;1.5391606815817366e-07;2.960415043643616e-07;4.1096997669791756e-07;4.251796985028425e-07;3.380135447195424e-07;2.1138976401306803e-07;1.1236510518784933e-07;5.9556667685118224e-08;4.4103931469600284e-08;6.732429974773697e-08;1.487170698192261e-07;2.7070129551528005e-07;3.421945107073087e-07;3.200718056222249e-07;2.3087670073988419e-07;1.4200944653772742e-07;1.0475938150360477e-07;8.494659470307584e-08;6.657030372437198e-08;5.7564055296037075e-08;7.406687107352352e-08;9.509276644621055e-08;9.874857752558923e-08;7.702781618818547e-08;4.5172940954788446e-08;2.1657308079939124e-08;1.0445861832123085e-08;1.0928783922608928e-08;3.341145182988423e-08;8.478942173515944e-08;1.619545467340007e-07;2.484051387415981e-07;2.941802987981007e-07;2.6868592633844615e-07;2.0864892796368265e-07;1.947963811648922e-07;2.766001213307063e-07;4.227959713787749e-07;8.710314388188088e-07;2.391171820631203e-06;6.62067764416168e-06;1.6543110996292822e-05;3.423178052798115e-05;5.958528662662111e-05;9.088290226060132e-05;0.0001247624280863;0.0001593807370735;0.0001935857107241;0.0002251300629514;0.0002523144307855;0.0002744097377044;0.0002893030902453;0.0002952299594771;0.0002901197480955;0.000274015159311;0.0002502607790391;0.0002237885061313;0.0001963744700781;0.0001693940909849;0.000144937652693;0.000124446047905;0.0001080151224076;9.515908100118264e-05;8.500216168797335e-05;7.698786908982745e-05;7.10789512546886e-05;6.616088039578717e-05;6.179321893540462e-05;5.807759373950947e-05;5.530128518461432e-05;5.379089839273469e-05;5.302259466129522e-05;5.319521979257973e-05;5.342563369048066e-05;5.299848921470424e-05;5.165745225195285e-05;4.961186165641263e-05;4.743280485872057e-05;4.609933194387736e-05;4.53245045978212e-05;4.491328502262472e-05;4.452543098753013e-05;4.401867991733264e-05;4.3104523772070406e-05;4.157793331721556e-05;3.976671121206735e-05;3.780443137967823e-05;3.604955359415257e-05;3.4980635533095775e-05;3.4852707637089047e-05;3.5573758536445915e-05;3.667424039350666e-05;3.742823545030226e-05;3.739835392049927e-05;3.65968014326007e-05;3.5506779727420646e-05;3.46658026119945e-05
1448.910088194716;1.159458960899266e-09;9.761987531448596e-09;4.497826590717232e-08;1.4290254559237846e-07;3.046367593002315e-07;4.356235668471946e-07;4.444508884881546e-07;3.335880241601288e-07;1.9026477504251986e-07;9.984700612155257e-08;6.057023007956749e-08;5.0256574549553336e-08;7.737904579793988e-08;1.6147084462190437e-07;2.808784354580656e-07;3.331707399678269e-07;2.8699822755308265e-07;1.805182009273373e-07;8.719092623713349e-08;4.246633420623272e-08;2.5154261165560208e-08;2.439845645841216e-08;4.6133227194364326e-08;8.768306474489043e-08;1.279349834481991e-07;1.4094977460373094e-07;1.2077329579512772e-07;9.378006776177462e-08;8.764988208903661e-08;1.1018193501315669e-07;1.3097462566445704e-07;1.3295882659214265e-07;1.264787307726544e-07;1.1522309103897749e-07;1.1239727271055649e-07;9.956978196505904e-08;7.667666364514202e-08;6.212071597687958e-08;7.996478527901702e-08;1.3963535273153497e-07;2.7304712129233136e-07;8.178416987031624e-07;2.479085509873232e-06;7.049183156054751e-06;1.6774696321031236e-05;3.372263930389898e-05;5.790752345219542e-05;8.815826481469677e-05;0.0001214101943203;0.0001553930790448;0.0001892128910645;0.0002211124796373;0.0002479140151213;0.000267230730892;0.0002786986657985;0.0002824420830526;0.0002775941368578;0.0002640787412429;0.000243649036949;0.0002195202727833;0.0001942419215374;0.000169019832304;0.0001455052264543;0.0001253499107664;0.0001090519856057;9.600207195563591e-05;8.522994321005266e-05;7.646216375199912e-05;6.94360609695771e-05;6.355178551143055e-05;5.8640157667278296e-05;5.469443691905607e-05;5.191382838524524e-05;5.027654502155915e-05;4.9429941226034094e-05;4.930304927070964e-05;4.9510455786738855e-05;4.950787136945203e-05;4.912246792010708e-05;4.8369711870596986e-05;4.770184134191665e-05;4.705533709223938e-05;4.642412075890058e-05;4.573119206462961e-05;4.488397371868214e-05;4.376688829485868e-05;4.236395913345609e-05;4.083328876556401e-05;3.941652102856791e-05;3.828035657410857e-05;3.759934456635122e-05;3.723946404854258e-05;3.7063528960551895e-05;3.704687982169521e-05;3.709392771652485e-05;3.7181803873198295e-05;3.681957961150635e-05;3.621024462085682e-05;3.552611525974581e-05;3.499142539836768e-05
1450.5936048195945;1.4908076837872343e-08;1.4228907753994238e-08;1.8825953739993424e-08;4.682416967446881e-08;1.063229604028429e-07;1.5654150164241868e-07;1.5977538268057953e-07;1.1673825794856625e-07;6.690452787410435e-08;4.7020124302222785e-08;4.712440643504657e-08;4.7460680746774926e-08;5.428395590900512e-08;7.855928194895668e-08;1.0754140996666413e-07;1.1375513343169269e-07;8.881202960922016e-08;5.0664699895294976e-08;2.1588989157337265e-08;9.961528790099788e-09;6.482959144317936e-09;6.567024481086929e-09;1.865250758451568e-08;3.765035229112605e-08;5.56448157877635e-08;6.298549486441644e-08;6.306714535115969e-08;7.92626093037193e-08;1.297964639664226e-07;2.0480347641710485e-07;2.47331491571856e-07;2.19844939987188e-07;1.4694641487789056e-07;8.020619816817582e-08;7.56737042699121e-08;9.896039026763515e-08;1.0713343636026141e-07;9.333587653655852e-08;6.54186800361459e-08;5.0328095947749525e-08;1.3941278292142238e-07;6.773352464964221e-07;2.542468398360524e-06;7.65100958832534e-06;1.8011764980846844e-05;3.516229989910382e-05;5.859181719521816e-05;8.655690378574491e-05;0.0001175579596973;0.0001501189129514;0.0001829454553018;0.0002141095492156;0.000240243260214;0.0002591053994425;0.0002701186646672;0.0002738512598302;0.0002693314498908;0.0002560163111383;0.0002357001408916;0.000211974665187;0.0001877066674273;0.0001639774746324;0.0001419253298467;0.0001227742546835;0.0001070200830282;9.421645015758193e-05;8.34601727969369e-05;7.439125931249041e-05;6.700511972218854e-05;6.124893482106532e-05;5.679516690726073e-05;5.336103389208032e-05;5.089427949720784e-05;4.9151104567050464e-05;4.783009784025743e-05;4.660055386759123e-05;4.564168780220728e-05;4.510428386239796e-05;4.49645074790791e-05;4.52469961347175e-05;4.583055651744969e-05;4.625390134853561e-05;4.652594193383489e-05;4.618197024801256e-05;4.572183199566149e-05;4.456678388946662e-05;4.283671210614585e-05;4.097930873833051e-05;3.965073100823451e-05;3.923919975893153e-05;3.951474744721336e-05;3.978678373870455e-05;3.955881982335901e-05;3.878282190921173e-05;3.772839172263605e-05;3.6776238293725696e-05;3.596569574161734e-05;3.530815573122239e-05;3.483428459157902e-05;3.451905084395517e-05
1452.2764663575545;9.379162454520657e-08;9.113276234771308e-08;8.011204660215386e-08;6.659015851745173e-08;6.19422999762619e-08;6.578728476193188e-08;7.227517172083846e-08;7.213143407809089e-08;6.268469140248054e-08;5.378096903909676e-08;4.999333456506624e-08;4.857187123348279e-08;4.907301664236704e-08;5.5204412374703713e-08;6.337637170717263e-08;6.330685382460437e-08;5.021619927884242e-08;3.0414979346885404e-08;1.3572598764928245e-08;8.04108042241017e-09;5.3818000602445125e-09;3.7509340302906795e-09;3.238973403021376e-09;3.327325202860504e-09;3.2715178066879062e-09;3.419501083776242e-09;7.825399510823449e-09;2.7876646584505483e-08;6.606801279119767e-08;1.137881849316376e-07;1.4463056734491884e-07;1.4645677910447317e-07;1.1997627443905752e-07;8.87029848487465e-08;8.935321303493067e-08;1.1435909154906373e-07;1.4554710412290126e-07;1.6397472163845728e-07;1.6410804231732548e-07;1.5815412891646854e-07;2.181643939029665e-07;6.092531242812218e-07;2.1913810332957865e-06;6.903644878813639e-06;1.6869821235326935e-05;3.379749660111792e-05;5.695528485252407e-05;8.440530090886273e-05;0.0001150631984732;0.0001473593634227;0.000179541830389;0.0002095279636996;0.0002345350274743;0.0002530590111016;0.0002640256956792;0.0002672388727758;0.0002618264596384;0.0002477977751;0.0002274014994533;0.0002038217314695;0.0001803524814471;0.0001579333299562;0.000137338174019;0.0001191723689467;0.0001035828854042;9.05393535911885e-05;7.965377146002073e-05;7.099030736885289e-05;6.458333336841943e-05;5.9992606519521934e-05;5.663502906018529e-05;5.391103409948271e-05;5.1526332127217534e-05;4.9284946884523485e-05;4.69858207853932e-05;4.4872911398270696e-05;4.305155771787361e-05;4.1786655068377806e-05;4.133131204344701e-05;4.170589537416956e-05;4.237076618089248e-05;4.3159545832915e-05;4.387074726001457e-05;4.441515912603092e-05;4.4531188837896096e-05;4.387571912727229e-05;4.249913710901778e-05;4.072715798457413e-05;3.918468017021638e-05;3.849761897080207e-05;3.841718969358505e-05;3.8468600254736695e-05;3.835770515465776e-05;3.7946031085502464e-05;3.743004038028951e-05;3.661197911316506e-05;3.596966194007256e-05;3.5510836442578195e-05;3.5234263074369216e-05;3.5087288676347025e-05
1453.9586728640606;1.4394035500317012e-07;1.5049816914894117e-07;1.4527193016304721e-07;1.503256109565208e-07;1.8695727633857786e-07;2.2870765823225478e-07;2.415663697491192e-07;2.08185252546996e-07;1.452165512769785e-07;9.041190695761501e-08;5.7075172001433995e-08;5.647571587124061e-08;1.1292986645689043e-07;1.9887558925810066e-07;2.512943518530738e-07;2.30835364055306e-07;1.5275177360342078e-07;7.71444593075135e-08;3.806228595651842e-08;2.2996876170080812e-08;1.8183580753855764e-08;3.401326238630114e-08;8.046264535985201e-08;1.5388469850212605e-07;2.2197958317036242e-07;2.383503033038735e-07;1.9676949122212085e-07;1.2612418634257698e-07;6.816326473413038e-08;4.386993340250624e-08;4.529132535195762e-08;6.63278847082169e-08;1.0041042890802447e-07;1.3145727308449402e-07;1.701546957257537e-07;2.3921880853208345e-07;3.346337814238605e-07;3.994279543499091e-07;3.9060287508436026e-07;3.383622541200216e-07;3.261501975200829e-07;5.804012194700936e-07;1.7721014706775389e-06;5.535035021119687e-06;1.421786318915862e-05;2.965712153144149e-05;5.183269305505575e-05;7.949067906721174e-05;0.0001108010567237;0.0001444260647046;0.0001774724193294;0.0002075481237077;0.0002321450011071;0.0002499442794041;0.000259462430724;0.0002603811375711;0.0002531273789997;0.00023874572254;0.0002196712665796;0.0001981367635639;0.0001759660497886;0.0001541177338343;0.0001339058870093;0.0001161108008749;0.0001010174184607;8.803090749743103e-05;7.723723366242558e-05;6.87715315218346e-05;6.249650701925771e-05;5.7907396771740266e-05;5.435719960191855e-05;5.183877486735381e-05;4.983718154775306e-05;4.795804514148244e-05;4.608990342223154e-05;4.412026000128484e-05;4.253545389905643e-05;4.157089072415807e-05;4.132072820239373e-05;4.149942908534904e-05;4.16680356315844e-05;4.152206818765184e-05;4.090064980528105e-05;4.048879007993418e-05;3.998492248420341e-05;3.97248058430506e-05;3.9409232728787456e-05;3.882114895624469e-05;3.791901599095654e-05;3.70022622496454e-05;3.621809630812264e-05;3.552653862680879e-05;3.506568211012915e-05;3.4749878644805976e-05;3.4496444647424664e-05;3.442286359542918e-05;3.443415362835414e-05;3.453362774713421e-05;3.468789332983701e-05;3.48158343798036e-05
1455.6402243946795;8.197586471005786e-08;7.989674796246171e-08;7.94310397642951e-08;1.1449811333821815e-07;1.9503305548578519e-07;2.649092663632249e-07;2.70060612885686e-07;2.0474253707259894e-07;1.1807402258111483e-07;6.425588236424022e-08;4.360216892072146e-08;6.14136131574811e-08;1.588292013381448e-07;2.831911543882916e-07;3.39615637832049e-07;2.878995932406692e-07;1.679758560670619e-07;8.12468312903552e-08;6.635339978574862e-08;8.83643041182777e-08;1.1886400365667528e-07;1.6258911320900698e-07;2.3619865324103042e-07;3.4725759295875813e-07;4.564843429869089e-07;4.784831186863928e-07;3.9288399522975853e-07;2.506725658176064e-07;1.2940198619857505e-07;6.779300202100988e-08;4.68432781306973e-08;4.4698915361085174e-08;6.094957479801575e-08;1.041110092496665e-07;1.9155576385023043e-07;3.3472522785192375e-07;5.080786065426341e-07;5.951855328541608e-07;5.330019636306608e-07;3.838095759035828e-07;3.107188871860797e-07;6.16834854821555e-07;1.941707887681744e-06;5.5082215014417616e-06;1.328231948319117e-05;2.6900778621859824e-05;4.725429772093405e-05;7.361144368413023e-05;0.0001043684374522;0.0001380591608606;0.0001727046348799;0.0002043730706628;0.000229646812382;0.0002467497295966;0.0002546646674264;0.0002538014970142;0.0002460466300887;0.0002328332129502;0.0002158427038738;0.0001964109474489;0.0001755748840903;0.0001541631602704;0.0001336095598744;0.0001153030122928;9.97546679569925e-05;8.689432903021682e-05;7.63407767408537e-05;6.776700901360226e-05;6.100672274702565e-05;5.581073329849821e-05;5.198912375566864e-05;4.939123898021324e-05;4.7709989429363067e-05;4.643886747897482e-05;4.548496551343568e-05;4.4835244366504286e-05;4.456220425653253e-05;4.464238305300474e-05;4.471103976345593e-05;4.44372866073692e-05;4.36351489574112e-05;4.234979971536556e-05;4.085261394169895e-05;3.947308525056245e-05;3.8589764981439806e-05;3.836762466367194e-05;3.85930629071654e-05;3.889054247152507e-05;3.880321933159092e-05;3.8216002162850656e-05;3.715083795144949e-05;3.577959924083653e-05;3.444198476269396e-05;3.321878339089586e-05;3.203794562119546e-05;3.134693975099155e-05;3.132958223900054e-05;3.1763376183085646e-05;3.239740201686428e-05;3.29051536748004e-05
1457.321121005065;2.5320451537994643e-08;1.4139901750967158e-08;9.022559405769084e-09;2.9028583018510308e-08;6.982732556412137e-08;1.0193706430665442e-07;1.0071276022110347e-07;6.807698055607729e-08;3.212520600789288e-08;1.909677072253764e-08;2.3152695802399963e-08;4.094872529612181e-08;8.603551725649997e-08;1.3406688886653585e-07;1.4781377675251414e-07;1.1762176751193897e-07;6.54235017177512e-08;4.13445047930945e-08;6.774642571073061e-08;1.345300255848921e-07;2.002387604823441e-07;2.362501062660049e-07;2.449345658156393e-07;2.496010339775519e-07;2.645394800433142e-07;2.567444783045608e-07;2.067632068288853e-07;1.343409876153208e-07;7.753586806366253e-08;5.340562950783702e-08;4.302472334798578e-08;3.598336565402881e-08;2.6522248398377056e-08;3.5004714531885203e-08;8.260663217830052e-08;1.8949495264775926e-07;3.341138985310845e-07;4.227293356789673e-07;3.8206840768939993e-07;2.524361206960692e-07;1.8200897432034178e-07;5.59984607225688e-07;2.1079520095588222e-06;6.0000139857063225e-06;1.377526968599222e-05;2.7268682784090708e-05;4.691256953358079e-05;7.198989116876703e-05;0.0001009914389584;0.0001326129064618;0.0001654497919148;0.0001974570386886;0.0002241525452555;0.0002416840129609;0.0002492293193627;0.0002483510032567;0.0002415086562736;0.000230012340751;0.0002147600483663;0.0001969130388397;0.0001774383131879;0.0001567926584944;0.0001358431943358;0.0001161214674466;9.886883056060916e-05;8.465190110486739e-05;7.372228147047503e-05;6.543045493197243e-05;5.927938157562818e-05;5.49749548409226e-05;5.191204118953942e-05;4.943914619448461e-05;4.754681644796331e-05;4.618417347004277e-05;4.5187251349592045e-05;4.5102508883652505e-05;4.5824533534171406e-05;4.66934672056877e-05;4.6854147059396747e-05;4.601829196825724e-05;4.457233934501949e-05;4.2927849659214016e-05;4.157295711797766e-05;4.058577315390199e-05;4.007889576531737e-05;3.965073399581481e-05;3.942893717088319e-05;3.939814181096654e-05;3.935684860559482e-05;3.908223735997509e-05;3.833608550745932e-05;3.7161888611320295e-05;3.5591863613288506e-05;3.372412388183577e-05;3.1827603748232905e-05;3.01665724601205e-05;2.935973456222742e-05;2.955059769728544e-05;3.0300470094946752e-05;3.103842456083448e-05
1459.0013627509616;1.008864334139006e-08;5.4981817283758244e-09;2.389245178033538e-09;1.6964965835453083e-09;3.066369392132665e-09;5.7371031308408726e-09;8.212794055139814e-09;9.201476485311663e-09;1.1294757722871843e-08;2.000993459911934e-08;3.928355426323183e-08;6.03398888835804e-08;6.646560113016791e-08;5.4528065107012026e-08;3.2891078251309234e-08;1.522507179483313e-08;1.0907490742452051e-08;2.196117038177976e-08;5.5867129477760124e-08;1.1784538083379265e-07;1.7555034010104478e-07;1.9163061577300058e-07;1.5822041669772946e-07;9.804550752070305e-08;4.863343759343277e-08;2.3973746776788335e-08;1.4125297969130685e-08;1.145580454440842e-08;1.6116679697958376e-08;3.2351065459612545e-08;5.5769124123033224e-08;7.083188935734495e-08;6.592242080087353e-08;4.617247811412308e-08;2.986787769012966e-08;4.9336572756832696e-08;1.1761890112896123e-07;1.8722055947095706e-07;1.951572210857337e-07;1.4403520483605705e-07;1.0722043406441097e-07;3.727716316677362e-07;1.7339670827549103e-06;5.544784632074316e-06;1.4010210448554338e-05;2.8562961230504324e-05;4.926456862901381e-05;7.460089662529129e-05;0.0001021922375832;0.0001307240865049;0.00015933447425;0.0001872981320611;0.0002122107129298;0.0002304185036765;0.0002399798947967;0.0002412311414824;0.0002359796834374;0.0002260163170742;0.0002122121347435;0.0001954875011203;0.0001763584179073;0.0001557373311499;0.0001345690571044;0.0001143061795168;9.66123407333342e-05;8.245523810665587e-05;7.187918981128814e-05;6.41737705721822e-05;5.882286928364076e-05;5.519149973447424e-05;5.279918373459394e-05;5.093337582486084e-05;4.906767437677805e-05;4.709666340766715e-05;4.531320411707354e-05;4.397159758449131e-05;4.329327331223033e-05;4.307874364310155e-05;4.293016636409542e-05;4.262397515904924e-05;4.216440382508691e-05;4.166977180272748e-05;4.120245985392529e-05;4.069060371251231e-05;4.014986542365196e-05;3.955264606105443e-05;3.915259785972544e-05;3.9017513353262456e-05;3.896548448265772e-05;3.870274808524612e-05;3.795208257790197e-05;3.677448664927849e-05;3.5190789884725566e-05;3.347042304509043e-05;3.18822033419056e-05;3.049384594179076e-05;2.9815106590986737e-05;2.990001195063132e-05;3.045969544991901e-05;3.10611657113119e-05
1460.6809496882051;3.445111933820476e-09;4.492514946326719e-09;1.1713161757838312e-08;3.0135116049394225e-08;5.258243826700911e-08;6.135172670925714e-08;5.168856169856576e-08;3.5714405016901945e-08;2.8802066242791823e-08;3.7132485383825764e-08;6.565214686210776e-08;1.0166027561342365e-07;1.1481821946231375e-07;9.726289580084897e-08;6.055400396835616e-08;2.753903324983689e-08;1.5884139410208805e-08;2.5316704194683064e-08;5.342640947779445e-08;9.77207750959092e-08;1.4065318312615358e-07;1.522459802536822e-07;1.257159274316988e-07;7.896976316297148e-08;3.721435547608398e-08;1.671036394931035e-08;1.0553390876134768e-08;8.004554053980802e-09;9.084399853047906e-09;2.35761842901786e-08;5.813444544441437e-08;8.990976140667138e-08;9.608068991134647e-08;7.328835528083719e-08;4.216504763588487e-08;2.641326636391436e-08;4.027833657242288e-08;6.656902272382395e-08;8.37225093149199e-08;8.902484173399874e-08;1.1835453481607747e-07;3.630350485683187e-07;1.4117172400073927e-06;4.612132594567768e-06;1.263183859303241e-05;2.7074017546217617e-05;4.761006313386019e-05;7.268013599842941e-05;9.968497245750802e-05;0.0001271008176015;0.0001542432025932;0.0001792538678497;0.000201050400565;0.0002183146553943;0.0002293120404226;0.0002329108042276;0.0002293082537244;0.0002201084889713;0.0002066450641701;0.0001897812667749;0.0001700962851277;0.0001488627008843;0.0001280704068909;0.0001093884067015;9.359649570914496e-05;8.14918880832143e-05;7.209533470020575e-05;6.481949684013136e-05;5.929838534770966e-05;5.559643489600998e-05;5.344468257718187e-05;5.231664276867865e-05;5.128722334070437e-05;4.9481448567526286e-05;4.700460108541292e-05;4.409760925544529e-05;4.1200658264256185e-05;3.924957753970526e-05;3.877308272740768e-05;3.969190244674625e-05;4.1028712416686754e-05;4.205164861276302e-05;4.2427041836592166e-05;4.223607485321096e-05;4.1689533486280346e-05;4.116323778213045e-05;4.077751231939169e-05;4.044724244199893e-05;3.9859713428893184e-05;3.872761097975957e-05;3.702964667449768e-05;3.518680985248497e-05;3.353162225300909e-05;3.240060013693537e-05;3.1817588396371255e-05;3.1495420466214034e-05;3.149019244260068e-05;3.175034289258064e-05;3.210249545470974e-05;3.2385946840177005e-05
1462.3598818727223;3.148089342203445e-09;1.0545826780332352e-08;3.4450733795527474e-08;7.498909385923213e-08;1.0617241270035445e-07;1.082690997588523e-07;8.088897210601183e-08;4.5630286302446955e-08;2.6987447361783934e-08;2.525704888467661e-08;3.7224238508268505e-08;5.445084304053214e-08;6.092065134825554e-08;5.221038807837217e-08;3.3380146823124475e-08;1.5786607088975383e-08;8.986119397735833e-09;1.3258537151824471e-08;2.6407667701175684e-08;4.371997147900706e-08;6.134236890172555e-08;6.588619935578905e-08;5.4501701266761335e-08;3.4757285225421705e-08;1.6146859629809505e-08;7.060615654165873e-09;4.706349384655836e-09;3.392922620327611e-09;3.2383831177993153e-09;9.661370375754246e-09;2.4072596787773265e-08;3.9995948465743726e-08;4.584128862308742e-08;3.7729993807472587e-08;2.181208847249896e-08;9.36494429361531e-09;4.778464805893904e-09;1.0236292311684453e-08;2.5760838884039333e-08;5.7692840339205826e-08;1.453670223660781e-07;4.6733903398984724e-07;1.4385898165607104e-06;4.15932337322067e-06;1.064334375547954e-05;2.309237392793241e-05;4.150978988229263e-05;6.563063540312121e-05;9.311169926138802e-05;0.0001217308292559;0.0001494036911319;0.0001743004552289;0.0001948293513489;0.0002106288630907;0.0002211378266678;0.0002254871019012;0.0002227480335203;0.0002134886355219;0.0001991630013469;0.0001810998460352;0.0001603597323318;0.0001385045722066;0.0001181557625636;0.0001017155599412;8.910815514369176e-05;7.99255866760377e-05;7.201256431445352e-05;6.517664098384895e-05;5.92182446037891e-05;5.454249897918449e-05;5.171952228813936e-05;5.065101655150986e-05;5.054841135202919e-05;4.999285239774903e-05;4.820363630891731e-05;4.503806637799277e-05;4.139868577343665e-05;3.8886993019072325e-05;3.850319009147212e-05;4.009141627813366e-05;4.255375075459942e-05;4.427284590948372e-05;4.4634611532658354e-05;4.384482513721512e-05;4.284978846601087e-05;4.1911989889563736e-05;4.122737234294103e-05;4.067545084577006e-05;3.98187372978743e-05;3.838953243481501e-05;3.645990214671e-05;3.46419335700377e-05;3.327261650377342e-05;3.253486322259983e-05;3.236362884661458e-05;3.267278831760865e-05;3.299900670675286e-05;3.3267048007562605e-05;3.341166992532925e-05;3.3442759662979416e-05
1464.0381593605234;5.0403534019755544e-08;6.350948064565446e-08;8.682154565507103e-08;1.1152192835597805e-07;1.1505185359592777e-07;9.896700316368894e-08;6.63948663698538e-08;3.288277285508832e-08;1.5247671127307182e-08;8.763253706243131e-09;6.058331277742362e-09;4.780343088239002e-09;4.490426119539962e-09;6.4294011365876664e-09;1.0797044672925257e-08;1.385006469558653e-08;1.3209154881328197e-08;1.051778780878555e-08;9.260675301482074e-09;9.740663700064482e-09;8.947110404579086e-09;5.819968774453614e-09;2.742301722986402e-09;1.4198579172724935e-09;1.484884573760265e-09;4.240645524487065e-09;1.4631472954209371e-08;3.294881292463208e-08;5.193880893339279e-08;6.091848808680552e-08;5.33593789692929e-08;3.651880736448636e-08;2.048808712808012e-08;1.0690518384704466e-08;6.82140033180194e-09;4.369994392727989e-09;4.768927676480158e-09;9.992652297395263e-09;2.260859643503656e-08;4.9038633285472826e-08;1.3430300992268717e-07;4.3195067634864e-07;1.361203415884692e-06;3.851125971627469e-06;9.339591310782075e-06;2.003439730351358e-05;3.726672681963896e-05;6.1018034050030486e-05;8.85375458058942e-05;0.0001166287520283;0.0001430741588947;0.0001659906121164;0.0001845257080484;0.0001988410371979;0.0002086323141368;0.0002131791511829;0.0002112364852555;0.0002025529666127;0.0001880109038045;0.0001695514683075;0.0001493427693756;0.0001290927912182;0.0001105747789702;9.563649753846204e-05;8.493003463598181e-05;7.76071842763831e-05;7.163062979150618e-05;6.580252753390323e-05;5.951550612783242e-05;5.3458873469694335e-05;4.893825675141273e-05;4.673283264254042e-05;4.673845269090013e-05;4.739844367246577e-05;4.704661854485845e-05;4.514484255909384e-05;4.253522967694512e-05;4.013782061961156e-05;3.927859513193187e-05;4.030209588967937e-05;4.241054686985754e-05;4.392087104890274e-05;4.396337356024072e-05;4.2585383173849786e-05;4.053234332017785e-05;3.885354351970939e-05;3.818415449092026e-05;3.8363584273252825e-05;3.856305501019261e-05;3.83594303068141e-05;3.7625031375937066e-05;3.647473554855853e-05;3.53523960438841e-05;3.4556383177051204e-05;3.4137573134081944e-05;3.411691118046297e-05;3.416003698028172e-05;3.413204212073952e-05;3.403607774461476e-05;3.3918040493412764e-05
1465.715782207728;9.727125301469684e-08;1.1236396633426789e-07;1.2693215643424234e-07;1.3219136475191172e-07;1.196693618887749e-07;8.894690661574938e-08;5.30972509656665e-08;2.554891114911237e-08;1.2241852237468864e-08;8.314660630049976e-09;6.1758027894991615e-09;5.276016109632529e-09;1.6191529846791287e-08;4.9588301290342487e-08;9.823047486426165e-08;1.2868740945826793e-07;1.1796290601732423e-07;7.91477163661954e-08;4.544121701050299e-08;3.4636339671430145e-08;4.37401448291079e-08;5.842015270552024e-08;6.439776437224108e-08;5.6330632524407433e-08;4.0995080957324985e-08;5.273326903287914e-08;1.1702374655390846e-07;2.1988521645960794e-07;3.142927177666721e-07;3.3824149345574386e-07;2.760331486261177e-07;1.7240490041263638e-07;8.367789837792711e-08;3.845777712305176e-08;2.4189288145551496e-08;2.2630157812286063e-08;5.538427022939409e-08;1.438401860367803e-07;2.4498058343316414e-07;2.98512986629967e-07;3.0923876468179386e-07;4.839812202153293e-07;1.3606014298191886e-06;4.126217194795092e-06;1.0037937827423855e-05;2.0666720025838884e-05;3.701753265246296e-05;5.888075559547124e-05;8.46869046670334e-05;0.0001113749909822;0.0001361934383799;0.0001574481213387;0.0001744549426275;0.0001867611972773;0.0001940834888442;0.0001965596635568;0.0001938587933314;0.0001861027072327;0.0001737572388931;0.0001582607463562;0.0001413699105297;0.0001242519245965;0.0001079866020646;9.397851081504536e-05;8.308004004028761e-05;7.528323147743115e-05;6.970463567208796e-05;6.441858147250164e-05;5.889413678805072e-05;5.332052579215544e-05;4.895790518326053e-05;4.610931246496949e-05;4.496846431675526e-05;4.501538481176293e-05;4.5204307585739495e-05;4.480033637929109e-05;4.340162046183636e-05;4.146751019238744e-05;3.985914057055694e-05;3.905450252379203e-05;3.904037390422153e-05;3.920823658435475e-05;3.887092041301548e-05;3.786496560243301e-05;3.6259494118810856e-05;3.5133894409338886e-05;3.498516083853487e-05;3.5752892272718066e-05;3.707818080991233e-05;3.81169014249496e-05;3.836855065093165e-05;3.757928726446756e-05;3.6318985793847445e-05;3.4990795184190875e-05;3.392607456598065e-05;3.3285743937251067e-05;3.301762451577129e-05;3.291814760602343e-05;3.285983281098628e-05;3.283509821193973e-05
1467.392750470528;4.867693285746754e-08;5.634847106213284e-08;6.368986387720066e-08;6.661908976565197e-08;6.103878747813852e-08;4.301876308799333e-08;2.4782298629752028e-08;1.2332189910185378e-08;6.187169338872306e-09;4.337581339386802e-09;3.2975720458279504e-09;4.873798504935376e-09;2.6307886876324663e-08;8.798004621614644e-08;1.7176691218962074e-07;2.2102301339569766e-07;1.9909861285967218e-07;1.284203940709187e-07;6.45251023421917e-08;4.144809891930901e-08;6.189238778933037e-08;1.0024838965934174e-07;1.2135100467716764e-07;1.0925991901545165e-07;7.86442888638014e-08;9.39981965657751e-08;1.914575955431682e-07;3.422596502246647e-07;4.741091824047152e-07;4.955627288688924e-07;3.956936590463035e-07;2.420252980819642e-07;1.1499476251284621e-07;5.4605445087677483e-08;3.7609999640353474e-08;3.9542373484299314e-08;1.0450433799737265e-07;2.772178035953326e-07;4.649092509833524e-07;5.498652270133546e-07;5.46179325072423e-07;7.256961303337809e-07;1.7465427643862134e-06;4.966654715781114e-06;1.1710393842962429e-05;2.2695361374735876e-05;3.786832621330199e-05;5.683291640272672e-05;7.94409609251128e-05;0.0001045505098023;0.0001298128290502;0.0001519975977809;0.0001687766007129;0.0001794439802439;0.0001843195931167;0.0001845532338731;0.0001806155243884;0.0001732390825667;0.0001631233253619;0.0001508242548709;0.0001368737864332;0.0001219659795016;0.0001071901320226;9.35310846660471e-05;8.159360298241278e-05;7.183935620534911e-05;6.472190482710551e-05;5.9667930824809046e-05;5.616864860935677e-05;5.307039965229782e-05;5.012829108492231e-05;4.738319107019527e-05;4.50859522151249e-05;4.349808243109056e-05;4.291341956654449e-05;4.316052553595332e-05;4.304810688123821e-05;4.211691822367661e-05;4.035349145934835e-05;3.784135755273503e-05;3.5446601383076664e-05;3.389195668459437e-05;3.3214317867347736e-05;3.3203282356151284e-05;3.343368748618982e-05;3.349953994071641e-05;3.3603085904328915e-05;3.3898956810944554e-05;3.4601791789753123e-05;3.541309479482873e-05;3.5741985962441955e-05;3.536360844613336e-05;3.429152088520829e-05;3.285433995804737e-05;3.152656626642866e-05;3.066492929506946e-05;3.029986440764578e-05;3.0244946257036463e-05;3.030977089100857e-05;3.038143989022265e-05
1469.0690642052032;1.8122655660977924e-08;1.1856161285091762e-08;6.018000759012616e-09;2.4312483528830468e-09;2.3957723576046554e-09;2.6360881989854357e-09;2.394585473031412e-09;2.3270834456581e-09;4.950842655591855e-09;1.0717150577824973e-08;1.5667430320778308e-08;1.7713832172797042e-08;2.3918087778742717e-08;4.7978420759555715e-08;8.374219999564717e-08;1.0603684925707369e-07;9.560603608399297e-08;6.266826352495828e-08;3.1475331468662845e-08;1.8200119592238693e-08;2.7944611436518752e-08;4.81343668153121e-08;6.022293443385706e-08;5.513707597722439e-08;4.0100666793120063e-08;4.644198300148612e-08;8.996070474414406e-08;1.563343354774231e-07;2.129141732415548e-07;2.194263695075777e-07;1.7439348482273406e-07;1.078834528370044e-07;5.3778630280654457e-08;2.9634298898961078e-08;2.4899507616897185e-08;2.7877265038802275e-08;6.110484580097612e-08;1.4984660861094145e-07;2.619682790809491e-07;3.5371636608227657e-07;4.643790584870599e-07;7.877864367333789e-07;1.8806453784772545e-06;4.738576596910527e-06;1.0892921988352693e-05;2.1338065151981003e-05;3.577202263391327e-05;5.311015976124193e-05;7.319054835427358e-05;9.600465914095349e-05;0.0001201632647318;0.0001423079900979;0.0001592875845921;0.0001702182588563;0.0001755817720985;0.0001763526522936;0.0001728631497369;0.0001657340601664;0.000155970416558;0.0001443703812218;0.0001312273663523;0.0001170502333858;0.0001029577241981;8.947875041175488e-05;7.747092397992605e-05;6.69772294495863e-05;5.9300127564990666e-05;5.465783810481508e-05;5.239302832845555e-05;5.1285337017700525e-05;4.944130918682135e-05;4.7075570550702365e-05;4.449866254269768e-05;4.2611898471515167e-05;4.171719894973448e-05;4.1961338978645785e-05;4.27413506615796e-05;4.276866804358957e-05;4.1111502714039294e-05;3.808076419819988e-05;3.4769740895281234e-05;3.246157001501583e-05;3.175608129427766e-05;3.2318957934224414e-05;3.3214936638441934e-05;3.3599573592415686e-05;3.34732121954218e-05;3.312731943141144e-05;3.297763473499941e-05;3.3155231023090344e-05;3.3495734632126504e-05;3.3525612494159946e-05;3.298534632491121e-05;3.189694075808118e-05;3.061065370148076e-05;2.9557557176284316e-05;2.894389953705109e-05;2.878979103079319e-05;2.8891894562893157e-05;2.903574801919501e-05
1470.7447234681458;3.6105080429930416e-08;2.3278642582146122e-08;1.2183389974619848e-08;8.868799283419584e-09;2.0021693474826782e-08;4.0609885274610514e-08;5.8376088564981743e-08;6.265161178792638e-08;5.4526069397197856e-08;4.7714498903722625e-08;4.3561767150625e-08;3.713842425384112e-08;2.6298286617365565e-08;1.4761891849809232e-08;9.801407275071404e-09;9.634423021385538e-09;9.86653709420588e-09;8.925169404857003e-09;7.1031744674686435e-09;5.108900319126107e-09;3.6539744078051374e-09;5.105987014502481e-09;1.2426210761448461e-08;2.4278497162484008e-08;3.2646017008999046e-08;3.1697513762228416e-08;2.2534773540891533e-08;1.2073669194114841e-08;6.3851032313782234e-09;4.871454408095347e-09;5.954504649363297e-09;8.364925880608592e-09;9.6983437903134e-09;1.019662490833126e-08;1.1116742152564385e-08;1.5111389933646596e-08;2.041312817214104e-08;2.9198244384215544e-08;5.3680252349903966e-08;1.1508462070111065e-07;2.452601164918457e-07;5.601668096844362e-07;1.4599490842106227e-06;3.710939038807027e-06;8.944909004586501e-06;1.844350534643798e-05;3.225994568812665e-05;4.918505924202988e-05;6.812496629430339e-05;8.81261230420388e-05;0.000108611309812;0.0001281325084084;0.0001444006412047;0.000155972262056;0.0001626465261976;0.0001646252018383;0.0001620660609497;0.0001556664621283;0.0001464505935433;0.0001354117672698;0.0001228970081361;0.0001093316354803;9.578965671907331e-05;8.332049623413829e-05;7.243224542473032e-05;6.340036942812798e-05;5.6457789018256674e-05;5.161364109875803e-05;4.856149531716079e-05;4.687948585280751e-05;4.557412557027042e-05;4.423408032649118e-05;4.2855421960175055e-05;4.195110887508562e-05;4.1693459726869415e-05;4.20038024287253e-05;4.254290381175127e-05;4.267445710877602e-05;4.135505719024841e-05;3.8884697827609576e-05;3.612799439149304e-05;3.3975921621306736e-05;3.288358025694032e-05;3.291229118941791e-05;3.3051565703232656e-05;3.3226071439512194e-05;3.314765837320128e-05;3.288089491408773e-05;3.288179918143979e-05;3.3211936137320586e-05;3.372578961549115e-05;3.400054612179113e-05;3.364643359835897e-05;3.252825058379101e-05;3.091521287748855e-05;2.9360887736012196e-05;2.837428897999077e-05;2.8200799004250425e-05;2.85149683541012e-05;2.8903252430191917e-05
1472.4197283158137;1.8236451834673496e-08;1.3606223104005408e-08;1.2875733127690071e-08;2.1690656343938723e-08;4.757357456455789e-08;8.629916885654506e-08;1.1792607169788604e-07;1.229509985205684e-07;9.738093580030316e-08;6.4843227106183e-08;4.119194326737633e-08;2.7497483442217627e-08;2.0026956137745802e-08;1.7035055374835526e-08;1.7453325665630977e-08;1.8025139032388752e-08;1.5935218673477812e-08;1.0271202926100276e-08;6.037667977498096e-09;6.854467589299029e-09;1.332667916606726e-08;3.0472636908761096e-08;5.4546561878427013e-08;8.27693521283761e-08;1.0659931685015045e-07;1.0244692246931897e-07;7.223671976808278e-08;3.814187463752898e-08;2.2923749642995012e-08;3.6050966936920486e-08;5.48967854703885e-08;6.443370906815826e-08;5.629337410046864e-08;3.612462160489047e-08;1.7313412083340508e-08;2.1351280536543793e-08;3.050024167001973e-08;3.8701683251048885e-08;3.945286148982838e-08;4.3471420860433387e-08;9.092433731345582e-08;3.491273182125305e-07;1.2198245658366473e-06;3.505215550240181e-06;8.511527149375326e-06;1.734332063986364e-05;3.0342419036430333e-05;4.670955740766e-05;6.470774194105685e-05;8.286420352636019e-05;0.0001005095144188;0.0001170666319397;0.0001312887227783;0.0001416176505341;0.0001472867352117;0.0001486461519364;0.0001464516238779;0.0001413192481661;0.0001336501120437;0.0001240949187866;0.0001131734749162;0.0001013671749616;8.93434758594408e-05;7.815266329061298e-05;6.881739059851091e-05;6.115791682624114e-05;5.493664462627857e-05;4.989568254431517e-05;4.599561625398741e-05;4.317725589501832e-05;4.137282468590272e-05;4.044191289915033e-05;4.0249841829827405e-05;4.0183115813260896e-05;4.017015145114118e-05;3.9977942555051126e-05;3.9520415542305685e-05;3.913322811286796e-05;3.860073138987313e-05;3.788116274056522e-05;3.6771026455261936e-05;3.5389156923965246e-05;3.424542003365694e-05;3.3282166872260975e-05;3.253771271518344e-05;3.2177140731330425e-05;3.208813223792493e-05;3.228146560891751e-05;3.261001745594874e-05;3.3032786893040506e-05;3.3401769949749764e-05;3.347035799948574e-05;3.294209963596014e-05;3.182560023630147e-05;3.016292112334565e-05;2.8418448099095496e-05;2.7224554270574508e-05;2.695284087089903e-05;2.728914498197872e-05;2.7707022003918243e-05
1474.0940788047665;4.839380715331415e-10;4.077513036416311e-09;1.3467332538611189e-08;2.6258581555669392e-08;4.1451987890750685e-08;5.617288101429998e-08;6.508850064126165e-08;6.369467956480595e-08;4.8773976177728724e-08;2.8958195157840053e-08;1.4024563042828244e-08;6.7780218728445265e-09;7.1097385175877034e-09;1.32312646563273e-08;2.0294933525466573e-08;2.2030015866458636e-08;1.6678027100904852e-08;8.586770365880971e-09;4.265857329505907e-09;8.771002412643653e-09;2.83901444260365e-08;6.267927234754136e-08;1.276658906494277e-07;2.4569472967581135e-07;3.520650801753672e-07;3.612966887533458e-07;2.634695109383473e-07;1.4061482492054761e-07;8.21033036091977e-08;8.592583756912909e-08;1.1407238512683922e-07;1.2859753237014762e-07;1.1123177759670209e-07;7.15329974299603e-08;4.0383754362646265e-08;3.5754901982749446e-08;4.013505026328046e-08;3.765006556910601e-08;2.611647960472901e-08;1.2255057754045198e-08;2.9220469888472605e-08;2.6815260605103813e-07;1.2885354974031571e-06;3.844292471342525e-06;8.739483110042916e-06;1.6943425113683842e-05;2.8936918500383995e-05;4.422891006382212e-05;6.136742708483834e-05;7.86095135245588e-05;9.49327890591276e-05;0.0001097619836397;0.0001220493606528;0.0001307730312057;0.0001354566381159;0.0001367394772237;0.0001352495782666;0.0001309075162703;0.0001237541877489;0.0001144132489905;0.0001039457263667;9.32030088143868e-05;8.272863250179704e-05;7.332227558508958e-05;6.539424781566366e-05;5.895629052936399e-05;5.354804573661921e-05;4.889460308813175e-05;4.523328654653863e-05;4.262972632793044e-05;4.1122735342177046e-05;4.039969062862055e-05;4.008749465334751e-05;3.972438917123826e-05;3.889035651458068e-05;3.759848523079527e-05;3.607088963052065e-05;3.50298570068279e-05;3.488239284118902e-05;3.5324817845660846e-05;3.577997993452591e-05;3.5691767177993605e-05;3.524826341878238e-05;3.402959850433033e-05;3.272277153688946e-05;3.165723941967236e-05;3.095167085391267e-05;3.0675439285767755e-05;3.077411044229278e-05;3.082499584313201e-05;3.093912999462623e-05;3.106030484517839e-05;3.103319151463712e-05;3.045102565315629e-05;2.920536737572372e-05;2.7780277168114267e-05;2.668190646680756e-05;2.6194661574717257e-05;2.6294598024626024e-05;2.6547798152954287e-05
1475.7677749916477;4.291634477333766e-08;2.9302814876083724e-08;2.0824644662791663e-08;1.820558598999507e-08;1.680806574320887e-08;1.2479242812012585e-08;7.313396556322763e-09;1.0504866435080764e-08;6.512959559562327e-08;1.835295146069246e-07;2.676919223170972e-07;2.705198116842033e-07;1.952374071009656e-07;9.507871589509301e-08;5.713772548036456e-08;6.507164917994274e-08;6.991970972095586e-08;6.073324227996748e-08;4.3661701708858936e-08;3.1767545122153143e-08;3.8007720568923e-08;6.484717671523741e-08;1.705851787043202e-07;4.43281475628289e-07;7.492877068386474e-07;8.536294755244087e-07;6.880249041277556e-07;3.9549963213412105e-07;1.7231090176454237e-07;1.0657942130806179e-07;9.617179204629148e-08;9.458828607538547e-08;8.401146183359497e-08;7.807870987892888e-08;9.608908261723341e-08;1.1758511620712742e-07;1.2044986957814006e-07;9.271807745333326e-08;5.0942975136510626e-08;3.288342923233897e-08;8.379530002858279e-08;3.891956123932234e-07;1.5133335309691474e-06;4.110455717401722e-06;8.77771022821339e-06;1.625608694259522e-05;2.6891917148786615e-05;4.060975599681848e-05;5.641780181073642e-05;7.26168832223439e-05;8.814124452173654e-05;0.0001024256761736;0.0001141965869292;0.0001228803670146;0.0001282951614968;0.0001307716227569;0.0001301960786025;0.0001258276117929;0.0001176651193507;0.0001070670767385;9.618547261096762e-05;8.628206212879378e-05;7.754966408549062e-05;6.994387265792665e-05;6.327669482034068e-05;5.753385154633253e-05;5.2641340607220826e-05;4.868234876624214e-05;4.592214971058459e-05;4.434686697857881e-05;4.360975412489285e-05;4.303783172706454e-05;4.2160185337634274e-05;4.0767236925411965e-05;3.890522723849709e-05;3.6877026951086144e-05;3.498420079526032e-05;3.36287506104009e-05;3.3167059569841386e-05;3.3385360205778216e-05;3.400946440537609e-05;3.4577482216188344e-05;3.462787860071645e-05;3.40014007196771e-05;3.277691745859134e-05;3.14408500577409e-05;3.0278119846908463e-05;2.930755926735549e-05;2.855245568286509e-05;2.8310036256430328e-05;2.8660915183930165e-05;2.9575729352455317e-05;3.0436710626842216e-05;3.0808289636106223e-05;3.055329668078663e-05;2.9771264869789848e-05;2.881263950273336e-05;2.8011491379984e-05;2.7493016098475704e-05;2.723083156280863e-05
1477.4408169331982;9.482811506379053e-08;7.216553257879526e-08;6.120809834652286e-08;6.513124583368084e-08;6.841654335815694e-08;5.692743024234883e-08;3.668843448681477e-08;3.902773122007666e-08;1.4817831234019528e-07;3.740934362956463e-07;5.545517158500269e-07;5.786207682767604e-07;4.380562420269121e-07;2.410688643014387e-07;1.477390987726557e-07;1.4724785698145136e-07;1.609716897336589e-07;1.510089086440079e-07;1.1508215698192061e-07;7.285669229344711e-08;4.402367408859527e-08;3.9739099683102463e-08;1.1239770075338454e-07;3.674398015689565e-07;7.140335236092831e-07;8.844321901151212e-07;7.73628901473573e-07;4.747959989514226e-07;2.049799286401668e-07;8.603590773011095e-08;5.3140728709681054e-08;4.065438060933237e-08;3.746523249996343e-08;6.41030103264306e-08;1.361035601397012e-07;2.052619214863437e-07;2.265178457375007e-07;1.807244672015279e-07;1.0110082392043925e-07;6.466325796834823e-08;1.6194355123410624e-07;5.524703242459205e-07;1.5323493634713346e-06;3.5160575005882903e-06;7.236043060972194e-06;1.3463022186442714e-05;2.26432090725536e-05;3.4976708730412924e-05;4.9498888294443474e-05;6.507628757079401e-05;8.063840752241608e-05;9.527141591876604e-05;0.0001075887806588;0.0001168669627454;0.0001228226433356;0.0001253991557287;0.0001242295430835;0.0001187743780319;0.0001095510426522;9.8725301618973e-05;8.862994842720809e-05;8.021835722215947e-05;7.329665333627169e-05;6.71143701395153e-05;6.146008941344086e-05;5.618600041598946e-05;5.1566979864184746e-05;4.795771071704869e-05;4.5597835644806e-05;4.423845472177745e-05;4.340345607273533e-05;4.270715082937803e-05;4.1746786525174535e-05;4.0269334852939766e-05;3.8332320870128514e-05;3.613552476193973e-05;3.4154703658191026e-05;3.2645152537263145e-05;3.1824927164382994e-05;3.166380841358779e-05;3.208011940526759e-05;3.2570709662976395e-05;3.25978623368641e-05;3.2306456867511e-05;3.168250827136042e-05;3.0817857933120407e-05;2.976336502278362e-05;2.884724388064564e-05;2.809150405269859e-05;2.7950661897723224e-05;2.8477331652109854e-05;2.948005727830628e-05;3.046659143890311e-05;3.113230357258793e-05;3.154467975509113e-05;3.1348189054255424e-05;3.064197605384619e-05;2.9841543401593163e-05;2.901992269484416e-05;2.843927217701402e-05
1479.1132046862367;1.0507501975415133e-07;9.020299369993193e-08;9.48753813875944e-08;1.1737323216118205e-07;1.3058869915845493e-07;1.1629219434433767e-07;9.108136193272182e-08;9.51245180141991e-08;1.7838913768507674e-07;3.251807558493084e-07;4.595678317803347e-07;5.040793062233604e-07;4.369181578582363e-07;3.135285874128411e-07;2.532442477386492e-07;2.426913621964701e-07;2.4297920741373256e-07;2.2584331743168627e-07;1.8136352627548977e-07;1.2498111446650762e-07;6.655291791374962e-08;3.345013051374473e-08;4.588105785046067e-08;1.360563691507952e-07;2.816432760278872e-07;3.8253644723530476e-07;3.880527642480066e-07;3.1161544768597454e-07;2.3060698860422707e-07;1.6005467977172424e-07;1.1907427254243026e-07;7.849976605698208e-08;4.3312630129075255e-08;4.7059572311014195e-08;8.79207073911645e-08;1.4109546888634553e-07;1.6510294193300157e-07;1.398643474133538e-07;8.596944646002454e-08;7.683138154026637e-08;1.973921958429171e-07;5.899977999813635e-07;1.3604542197178335e-06;2.7238626114246247e-06;5.374272555938544e-06;1.0087774007422884e-05;1.7972295178201817e-05;2.9383898624821558e-05;4.3950994719644935e-05;6.0101128642276206e-05;7.592872185196114e-05;9.008838246425618e-05;0.0001012931741305;0.0001091533119893;0.0001139706938874;0.000115644361489;0.0001137836247448;0.0001083419168707;0.0001002327247926;9.134717999101904e-05;8.30995500535287e-05;7.592059540158415e-05;6.965979743896673e-05;6.387688889334779e-05;5.809115376988521e-05;5.276434535536904e-05;4.833397488975019e-05;4.503958172904173e-05;4.269604760410508e-05;4.096170137344739e-05;3.964620110355538e-05;3.866637976473599e-05;3.791464038734938e-05;3.712665863094649e-05;3.596102777614769e-05;3.457723673404401e-05;3.325592959065859e-05;3.2224415720377605e-05;3.170649054684357e-05;3.1565712549249287e-05;3.159397195932009e-05;3.1414633536183605e-05;3.086505599802226e-05;3.0222947655468715e-05;2.9739503008470702e-05;2.9338518025442504e-05;2.894788187896801e-05;2.8564034771962548e-05;2.8406585717372463e-05;2.854629758202457e-05;2.894775308336233e-05;2.9484921734729352e-05;2.996343843698949e-05;3.011248134481154e-05;3.006858546056665e-05;2.993438949499068e-05;2.974859816277088e-05;2.946314145625264e-05;2.9127673987653547e-05;2.884871530479591e-05
1480.784938307679;1.0969736457401169e-07;8.030638625572666e-08;6.443161888425202e-08;6.988674623289144e-08;8.476195783547104e-08;9.917759095503829e-08;1.199770867714065e-07;1.5049273693594654e-07;1.893550427342432e-07;2.371446022977459e-07;2.909813106193925e-07;3.3438190072191217e-07;3.4144991097168615e-07;3.217160359498424e-07;2.979729186813773e-07;2.946013300170216e-07;3.022724961136999e-07;2.900707916781986e-07;2.3779148090578647e-07;1.635672874803392e-07;9.518442175430857e-08;5.4954046217834446e-08;4.296932111252053e-08;4.6678195856076846e-08;6.742798425772025e-08;1.0943883460721638e-07;1.6752013585777785e-07;2.2791309774138898e-07;2.651969681565936e-07;2.578858676420153e-07;2.1509334960090442e-07;1.617300000607661e-07;1.207156399082407e-07;9.391200436628149e-08;7.182256167592659e-08;6.38203284626583e-08;5.6188115284562625e-08;4.815859421740783e-08;4.7389014358109244e-08;8.672878391768009e-08;2.393370787615955e-07;6.426547717136651e-07;1.4182906702213215e-06;2.7243754765112e-06;5.066577748043954e-06;9.237915250346005e-06;1.627337377497416e-05;2.707561084230296e-05;4.136104293091667e-05;5.778424614208066e-05;7.349757555496559e-05;8.611286823762113e-05;9.477711872772518e-05;9.994954920984824e-05;0.0001025628480132;0.0001030043745842;0.000101435242606;9.799021801982445e-05;9.293978180950644e-05;8.688178687404511e-05;8.032757518129245e-05;7.373452239814877e-05;6.733270849711815e-05;6.107784810299713e-05;5.50947636142138e-05;4.98176114880759e-05;4.56383706395112e-05;4.259746160897793e-05;4.040980281033471e-05;3.8620749176656793e-05;3.702429270188393e-05;3.5553144107431e-05;3.441505091063774e-05;3.3832121058568576e-05;3.376723836422677e-05;3.400331239022437e-05;3.41634512712777e-05;3.409002037243491e-05;3.3706472432397746e-05;3.277783412911141e-05;3.1738137895256235e-05;3.0552602181955344e-05;2.960650084240255e-05;2.91106525349854e-05;2.892689863291663e-05;2.895555280151915e-05;2.9139317507685582e-05;2.9299763753767023e-05;2.951339454324573e-05;2.966098287910775e-05;2.975451705145521e-05;2.9716657024562704e-05;2.9488765580969496e-05;2.9135119750985086e-05;2.8719919892508684e-05;2.837859341086586e-05;2.820902026565448e-05;2.7991704204105375e-05;2.7728983895297988e-05;2.748431888762916e-05
1482.456017854529;2.616485712510894e-07;2.0593914910831475e-07;1.3378788867808645e-07;8.447918428503654e-08;9.531384479652753e-08;1.473091476276784e-07;2.0040784682573838e-07;2.1902720278189414e-07;1.961234142847741e-07;1.8587411593465706e-07;1.8435846835867744e-07;2.0584685935303359e-07;2.143677865237653e-07;2.104830655118834e-07;2.032069101626884e-07;2.666090975000099e-07;3.305591415556581e-07;3.491846310359113e-07;2.818773933332244e-07;1.7056014151808209e-07;9.524459159599213e-08;6.047669210230416e-08;4.680381785843388e-08;4.819678932061983e-08;9.011831115324732e-08;1.4788659828389736e-07;1.976502479549879e-07;2.1778418795581813e-07;2.1951419907103242e-07;1.9140613011047889e-07;1.7442655604562666e-07;1.7758596274471e-07;1.9247622266734266e-07;1.7454031547510793e-07;1.3249260103644444e-07;8.024312427920417e-08;4.089621862857118e-08;2.776435445979442e-08;3.9471909070978765e-08;8.081332207687716e-08;2.002535582921408e-07;4.771948169354008e-07;1.075131645434099e-06;2.2690261588114893e-06;4.725121973237437e-06;9.405076514116314e-06;1.6583681526375774e-05;2.675205228068312e-05;3.957872001735824e-05;5.425944009510669e-05;6.834103666388997e-05;7.946319049938997e-05;8.723605710085931e-05;9.22354833026235e-05;9.500191125353604e-05;9.577277214074708e-05;9.46243385678101e-05;9.178587179753708e-05;8.754914125536878e-05;8.21423975102674e-05;7.591186433580802e-05;6.98197335539253e-05;6.392873073252905e-05;5.840431502651375e-05;5.333091502818004e-05;4.883392530744103e-05;4.506750567341628e-05;4.204170596536723e-05;3.970801882980061e-05;3.772667857781647e-05;3.58602766797086e-05;3.428166197864643e-05;3.309292132415842e-05;3.270738426746164e-05;3.330514335059581e-05;3.4555666105208206e-05;3.564360785811266e-05;3.581005547805482e-05;3.494230439458147e-05;3.307674263263183e-05;3.108753767650791e-05;2.9679996852938603e-05;2.8953209211983172e-05;2.895038909855978e-05;2.9209969928634707e-05;2.9496164568843643e-05;2.9654082630695293e-05;2.972008836885416e-05;2.9756234192273448e-05;2.9651594134153257e-05;2.954389651366749e-05;2.9317475888151352e-05;2.9009481184625148e-05;2.869041849077632e-05;2.829243057019492e-05;2.790746900286946e-05;2.753261692944722e-05;2.708167959021658e-05;2.660540869192376e-05;2.6216135647671976e-05
1484.1264433838733;4.16078510629219e-07;3.454964294014204e-07;2.3451612937884726e-07;1.466373580173454e-07;1.5336801295510645e-07;2.2756644334038266e-07;3.155759865901512e-07;3.4622735717978094e-07;2.980961723075445e-07;2.1363098536652335e-07;1.3718276960717505e-07;1.0576492361545683e-07;9.656752432348517e-08;9.794447186895859e-08;1.429844753534653e-07;2.635769563021948e-07;3.869339902410412e-07;4.0814549908204244e-07;3.14390548173948e-07;1.71507979709272e-07;7.55109083084547e-08;4.611874169188358e-08;4.4654510814563866e-08;7.667959905262e-08;1.517354578193857e-07;2.2794868474150626e-07;2.563012281895188e-07;2.203848090861918e-07;1.4653052938323372e-07;9.169634327790623e-08;8.296217557947976e-08;1.225115784812054e-07;1.817047302434013e-07;2.0904675930884786e-07;1.837152129200324e-07;1.1669289247637638e-07;5.716105116989873e-08;3.2483882438631635e-08;2.7703447886885156e-08;4.264034530429048e-08;1.1314956625531273e-07;2.807775223796599e-07;7.057667766625575e-07;1.7499940346470276e-06;4.250674749118029e-06;9.085242277396925e-06;1.6418128303031774e-05;2.582857504587423e-05;3.669912809242517e-05;4.817044699499756e-05;5.931702495410896e-05;6.932711449705554e-05;7.801487325676473e-05;8.532710734096015e-05;9.045820329411892e-05;9.26557230508644e-05;9.178851130855692e-05;8.841462328459737e-05;8.343452353501277e-05;7.758729223703462e-05;7.138676275671675e-05;6.537611437424772e-05;5.985267717352307e-05;5.514033478678695e-05;5.100009362118292e-05;4.7242875197819896e-05;4.397686989843833e-05;4.124553229104985e-05;3.901647078030681e-05;3.71508513779036e-05;3.54780353692383e-05;3.409960735696348e-05;3.313960589342587e-05;3.2866027646952205e-05;3.3348069893172e-05;3.44323768699529e-05;3.534312492087585e-05;3.542968336715411e-05;3.4566651156820725e-05;3.333659466719458e-05;3.1754748051302855e-05;3.0509131277371425e-05;2.958593450514051e-05;2.8975238839608023e-05;2.854159352534612e-05;2.819683544266271e-05;2.7884486282613938e-05;2.760125112514179e-05;2.740694581612622e-05;2.734014565008424e-05;2.7421271495279804e-05;2.7617736414985185e-05;2.7763985707291237e-05;2.776722288651681e-05;2.7680094738277057e-05;2.7612797572883144e-05;2.746136257095704e-05;2.707675700568185e-05;2.6615503449618747e-05;2.6237872535845302e-05
1485.7962149528976;2.184924369207749e-07;1.7877093575419349e-07;1.201412438127933e-07;7.459029616324467e-08;8.193705190141609e-08;1.4140868299574716e-07;2.312833869402741e-07;3.016019276548006e-07;3.025036137328785e-07;2.439262787739348e-07;1.8992414564312842e-07;1.6588041880243535e-07;1.671869600602308e-07;1.7064385144946813e-07;1.911883046337977e-07;2.288340742861131e-07;2.774117472623149e-07;2.547075753936096e-07;1.8298030739335386e-07;1.0709215952173537e-07;6.309989500608481e-08;6.37832080824003e-08;8.684211695148639e-08;1.3093817432139246e-07;1.7227489680793618e-07;1.900338225827844e-07;1.727810374978547e-07;1.2772590841307486e-07;6.629375204012714e-08;3.6271205353948516e-08;3.2942189498231386e-08;8.081338211492493e-08;1.7706195040128417e-07;2.566925185471766e-07;2.620785939999617e-07;1.886147772636951e-07;9.798394157005385e-08;4.5127168995930015e-08;2.3573163112227476e-08;2.1941064759523934e-08;9.606454904183997e-08;3.674558993193692e-07;9.815437291623342e-07;2.138070625924117e-06;4.3440040835003575e-06;8.461130284992383e-06;1.4535266885891786e-05;2.24644735264614e-05;3.145329694939748e-05;4.126233615829212e-05;5.193923767845955e-05;6.190159484206997e-05;7.069446442682809e-05;7.804778113418474e-05;8.336693544631065e-05;8.613739689657406e-05;8.604756957018556e-05;8.355256895490141e-05;7.953708876465883e-05;7.472924087718001e-05;6.948596121169438e-05;6.425519007291161e-05;5.938975349775711e-05;5.492411854742296e-05;5.0749607716772967e-05;4.6873151680126206e-05;4.348097501690035e-05;4.070299973260034e-05;3.848259364143163e-05;3.683161795463424e-05;3.583799776440413e-05;3.528625006177951e-05;3.496343459669123e-05;3.463237736943864e-05;3.425480025829199e-05;3.388121238271898e-05;3.3646143081430326e-05;3.360628358872544e-05;3.359501604825985e-05;3.3628738089604915e-05;3.3097713304270845e-05;3.2025414086721705e-05;3.054038042257468e-05;2.897431491992567e-05;2.7738254827662428e-05;2.6940586282900825e-05;2.651914574298561e-05;2.645021836262908e-05;2.646932111492427e-05;2.6537665340709007e-05;2.65328033716773e-05;2.6656627167879503e-05;2.682505287861727e-05;2.6858924679219542e-05;2.69585348149987e-05;2.6991559633161386e-05;2.6845613840751695e-05;2.649021912168474e-05;2.607010364598371e-05;2.577294058641328e-05
1487.4653326188673;7.784653586809978e-09;6.615696896107567e-09;8.64680752071704e-09;2.0109574635165763e-08;4.9493760819390897e-08;8.025941132893403e-08;1.0749307868005929e-07;1.4711998149473354e-07;1.7715912551372486e-07;2.094325029875029e-07;2.73960783100956e-07;3.127964394904382e-07;3.0565356688231495e-07;2.4615665188426857e-07;1.774848432436235e-07;1.2252969294419114e-07;8.214070078214415e-08;5.0293608565942186e-08;3.4771537060880364e-08;4.2321858077153764e-08;7.401993983509113e-08;1.1348495220902524e-07;1.4479303732375017e-07;1.584723890006903e-07;1.4125326193414245e-07;1.0187729039169637e-07;5.7946363251023516e-08;2.644519409458944e-08;1.3462540406818576e-08;1.084813976137615e-08;2.4096499090526064e-08;1.002848723430308e-07;2.39769842351068e-07;3.57443770855328e-07;3.7459835513602173e-07;2.820589770260652e-07;1.5504285961086736e-07;7.319606022963883e-08;3.704750064611149e-08;2.7972035183867105e-08;7.713277449184771e-08;3.156443882765483e-07;9.199710574236914e-07;2.0591862349782904e-06;4.074965266733426e-06;7.4045413969697085e-06;1.2259385051999934e-05;1.9056026842302248e-05;2.7613252666790032e-05;3.771776130067694e-05;4.865046217181877e-05;5.884653738736281e-05;6.725884519797994e-05;7.348597688670509e-05;7.744965152755448e-05;7.944062061562902e-05;7.947271271762855e-05;7.780457413113741e-05;7.514135888614495e-05;7.193936894867385e-05;6.830835266566492e-05;6.443486898618988e-05;6.062757758896517e-05;5.662760533485876e-05;5.257451724982127e-05;4.856112384030892e-05;4.474004855377457e-05;4.130104071923281e-05;3.842468311827884e-05;3.6523954674910586e-05;3.577163718930858e-05;3.573218982893538e-05;3.583071970605582e-05;3.539069283608333e-05;3.417925185546395e-05;3.241155341367163e-05;3.10579712792442e-05;3.0753910662699074e-05;3.144880706462814e-05;3.231051813401533e-05;3.246825955943878e-05;3.182211478406603e-05;3.046888092050897e-05;2.892822268101396e-05;2.778314518152246e-05;2.7263312172915183e-05;2.734335226249926e-05;2.767218504258169e-05;2.794244818754352e-05;2.784467921450422e-05;2.7446264734813303e-05;2.6967898167798556e-05;2.666942403757372e-05;2.6673259461664437e-05;2.6728157399912947e-05;2.678373389309828e-05;2.6570358599118307e-05;2.607610653417976e-05;2.5575504723804016e-05;2.5250966565905504e-05
1489.1337964391314;6.407017499657828e-08;6.208053129560426e-08;5.8826033682257875e-08;7.167232568096689e-08;1.0243109228437404e-07;1.2180349576284842e-07;1.1765720499123757e-07;1.0355909693062509e-07;1.221418119296259e-07;1.771420410867152e-07;2.50241799448677e-07;2.7151322382278337e-07;2.379995282555761e-07;1.8854712028513325e-07;1.328794520881152e-07;9.717093685640397e-08;6.708312453877426e-08;3.4085575635928354e-08;2.675310446750672e-08;3.807561471875699e-08;6.848170245857225e-08;1.001979193172604e-07;1.1494968324036047e-07;1.1509006990086225e-07;1.0903664280370053e-07;9.937565681518985e-08;8.699217639857346e-08;7.344637505671864e-08;7.276161370127394e-08;7.557252449353402e-08;9.734074826830973e-08;1.650334476819296e-07;2.777351559156919e-07;3.5975889103585045e-07;3.599749460141195e-07;2.744090880609863e-07;1.622493357186716e-07;8.381518909753866e-08;4.25037949604917e-08;2.5556673541634007e-08;3.79828237464471e-08;1.415200010148357e-07;5.448233939990644e-07;1.5876329176675013e-06;3.8451837688639554e-06;7.512683462409493e-06;1.2760961467648993e-05;1.9436172776139216e-05;2.749482447755156e-05;3.686653482077021e-05;4.68768414559316e-05;5.673917318892177e-05;6.527045338898314e-05;7.177852935632992e-05;7.587923442938206e-05;7.755952820185153e-05;7.68874111230564e-05;7.460984525243649e-05;7.166860232413343e-05;6.865226413579374e-05;6.562530515630146e-05;6.238075324616687e-05;5.908543093903308e-05;5.554181178375928e-05;5.17613219650156e-05;4.7805558023249625e-05;4.425225491295237e-05;4.0950762351321765e-05;3.8091297401911696e-05;3.599614654699891e-05;3.4793503030556395e-05;3.4271790572866975e-05;3.4075723578458586e-05;3.3664268566832925e-05;3.2872807050953755e-05;3.177029538396886e-05;3.078795663610261e-05;3.0234116224713497e-05;3.0130835118027897e-05;3.0366423151682856e-05;3.061590477668073e-05;3.05903136718394e-05;3.0100815083390064e-05;2.9569095005219465e-05;2.90610740400416e-05;2.872435634436984e-05;2.858530771089244e-05;2.859890592362881e-05;2.861131060830652e-05;2.84476412473401e-05;2.831508410308188e-05;2.7810073068131952e-05;2.719620926254729e-05;2.6826717034995012e-05;2.6776505571328037e-05;2.684641477413885e-05;2.673725714820708e-05;2.630694109130711e-05;2.5733446508300568e-05;2.529251864081752e-05
1490.8016064711371;1.354837009584493e-07;1.4145160359217254e-07;1.3726345253284286e-07;1.277586993905839e-07;1.1903609828470729e-07;1.218080843546861e-07;1.0294519806751965e-07;6.963137579436422e-08;6.166766200337439e-08;8.552721493263218e-08;9.880008033570389e-08;9.123196054472136e-08;7.961158922114081e-08;8.969741682662682e-08;1.11041008966901e-07;1.1704908233109804e-07;9.203974250606899e-08;5.2117081348660856e-08;2.6533778422461517e-08;2.3489772553784808e-08;2.9514434070927424e-08;3.8386903096686274e-08;5.0341214454714685e-08;6.75695142626043e-08;9.483995305153089e-08;1.2004267239057318e-07;1.3162113591039945e-07;1.3408315206764738e-07;1.372194716518029e-07;1.464682274170494e-07;1.6420173570063825e-07;1.850543825870626e-07;2.0350799290141455e-07;2.045340631340465e-07;1.7847335706684364e-07;1.3039354732339794e-07;7.970397383329475e-08;4.3962927418108414e-08;2.442900791388278e-08;1.768837287944428e-08;2.3312699211620344e-08;9.27479994433185e-08;4.354142530418086e-07;1.6341921410442851e-06;4.280511681989222e-06;8.56659058120812e-06;1.412454720078756e-05;2.0220287338712505e-05;2.676794555905601e-05;3.427674788520224e-05;4.2942218484915655e-05;5.246826876225254e-05;6.195840239433855e-05;6.980791610698245e-05;7.521931962286253e-05;7.76993726710534e-05;7.739602378807324e-05;7.511964881392934e-05;7.177151213576851e-05;6.797473002222569e-05;6.414300354266577e-05;6.0441858136884224e-05;5.676865927407154e-05;5.288772302581288e-05;4.865046338586508e-05;4.451472771798803e-05;4.076605010249839e-05;3.770582376769996e-05;3.553223017563452e-05;3.410082282732932e-05;3.334095468006824e-05;3.305558370209078e-05;3.290187834464721e-05;3.275903398626441e-05;3.269145311548794e-05;3.251492701499639e-05;3.199400406860723e-05;3.117833012939534e-05;3.019681816668869e-05;2.9428538060330323e-05;2.9399370821328133e-05;2.9910162250847093e-05;3.095051248404881e-05;3.1748136970516324e-05;3.208086401229906e-05;3.1686701022528785e-05;3.0577723328117904e-05;2.9315353190609537e-05;2.8318561977549547e-05;2.8230500678381606e-05;2.847732435345919e-05;2.846842914078217e-05;2.795369143542288e-05;2.734952502049431e-05;2.693045178255409e-05;2.671556567853037e-05;2.6648098083042684e-05;2.651856496313302e-05;2.619538777630266e-05;2.5899531349437333e-05
1492.4687627724195;8.086898718172577e-08;1.0641120080531493e-07;1.287722298911859e-07;1.2947131873972626e-07;1.2120485960277948e-07;1.2871773558117069e-07;1.3838722585983201e-07;1.3113106538650906e-07;9.419270239159408e-08;5.1052593624337086e-08;2.5327441524099205e-08;1.3800614329157256e-08;1.8682798832705737e-08;2.85918209929694e-08;5.4007056112307986e-08;5.953996153563175e-08;5.3090916099429454e-08;9.04806390734021e-08;1.8841419823180106e-07;2.810983038190654e-07;2.860484606308409e-07;2.0060575979960973e-07;1.0338011036908921e-07;6.658759481539498e-08;7.502339100086434e-08;1.061224827928246e-07;1.3248365188300785e-07;1.4693709541485176e-07;1.3901467170155528e-07;1.3305363850975518e-07;1.2439308939928178e-07;1.2646310101747612e-07;1.3249838239703426e-07;1.4582630680533248e-07;1.5506287048308033e-07;1.4109476082697326e-07;1.052328516721094e-07;6.442403877036662e-08;3.331891027856172e-08;2.1696009787598238e-08;2.5623882836671826e-08;6.594282207538179e-08;3.085352230832163e-07;1.3820993600002597e-06;4.010854617234224e-06;8.231947760314954e-06;1.3574044076212915e-05;1.932531953951015e-05;2.524908435681147e-05;3.192183806322642e-05;3.960794248536127e-05;4.86159443996414e-05;5.8263761682339726e-05;6.711349316695516e-05;7.404509644426464e-05;7.77020029082558e-05;7.856822212903673e-05;7.732801085565767e-05;7.430599339659586e-05;6.9997989180898e-05;6.504814817256594e-05;5.994055995820594e-05;5.495483871424247e-05;5.06706447523779e-05;4.679421295504615e-05;4.3053989280902046e-05;3.958815256808599e-05;3.687916982212652e-05;3.531721239900863e-05;3.4753351263667524e-05;3.474714125142257e-05;3.467736595341299e-05;3.4285197323627234e-05;3.367504418781403e-05;3.29902299448032e-05;3.248617570802693e-05;3.172455679402038e-05;3.074289688843386e-05;2.974879136244619e-05;2.8965586382435336e-05;2.897544372844689e-05;2.962806167346659e-05;3.0916367896499086e-05;3.210409135480708e-05;3.278570821733098e-05;3.253115312689451e-05;3.1183966602743657e-05;2.914363675004321e-05;2.731156115888817e-05;2.64089049814248e-05;2.6187240100936656e-05;2.6430020109680508e-05;2.6837686598125747e-05;2.715499539930757e-05;2.7332343344965003e-05;2.7558294817717368e-05;2.7458524037199512e-05;2.708107623109627e-05;2.6557953209157104e-05;2.6225156267804896e-05
1494.1352654005932;1.7687814130669913e-08;3.9880572779967295e-08;5.7626913003968e-08;6.331015248845269e-08;8.064235871576574e-08;1.272268184503672e-07;1.9094604853785378e-07;2.1023753485444974e-07;1.6402166014467185e-07;9.070043666116809e-08;4.1917618417020316e-08;2.185836452945904e-08;1.3733177185115057e-08;9.760312399465737e-09;7.351048626025818e-09;5.7587327765987045e-09;1.6724092532122566e-08;1.193242518849346e-07;3.494551327727016e-07;5.495800791357588e-07;5.630461132409291e-07;3.877339002815335e-07;1.7645744241729085e-07;7.385868932898346e-08;6.225197021648758e-08;9.302625012432087e-08;1.3348395414812245e-07;1.5187792191458325e-07;1.344961055023993e-07;1.0310668143779887e-07;8.963190114969223e-08;1.1290929932979689e-07;1.6479305012390775e-07;2.1695810071129917e-07;2.545896306967779e-07;2.501411698229928e-07;1.9368041748077122e-07;1.1790624140294833e-07;5.6626211387923e-08;2.812690932576512e-08;2.354485550429028e-08;3.804231130348831e-08;2.0822900533845586e-07;1.0149012574434309e-06;3.20522256130944e-06;7.072923183791304e-06;1.2356145566012843e-05;1.8526821545490188e-05;2.503256353839753e-05;3.192921139624331e-05;3.961787474806717e-05;4.806887977304295e-05;5.673607379293801e-05;6.501151049252437e-05;7.18656961333896e-05;7.645752916253549e-05;7.840221737136372e-05;7.793063681236695e-05;7.514885802116782e-05;7.046602346089258e-05;6.470395973849265e-05;5.87372272822926e-05;5.347241187611555e-05;4.956019587264524e-05;4.652320462605848e-05;4.390614396609924e-05;4.1432188108443975e-05;3.930283412024861e-05;3.8178948683963634e-05;3.782474674216959e-05;3.769018083439173e-05;3.706640911009163e-05;3.594886294966643e-05;3.451616816854587e-05;3.3008897096130007e-05;3.18775886469318e-05;3.122720565146062e-05;3.084365512583027e-05;3.058248066809632e-05;3.027209812557917e-05;2.9893866798191336e-05;2.954049088634291e-05;2.942356677799436e-05;2.956011966826152e-05;2.9709224115963804e-05;2.971717638951491e-05;2.920946448142958e-05;2.815974321785409e-05;2.6992357184907985e-05;2.6070013352935348e-05;2.554674900105985e-05;2.545600242911857e-05;2.590880482874426e-05;2.650837669752709e-05;2.723175755317535e-05;2.750846135308656e-05;2.716043755958386e-05;2.639809272540598e-05;2.564365153050124e-05;2.513099634077535e-05
1495.8011144133634;1.734148827588184e-08;2.7005209356244663e-08;3.3791564605385514e-08;3.4081308250412584e-08;4.60128035390835e-08;7.787987619219342e-08;1.0464824771298033e-07;1.0988053744708893e-07;8.608757016790048e-08;5.091526688618306e-08;4.3040663201014176e-08;7.718977240032164e-08;1.11850780294633e-07;1.1798025918077365e-07;8.678753385886058e-08;4.43267080152472e-08;2.6221286107012573e-08;7.340321502854575e-08;1.8337530904113162e-07;2.804335525272788e-07;2.8548005898334097e-07;1.9728237753273997e-07;9.395264138212449e-08;5.60221578977863e-08;6.827067324988502e-08;1.0608448097126653e-07;1.3582246665605156e-07;1.3925418613693886e-07;1.0797297214125329e-07;8.271872885106361e-08;9.718303366059813e-08;1.3146987973984276e-07;1.638431737811323e-07;1.7557649553658648e-07;1.6576066669057932e-07;1.4940776607545656e-07;1.197771694396233e-07;7.929238646936048e-08;4.3632979349704025e-08;2.637458509638849e-08;3.525649065566191e-08;6.690953725721305e-08;2.506342311794273e-07;9.435784848847284e-07;2.588348651852912e-06;5.875056874928648e-06;1.1095027914535546e-05;1.8100848414423987e-05;2.5902577392988494e-05;3.391653731909816e-05;4.18041955744386e-05;4.952603930724181e-05;5.698992645943979e-05;6.381119254511515e-05;6.916034870973525e-05;7.312252152443481e-05;7.516781925368736e-05;7.491913024511393e-05;7.247033550856576e-05;6.820470025793653e-05;6.289565835414899e-05;5.749322292976296e-05;5.284420706720897e-05;4.908264134807616e-05;4.599663149511938e-05;4.334629991080829e-05;4.056972980467564e-05;3.8263901568721e-05;3.693955208796472e-05;3.64827443838726e-05;3.636748446213133e-05;3.59542263767192e-05;3.496495414559645e-05;3.354307489766595e-05;3.2006690745087584e-05;3.0882239219602176e-05;3.067250297247607e-05;3.1130328364385475e-05;3.1707645942021754e-05;3.177951674973088e-05;3.1096038610909204e-05;3.0003054293009278e-05;2.893690542297359e-05;2.8209936679994094e-05;2.782092006419148e-05;2.7674042097341285e-05;2.768012358516437e-05;2.783582958482069e-05;2.8089577124848387e-05;2.830187883978821e-05;2.8232763586238917e-05;2.802496341197506e-05;2.775030363774725e-05;2.738617488672915e-05;2.6920294291360337e-05;2.611391283239664e-05;2.526987506522896e-05;2.46061554930821e-05;2.428037378522626e-05;2.4047920420442932e-05
1497.4663098685303;1.1640817691850557e-08;1.654455002850998e-08;4.07270701411042e-08;7.772793136162266e-08;1.0590711469829458e-07;1.0665810835566963e-07;7.946244038258483e-08;4.796940752294759e-08;2.6947753701924866e-08;1.8081202262196345e-08;4.64475129772112e-08;1.2922845093766326e-07;2.127052203633888e-07;2.282212456626907e-07;1.6740354034350366e-07;8.35209940006893e-08;3.8819113361881146e-08;3.479188345906148e-08;4.754996065409333e-08;6.400694546849696e-08;7.00245358135138e-08;5.960985076076484e-08;4.299966019217977e-08;4.6159459784028136e-08;8.094848169972345e-08;1.217533186468209e-07;1.4032651851876224e-07;1.2670627109968418e-07;1.0006496908902915e-07;9.352205238465277e-08;1.123722360948741e-07;1.298435660403163e-07;1.2934472325536325e-07;1.1667606073024597e-07;1.0610494594860849e-07;1.1380693666130785e-07;1.307941796889044e-07;1.343446403585922e-07;1.1882786755758693e-07;9.64401197093411e-08;9.477559067734069e-08;1.2065946491644972e-07;2.2874760091705497e-07;6.666444834682589e-07;2.009198853069477e-06;5.246422347858698e-06;1.0903895690530971e-05;1.870182335900872e-05;2.763971048218253e-05;3.62320547932616e-05;4.393237193350663e-05;5.081721087884181e-05;5.693414038246932e-05;6.239824454241108e-05;6.68774419772811e-05;7.011735056218249e-05;7.189135175104563e-05;7.19470660371213e-05;7.017531459852434e-05;6.68905267587165e-05;6.247533553919074e-05;5.752602407786695e-05;5.267862950897171e-05;4.854192159846685e-05;4.499071533378698e-05;4.165134084503144e-05;3.866693836580144e-05;3.6415615032539786e-05;3.5037365276530604e-05;3.441847670253095e-05;3.4091007381929306e-05;3.3623938676094806e-05;3.266186352589379e-05;3.143504916862708e-05;3.0226524298330894e-05;2.945534419184529e-05;2.9363966517938827e-05;2.9907197503290866e-05;3.080949018642885e-05;3.142360719341322e-05;3.130679139453692e-05;3.0741072855721845e-05;2.966713772145817e-05;2.865085318343589e-05;2.7964404097211068e-05;2.7359288340337657e-05;2.697359996098384e-05;2.707994133796948e-05;2.7718953440055952e-05;2.8541498322018368e-05;2.9225548892286263e-05;2.9459263060811134e-05;2.9147490790857632e-05;2.8103818238578928e-05;2.6665354967515352e-05;2.5283703032053375e-05;2.4347903591390563e-05;2.393921545751972e-05;2.390834408868486e-05;2.417844980047461e-05
1499.130851823964;4.750938690326157e-09;8.335870690863341e-09;3.8240304975427764e-08;1.1489174217136057e-07;2.043367315418794e-07;2.493028801800185e-07;2.2367554254797447e-07;1.493489729017017e-07;7.879995312782352e-08;3.8431128617699183e-08;4.0412373140196726e-08;7.725278543559246e-08;1.1705563473889976e-07;1.2328930014303704e-07;9.068602684178969e-08;4.558496959008449e-08;2.625378527737227e-08;3.7304822661170326e-08;7.531370288643693e-08;1.153291534884768e-07;1.3125319353453505e-07;1.1161641603408629e-07;7.258742828561283e-08;4.422225625766079e-08;5.15261961873535e-08;7.064761582040589e-08;9.111914718843413e-08;1.154854500527901e-07;1.6346400151781677e-07;2.075392542810657e-07;2.2302854683589706e-07;2.0344804178043e-07;1.6933334949569508e-07;1.472628216024737e-07;1.5319248049863316e-07;1.828311546055569e-07;2.142443409693657e-07;2.242994607448066e-07;2.0261008648936106e-07;1.604472741326025e-07;1.2571314713423806e-07;1.2135693944284533e-07;1.6357126779638018e-07;5.660743769388065e-07;2.1250447752786e-06;5.718489425383583e-06;1.1600179302315604e-05;1.9156321702847e-05;2.727574218882776e-05;3.496736660443665e-05;4.199504467676365e-05;4.8576118118090494e-05;5.478593776911976e-05;6.055397481210073e-05;6.554768076405976e-05;6.940457675764424e-05;7.163126766667407e-05;7.218548991722373e-05;7.098562094223944e-05;6.792107648413267e-05;6.324371692709362e-05;5.774673502770826e-05;5.247462543441024e-05;4.802308281617839e-05;4.4575197304178935e-05;4.186541330685476e-05;3.976906380543369e-05;3.827062362708184e-05;3.697383360438401e-05;3.572585706746618e-05;3.443497944577533e-05;3.306105966049405e-05;3.167235629390888e-05;3.0407071573512385e-05;2.9444402604415373e-05;2.8794203591572457e-05;2.8689845908215405e-05;2.926988949845045e-05;3.0322842658887284e-05;3.1389235544646214e-05;3.186322923168538e-05;3.150292368819398e-05;3.05190695997542e-05;2.9330529183350472e-05;2.8303824977747035e-05;2.747550482872791e-05;2.6884918709259223e-05;2.659324525789452e-05;2.6756807949155038e-05;2.734064278463807e-05;2.8183497448255044e-05;2.862137766403897e-05;2.838280361456795e-05;2.7594596880377755e-05;2.6428161267418292e-05;2.529724122741396e-05;2.4479726056097457e-05;2.4093555036030745e-05;2.3925766319657536e-05;2.398322773301149e-05
1500.7947403376347;2.412733259093066e-09;6.611560993955939e-09;3.10707295525911e-08;1.0072379625222177e-07;2.0198431375866006e-07;2.726361768865393e-07;2.584776869726195e-07;1.767618529709921e-07;9.192473956755075e-08;4.3009307117038883e-08;2.257440894652453e-08;1.529545355337567e-08;1.2952721775025109e-08;1.119945641018822e-08;8.678099056352793e-09;5.958541130602166e-09;7.059311552798401e-09;1.845982662183031e-08;3.9566328205534295e-08;6.064198192976381e-08;6.83674461384479e-08;5.736040412818422e-08;3.6578652773568365e-08;1.958600229359328e-08;1.4965886331228442e-08;2.0573051706695345e-08;4.2152934990090485e-08;1.0395631038910905e-07;1.9592608768917025e-07;2.662745824019684e-07;2.688765523710981e-07;2.1048812949837821e-07;1.431440153950569e-07;1.0138015003894317e-07;9.248976074660023e-08;1.1045999351264477e-07;1.2915196503864958e-07;1.300310903328402e-07;1.1063127375132339e-07;8.372974018346697e-08;6.74917082366634e-08;7.95106977023996e-08;1.6226284604610998e-07;7.256198006337925e-07;2.4489856346698544e-06;6.0440747931992855e-06;1.1563615533284517e-05;1.8376341023670015e-05;2.5764052796468843e-05;3.305322573366272e-05;4.0027782492497536e-05;4.650058426885091e-05;5.288867922647401e-05;5.893421316699563e-05;6.412679859612639e-05;6.820660978442341e-05;7.064489469405696e-05;7.160945575896228e-05;7.073052959792829e-05;6.754839927153731e-05;6.245031483071453e-05;5.6546242873448e-05;5.082084063262031e-05;4.6535394044659e-05;4.37678084357644e-05;4.238189085216468e-05;4.14413441024958e-05;4.056817741501344e-05;3.911197891710533e-05;3.704355526388952e-05;3.49062171250398e-05;3.308002189545682e-05;3.18022361996568e-05;3.097604403544776e-05;3.0387321107402216e-05;2.991432341250361e-05;2.963894781760489e-05;2.9832884095024967e-05;3.0524382863003184e-05;3.144240166280226e-05;3.209836431371837e-05;3.186837038223552e-05;3.093430871714301e-05;2.9906389990710683e-05;2.8881424803563653e-05;2.8043816829528403e-05;2.7503228890731304e-05;2.7074432965353096e-05;2.674681063454412e-05;2.6590781287838703e-05;2.685254032423345e-05;2.7280809831775308e-05;2.752533338329273e-05;2.76831103099316e-05;2.7627805905980332e-05;2.716051348506696e-05;2.625764549924878e-05;2.5182278044516864e-05;2.4210735565846653e-05;2.343377443281064e-05
1502.4579754676051;2.012312810256746e-09;9.498312522198142e-09;2.9859771145313724e-08;6.311695167565836e-08;9.835527180728229e-08;1.1742929776229732e-07;1.0602474070669029e-07;7.144164841751058e-08;3.706641099816928e-08;1.8080215620013092e-08;7.715847755227601e-09;4.5856511465966706e-09;3.826082117059454e-09;3.170118539609538e-09;2.613758901406882e-09;4.907370813792371e-09;9.217286862239411e-09;1.4276458454145476e-08;1.5578272948116598e-08;1.1947154363573149e-08;6.644053597756188e-09;3.293888535311304e-09;2.588296238280438e-09;7.397581689334029e-09;2.4815527088652662e-08;5.3459611445355897e-08;8.64337199912061e-08;1.2668950981836374e-07;1.736312156249251e-07;2.0231023025101089e-07;1.8213196151036173e-07;1.2522736678516856e-07;6.905066251092979e-08;3.486369429483302e-08;2.676039463309436e-08;4.3645557813587415e-08;6.912548612649355e-08;8.31971229253672e-08;7.53470182681657e-08;5.41779012474783e-08;3.8126119015534884e-08;5.0405291640841865e-08;1.575673564358965e-07;7.449033320803484e-07;2.4098430952503816e-06;5.988632433770518e-06;1.163588875869926e-05;1.8672468304279687e-05;2.6379493572321427e-05;3.372686166356997e-05;4.038793587111931e-05;4.637722729493944e-05;5.217773516688168e-05;5.79360209506551e-05;6.308710595645214e-05;6.687095171805722e-05;6.887060323197954e-05;6.864880870886185e-05;6.624846762843178e-05;6.266101084641916e-05;5.793481113148416e-05;5.2755116212464354e-05;4.807622157545401e-05;4.462646857482083e-05;4.272925848742124e-05;4.226370387530815e-05;4.217380731785969e-05;4.120631765691951e-05;3.9378319076529536e-05;3.680826785876253e-05;3.4399545475601835e-05;3.2771829853987416e-05;3.202960608431307e-05;3.189633008634276e-05;3.170108013058916e-05;3.118768105768749e-05;3.054257543316082e-05;3.0144230712307465e-05;3.0279826627737227e-05;3.088805521762731e-05;3.165094436814133e-05;3.19162565731106e-05;3.143887811390007e-05;3.0404727666506016e-05;2.919569946497368e-05;2.815750516195228e-05;2.7337750826804395e-05;2.6699282305825116e-05;2.6321376229951715e-05;2.6209748654113515e-05;2.6521559708821573e-05;2.707880103709505e-05;2.762258617270444e-05;2.797185987626971e-05;2.796011494100828e-05;2.762158963436616e-05;2.688484674242517e-05;2.5747917655064837e-05;2.46018421653356e-05;2.3780407509283855e-05
1504.1205572720064;3.227510601166736e-08;3.4584856740159394e-08;4.6441470466027896e-08;6.29784938990671e-08;7.2806865954854e-08;7.505935841942673e-08;7.225017280076924e-08;5.93344970059043e-08;3.877138319728574e-08;2.071760398454432e-08;9.978284529746415e-09;5.753214578401462e-09;3.225267131524664e-09;2.0527340607582584e-09;1.8247025782734286e-09;6.4523185328023545e-09;1.8886745094779457e-08;3.2416237081348915e-08;3.77430133313059e-08;3.052258715042743e-08;1.4995761745704203e-08;5.633805320902638e-09;4.3463059043972446e-09;1.2306460435813814e-08;4.0489395896170734e-08;9.62232466663862e-08;1.5732924521943025e-07;1.930847436826316e-07;1.9473136760268377e-07;1.686040085884272e-07;1.3080141074462776e-07;9.143373734066034e-08;5.71920298590425e-08;3.1850788670182795e-08;2.7892025516508665e-08;4.437250648387529e-08;8.327412467396387e-08;1.1940270918413345e-07;1.2403981071556877e-07;9.373094759526507e-08;5.295894634136902e-08;4.3154107511123716e-08;1.47486581372365e-07;7.443372926054659e-07;2.577069721300554e-06;6.727313210980276e-06;1.3120287659371146e-05;2.0928067346899603e-05;2.8574531970041e-05;3.507390989311412e-05;4.044191094512336e-05;4.548535737456294e-05;5.091706173634922e-05;5.7135670849131726e-05;6.336338145163891e-05;6.759843570537462e-05;6.848858180810893e-05;6.59282259973289e-05;6.14977323132818e-05;5.694725644346477e-05;5.274378455365193e-05;4.910847877783816e-05;4.630128768138161e-05;4.420316233909035e-05;4.289161477941269e-05;4.206136946595921e-05;4.121932142588974e-05;3.95180626047352e-05;3.728590800220697e-05;3.501587681703314e-05;3.321450769347737e-05;3.210613185573291e-05;3.160797773777606e-05;3.132484984436312e-05;3.099628116367961e-05;3.053811342516421e-05;3.0039394299300853e-05;2.9754493005230895e-05;2.979419848284516e-05;3.0197848631362257e-05;3.0698651650697185e-05;3.0974898249294355e-05;3.081725655547176e-05;3.0101290600072907e-05;2.912126140932576e-05;2.8128137390084267e-05;2.70993786087808e-05;2.6229292669048988e-05;2.5848157761048112e-05;2.5901388511618467e-05;2.6336479808143053e-05;2.6796032942116265e-05;2.7049843586211348e-05;2.7041076990542316e-05;2.6659049217954385e-05;2.623590875238146e-05;2.577734614113988e-05;2.522366042862229e-05;2.464203543931683e-05;2.4226195543911543e-05
1505.7824858090717;1.6484414644976557e-07;1.5808916927587626e-07;1.3259109657267961e-07;1.0658366086358013e-07;1.10148246492522e-07;1.3075426315613396e-07;1.3964545883426993e-07;1.1846689669030617e-07;7.824377765298386e-08;4.2978029598822167e-08;2.19267953248284e-08;1.3062092102666785e-08;8.959286828105579e-09;6.1883069103971664e-09;4.8993340406295346e-09;9.361890179631044e-09;2.3816729291494984e-08;4.1559550034556845e-08;4.815291897455731e-08;3.791465048647479e-08;2.018544741252482e-08;8.002799616593425e-09;5.058054649698646e-09;1.1032757433619891e-08;3.4452923947933394e-08;8.223659441853333e-08;1.3861222718578148e-07;1.696351279313068e-07;1.5310061999961273e-07;1.0623620128494797e-07;6.87345138985432e-08;4.9637919563337024e-08;3.859867422017525e-08;2.8457378735033995e-08;2.185638992973393e-08;2.3355103799517873e-08;3.970178065062429e-08;5.79936502596368e-08;6.19758941647394e-08;4.791888160863898e-08;2.75134234911244e-08;2.2549380394122992e-08;1.1537683915090274e-07;6.51562721180312e-07;2.64680962665087e-06;7.127576837692251e-06;1.4089007372652151e-05;2.244982789282501e-05;3.0258561701924726e-05;3.617941151775458e-05;4.049234497300909e-05;4.447534450517725e-05;4.9456926495827095e-05;5.5440872816906015e-05;6.182213535951687e-05;6.61626410097493e-05;6.682562797358208e-05;6.430901683560149e-05;6.023596253868491e-05;5.567836664906395e-05;5.148758651797326e-05;4.790721911426061e-05;4.52335865717573e-05;4.3468191740744055e-05;4.209183319559031e-05;4.049674349206932e-05;3.845123267050846e-05;3.637808423495901e-05;3.454023818950646e-05;3.307437311216376e-05;3.197574003707313e-05;3.12352967373139e-05;3.067630143549106e-05;3.0190045658511755e-05;2.9913491322555723e-05;2.9765111634271855e-05;2.957654090533157e-05;2.9305408427710745e-05;2.8862755375498357e-05;2.849915558421416e-05;2.8310403471369343e-05;2.838399143513259e-05;2.882381886774504e-05;2.9144907661385906e-05;2.9046399519162395e-05;2.8608023507276395e-05;2.769712273423849e-05;2.660562954230239e-05;2.570507633389813e-05;2.5097570717821805e-05;2.4830175506439637e-05;2.486423948423292e-05;2.5120837085288987e-05;2.547181320677876e-05;2.595927383080163e-05;2.613504973963944e-05;2.587420872671252e-05;2.526704967758622e-05;2.46443301608065e-05;2.4241621662881587e-05
1507.4437611371104;2.485185365604756e-07;2.564408537123177e-07;2.073552108252789e-07;1.3404922133957108e-07;9.337821695511765e-08;8.801014393387605e-08;8.52887968876307e-08;6.955968380417923e-08;4.6779928646393245e-08;2.868486608602107e-08;1.8065817084739203e-08;1.4410499089489673e-08;1.6933255456731566e-08;3.0011288829484664e-08;5.797867876900772e-08;8.877172094506728e-08;1.0105628251399817e-07;8.62681799449615e-08;5.539951637422453e-08;2.8409391066833228e-08;1.523246170261404e-08;8.008161191645611e-09;5.031623280819976e-09;6.4349402328509075e-09;1.5280163646215793e-08;3.5775138429653226e-08;5.9580511879885956e-08;6.714488386103048e-08;5.0620998792822944e-08;2.8263503611617187e-08;1.3200840876551346e-08;1.0676276650569628e-08;1.6605700740587588e-08;2.8135352371902925e-08;5.0406737634030315e-08;7.776497825795133e-08;1.1119862003724679e-07;1.3451792304137933e-07;1.271424758702058e-07;9.189358381093065e-08;5.025915517674861e-08;3.4426820805984616e-08;1.667090007772412e-07;7.507404815156947e-07;2.6714526794792027e-06;6.689016203409849e-06;1.3159792644086305e-05;2.071197203126004e-05;2.7815370321208534e-05;3.393501944877058e-05;3.885700430923936e-05;4.344299524480459e-05;4.839004020239028e-05;5.356947053106589e-05;5.86249647821779e-05;6.230616349453328e-05;6.415295678979016e-05;6.379252332085859e-05;6.190120510064415e-05;5.864767144941909e-05;5.427818196317535e-05;4.948776379626886e-05;4.543091952758687e-05;4.246476621708391e-05;4.019529429040644e-05;3.813786806720404e-05;3.617908890064153e-05;3.463337941019895e-05;3.337942106503779e-05;3.2377261753853854e-05;3.1580429189375126e-05;3.106343994359396e-05;3.0758198696863304e-05;3.062016027489474e-05;3.062110136261542e-05;3.061875894188688e-05;3.036878283954512e-05;2.967512768438505e-05;2.8677256474130667e-05;2.7711716460737505e-05;2.7188510609640667e-05;2.7263659711375324e-05;2.783859045784785e-05;2.854751016804559e-05;2.895768970682243e-05;2.885328752298167e-05;2.817323219007768e-05;2.7153661822005665e-05;2.589254422397947e-05;2.477029089127345e-05;2.396720926790557e-05;2.370069963200013e-05;2.4009100907398072e-05;2.459602784163381e-05;2.5297193677775703e-05;2.562975586382797e-05;2.540960143690304e-05;2.4839876944194857e-05;2.424738880554761e-05;2.385244597603613e-05
1509.1043833145268;1.189065022236865e-07;1.353226484905249e-07;1.150462218290117e-07;7.21031413264734e-08;4.080230453511231e-08;2.736295725628389e-08;1.855575275915468e-08;1.1115612730791678e-08;6.9985778223108385e-09;5.9021807609531595e-09;5.6583870571208276e-09;7.871998556887177e-09;1.872150840820071e-08;4.951797012614703e-08;1.0805647617210905e-07;1.6635708036905168e-07;1.7704532167755238e-07;1.2975538190477737e-07;6.469495622840935e-08;2.506508449982804e-08;1.2814012305438074e-08;9.142893452612876e-09;6.8743161740353034e-09;5.383319592498266e-09;6.194475576296046e-09;1.2597730656912115e-08;2.1489789395167818e-08;2.483834369225635e-08;2.1585221045279905e-08;2.34864201400996e-08;3.7479216415401405e-08;5.5252388737779615e-08;7.09857645247874e-08;8.643815068679133e-08;1.1472223018738177e-07;1.6084064089489824e-07;2.2239866623482018e-07;2.6783887346431184e-07;2.523874631678269e-07;1.8375676669795117e-07;1.1004145056425313e-07;9.172369824235059e-08;2.784681247717222e-07;9.582491899797543e-07;2.6499637085299115e-06;5.926507688063877e-06;1.0922412986780494e-05;1.7334433187569857e-05;2.4034663696219183e-05;3.0490924820695e-05;3.656884867379352e-05;4.235496199377897e-05;4.784076563730691e-05;5.311202343163552e-05;5.762903241061148e-05;6.115473946085667e-05;6.328600267934927e-05;6.391203218642915e-05;6.299590019917791e-05;6.019154220423951e-05;5.637106641702705e-05;5.225562483364951e-05;4.841371369166409e-05;4.499791363340392e-05;4.180352574749468e-05;3.88662449375866e-05;3.629871397273887e-05;3.433697544515891e-05;3.288875289572951e-05;3.2101146987949044e-05;3.185361774162103e-05;3.1707433105616854e-05;3.1732321120780446e-05;3.17767590983326e-05;3.176961484295577e-05;3.1731956453533505e-05;3.155160027481412e-05;3.0955166892826006e-05;3.021468589945681e-05;2.932673325440165e-05;2.849927690429244e-05;2.7893961931943417e-05;2.7671635691311683e-05;2.789576813728732e-05;2.836906337967773e-05;2.8561191400978545e-05;2.8364865242378377e-05;2.7765077851606817e-05;2.675505894267481e-05;2.5761250511971128e-05;2.4940078479282523e-05;2.442227941669474e-05;2.425133096790161e-05;2.4396356895063583e-05;2.444312922070844e-05;2.429692572051592e-05;2.3984540222041044e-05;2.366220517263349e-05;2.35016877293642e-05;2.3398216204158548e-05
1510.7643523997976;4.747877568246896e-09;9.03773407572083e-09;1.074921230378554e-08;8.885930641960413e-09;1.0653136778343982e-08;1.2509240436622606e-08;1.0330880992181436e-08;5.48708811446696e-09;2.0972067801828513e-09;1.0500074056008242e-09;8.240613005875116e-10;1.891595166425075e-09;8.421927870358687e-09;2.4314567734376305e-08;5.382675068401928e-08;8.314930107194275e-08;8.867058153764004e-08;6.781023040456629e-08;4.4643838542892765e-08;3.1927629814054e-08;2.9870345214089863e-08;2.308112361066095e-08;1.2704665471515253e-08;5.878585896775405e-09;4.796490218097259e-09;5.7913190152303194e-09;8.325396406070822e-09;1.3957966923771926e-08;2.7976850563106026e-08;6.120004827742823e-08;1.143747700882187e-07;1.60493248193738e-07;1.741610691132134e-07;1.5447523227721113e-07;1.221138859194316e-07;1.1205123125373059e-07;1.2635304450150104e-07;1.4299544423034268e-07;1.3369515957369105e-07;1.068724313100274e-07;9.62300460613522e-08;1.3639489573258576e-07;3.400218791844388e-07;9.414689044261168e-07;2.282154018814678e-06;4.904985338320568e-06;9.07847651940526e-06;1.5184213862397254e-05;2.2553125337249828e-05;3.0099748048296684e-05;3.712485343897329e-05;4.347250351096123e-05;4.917140358908197e-05;5.42581487618306e-05;5.848818969011851e-05;6.162917594617929e-05;6.326814613289911e-05;6.350228017826517e-05;6.193825766641651e-05;5.913274325681474e-05;5.60458915755909e-05;5.337651344930285e-05;5.086824866755242e-05;4.7984616591394126e-05;4.459461341883465e-05;4.102920314669341e-05;3.763937469612146e-05;3.5004688881911346e-05;3.330862618772971e-05;3.249346675994366e-05;3.240141380174143e-05;3.253413468064451e-05;3.2628499814468906e-05;3.2659333665248995e-05;3.25663631295999e-05;3.237065083680416e-05;3.210630329873894e-05;3.174030194059051e-05;3.110890292565618e-05;3.011547696772685e-05;2.8874257146246213e-05;2.7704151776854795e-05;2.705070910955004e-05;2.7049133930970817e-05;2.7550839890104187e-05;2.8113544685163147e-05;2.837241226921304e-05;2.8132055264885425e-05;2.7571159238171837e-05;2.6819424915448637e-05;2.6072081167059077e-05;2.541296492003996e-05;2.4796615942819133e-05;2.439456660086152e-05;2.396179183462968e-05;2.360618156052348e-05;2.332624425523279e-05;2.317158092061273e-05;2.317994079269564e-05;2.3282175018420717e-05
1512.4236684515054;6.78632393546393e-10;3.1959815413154355e-10;4.3769754639839047e-10;4.664563848543158e-09;1.4753231874864598e-08;2.3712652476470092e-08;2.2874246420667018e-08;1.2307458751095537e-08;7.770473414838991e-09;1.4578869667352027e-08;3.4934589906380734e-08;5.130560525431743e-08;4.7701098076478535e-08;3.2790877410317e-08;1.7754931573939212e-08;8.90987835231596e-09;5.095138400144749e-09;7.140280938771178e-09;2.072217176389921e-08;4.1301553999966124e-08;4.919055854636017e-08;3.759655900875888e-08;1.760454344792038e-08;6.0542756345408705e-09;3.754259524271455e-09;2.569664411205995e-09;2.407738179878911e-09;7.2347522503582225e-09;2.7115638308011097e-08;6.932679205008582e-08;1.234593394952814e-07;1.6188418747623044e-07;1.6126951939406267e-07;1.2359833116201514e-07;7.881339793604616e-08;5.53608381858679e-08;5.6399198885118035e-08;6.965217870212156e-08;8.175678260592789e-08;9.324928424213587e-08;1.1649773481870497e-07;1.7936585257809878e-07;4.223758801860945e-07;1.0515835215009582e-06;2.3423303230560325e-06;4.696181298546817e-06;8.68279512374812e-06;1.4313453281395285e-05;2.167720769141484e-05;2.9773500860640784e-05;3.745885276057186e-05;4.426047141441724e-05;5.012226229866836e-05;5.51994973825733e-05;5.9086833110626896e-05;6.153542289221778e-05;6.255535115915555e-05;6.223116944659633e-05;6.06722805527671e-05;5.855724122273112e-05;5.6029883914779954e-05;5.337893818720455e-05;5.0509595076271856e-05;4.722001869423685e-05;4.365367982153345e-05;4.035737700163465e-05;3.759786052411315e-05;3.552705276172087e-05;3.410824257719709e-05;3.349633676266809e-05;3.358246833299339e-05;3.397507942684909e-05;3.4146418337791696e-05;3.4078218598773985e-05;3.3744678778185176e-05;3.3152274498317275e-05;3.216686711881528e-05;3.104401708989196e-05;2.94883594418758e-05;2.8206973101091145e-05;2.751480009157674e-05;2.7505301914890497e-05;2.7961574439808877e-05;2.8409260151752515e-05;2.8651656972741813e-05;2.8604301906849156e-05;2.8325180562869744e-05;2.794913448465652e-05;2.740321940914931e-05;2.6831971372606328e-05;2.6300815944399606e-05;2.5824949347180365e-05;2.540282071728436e-05;2.4950894124575103e-05;2.45477654009183e-05;2.408610558863584e-05;2.35948633959624e-05;2.3307955790953936e-05;2.31159860035322e-05;2.3072390470703485e-05
1514.0823315282978;1.7779367014428912e-10;8.075070327633437e-11;3.855628409085959e-10;4.3336939732963005e-09;1.6106114227032112e-08;2.920720298003965e-08;3.1674094561466754e-08;2.337720282247581e-08;2.053323591613081e-08;4.140324302784766e-08;7.813325174096679e-08;1.0181482540177187e-07;9.478910324416341e-08;6.506278732120126e-08;3.5030551831833335e-08;1.7398732345109555e-08;9.397437428699794e-09;6.929817915155143e-09;1.0628179859334274e-08;2.4180839068088063e-08;2.814897465313569e-08;2.1736705077955784e-08;1.0786751416540485e-08;3.988925420636176e-09;2.190281620438955e-09;1.7605852544685034e-09;1.8716552087598256e-09;3.223003088169877e-09;1.2455983807279862e-08;2.7707754913901517e-08;4.5017519431014616e-08;5.546232570574553e-08;5.4523632447229956e-08;5.0291586263469775e-08;5.5095314859800254e-08;8.74151995017091e-08;1.3765102481312773e-07;1.828474464788755e-07;1.985725800096847e-07;1.8646945789499578e-07;1.67610169409843e-07;2.0126008468501027e-07;4.572073456384532e-07;1.2699443960089527e-06;2.92283072640316e-06;5.616937934660908e-06;9.519708534704508e-06;1.4696173860350653e-05;2.1022280495608663e-05;2.788364189670835e-05;3.493313890263043e-05;4.190808037514283e-05;4.856671630054292e-05;5.448127856708277e-05;5.8886318729997126e-05;6.133273539305712e-05;6.190303720622347e-05;6.111229738252206e-05;5.94643857051497e-05;5.727101521049224e-05;5.4784550665102285e-05;5.1987779429466426e-05;4.899112678180206e-05;4.56790606555855e-05;4.255088683845974e-05;3.968728536933089e-05;3.731567665959201e-05;3.548271504288097e-05;3.446057716728807e-05;3.418214702945997e-05;3.4449499544471484e-05;3.494244646358413e-05;3.535739475451249e-05;3.5303928359982554e-05;3.4782936477269856e-05;3.383509669259733e-05;3.243748323322182e-05;3.0663716754118406e-05;2.870318028486645e-05;2.7371951641884316e-05;2.7283161918284515e-05;2.833991429309238e-05;2.974264673142673e-05;3.056279657321876e-05;3.054392466918651e-05;2.9859576912885035e-05;2.884460769535164e-05;2.771745635537885e-05;2.6569820435616315e-05;2.563473319454315e-05;2.5165460581567714e-05;2.531939930383775e-05;2.587781045322901e-05;2.6457531957414696e-05;2.6328190703609896e-05;2.5329458265387678e-05;2.3744597161177656e-05;2.2344334069031747e-05;2.159916509143349e-05;2.140044465828697e-05
1515.740341688925;2.932001070593613e-09;3.0685868165510427e-09;2.6020162211765716e-09;3.6079795568259813e-09;7.337624244608832e-09;1.5708261197996183e-08;2.840715425686417e-08;4.511197659562687e-08;6.591885945425781e-08;8.87811969926416e-08;9.471213216769697e-08;8.332704718758844e-08;6.238134483277014e-08;3.9022477699721755e-08;2.1502010914064696e-08;1.1487133297635372e-08;6.710793508220472e-09;4.458701836109435e-09;3.5312037289624515e-09;3.310032693688844e-09;3.607904932015674e-09;4.265844510448771e-09;4.684116145841796e-09;3.794496775278556e-09;2.576970007135049e-09;1.6456301438469691e-09;1.5889370880848959e-09;1.4502658971118519e-09;1.0402712630939884e-09;5.952493730993901e-10;3.966878260605088e-10;9.942615767975167e-10;4.101865743890423e-09;1.612810613955832e-08;5.190979126366224e-08;1.1443566294003481e-07;1.831791562432626e-07;2.2005757218858946e-07;2.005971140699916e-07;1.4875933017115637e-07;1.075033705056541e-07;1.476785831502615e-07;4.197550668859296e-07;1.4026916635427364e-06;3.4639852846727044e-06;6.76928058870953e-06;1.0870156354232329e-05;1.5696760078273806e-05;2.0762275393678367e-05;2.6200256860072996e-05;3.256150382784831e-05;3.985145668267141e-05;4.742324953160683e-05;5.395745341698854e-05;5.869542548024626e-05;6.129901789340564e-05;6.199645549905749e-05;6.111593550523877e-05;5.903943020859786e-05;5.623827834675904e-05;5.3199933044383465e-05;5.02647688030998e-05;4.749703283585698e-05;4.500798640995887e-05;4.276974949273939e-05;4.05168907437608e-05;3.840241710085898e-05;3.653871918009539e-05;3.5327184022274045e-05;3.470408741733635e-05;3.45289115465251e-05;3.46601557701195e-05;3.455309116823741e-05;3.398955124724223e-05;3.311407340572466e-05;3.227637215234452e-05;3.153345135898546e-05;3.072304717840992e-05;3.0015338582296592e-05;2.931777513476137e-05;2.895863523928387e-05;2.915406538056633e-05;2.9485815114738232e-05;2.9720322127092653e-05;2.973385384003001e-05;2.9461996272631045e-05;2.874961975385745e-05;2.74370889634122e-05;2.5991333038409288e-05;2.472626835802389e-05;2.4240588759431204e-05;2.487702687280856e-05;2.62270789330488e-05;2.740488269041556e-05;2.7421077786215248e-05;2.607060684391401e-05;2.3903789396819763e-05;2.210588933214912e-05;2.1408241082269378e-05;2.1436850867740712e-05
1517.3976989922048;1.105315202309816e-08;1.110078882858912e-08;8.070834870599192e-09;3.966943731460298e-09;3.6454800638813837e-09;1.677383603231644e-08;5.3122913994367394e-08;1.0788344850844385e-07;1.5960974573976624e-07;1.753735605807268e-07;1.428581012991711e-07;8.791602042759205e-08;4.0628802358568e-08;1.6344633436802083e-08;9.895521541704565e-09;6.991558257444597e-09;5.276681401974054e-09;4.532269044689744e-09;6.060114657473557e-09;1.1485698550167507e-08;1.7920263333139857e-08;1.7440829567544228e-08;1.311962340317144e-08;8.607985169530071e-09;4.815793793585391e-09;2.788304509644071e-09;2.4191342913357833e-09;2.459214785503628e-09;2.046356592788956e-09;1.2970182076875362e-09;7.156279496302887e-10;9.067595746970122e-10;1.497878731968041e-09;5.6979381035230285e-09;3.0174494484444217e-08;7.267933954539784e-08;1.127796263652728e-07;1.2030429580641854e-07;8.951124799696173e-08;4.7238898139551726e-08;2.4827081399195984e-08;7.620644118906396e-08;3.779892658186523e-07;1.4642383658479308e-06;3.8076056972936354e-06;7.44116192337668e-06;1.1831526208127814e-05;1.6346080166112656e-05;2.086883771588533e-05;2.59863841687669e-05;3.227302185376921e-05;3.9840728469138864e-05;4.777044032549462e-05;5.465491150786463e-05;5.960625758119282e-05;6.246164324796798e-05;6.330446260420242e-05;6.236384036762432e-05;6.0040250481128434e-05;5.68630688488108e-05;5.340926109923171e-05;5.000031059739296e-05;4.683814345597061e-05;4.416438253324369e-05;4.185571032459577e-05;3.986325382315041e-05;3.811437981451324e-05;3.648644787407671e-05;3.497906071242593e-05;3.385336671402342e-05;3.321515145536808e-05;3.2897401243920685e-05;3.2458513858161486e-05;3.181061395482812e-05;3.107728238072884e-05;3.056678265853562e-05;3.044843802114158e-05;3.056157666434187e-05;3.070407779125751e-05;3.048055765996155e-05;2.98968155904656e-05;2.9224186264811324e-05;2.8684707855582053e-05;2.8356629479535667e-05;2.818309035780263e-05;2.7957872136493104e-05;2.747657660083909e-05;2.671061363116549e-05;2.59291209525882e-05;2.544825646335317e-05;2.5524719611043688e-05;2.608726982799141e-05;2.6810565012162663e-05;2.713526509150916e-05;2.6739553527007097e-05;2.58338991006662e-05;2.4973276257078333e-05;2.476739638308512e-05;2.5082028736962227e-05;2.551553490204305e-05
1519.054403497059;9.203862160871118e-08;5.9367901199439384e-08;2.7066495894413407e-08;1.14543128345802e-08;1.035265436914194e-08;3.0562825150114747e-08;8.557291839701031e-08;1.581489534348933e-07;2.1696458891975843e-07;2.274173961696662e-07;1.8167412152276002e-07;1.0998798957320918e-07;5.09235594846851e-08;2.2257918948962722e-08;1.5299517305292776e-08;1.7188038283668042e-08;1.8596214557784373e-08;1.7340335029404318e-08;1.7984043057829882e-08;2.5110993593863663e-08;3.4732741782007417e-08;3.6815567339631996e-08;2.7582018974081637e-08;1.4569944235391612e-08;6.585096470800663e-09;6.315987469439464e-09;1.1646871435662566e-08;1.8305349487028e-08;1.9895702823598255e-08;1.4938396866436753e-08;7.467641276690907e-09;2.994463974994613e-09;1.7732570449025334e-09;2.3147369309152352e-09;7.802818263753446e-09;1.9668867494842008e-08;2.7038257292012904e-08;2.3810261598803288e-08;1.4201166869735502e-08;6.372711079427209e-09;4.644336292190961e-09;3.468060877019492e-08;2.852421971749852e-07;1.33999025735593e-06;3.778595294173717e-06;7.605239828704106e-06;1.2540655765863003e-05;1.7559063659565835e-05;2.2527255096334508e-05;2.788416150711901e-05;3.386091400612348e-05;4.045519071740853e-05;4.725531762793396e-05;5.354097937959761e-05;5.854153269995211e-05;6.165904158374186e-05;6.266708305498383e-05;6.187390078045325e-05;5.991097013204322e-05;5.7260716343740826e-05;5.4238943915362944e-05;5.112631366910093e-05;4.774502568289779e-05;4.42787757790007e-05;4.090722821961334e-05;3.806739940460288e-05;3.585553187416651e-05;3.418899533264244e-05;3.2875077703437644e-05;3.189647892910964e-05;3.135789810351715e-05;3.111406334142778e-05;3.111565438365422e-05;3.107412336154486e-05;3.093050760553003e-05;3.0728340522260584e-05;3.070442019970179e-05;3.06932263393532e-05;3.064377296043976e-05;3.040965172135288e-05;3.0030699712452176e-05;2.9495162969810045e-05;2.892232560130085e-05;2.843594673477804e-05;2.7970736438820775e-05;2.739938812802523e-05;2.6781760706089672e-05;2.624903288013805e-05;2.602905626085268e-05;2.620686691211003e-05;2.6679059374288828e-05;2.7057541955972872e-05;2.709782944118869e-05;2.662656636429698e-05;2.6039290998041648e-05;2.582983267778894e-05;2.6221596962335005e-05;2.6957145160659995e-05;2.7608099701477587e-05;2.803607137280511e-05
1520.7104552624803;2.054880136771923e-07;1.2226091760872221e-07;5.8481538813345764e-08;3.1077734840760665e-08;2.2313485176007565e-08;3.4950632877420573e-08;7.29669353848566e-08;1.2503293507259004e-07;1.680555796615589e-07;1.7447330866101954e-07;1.3845167080954088e-07;8.69370598806336e-08;4.6584149003125777e-08;2.9696447230199028e-08;2.8439479209913586e-08;3.2244459097239744e-08;3.756510381438348e-08;3.856281773739104e-08;3.3962289810263915e-08;2.9569825310045118e-08;3.4603619069205845e-08;5.0331506952401654e-08;6.663467015780726e-08;7.309380612230628e-08;7.18413384712609e-08;7.021012972526981e-08;7.523693286074357e-08;8.016277839878003e-08;7.210391546424153e-08;4.6823788540533534e-08;2.04474931941885e-08;8.003342788775515e-09;4.681373412846519e-09;4.377827542377731e-09;5.456663147483215e-09;8.066636813091581e-09;2.0510380173121942e-08;5.516900956396143e-08;1.0406070216873833e-07;1.329025552695672e-07;1.2500476673703997e-07;1.1272074699588349e-07;2.732406921769516e-07;1.1005929165936772e-06;3.288605446475238e-06;7.175190951886912e-06;1.232249003397019e-05;1.7982954966031818e-05;2.3709748472165373e-05;2.9433217369638213e-05;3.538763763380804e-05;4.114615354446655e-05;4.645098228862204e-05;5.145984375310599e-05;5.555376376758176e-05;5.819789314784607e-05;5.936103164317065e-05;5.915359855862861e-05;5.812416154880778e-05;5.6682328286287176e-05;5.4655608827419954e-05;5.214413267028842e-05;4.8947822931207456e-05;4.511356962304895e-05;4.09801908376923e-05;3.739592618722085e-05;3.4998802049692265e-05;3.385363166173907e-05;3.345216576706399e-05;3.312886416311676e-05;3.278221375064853e-05;3.2368003199329405e-05;3.1898401079467054e-05;3.140990463500567e-05;3.096982391799935e-05;3.07446031284144e-05;3.053625079159847e-05;3.040415641861568e-05;3.0310633926264525e-05;3.027494631475788e-05;3.0156733269024145e-05;2.9851578723452247e-05;2.934528434263542e-05;2.873306393367184e-05;2.809321830907817e-05;2.7451189583172693e-05;2.683071318061092e-05;2.629207374793881e-05;2.596477532971256e-05;2.5834038974948747e-05;2.5858199824083985e-05;2.5928380572178785e-05;2.5932652646963503e-05;2.575703895347367e-05;2.5717337446803245e-05;2.592355099657484e-05;2.6338896825535016e-05;2.6647912454826026e-05;2.678325526702395e-05;2.6751082420101087e-05
1522.3658543475576;1.673014676163271e-07;1.1436332543867e-07;8.307154245796952e-08;7.816946494768299e-08;6.549224631984637e-08;4.808143995744403e-08;4.2727603823718855e-08;5.3734221908321384e-08;7.394419765575069e-08;9.363301920224921e-08;9.525534341277721e-08;8.701378336427169e-08;6.966432828997611e-08;5.2694845216314913e-08;4.2345884073707646e-08;3.8832448531557065e-08;5.014525072165134e-08;6.924088259243043e-08;7.592699350513898e-08;6.389048330842353e-08;5.39969387660572e-08;6.955191579358478e-08;1.0396522815882128e-07;1.3065966289332793e-07;1.3731184995568418e-07;1.3129261197739185e-07;1.250323003761967e-07;1.1587421200878612e-07;9.414758525313453e-08;6.166875198353775e-08;3.167933887161926e-08;1.522528610917495e-08;9.424962538323129e-09;6.940272533593401e-09;5.661733893657676e-09;1.0025237549007596e-08;3.6225864318455125e-08;1.1129109851566613e-07;2.117364742256896e-07;2.675848559507091e-07;2.500227610484305e-07;2.062274270325153e-07;2.9187432776506044e-07;8.345160614598837e-07;2.4709696310088483e-06;5.758719203067488e-06;1.0494921049560942e-05;1.6211405071925405e-05;2.24246666063762e-05;2.8949501230776004e-05;3.5492046134241004e-05;4.158799300337682e-05;4.684285172649571e-05;5.1256665004088e-05;5.4836407825265e-05;5.740873858506713e-05;5.877403529117725e-05;5.905509979292701e-05;5.843684318170883e-05;5.700523935384212e-05;5.490633726044759e-05;5.2032632640245616e-05;4.877914707944964e-05;4.516113802021571e-05;4.135682649249807e-05;3.81512013278988e-05;3.62121432636079e-05;3.557051575689256e-05;3.573501588679433e-05;3.5777405971071017e-05;3.550387444411891e-05;3.485358052038652e-05;3.3899236715332986e-05;3.277958177216079e-05;3.161629177348675e-05;3.05493895714437e-05;2.9755261113089608e-05;2.931968457969013e-05;2.9326228120871555e-05;2.96312465230846e-05;2.988046756809296e-05;2.984227840554702e-05;2.948687532494938e-05;2.8920147062070452e-05;2.826549987526885e-05;2.756580999736528e-05;2.688630697261524e-05;2.629345907696745e-05;2.5802607896173552e-05;2.549273904655077e-05;2.5226339401285693e-05;2.495464200503438e-05;2.4636132677535692e-05;2.445457091878911e-05;2.4418989748374247e-05;2.446965333835337e-05;2.466275654632918e-05;2.4814196548346104e-05;2.4843847681448742e-05;2.4745566057152927e-05
1524.0206008114474;4.861041156476695e-08;5.5544940830687666e-08;8.417821795509093e-08;1.0856807959187085e-07;9.877859766565273e-08;6.047922700394852e-08;2.637571088242093e-08;1.4220875841465896e-08;2.1764984331249712e-08;5.040810655277608e-08;8.97040674603611e-08;1.0845177929001524e-07;9.263066542828165e-08;6.018255226020195e-08;3.471079568604152e-08;3.1088501589992664e-08;5.28630368814928e-08;8.923618383715177e-08;1.0928882569424253e-07;9.567963987939701e-08;6.661152751896993e-08;5.6563548924331226e-08;6.507926528601714e-08;7.490787080687833e-08;7.518813515265926e-08;6.86527471116315e-08;6.234536961866946e-08;5.858482839279029e-08;5.7698725981115623e-08;6.144923182405686e-08;6.443198847004243e-08;6.051222144810375e-08;5.010444829642383e-08;3.4583147638251386e-08;1.910269338113644e-08;1.2190060932464988e-08;2.5926808256578912e-08;6.852303475975111e-08;1.280205883997586e-07;1.68408828241013e-07;1.7541900955433078e-07;1.6189293163443185e-07;2.453938963024865e-07;7.060416866016454e-07;2.01791056639741e-06;4.609600943953714e-06;8.636067085970071e-06;1.4012507692363307e-05;2.032107131732603e-05;2.716506868513261e-05;3.3916194299209966e-05;4.023707683994558e-05;4.5908068282154895e-05;5.072019585085085e-05;5.48815063170797e-05;5.818072180947475e-05;6.00317468125621e-05;6.049136404471866e-05;5.954886612602021e-05;5.738948701231876e-05;5.447840859516575e-05;5.119229886203321e-05;4.782084138845371e-05;4.469396546680725e-05;4.183313033482247e-05;3.936813532321312e-05;3.769180635369396e-05;3.6706145326838654e-05;3.612727982859019e-05;3.566317722016959e-05;3.520958365359436e-05;3.4566121531608e-05;3.3637385623706046e-05;3.2516148187824043e-05;3.1201366968627443e-05;2.9756701435625008e-05;2.869375120675374e-05;2.8198853522204326e-05;2.824786577444825e-05;2.8631972359452874e-05;2.9054207660830887e-05;2.9246420332555245e-05;2.914866880756119e-05;2.881187412391133e-05;2.824254077093051e-05;2.753548213270005e-05;2.6803181080971748e-05;2.6165175398744812e-05;2.5735479610088345e-05;2.5532034253684398e-05;2.538222201595936e-05;2.506738075894525e-05;2.463561254731756e-05;2.43132105391558e-05;2.4165262195427164e-05;2.431935473555528e-05;2.4609651807943585e-05;2.47979001778172e-05;2.479530623179332e-05;2.4711869348729155e-05
1525.6746947134125;2.895798012074648e-09;1.2137361709907997e-08;3.8236065030491376e-08;5.220795682961426e-08;4.793577529160709e-08;2.960877994146901e-08;9.862845256011044e-09;4.125632698246892e-09;6.601448376124281e-09;1.8017981885880122e-08;4.319146774236949e-08;5.397533813205056e-08;4.432641391039818e-08;2.4967047588800775e-08;1.2063644517326809e-08;1.2945458077708482e-08;2.69148366685063e-08;4.621535945712538e-08;5.557679661107116e-08;4.7477430464857366e-08;3.017822521281061e-08;1.865938948057108e-08;1.7029172251078312e-08;1.833032772631136e-08;1.6633274171477997e-08;1.3261802009600648e-08;9.227395949309574e-09;1.3654109911532962e-08;3.4623348711564305e-08;6.507056610019238e-08;9.18706679013925e-08;1.0045580642690433e-07;8.748910446256267e-08;6.243129192538762e-08;3.7874895585207866e-08;2.262415721142624e-08;1.8388476344186146e-08;2.0648223407566667e-08;3.846321729657941e-08;9.00570218170817e-08;1.574966787756737e-07;2.1316752865129057e-07;3.6344336307228325e-07;8.662132299892738e-07;2.1002866205119075e-06;4.427949028427921e-06;8.062014688965795e-06;1.3033287766921446e-05;1.905944900652604e-05;2.5621684804990587e-05;3.221239001736821e-05;3.8439385102341e-05;4.4355170476299775e-05;4.977360176239809e-05;5.439768933694355e-05;5.796112655568328e-05;6.006422888018669e-05;6.052400317573605e-05;5.925124545173106e-05;5.659808099989232e-05;5.335689961207971e-05;5.013971716171828e-05;4.738516171942102e-05;4.505384229201634e-05;4.311810741576034e-05;4.13213122198553e-05;3.948669996415002e-05;3.7570086052447816e-05;3.567378347880345e-05;3.389873967432924e-05;3.240918621803956e-05;3.116683257130879e-05;3.012796506602249e-05;2.9240577157348445e-05;2.850929836472945e-05;2.7963236775374152e-05;2.7612173938476577e-05;2.7685452723175883e-05;2.8054615708695586e-05;2.855437054241464e-05;2.900849115933236e-05;2.925039721871318e-05;2.915964010928468e-05;2.875275837305552e-05;2.8061695915577004e-05;2.720351672723705e-05;2.6283112118651927e-05;2.5514841474142017e-05;2.5123351438517542e-05;2.5102135009164585e-05;2.534299573907181e-05;2.5345772743197408e-05;2.515052167166443e-05;2.4893628238503605e-05;2.4900946164734904e-05;2.5472516647219065e-05;2.6177242948995117e-05;2.695273146294127e-05;2.728576146083405e-05;2.7370326781183924e-05
1527.328136112781;3.8088710969741066e-08;3.8200305566566434e-08;4.661080587018262e-08;6.433379781453616e-08;7.4928200431043e-08;6.392978229131609e-08;3.7703071387966266e-08;1.5491146034105927e-08;6.952846024435792e-09;4.947061465843287e-09;3.698378318242918e-09;2.652028575917577e-09;1.858653180881263e-09;1.4786989081649775e-09;1.6251724621577574e-09;2.908873551672348e-09;3.969737101659891e-09;4.2743455268095615e-09;1.0900160933494164e-08;3.098858073363156e-08;5.337456193039331e-08;6.061158001834677e-08;5.21332226947777e-08;5.053918184932759e-08;7.618583408974552e-08;1.148051851091076e-07;1.2873282229897852e-07;1.055771091494775e-07;7.152345404141156e-08;5.8427659045985994e-08;6.043116940859609e-08;5.9099502606529694e-08;5.0766780053901845e-08;4.2557896377056455e-08;5.1808240288534064e-08;9.581106562112157e-08;1.4296534610520622e-07;1.503093789259433e-07;1.2897179861294457e-07;1.4516009634689328e-07;2.081823619924584e-07;2.869787144924306e-07;4.62027790230797e-07;9.375262335589102e-07;2.1125340150742047e-06;4.359450144832469e-06;7.966698812569678e-06;1.2895685542719308e-05;1.9037373113012502e-05;2.5813342695819007e-05;3.2563305854398604e-05;3.9006002693516456e-05;4.49712503730696e-05;5.02962029084373e-05;5.460581233799422e-05;5.770460126395401e-05;5.94295467941436e-05;5.9403833994290376e-05;5.777174034508491e-05;5.4971718532585366e-05;5.189748702267244e-05;4.927243229907762e-05;4.749114841071958e-05;4.616158885379673e-05;4.492971808008132e-05;4.3424141837604016e-05;4.125665760842471e-05;3.85310013660241e-05;3.558914054052024e-05;3.2892822595075263e-05;3.0593898573158694e-05;2.8877633574600385e-05;2.790816211924786e-05;2.749881822188423e-05;2.755399032793554e-05;2.7817077627564222e-05;2.801518078311922e-05;2.823456722889617e-05;2.8632648510619283e-05;2.918159502405764e-05;2.9652323285224745e-05;2.98206935345211e-05;2.9539627798757305e-05;2.8843387615448675e-05;2.7910824692978115e-05;2.679198841785632e-05;2.5699299898209767e-05;2.4977639972866017e-05;2.483413432525363e-05;2.522479790702555e-05;2.581880971953566e-05;2.608706081497497e-05;2.576536902004821e-05;2.4949437900150143e-05;2.4331810768269e-05;2.4362118616817955e-05;2.5077071221009048e-05;2.624555727597068e-05;2.7367447630558248e-05;2.8106673934319797e-05
1528.980925068976;7.729494765412999e-08;9.450674205959192e-08;1.892247488368949e-07;3.245478287119634e-07;3.9210489731906556e-07;3.382011315821327e-07;2.081256584248948e-07;9.697132842859853e-08;4.3289655617080746e-08;2.506521591502441e-08;1.7961540605611982e-08;1.096123646415074e-08;8.49339410195048e-09;8.792770720036875e-09;9.456336512584665e-09;8.963772635611113e-09;7.3379128499899535e-09;8.754339260459252e-09;3.950918293228741e-08;1.412432837815149e-07;2.742089782747979e-07;3.5513277079697655e-07;3.178242994945289e-07;2.182489244918713e-07;1.6955924564788918e-07;2.14946684446476e-07;2.4923303421383184e-07;2.0377804412472037e-07;1.15431791343449e-07;5.1169290635207616e-08;2.588467501748465e-08;1.6064638580921174e-08;1.673453289947955e-08;4.4286719863525563e-08;1.6412333578669838e-07;3.814644027956137e-07;5.557871731833492e-07;5.33839553891238e-07;3.489411506565873e-07;1.8499855373762757e-07;1.436474522236749e-07;1.6403271726530128e-07;2.8596773352470255e-07;7.483313520839671e-07;1.944290323646153e-06;4.210087825261637e-06;7.768905086717366e-06;1.2550434835831435e-05;1.8450166591086914e-05;2.521498475964133e-05;3.25216915691382e-05;4.007759326781383e-05;4.693042904511691e-05;5.254377322814033e-05;5.643921811292478e-05;5.8594709808507925e-05;5.913883945937082e-05;5.819118610753662e-05;5.57930325161637e-05;5.280814209365249e-05;4.994559723720412e-05;4.788865947432694e-05;4.666231548865218e-05;4.5879458617149966e-05;4.4868729134508567e-05;4.322784540411081e-05;4.0942752088910384e-05;3.822462573959526e-05;3.538879508044284e-05;3.295651913388874e-05;3.094870333350381e-05;2.9790977228574528e-05;2.954201361067703e-05;2.9832810157402443e-05;3.0196202124086067e-05;3.0174178182366973e-05;2.978059913663193e-05;2.944166113522672e-05;2.938894134290003e-05;2.9572771662703792e-05;2.987115655053426e-05;2.9941727416865373e-05;2.9589246910480425e-05;2.8846798901914683e-05;2.7877131779744307e-05;2.6891977218994388e-05;2.6112966060883504e-05;2.569190940761992e-05;2.565022061796458e-05;2.579904827148197e-05;2.592580335050961e-05;2.5909939202931544e-05;2.558175832755249e-05;2.5029565742965327e-05;2.4513305818423727e-05;2.4126683593008072e-05;2.4089246284380147e-05;2.4335565489200025e-05;2.4799877826835084e-05;2.5089498268777468e-05
1530.6330616415034;4.315054212021528e-08;9.788070116857077e-08;2.554287016861876e-07;4.56212672479256e-07;5.594981236736784e-07;4.847051350565022e-07;3.033809385461041e-07;1.481888943271775e-07;6.732451263582793e-08;3.7568994906084645e-08;2.698019219742118e-08;2.0384498187941244e-08;1.944985034686832e-08;2.4674085446551793e-08;3.099636214584939e-08;3.16882955414249e-08;2.5888511139208933e-08;2.673302004543037e-08;7.074064345193068e-08;1.9456105324113387e-07;3.9233511402209013e-07;5.380259902379246e-07;5.026002305477463e-07;3.324197536617453e-07;1.809386488467383e-07;1.4626861019005438e-07;1.5980447960751187e-07;1.3519910189952338e-07;8.235015076392266e-08;3.6530148816601056e-08;1.7384004209389853e-08;1.2699345189300363e-08;2.3220785910318198e-08;7.378538207957409e-08;2.514065488989136e-07;5.409290609904365e-07;7.305683703263026e-07;6.576190966203064e-07;3.882453579114704e-07;1.5534391939387634e-07;6.144946444163828e-08;4.2804574225327415e-08;1.061934297481301e-07;6.283178872485169e-07;2.0502509439414747e-06;4.643128822053007e-06;8.327900966760111e-06;1.2736661045344814e-05;1.7769070678075926e-05;2.375752471038068e-05;3.0863954413452674e-05;3.879209912857373e-05;4.634028769177309e-05;5.237817167128838e-05;5.638387259535813e-05;5.844849151572827e-05;5.876758837144577e-05;5.757365448052789e-05;5.531025447112858e-05;5.253222197712173e-05;4.978947971267608e-05;4.750794989397607e-05;4.5859356758406667e-05;4.451220497070699e-05;4.307513140995822e-05;4.133983274395088e-05;3.916207698564194e-05;3.680269935232639e-05;3.4557902251642215e-05;3.2726867280080825e-05;3.148199750579314e-05;3.1041495932610194e-05;3.123101740025939e-05;3.165055977977194e-05;3.187959000112258e-05;3.169243112513408e-05;3.125491586042508e-05;3.0874480097965706e-05;3.076612529755419e-05;3.098311431014288e-05;3.1156955318026865e-05;3.083866619022423e-05;2.9955333765628607e-05;2.882891542489387e-05;2.780680390665271e-05;2.7096368242212045e-05;2.6712192806619192e-05;2.644365572867219e-05;2.606889209738044e-05;2.553167260859875e-05;2.4928900997290732e-05;2.4578249818544663e-05;2.4764554232112975e-05;2.5198377680986225e-05;2.5743302433695133e-05;2.591489431537484e-05;2.5553201977610707e-05;2.4823929140110072e-05;2.4109871276851718e-05;2.355207592599308e-05
1532.28454588995;1.535185319253006e-07;1.7549550514706237e-07;2.3706122694706966e-07;3.455945556024111e-07;3.9894423363660106e-07;3.406431913287756e-07;2.150323949692014e-07;1.0568294437493535e-07;4.9488052026960056e-08;3.0062292444275605e-08;2.3471889845783475e-08;3.371073693601285e-08;6.988105334173189e-08;1.3793560347707994e-07;2.215488250116561e-07;2.6095353404193975e-07;2.2445288011305885e-07;1.4574855678625753e-07;9.981671002155265e-08;1.4304622034600237e-07;2.800546651619083e-07;4.169384134425904e-07;4.309342786486968e-07;3.141744871994708e-07;1.7573882803995848e-07;8.110884711906839e-08;5.657731803868709e-08;4.885232644565781e-08;3.53201802709315e-08;2.04296816038836e-08;1.332563106308673e-08;1.9183077412064256e-08;4.426673813966068e-08;8.640718826867343e-08;1.772763932825288e-07;2.831638592413138e-07;3.265968640412458e-07;2.716503665320849e-07;1.5475413148684217e-07;6.290197882841024e-08;2.1128245936396585e-08;2.0120865036091543e-08;9.151400220147044e-08;6.489667923324176e-07;2.1679068396161614e-06;4.900216047656914e-06;8.71991066322302e-06;1.33419489517838e-05;1.8313206313970288e-05;2.395297363025927e-05;3.0167152084479925e-05;3.673528652150275e-05;4.3015364557627664e-05;4.840145995140227e-05;5.248259213243464e-05;5.515424325585572e-05;5.653928469815414e-05;5.667500263043037e-05;5.590226910457614e-05;5.4278961266749486e-05;5.196315769051952e-05;4.9341241910881525e-05;4.679921401397581e-05;4.441421893273022e-05;4.2215538799028405e-05;4.00760800767001e-05;3.79085513046442e-05;3.577669362145208e-05;3.387540730306909e-05;3.25039548471905e-05;3.176992468886345e-05;3.142942879096389e-05;3.1277481356078354e-05;3.1329628467297685e-05;3.1492634297124755e-05;3.18228060834384e-05;3.227450332578273e-05;3.262953296725993e-05;3.2919719800952784e-05;3.3004375274413966e-05;3.235805980136447e-05;3.086516861958509e-05;2.8792900075827792e-05;2.6976492629940168e-05;2.588844642008471e-05;2.5522543512815365e-05;2.560446151383225e-05;2.576512259904292e-05;2.5788286776332734e-05;2.564552065752566e-05;2.5325768819154613e-05;2.518234968276956e-05;2.5344767261870737e-05;2.580598693347522e-05;2.6204388094051675e-05;2.634409931797816e-05;2.586343506727947e-05;2.4983804337272064e-05;2.4309429137286152e-05;2.402627168390335e-05
1533.9353778739933;3.607987068614736e-07;3.132269917660676e-07;2.747530527581784e-07;2.64674063328459e-07;2.577907577187585e-07;2.1123940018646522e-07;1.3369992038641266e-07;6.3480127376981e-08;3.102799689325115e-08;2.256381120855116e-08;2.0450379552097008e-08;4.375169871957724e-08;1.1446467135389445e-07;2.415028073107856e-07;3.9579676967163e-07;4.672143150056975e-07;3.988966224831896e-07;2.429643432809113e-07;1.1458123373710637e-07;9.845418983543781e-08;1.7623863160748605e-07;2.95261140701534e-07;3.627850535359469e-07;3.183743015897349e-07;1.968994368315915e-07;8.709244593697417e-08;4.1724770390254725e-08;3.116444558294381e-08;2.3205385420007787e-08;1.6202344475044653e-08;1.3921159979360404e-08;2.6623838833415492e-08;6.127508377514234e-08;9.234332807428588e-08;9.185923447307068e-08;6.12420821087397e-08;2.879785801244268e-08;1.62602878618468e-08;1.4787549829188178e-08;1.1856704924351332e-08;7.434250851890125e-09;1.2798723871659837e-08;1.0871753645453817e-07;6.526258563577421e-07;2.061469361025764e-06;4.5944789456148654e-06;8.429679783688599e-06;1.3566045402789804e-05;1.9486346429442488e-05;2.5611368675038817e-05;3.15321500205456e-05;3.701572357521044e-05;4.199214387598814e-05;4.639259152004353e-05;4.9949531308768566e-05;5.23975178210773e-05;5.35642997176006e-05;5.41913815930093e-05;5.424388641737121e-05;5.3618659815502725e-05;5.24596914865449e-05;5.068811065408302e-05;4.821421347308507e-05;4.528492959301709e-05;4.229800917557762e-05;3.943886606056992e-05;3.695232789393808e-05;3.490044598845116e-05;3.330247527100435e-05;3.224890740498369e-05;3.1688841653622155e-05;3.1386417845815586e-05;3.115337842466462e-05;3.1059975832547467e-05;3.119565698147108e-05;3.1602114809805326e-05;3.227412072451731e-05;3.266296965558394e-05;3.2503832026251604e-05;3.172883974269916e-05;3.0281248375908786e-05;2.826138484667576e-05;2.6201683187861137e-05;2.4662461153387936e-05;2.3939818008549463e-05;2.3930176080531066e-05;2.4391714742637245e-05;2.5009764673896967e-05;2.571544522619792e-05;2.638028868635949e-05;2.672649214772226e-05;2.6554614013224085e-05;2.604804672645001e-05;2.5373424776800146e-05;2.459091555280874e-05;2.394210016528349e-05;2.3560240721092383e-05;2.364539854799537e-05;2.389840644436603e-05;2.4324550075831828e-05
1535.5855576533795;2.7335114952646415e-07;2.248558622170473e-07;1.7827011565756053e-07;1.3237817657089928e-07;1.1046566846805033e-07;8.597275293635078e-08;5.4433617444906e-08;2.6598582863005733e-08;1.4354760438616593e-08;1.162884707132969e-08;1.1028568309127972e-08;2.308210007547297e-08;5.7955397782257204e-08;1.2103605172422429e-07;1.9699804812498013e-07;2.3072648637718998e-07;1.9527780801543562e-07;1.1777135526958775e-07;5.5756268134207546e-08;3.9153810572321495e-08;6.682482307039328e-08;1.191444310069713e-07;1.62354303500422e-07;1.595114641641509e-07;9.852058376717633e-08;4.226844997972888e-08;1.7889219145941483e-08;1.2072692720267533e-08;9.287060121909544e-09;8.154537138235096e-09;8.846926433751336e-09;1.5935058965123206e-08;3.24894394737406e-08;4.686190116137116e-08;3.2226359315935585e-08;1.8049777974637463e-08;1.2953407052073416e-08;1.811370121595138e-08;2.204772619841815e-08;1.9040383015438704e-08;1.1007520957062482e-08;7.954201588793439e-09;7.479383278751259e-08;5.942429128659368e-07;2.1028677471145403e-06;5.012865403555711e-06;9.288226199543793e-06;1.4641917610218808e-05;2.079672679317257e-05;2.6919754032420376e-05;3.265115333325275e-05;3.783811248894489e-05;4.240740559301239e-05;4.635996155465297e-05;4.946391295572321e-05;5.133229617701908e-05;5.19280416432469e-05;5.189885054066392e-05;5.180101793750234e-05;5.165440120652287e-05;5.145606832832895e-05;5.062958374933764e-05;4.863743823744834e-05;4.553503261557793e-05;4.177311925348042e-05;3.818184509671757e-05;3.541614886267409e-05;3.3593533242828056e-05;3.246540227097828e-05;3.179715031131349e-05;3.129815144253888e-05;3.089165593762914e-05;3.053361539317036e-05;3.036827186319479e-05;3.0574136600611054e-05;3.102408273197979e-05;3.1269142363356545e-05;3.1058210733122656e-05;3.0308095615156623e-05;2.910123834356445e-05;2.77464569626326e-05;2.6424044731273837e-05;2.5495234941700808e-05;2.492212849409581e-05;2.473949543745954e-05;2.4850468269391488e-05;2.5121205403331705e-05;2.5434025115738984e-05;2.584138645293431e-05;2.6007872071135716e-05;2.578361505516349e-05;2.506186203661021e-05;2.3949254076906104e-05;2.271982907161888e-05;2.175054560031e-05;2.139702820192002e-05;2.1779953383183268e-05;2.2672376154218995e-05;2.361951843230418e-05;2.4323609839794e-05
1537.2350852879465;6.898973890018356e-08;6.756488005130514e-08;5.6465278379277616e-08;4.58140454459794e-08;2.636000960952532e-08;1.127444579544288e-08;5.401695607674431e-09;3.950333286843531e-09;3.340611864928205e-09;2.945334701500509e-09;3.0985134827028516e-09;6.601617275803837e-09;1.3661764168978468e-08;1.83330784079644e-08;1.555413134631204e-08;8.314507578408888e-09;3.1489601040090502e-09;1.6842683054536796e-09;1.6177142463366426e-09;2.2584116366049068e-09;2.895286296255201e-09;2.682070571734048e-09;1.848402506230708e-09;1.199745227451902e-09;9.073146092170203e-10;6.467515138874165e-10;3.9221598502484553e-10;2.89811654186602e-10;5.336655245223073e-10;1.9771144971963116e-09;4.576024309536828e-09;6.4901556877650406e-09;5.629411824036714e-09;3.133014689212797e-09;1.215455597306373e-09;1.117756101170705e-09;7.086317770031705e-09;2.1747430271442204e-08;3.3656508337984394e-08;3.181617406566853e-08;1.867823546349121e-08;6.905090950266599e-09;3.2452792665426595e-08;4.285280111944676e-07;1.797413172184811e-06;4.687445390246057e-06;9.21442182436663e-06;1.4888505384893642e-05;2.0872356968615724e-05;2.6578534781782407e-05;3.18233897490453e-05;3.647597048740856e-05;4.0666597964744967e-05;4.45843297986532e-05;4.796787807507346e-05;5.037935964372004e-05;5.176395126027532e-05;5.248187477867596e-05;5.2668425356408303e-05;5.244621445493669e-05;5.168878224265289e-05;5.032438194772143e-05;4.816179395348712e-05;4.488819616769573e-05;4.0927293053031247e-05;3.720583198132885e-05;3.4561971679750614e-05;3.309601156802315e-05;3.246058986230249e-05;3.208385708370437e-05;3.1714891469521813e-05;3.131485167792286e-05;3.092974241122616e-05;3.0667039222250464e-05;3.051664307214788e-05;3.040987890190564e-05;3.003221358969942e-05;2.9538130123321946e-05;2.9054489377538063e-05;2.849767062106884e-05;2.797497141427561e-05;2.7560137727495448e-05;2.721472537230957e-05;2.6894672578744784e-05;2.658202521966104e-05;2.625020225867541e-05;2.588322677910997e-05;2.5564232516310335e-05;2.5267542677914965e-05;2.497587857915856e-05;2.438430559972957e-05;2.3662204875892155e-05;2.265970726723108e-05;2.179503444308624e-05;2.132674658773789e-05;2.1326219003046108e-05;2.1726886827116416e-05;2.2250276273771013e-05;2.2804782761550653e-05;2.3153259497343827e-05
1538.8839608376256;9.358225325809288e-09;3.339168357512369e-08;5.7842194600127044e-08;5.974241113439668e-08;4.456100616782783e-08;4.0194222684354864e-08;4.995053384024094e-08;4.6904742793482544e-08;2.733523957803297e-08;1.1829719304769094e-08;7.224519864419428e-09;1.3170111390756565e-08;2.7382714446684677e-08;3.7140114384684576e-08;3.1825480602234155e-08;1.73972388822777e-08;6.685604002050549e-09;3.413928168356697e-09;3.1691339666921253e-09;4.518091997521419e-09;5.903312323159566e-09;5.617516489172889e-09;4.052612207532858e-09;2.5315899169611903e-09;1.592461554572642e-09;9.99250159315916e-10;6.841479642152454e-10;1.2765931841790616e-09;3.690710908967277e-09;7.721357964821041e-09;1.1037573402950556e-08;1.13673490467202e-08;8.684827768595796e-09;4.8276415461456446e-09;2.0023267645608064e-09;1.1923862224451335e-09;6.556795023826355e-09;2.1321968496797576e-08;3.557349496749473e-08;3.5729470584672664e-08;2.3801217460344135e-08;1.3425868003323464e-08;5.1481011598887435e-08;3.636065687562187e-07;1.4421325716648974e-06;3.915951632901148e-06;8.208732707316139e-06;1.388583215747033e-05;1.9847642675701395e-05;2.5382874695221474e-05;3.04154314233286e-05;3.507257694810356e-05;3.94817380970023e-05;4.3650697873522944e-05;4.734525557661693e-05;5.0255519558732726e-05;5.222496494796711e-05;5.324223908927436e-05;5.338427438413372e-05;5.2438155520488674e-05;5.070612403223514e-05;4.8432068562387735e-05;4.594317895972652e-05;4.320637535624303e-05;4.0327731829477954e-05;3.779615679526516e-05;3.5695105664175864e-05;3.414667670138328e-05;3.301917617185552e-05;3.221527147575635e-05;3.170601974581945e-05;3.145308396834104e-05;3.136892141858244e-05;3.115739059054434e-05;3.053195109342111e-05;2.9474000426674412e-05;2.829706644635768e-05;2.742157551889947e-05;2.708129498787451e-05;2.735434559984378e-05;2.7989303711478004e-05;2.864321750521325e-05;2.898036834256162e-05;2.8795031607384785e-05;2.8109849070829854e-05;2.7098795821401407e-05;2.6125460721507408e-05;2.5600230274675432e-05;2.554662737535737e-05;2.594513799130717e-05;2.6137124868398933e-05;2.5715164705169832e-05;2.4771043602976492e-05;2.3642417794525303e-05;2.269855466984262e-05;2.200342799371363e-05;2.172606945227093e-05;2.1737237084793572e-05;2.183286661569525e-05;2.1916754910554175e-05
1540.5321843624151;2.516227271835482e-09;1.1534540489952753e-08;3.068867353372129e-08;3.8125897033176246e-08;4.906139001906887e-08;7.642459596937869e-08;1.0184110793778192e-07;9.849534179546949e-08;6.709065539264157e-08;3.3633982878883566e-08;1.6778206983199872e-08;1.3797151818121694e-08;1.8236028287708936e-08;2.2129249664766905e-08;1.9355767987973185e-08;1.2297903613387698e-08;6.625090013823022e-09;3.974802430973297e-09;2.814304777912629e-09;3.0003168490770104e-09;3.799472409521059e-09;4.424776797685192e-09;4.708055026864598e-09;4.332313122475906e-09;3.177007988853092e-09;1.7106958402885423e-09;9.874201808227154e-10;3.5463443489191766e-09;1.187761982170931e-08;2.143934259851705e-08;2.4260842977445803e-08;1.8083455662113707e-08;9.183652142699697e-09;4.020075879886157e-09;2.561170776805008e-09;3.290662288017646e-09;9.995295718293224e-09;1.7616918489270856e-08;2.0536445924697622e-08;1.935887414750632e-08;1.6275322064334685e-08;2.3882700556968212e-08;1.3878317132553505e-07;6.639176677424523e-07;1.926912244704961e-06;4.432605499022059e-06;8.395771740427348e-06;1.3461956415051323e-05;1.8912047630760824e-05;2.426409475417146e-05;2.954728408614223e-05;3.488219469312754e-05;4.018379314497009e-05;4.504370648885845e-05;4.88429983359157e-05;5.131973589081555e-05;5.270800825644799e-05;5.290921258010568e-05;5.195065522688176e-05;4.996599979470651e-05;4.740787071910496e-05;4.485762928961249e-05;4.263506872742203e-05;4.095695805799167e-05;3.948337089934256e-05;3.798864416725686e-05;3.633452327625918e-05;3.461265888430566e-05;3.301582242203361e-05;3.168373978357431e-05;3.072442688622125e-05;3.0163113144180144e-05;2.9931963358683646e-05;2.9756818172004096e-05;2.935637739635493e-05;2.856114714619768e-05;2.741516695373408e-05;2.641447138910583e-05;2.5883814891113737e-05;2.595794305076692e-05;2.6415037201827743e-05;2.720645572273873e-05;2.802855175547909e-05;2.8511166307053244e-05;2.8475858264641697e-05;2.791349878181572e-05;2.7225087242001368e-05;2.676035360015177e-05;2.679440591465545e-05;2.716800358634988e-05;2.7441408358509612e-05;2.7228911700490335e-05;2.635462244698541e-05;2.5098280462888546e-05;2.368354852750161e-05;2.2337563529717248e-05;2.154124898179992e-05;2.1347888614171623e-05;2.153988162928106e-05;2.17639127365459e-05
1542.1797559224103;3.7087061342331484e-10;2.596301501958204e-09;1.1436952263049882e-08;3.2366369361194974e-08;7.1354226769722e-08;1.0403506177391189e-07;1.156655326209195e-07;1.1380834907379258e-07;1.0478678452725609e-07;8.03682672871549e-08;6.055024053155069e-08;4.208408173872349e-08;2.4956102818772217e-08;1.3135238229760554e-08;8.188503144993103e-09;8.306368090480403e-09;1.752793459282828e-08;3.7607632447499196e-08;5.466590071431121e-08;5.4096844974384114e-08;3.639928750180707e-08;1.3280381347696082e-08;7.291700256958852e-09;8.653367200068205e-09;1.580170294670596e-08;2.9262771824090433e-08;5.117186676329088e-08;6.513844926938469e-08;6.888433373834009e-08;7.306283017881898e-08;7.528892765663228e-08;7.448187080648177e-08;6.508232380588445e-08;4.5512802951079e-08;2.92901914445413e-08;2.023047323395865e-08;1.9828731926518293e-08;1.908369359557473e-08;1.275095347937732e-08;7.773874143734761e-09;9.42787605055014e-09;3.746632367479714e-08;2.467642040969047e-07;9.591648409483466e-07;2.498285458212036e-06;5.054963971393731e-06;8.662309211482583e-06;1.3029497171353674e-05;1.7940190998919054e-05;2.3179491321084013e-05;2.8714811228382256e-05;3.449803588201045e-05;4.025019577220674e-05;4.542048242246282e-05;4.936334261091292e-05;5.18974149601257e-05;5.314427253319747e-05;5.307276915493824e-05;5.141613947221527e-05;4.864041058254296e-05;4.524763265274033e-05;4.23717757403713e-05;4.040092407552796e-05;3.91160933582172e-05;3.820533911932858e-05;3.707952777961952e-05;3.574478871326018e-05;3.4276187926518173e-05;3.296602209595214e-05;3.1833939064836164e-05;3.098481827102175e-05;3.0363562786630494e-05;2.9950575510848087e-05;2.9634884895527568e-05;2.9287876776579168e-05;2.8821448743499283e-05;2.8284219885479147e-05;2.777071530255556e-05;2.7292032666332664e-05;2.683462740679162e-05;2.6416444976992854e-05;2.6208345162712716e-05;2.6425117987012283e-05;2.683570547804392e-05;2.7266708549291582e-05;2.7339986490712134e-05;2.692005988829805e-05;2.625078645259192e-05;2.568613063208256e-05;2.55075191059432e-05;2.5915103930180924e-05;2.628552308503493e-05;2.6199344242580613e-05;2.54161228289055e-05;2.415846057537375e-05;2.2741112976185235e-05;2.174813203646467e-05;2.1535962059672463e-05;2.1925960722043587e-05;2.240641895881495e-05
1543.8266755777695;5.6707412532834644e-08;6.95106101967284e-08;8.781590713724789e-08;1.094277683053096e-07;1.2133937755344004e-07;1.2861468388297764e-07;1.2509262956126404e-07;1.2319240515805221e-07;1.3092939512580313e-07;1.426639838625832e-07;1.4056462000742436e-07;1.1320946808453128e-07;7.277140445980378e-08;4.665124508433568e-08;5.095125369404727e-08;7.591857645231025e-08;1.0487040806372274e-07;1.321033342142732e-07;1.4286150047530765e-07;1.216209862232085e-07;7.725912843851248e-08;3.714602744345445e-08;1.8370406801070387e-08;2.129442724634436e-08;4.761042141556096e-08;8.764372195404462e-08;1.224895959544841e-07;1.3504805450364676e-07;1.2803527716836484e-07;1.1997445164974408e-07;1.196048780325888e-07;1.2762298243115032e-07;1.3063367083949758e-07;1.14810055573261e-07;8.451379587585913e-08;5.32724734866836e-08;3.27774965312282e-08;2.15046965557468e-08;2.616451052613665e-08;5.711877948600723e-08;1.056931866365818e-07;1.7545969316698226e-07;3.796853927755394e-07;1.0337626762132006e-06;2.516116347141421e-06;4.967255755126856e-06;8.299217381893481e-06;1.2310959376916172e-05;1.695159724316995e-05;2.2072414966853693e-05;2.742221212382444e-05;3.2878106138186354e-05;3.8157876880888e-05;4.293751630388287e-05;4.703426715336557e-05;5.019151434725966e-05;5.227137546042211e-05;5.2900698049842056e-05;5.189415296824441e-05;4.929672950294889e-05;4.616798115046008e-05;4.330389173691394e-05;4.08654932758386e-05;3.905992931039277e-05;3.76909424913945e-05;3.648626376355275e-05;3.543125826361314e-05;3.4589176949566575e-05;3.402345157122687e-05;3.3624999188686355e-05;3.314349201267033e-05;3.249967892185571e-05;3.1763187975097226e-05;3.108306369141392e-05;3.052844533734789e-05;3.010551795816131e-05;2.9939644021134777e-05;2.983033779461901e-05;2.956075386798189e-05;2.9019423736968617e-05;2.8367475928027736e-05;2.7713634554038936e-05;2.7295457181432264e-05;2.7134320498598155e-05;2.693100646045916e-05;2.644168889215092e-05;2.546115434636965e-05;2.443308830636276e-05;2.3805682316528127e-05;2.381807637025893e-05;2.452223324874021e-05;2.520617972047047e-05;2.545146765309684e-05;2.490880931445268e-05;2.395757254116409e-05;2.319716931711796e-05;2.273392104437455e-05;2.275537153510092e-05;2.302921820325896e-05;2.3287665754872315e-05
1545.4729433887587;1.5564267244125878e-07;2.0391829199348172e-07;2.308115290289793e-07;2.131917498392329e-07;1.5946780948704376e-07;1.2078494432404742e-07;1.0012878294754037e-07;1.0726055159846367e-07;1.348637759782217e-07;1.9770151558251853e-07;2.568970663012438e-07;2.830703837351767e-07;2.621790091598125e-07;2.131211197270191e-07;1.7757874773931515e-07;1.7473133094825588e-07;1.8202715949708162e-07;1.741021293597468e-07;1.3846334384323733e-07;9.611542295453545e-08;6.96886937141331e-08;7.066689444556705e-08;1.0319140589018353e-07;1.5747136984796064e-07;1.973210550414529e-07;1.958825116000373e-07;1.5596794274708199e-07;1.2462960837774465e-07;1.0235273497380517e-07;8.89945135796838e-08;8.972749475700569e-08;1.130852543205707e-07;1.464360228291191e-07;1.744630415536977e-07;1.5843659077712157e-07;1.0980564199630427e-07;5.9797724198342e-08;3.072241876912444e-08;4.1749286637180856e-08;1.0866842741546925e-07;2.180664843146661e-07;3.514442515182857e-07;5.478783104442855e-07;1.115576712391548e-06;2.484866903081531e-06;4.858065623648067e-06;8.075494332721458e-06;1.2047834246065714e-05;1.6627010713593206e-05;2.169428709351844e-05;2.6919016063755667e-05;3.2011106922129844e-05;3.692969440675546e-05;4.147660179283623e-05;4.56040682185512e-05;4.8995091530179846e-05;5.141477937399889e-05;5.261656662745294e-05;5.2468820481015634e-05;5.0814617440516994e-05;4.799386071789433e-05;4.489011947937775e-05;4.187553735207377e-05;3.941471823181125e-05;3.761061831963624e-05;3.621169131874034e-05;3.5123966150539945e-05;3.4496630541104453e-05;3.412894440864072e-05;3.3659050767402e-05;3.309014114254747e-05;3.2248544155457314e-05;3.1313878313999e-05;3.0654522825624064e-05;3.0475099875476937e-05;3.0704353669716264e-05;3.086663394826618e-05;3.0761403875594446e-05;3.0251125211126338e-05;2.945879195356779e-05;2.87757767721564e-05;2.844992057791294e-05;2.835598404552199e-05;2.8479417474484347e-05;2.8249132758785814e-05;2.74208994518217e-05;2.6111783145441903e-05;2.47639108333732e-05;2.3884726543601703e-05;2.369778766308708e-05;2.389084755241528e-05;2.4384171239150703e-05;2.476343998943875e-05;2.482027477974132e-05;2.4718391144033784e-05;2.460644727609764e-05;2.4454147821982025e-05;2.419898248659291e-05;2.3851023048588312e-05;2.357856372131815e-05
1547.1185594157032;1.4413734334897134e-07;2.169315268135195e-07;2.637659488883854e-07;2.512887321394297e-07;1.864702414856545e-07;1.164680052734707e-07;7.915127978020465e-08;8.273218052555446e-08;1.338882393033709e-07;2.2357174649021605e-07;3.28843217210288e-07;4.099930755165891e-07;4.19201557875231e-07;3.422229729913032e-07;2.3139036542250526e-07;1.4938416395566486e-07;1.1180031839115723e-07;8.674811425280067e-08;5.5271120588738586e-08;3.4335830024449026e-08;4.23013699190667e-08;8.790171346265783e-08;1.7750482943037e-07;2.826483792642332e-07;3.254616100696636e-07;2.711711361792609e-07;1.664253682202625e-07;9.08928415285445e-08;7.589168012158478e-08;8.194087174887072e-08;8.989623790565244e-08;1.1072861948252425e-07;1.6303662215555653e-07;2.0895258069567466e-07;2.0119325572579878e-07;1.4343201190400716e-07;7.77798258265394e-08;4.0378629197610065e-08;3.781719089892765e-08;6.876296654520182e-08;1.4410771951962077e-07;2.754619605059897e-07;5.100238968291252e-07;1.0846975925767917e-06;2.531884169969591e-06;5.169962458538815e-06;8.879883910982288e-06;1.3368257529977044e-05;1.8345857669566777e-05;2.361582598537793e-05;2.8914134280885644e-05;3.39522856100113e-05;3.864238666106103e-05;4.3023756724504427e-05;4.69818579275198e-05;5.0282305759599786e-05;5.265258106110709e-05;5.398253603881765e-05;5.400373128232072e-05;5.242894385959941e-05;4.91541853350642e-05;4.503352376918342e-05;4.142469897472806e-05;3.866943797965211e-05;3.6742045727461593e-05;3.532139136169424e-05;3.4055752740482574e-05;3.2879823255203776e-05;3.1585114711511235e-05;3.0437028965522187e-05;2.9532508270042497e-05;2.8901959342308928e-05;2.8545601788340506e-05;2.851154146803815e-05;2.8873684655687605e-05;2.943684240562091e-05;2.975937733486142e-05;2.9429135920510807e-05;2.8466281735887964e-05;2.730871676764441e-05;2.65996685921834e-05;2.666135605441141e-05;2.734331927438784e-05;2.810429991927824e-05;2.839913193636321e-05;2.80307863210743e-05;2.710346007441531e-05;2.589856005825067e-05;2.4975334657377003e-05;2.45578433341872e-05;2.4552003473731764e-05;2.4768672663888987e-05;2.512516237947086e-05;2.5480273863428347e-05;2.568401143099512e-05;2.5662659197087133e-05;2.525489635654499e-05;2.4613477913471763e-05;2.3980957084542557e-05;2.3634172924014227e-05
1548.7635237190298;4.5604661965965067e-08;8.344796477986111e-08;1.2375950332022365e-07;1.5371495430953357e-07;1.5673712772517095e-07;1.2276441841223533e-07;8.315281071283416e-08;5.749530462256114e-08;7.452506940555485e-08;1.1481779491607297e-07;1.6545232334307682e-07;2.0600121507053077e-07;2.104952342049981e-07;1.675648830629692e-07;1.0121794523763373e-07;4.648927919797241e-08;2.0580913351989524e-08;9.474511597099822e-09;6.466419942766015e-09;6.910543022318577e-09;1.5262044986479143e-08;4.356057469070696e-08;8.840355988788805e-08;1.4081214583280205e-07;1.6230658529198777e-07;1.3578028889004496e-07;8.600553431853252e-08;5.3283055288094595e-08;7.355529262748538e-08;1.016873969835379e-07;1.0804027113817113e-07;1.0184315504005187e-07;1.1097721517410185e-07;1.1629297329159837e-07;1.039171770506486e-07;7.193951149775356e-08;4.0527192855652524e-08;2.6281505330825226e-08;2.414315787557892e-08;2.284932472884711e-08;3.377052627971068e-08;7.934215924573379e-08;2.037447001379357e-07;6.711183768490507e-07;2.098452520217319e-06;4.991784066260362e-06;9.289467584323122e-06;1.4467088751749669e-05;1.99943765433474e-05;2.551783540771719e-05;3.084438771820184e-05;3.568363408535893e-05;3.979526462412058e-05;4.347453647567576e-05;4.6703858846674405e-05;4.9671786499599375e-05;5.213013307046867e-05;5.38899495942461e-05;5.439361743612056e-05;5.312130737991127e-05;5.015221299353566e-05;4.60704090023843e-05;4.211435865146359e-05;3.861305802238451e-05;3.599354099308927e-05;3.3806264840038823e-05;3.205916466819115e-05;3.060492712434441e-05;2.9383561796492827e-05;2.854400573252488e-05;2.776015975316433e-05;2.742664609404124e-05;2.7390047284886835e-05;2.7539537157631497e-05;2.789243694695509e-05;2.8184055985416417e-05;2.827112948145651e-05;2.772806778487192e-05;2.6629828986655528e-05;2.5366812189140057e-05;2.4544029371795537e-05;2.4580949273231285e-05;2.5406093203778043e-05;2.632756169342135e-05;2.673819062210186e-05;2.6531965255943267e-05;2.5856535482414487e-05;2.515263986838125e-05;2.487030014534609e-05;2.51352107130593e-05;2.5778884341333465e-05;2.6301698045385544e-05;2.6322858412617155e-05;2.5840947708724475e-05;2.5021226306869006e-05;2.4317541429734625e-05;2.3899624141240653e-05;2.3793203195597295e-05;2.385706079898664e-05;2.3914799003254952e-05
1550.4078363592307;1.128240232504775e-08;4.815556878019912e-08;1.0282519728471941e-07;1.5855108331407792e-07;1.8850460936710044e-07;1.5895126632252285e-07;8.895571472078568e-08;4.073859219805624e-08;1.8199992387604535e-08;9.34986476756732e-09;6.263213944840673e-09;4.811191955409238e-09;4.222286275296173e-09;4.084050834524673e-09;3.768797557083637e-09;2.945700475984629e-09;1.8769595383706107e-09;1.0817864975614614e-09;8.568095800479774e-10;8.515226472973808e-10;2.236577718548959e-09;4.256450037642771e-09;6.465781781027411e-09;6.358287369851312e-09;3.922450054963425e-09;2.8207348507799113e-09;4.5704103837332565e-09;1.5162861509925256e-08;3.2946937263158175e-08;5.601360182050379e-08;8.16755901348254e-08;9.323237661047505e-08;8.557383434837057e-08;5.8753457419524494e-08;3.1827558384412864e-08;1.2557764122882936e-08;9.315694186874954e-09;1.960407845366489e-08;3.798261338268124e-08;5.62453848934253e-08;6.159973107251375e-08;6.007229736007282e-08;1.029531233815442e-07;4.744155019478348e-07;1.6977154581106763e-06;4.257926716980634e-06;8.261541412242886e-06;1.3353656359314822e-05;1.902395094286556e-05;2.487074229968597e-05;3.062938390487619e-05;3.569290523757144e-05;3.960179300715031e-05;4.233125257826797e-05;4.436272646085369e-05;4.632819546836507e-05;4.826793371525224e-05;5.003041054405917e-05;5.128009990520204e-05;5.143850361333516e-05;4.990076606682057e-05;4.6918922592674e-05;4.341604222318582e-05;3.9785928434875305e-05;3.629633249910828e-05;3.317857131680941e-05;3.0889686446216155e-05;2.9403974600249207e-05;2.886052581783001e-05;2.8821034162669124e-05;2.8977582684021662e-05;2.913584721448989e-05;2.9162560937775622e-05;2.901639135683569e-05;2.8744563714240043e-05;2.8395648900644327e-05;2.79580030621937e-05;2.734808343923924e-05;2.659604395437645e-05;2.5863420408012926e-05;2.5495362777804585e-05;2.57068214528272e-05;2.6298752526287057e-05;2.683774167314037e-05;2.687720918322697e-05;2.6340420276014445e-05;2.544244581540504e-05;2.4742927289743375e-05;2.456747551151705e-05;2.4968076441905894e-05;2.579594486255062e-05;2.614131681377107e-05;2.5688242365363668e-05;2.4517226996264612e-05;2.3197200279630213e-05;2.2345230645605368e-05;2.2325001621241272e-05;2.2778557000929945e-05;2.3318555322504275e-05;2.3657872835619537e-05
1552.0514973968966;2.6793230036081543e-08;8.94606154004982e-08;1.797582896578249e-07;2.5410596134235346e-07;2.6302061250955573e-07;2.037687492122433e-07;1.2024849832812808e-07;5.8114552970566824e-08;2.804619595453234e-08;1.5249401916675515e-08;1.0737018383059829e-08;8.384006384603551e-09;6.997537724358249e-09;6.292034116825171e-09;6.0413639663938085e-09;5.4242134556664185e-09;5.671472076089017e-09;1.2202291843058456e-08;3.1774615662151084e-08;6.563647921692558e-08;9.487171839469259e-08;1.0167463261316375e-07;8.38100890647592e-08;5.393110087920495e-08;2.8587445795502483e-08;1.2994714199090578e-08;7.116283919395604e-09;7.958702219510935e-09;2.2303893516310268e-08;6.097957188037542e-08;1.1911502386360517e-07;1.602681221030256e-07;1.567346578307766e-07;1.1357469334636812e-07;6.320731031410806e-08;2.985438263515296e-08;2.0724507775746943e-08;3.9616509628593376e-08;8.046994062895236e-08;1.267459806098193e-07;1.4864269274602168e-07;1.5600824181931377e-07;2.4118834632771984e-07;6.642265707847072e-07;1.8369545600927847e-06;4.235968127169468e-06;7.908525533105538e-06;1.2603411248636429e-05;1.7837122102641256e-05;2.304308629079852e-05;2.821999914516373e-05;3.323713069191193e-05;3.782033594839099e-05;4.16390846284706e-05;4.45933568909058e-05;4.663798204766945e-05;4.793738567973808e-05;4.862109408186544e-05;4.885114749991306e-05;4.88013768273276e-05;4.803473090287526e-05;4.627332055700431e-05;4.369653343762698e-05;4.094577800977849e-05;3.781930280525367e-05;3.49525480640243e-05;3.252551980228615e-05;3.087775723588142e-05;3.0165948810114477e-05;3.018722358431588e-05;3.0685691585657986e-05;3.10451481044185e-05;3.1128638781883336e-05;3.0863547942588606e-05;3.0303564538844204e-05;2.9684278294405846e-05;2.915524602929999e-05;2.875714507876642e-05;2.853084735046538e-05;2.85143790090482e-05;2.8692572620680184e-05;2.894637217970913e-05;2.902979585242652e-05;2.869094570597888e-05;2.821739335420082e-05;2.753736093610584e-05;2.683371895304344e-05;2.6253454859932435e-05;2.5770332512329214e-05;2.5255559689572396e-05;2.4558173297644106e-05;2.364505177284392e-05;2.2878107112048388e-05;2.253460671992645e-05;2.2468419115254396e-05;2.292284997508369e-05;2.32200538112418e-05;2.3311175455456764e-05;2.3220184879738412e-05;2.311541914058358e-05
1553.6945068926834;4.0342375122912285e-08;6.118158916960744e-08;9.482592287198922e-08;1.3165329714126438e-07;1.498612899368991e-07;1.6362278374705597e-07;1.9369614000046054e-07;2.0257189813917762e-07;1.7711533203578258e-07;1.2313787392732274e-07;7.738051687802256e-08;5.960379247392449e-08;6.16191580338553e-08;6.958084254034417e-08;7.156413992836578e-08;6.653644381723172e-08;6.225430460728948e-08;7.202938716725113e-08;1.1137927306230257e-07;1.8107484164991015e-07;2.394049957266723e-07;2.465835467493554e-07;2.0215912971963887e-07;1.4200259470585668e-07;9.794539899458799e-08;6.686907260566429e-08;4.419818762992064e-08;3.647919885109121e-08;6.095151953232683e-08;1.1003851442604765e-07;1.511254729668332e-07;1.654053818741305e-07;1.333617141683994e-07;8.794256687438582e-08;5.5718221749767006e-08;5.025802601983391e-08;7.319363436924478e-08;1.2315428379739045e-07;1.881178476946183e-07;2.4531764758424904e-07;2.660150856425013e-07;2.691613010465138e-07;3.645974359796397e-07;7.897600231315319e-07;2.044282866033176e-06;4.583453936299719e-06;8.407677200754938e-06;1.3023152241723176e-05;1.7697604699686107e-05;2.2043958122560707e-05;2.620561801945803e-05;3.078949147445931e-05;3.602825086790923e-05;4.150708013398061e-05;4.6413064942672494e-05;4.9683722601715326e-05;5.090672288418852e-05;5.030936112469724e-05;4.8664593322281246e-05;4.668160510159348e-05;4.502947861237111e-05;4.36663494301165e-05;4.208974324926691e-05;4.0328467363256166e-05;3.8517844484432006e-05;3.672820098495901e-05;3.499954797929226e-05;3.342175370132694e-05;3.210774066539914e-05;3.119706039033756e-05;3.079117027226132e-05;3.086194855108041e-05;3.1143423630484746e-05;3.125689100203195e-05;3.1015215959705834e-05;3.052358293880866e-05;2.977373802243828e-05;2.9151805993219797e-05;2.880297518163235e-05;2.87200857752864e-05;2.8708630548408392e-05;2.8658426483659924e-05;2.8374467619782844e-05;2.787936903561932e-05;2.742177712799277e-05;2.7147239935360147e-05;2.699880513373425e-05;2.6733330730341507e-05;2.606403876261456e-05;2.4945793262606745e-05;2.332754137958404e-05;2.2097565542740533e-05;2.1696817068455765e-05;2.2317055444055156e-05;2.339548368063521e-05;2.421838111504965e-05;2.429209337547643e-05;2.3954030066710296e-05;2.3527280031899745e-05;2.313588124333716e-05
1555.3368649073382;4.950717638482614e-08;3.565750229893688e-08;6.678587196152824e-08;1.2733750050092198e-07;1.9108584507805225e-07;2.622539231259228e-07;3.434021865108448e-07;3.8865194771295377e-07;3.5561725130868706e-07;2.6695978969203744e-07;1.923534206688185e-07;1.6449139705970153e-07;1.604610051845601e-07;1.5772896113287232e-07;1.4589245551045612e-07;1.2985661853683904e-07;1.1633358553140576e-07;1.1458919498415997e-07;1.3269582145550374e-07;1.6960322582527946e-07;2.0226365220350922e-07;2.071240187445329e-07;1.845880100803687e-07;1.5466521965759698e-07;1.3018369304075964e-07;1.0399917399030813e-07;7.469481757190146e-08;6.373537584157659e-08;8.862889979817464e-08;1.1805108012938545e-07;1.1906958639757477e-07;8.849600880570313e-08;5.159576940813634e-08;3.005315150372319e-08;3.0172353914880436e-08;5.857756904769659e-08;1.1783649432824475e-07;2.001467805477804e-07;2.921237634101271e-07;3.699771682469952e-07;4.01232542447065e-07;4.175665239750436e-07;5.346450379222004e-07;1.0030211604078685e-06;2.2625685301683784e-06;4.639517082192536e-06;8.358058781767455e-06;1.2859903124260225e-05;1.7577422729088335e-05;2.2308612373433643e-05;2.693776237789181e-05;3.165477069232976e-05;3.665933692296032e-05;4.176185138931247e-05;4.645776056840697e-05;4.915169198332823e-05;4.98444923741311e-05;4.860875220571662e-05;4.634137996611911e-05;4.37901047352712e-05;4.181156127650032e-05;4.040250978181718e-05;3.938813520083906e-05;3.8516663489101546e-05;3.772103935753191e-05;3.6882617663837344e-05;3.5824497619615965e-05;3.4367112912243904e-05;3.2598792366743265e-05;3.078447749013686e-05;2.946798537887897e-05;2.8981158931414967e-05;2.918744301230377e-05;2.969074630360089e-05;3.0006111121954124e-05;2.96579723869512e-05;2.8695341934183427e-05;2.7556671910494117e-05;2.6623569004110565e-05;2.6093558821784253e-05;2.6028951356995548e-05;2.6153306457071137e-05;2.6374627011568028e-05;2.667338055086747e-05;2.6810125530133376e-05;2.6967371253461903e-05;2.698470870919363e-05;2.666038482571058e-05;2.597676947000974e-05;2.506197917842084e-05;2.4177837860750733e-05;2.374979213126469e-05;2.3809044048841216e-05;2.4156119270473283e-05;2.4527978600948083e-05;2.421143661206287e-05;2.377431204522209e-05;2.3281286186743597e-05;2.2943772299989267e-05;2.2726635746675284e-05
1556.9785715016951;3.052978345068534e-08;4.243516910976238e-08;1.2709752152193998e-07;2.6970590217177506e-07;3.8718933741543334e-07;4.202956002747831e-07;3.958759890760887e-07;3.264114427469777e-07;2.558878840747525e-07;2.0185866154668e-07;1.7778032271129533e-07;1.703876342892212e-07;1.5482880584054957e-07;1.254530298637254e-07;9.522751959974769e-08;7.609253019460327e-08;6.682286637329089e-08;7.3164009661826e-08;9.065698149013641e-08;1.0478733793196208e-07;1.0975467481667399e-07;1.0171312860456044e-07;8.465080914771416e-08;7.171642391529138e-08;6.244537093122776e-08;5.190169391487527e-08;4.300602380987059e-08;5.4366893224706554e-08;9.424815332781224e-08;1.2263051057602145e-07;1.0544300583140529e-07;6.01795925686494e-08;2.7199784632139573e-08;1.5230241410949127e-08;1.7766148557362498e-08;3.8877462597860325e-08;7.228384346242946e-08;1.205431383195946e-07;1.840122561805232e-07;2.488732656300504e-07;2.886660800834831e-07;3.276600663900787e-07;4.684005880755289e-07;9.717333469524386e-07;2.268152529835144e-06;4.667091667949959e-06;8.121181302218763e-06;1.2374747655690882e-05;1.7211332388690887e-05;2.229558133280905e-05;2.7298898701302845e-05;3.223529459306819e-05;3.700105102236437e-05;4.148740801931333e-05;4.508297791880824e-05;4.7166964649344814e-05;4.723574669413921e-05;4.584854892110987e-05;4.378319573544589e-05;4.179138647977519e-05;4.012688525765496e-05;3.87831490639373e-05;3.7696352407379055e-05;3.696106462096834e-05;3.6547089576307486e-05;3.622383444731494e-05;3.5523771981299054e-05;3.412893621360932e-05;3.227614038849159e-05;3.0318953071744646e-05;2.8746090708882492e-05;2.7722523429042758e-05;2.737817257760878e-05;2.765428126421532e-05;2.8106058000459397e-05;2.8346371844853814e-05;2.802655987037596e-05;2.736142588874922e-05;2.6496378784332877e-05;2.570350620050581e-05;2.5186342417180567e-05;2.519807643128965e-05;2.5507527893328617e-05;2.6016149313120397e-05;2.6500298935576028e-05;2.685321905590861e-05;2.6991503938857345e-05;2.6879595364337072e-05;2.642002217883891e-05;2.584236229711546e-05;2.548331477369273e-05;2.548496006086473e-05;2.5687664372794545e-05;2.5819416651652685e-05;2.5629569853747887e-05;2.4997762350446325e-05;2.42359051722242e-05;2.341481460312481e-05;2.2717122366268844e-05;2.231516209514005e-05
1558.6196267366504;3.142285142844427e-08;7.187311234505861e-08;1.2634630093961096e-07;2.2210920659722737e-07;2.89558443718564e-07;2.8552903625425053e-07;2.1127315765457645e-07;1.195661600525339e-07;6.711617214945382e-08;5.4668268490719746e-08;6.013068703291823e-08;6.329544436406644e-08;5.427004008921237e-08;3.59627680758057e-08;1.939986718206328e-08;1.1555122548539236e-08;1.2712408457785985e-08;2.8480197458948984e-08;6.370665992008354e-08;9.770714587858437e-08;1.0645713582689483e-07;9.369435612783949e-08;7.919008785097351e-08;6.652474836771988e-08;4.6894308352530026e-08;2.5195956198558534e-08;1.6808733174452093e-08;3.363415300484407e-08;7.892716369405088e-08;1.2774315780678697e-07;1.4945099349579221e-07;1.2990525078973117e-07;8.705147724161682e-08;4.871893578295764e-08;3.108747550710336e-08;2.8474137355991776e-08;2.99370459334308e-08;3.7742076610245726e-08;5.8499804409262806e-08;8.760656994600779e-08;1.1376194463824061e-07;1.29228060966966e-07;2.021202824319663e-07;5.205438329302769e-07;1.607277499474928e-06;3.923556778594289e-06;7.334674615714731e-06;1.1648732490192036e-05;1.6394898810988062e-05;2.118554183815565e-05;2.5692162455861237e-05;3.0177678643675665e-05;3.4726995754532634e-05;3.929924492664291e-05;4.3317845758043175e-05;4.646205544510432e-05;4.756928587998938e-05;4.7097696429036686e-05;4.574218090193261e-05;4.39907933822844e-05;4.192872258768245e-05;3.968627247035861e-05;3.762109989981147e-05;3.606943558861016e-05;3.5180046514076104e-05;3.467799059151116e-05;3.402370219349078e-05;3.299950133190738e-05;3.1633391365792726e-05;3.014021763680277e-05;2.882835042731471e-05;2.778011150407003e-05;2.716105770178904e-05;2.699835410698919e-05;2.699824996502229e-05;2.727506223327848e-05;2.75141849509392e-05;2.7478279312933185e-05;2.7142721871264755e-05;2.6587237225018493e-05;2.588094506160287e-05;2.5317956178137948e-05;2.499663148958031e-05;2.468488575188336e-05;2.454797227561856e-05;2.4753118821765437e-05;2.527116555922173e-05;2.5867961190273328e-05;2.6210239248326704e-05;2.6026012333912437e-05;2.559354718043559e-05;2.516450056530258e-05;2.5001772609652613e-05;2.5112194063614773e-05;2.5337082925787112e-05;2.539528613109614e-05;2.5025325087033348e-05;2.4211474577265773e-05;2.327309601635073e-05;2.2604425960645997e-05
1560.260030673202;7.039909698115525e-08;1.0039536607389233e-07;1.1103684486817377e-07;1.0250948371238683e-07;8.98126806540984e-08;7.550280123155312e-08;4.085117301634237e-08;1.9053559111434703e-08;1.1910185364663488e-08;1.3973300299618652e-08;2.1046451263525463e-08;3.821026334013098e-08;4.553693608089157e-08;3.488064046819041e-08;1.9565869829746e-08;1.0434736952134528e-08;9.599347182499004e-09;1.2550221477116228e-08;2.8106817877582484e-08;5.035735945414479e-08;6.291197193902896e-08;7.640436045202725e-08;9.995957748255487e-08;1.0733950781416827e-07;8.229997298929792e-08;4.3406661872121256e-08;2.1164845909972453e-08;2.352430907452814e-08;5.752692958693165e-08;1.282770472704839e-07;1.9479204296074244e-07;2.1189200798533959e-07;1.7596045486781805e-07;1.2696444492508144e-07;9.19680092772692e-08;6.484986837994204e-08;4.388172322556013e-08;4.099338807367884e-08;6.131670454604788e-08;8.86647226376813e-08;1.0282838060281159e-07;9.755501064264173e-08;1.2745827685368006e-07;3.0522549098020335e-07;1.087314566058345e-06;2.995077643321126e-06;6.169376396150698e-06;1.0408861578883515e-05;1.5126428361566654e-05;2.0129932896620973e-05;2.504485616392268e-05;2.9768605334035207e-05;3.430931026677778e-05;3.865314583087807e-05;4.2721759948976686e-05;4.60339417300062e-05;4.77874772539308e-05;4.789757498938663e-05;4.727690923816288e-05;4.617458642001796e-05;4.4594285258006425e-05;4.2512060567072464e-05;4.021265259920066e-05;3.7930822989958e-05;3.581777937497416e-05;3.390561692580327e-05;3.234999941721142e-05;3.128331912898812e-05;3.067989462975699e-05;3.021145109582125e-05;2.980786400527916e-05;2.9359846609887628e-05;2.881404682596904e-05;2.808904856307476e-05;2.7124233483138097e-05;2.6270560068022048e-05;2.5691491059640984e-05;2.547392364600061e-05;2.580793316218667e-05;2.6537331620805496e-05;2.727722838354717e-05;2.7245200779322588e-05;2.6506224581019905e-05;2.5257669662077685e-05;2.4141043498575155e-05;2.3725335905908016e-05;2.409748136430232e-05;2.493172251589807e-05;2.5648187293048948e-05;2.5686303583486635e-05;2.5098219693366874e-05;2.424972414482571e-05;2.3653283692940937e-05;2.349427284530779e-05;2.3763296221986104e-05;2.415859554674045e-05;2.421778797220432e-05;2.384680262811741e-05;2.319909141879371e-05;2.2676557617835615e-05
1561.8997833724206;1.0851448452700157e-07;9.55327222869818e-08;7.066674171377945e-08;3.63967934151477e-08;1.9589938958653413e-08;1.1423894494853676e-08;7.58937785224326e-09;5.831161447864632e-09;8.897896948633072e-09;2.3513080770307746e-08;5.6843838788975645e-08;9.500323146884839e-08;1.0957125251780386e-07;9.209968634842721e-08;6.943377116564767e-08;6.35331787067204e-08;6.274859478029323e-08;5.093470244810514e-08;3.062404605343282e-08;1.590926563680235e-08;1.6825476374310182e-08;2.9737247962752338e-08;4.8178940140204194e-08;5.506114824281471e-08;4.4903884026211784e-08;2.738872568239389e-08;1.5918673722150456e-08;1.2981123948038203e-08;2.4852078402855456e-08;6.394167210110256e-08;1.018748337217469e-07;1.247465721803027e-07;1.317886615053107e-07;1.313746475677905e-07;1.1764176899599541e-07;8.445481236707409e-08;4.731961377488929e-08;2.9911590195214914e-08;3.5954535034273124e-08;5.035103883096533e-08;6.012782456206138e-08;1.037511880421458e-07;2.614279127603976e-07;6.615041719749382e-07;1.5547381089865993e-06;3.2632982998322146e-06;5.978430341191542e-06;9.73247945901901e-06;1.439489027710306e-05;1.97783784529373e-05;2.557026650836932e-05;3.126035985801762e-05;3.625724650139916e-05;4.01873337951562e-05;4.32001362147307e-05;4.536447955237972e-05;4.633838803789845e-05;4.607082964480709e-05;4.49354316538092e-05;4.384027148553803e-05;4.31461857572132e-05;4.268803196694864e-05;4.2001113529299256e-05;4.0420383390911794e-05;3.786717456003182e-05;3.4784027628396754e-05;3.2095951340132414e-05;3.045551603426181e-05;3.0007008440784603e-05;3.037206343288686e-05;3.089645750310266e-05;3.107997222065741e-05;3.064718326026042e-05;2.93730305460454e-05;2.767937246011786e-05;2.571748003569253e-05;2.4172615869677737e-05;2.3693988132206533e-05;2.4486336123802567e-05;2.6275491438472925e-05;2.8234750953028447e-05;2.9316199295065506e-05;2.8940374459132848e-05;2.762773658840285e-05;2.6063713661207107e-05;2.500440349913705e-05;2.468782674391608e-05;2.489178127787721e-05;2.5124826851005483e-05;2.503143772907788e-05;2.444735087808162e-05;2.3700093546610667e-05;2.310575919195201e-05;2.284149800032248e-05;2.3002819653464104e-05;2.331768156556152e-05;2.344891457683083e-05;2.328538092302813e-05;2.290228163266136e-05;2.2556818485553685e-05
1563.5388848954572;1.7119049045814804e-07;1.253364068924108e-07;8.397508623365502e-08;6.321416260309057e-08;5.68685190536008e-08;5.581429969594209e-08;5.6518585876278826e-08;5.6620851277666456e-08;5.922626704369132e-08;7.259093070666854e-08;1.023330271154179e-07;1.311162237836183e-07;1.4840025696676779e-07;1.5591523489350438e-07;1.6986475500289246e-07;1.901147324047546e-07;1.859716950859331e-07;1.4383092720338157e-07;8.267890759429154e-08;3.870816563846743e-08;1.9691712192414598e-08;1.2088828690918065e-08;8.926022651978055e-09;1.1091891937190862e-08;2.3620967101693323e-08;4.5002661855707104e-08;6.627425637323038e-08;7.219655203662099e-08;5.7088222262203866e-08;3.221926974547635e-08;1.6678457107805942e-08;2.0074657361746572e-08;3.4099651067561914e-08;4.906751832332685e-08;5.22670425867495e-08;4.1898377128198344e-08;3.5782998209986035e-08;4.560328806314088e-08;9.008563960241987e-08;1.0765639341170955e-07;9.961505279898504e-08;1.483562123626719e-07;3.8144139464964e-07;9.769100029106343e-07;2.065828748343255e-06;3.837510111197954e-06;6.453501611779575e-06;9.962312969853098e-06;1.431971509282182e-05;1.9419402940318903e-05;2.5037919825768136e-05;3.037788079311084e-05;3.489297943935975e-05;3.854240934384752e-05;4.151149573385897e-05;4.357326851195167e-05;4.480715212918449e-05;4.490839911694682e-05;4.3559429240663976e-05;4.185872606466296e-05;4.0654225700696834e-05;4.015983175053548e-05;4.0121811808912266e-05;3.975972085662612e-05;3.832479291861774e-05;3.5775653514744465e-05;3.30134441936749e-05;3.090161812258263e-05;2.9827263813480597e-05;2.99342559381821e-05;3.044875316978664e-05;3.0902150846584704e-05;3.074331938727055e-05;2.9726388806378125e-05;2.8382487329558245e-05;2.6704088726171687e-05;2.548574209407161e-05;2.497824303077854e-05;2.53033873467248e-05;2.63368999508572e-05;2.76639813996465e-05;2.8425835054550715e-05;2.825721608137308e-05;2.7298756342429494e-05;2.60727814474906e-05;2.5154457749908704e-05;2.4741648175913973e-05;2.463412700562557e-05;2.453599912334117e-05;2.419280947716665e-05;2.3639220972760315e-05;2.308935569311594e-05;2.279319157723309e-05;2.2881553712882196e-05;2.316477098391589e-05;2.343388796123856e-05;2.3471123974618653e-05;2.3148846272149087e-05;2.2707688809287472e-05;2.236022882788592e-05
1565.1773353035387;1.6933944561423566e-07;1.4195993124808872e-07;1.1942342997563464e-07;1.0564970634091717e-07;1.000205369524633e-07;1.0107467310580725e-07;1.0500698197678912e-07;1.0766929762717841e-07;1.0921208337191821e-07;1.133542733051108e-07;1.2084462275200318e-07;1.345291296952363e-07;1.555423191728458e-07;1.848160139421151e-07;2.16158290458372e-07;2.292502087027515e-07;2.053461523335229e-07;1.4829055187157514e-07;8.956262430533116e-08;5.4673949567321615e-08;4.0500803341785953e-08;3.1545055212586215e-08;2.0020583000807785e-08;1.8032185412972692e-08;3.867273098841503e-08;7.828978841773654e-08;1.2138126577409973e-07;1.3727544562901854e-07;1.1163836346682237e-07;6.868567467143295e-08;4.5997997892721794e-08;6.222498926761294e-08;9.446159460209477e-08;1.0832074753877652e-07;9.353057665756673e-08;6.30636635651584e-08;5.0158620587966356e-08;1.0052671999778199e-07;1.734552613002144e-07;2.0555338274467865e-07;1.7571321988104098e-07;1.778265593929161e-07;3.630388175891152e-07;9.36169719767399e-07;2.048881298555372e-06;3.745538117000298e-06;6.122069056766416e-06;9.299861455687609e-06;1.3340115831391368e-05;1.8177591342951557e-05;2.3501047174978826e-05;2.8378213736112825e-05;3.2626971048638534e-05;3.647907310029675e-05;3.978832802708823e-05;4.232203005142104e-05;4.402535022374967e-05;4.455049979666155e-05;4.395444904667642e-05;4.249861025732622e-05;4.083765918842022e-05;3.947798109516284e-05;3.852167180158145e-05;3.7675980395245016e-05;3.661068433127447e-05;3.5165546931631366e-05;3.335167683739444e-05;3.142841679693231e-05;2.9941763682407812e-05;2.931861256731584e-05;2.9498026935805384e-05;3.000346409313826e-05;3.0222421990019245e-05;3.00812471164356e-05;2.948030465113389e-05;2.8753564652488826e-05;2.807786017131357e-05;2.7532929128016536e-05;2.716542162747834e-05;2.6946441446582277e-05;2.6779077540269777e-05;2.6593391196959708e-05;2.5945338291992556e-05;2.514278849179252e-05;2.45700459879737e-05;2.4293562036309046e-05;2.4242508314645143e-05;2.415719466552689e-05;2.3796248049265617e-05;2.3201635208616104e-05;2.2618593695686897e-05;2.2321603444319096e-05;2.249248887103044e-05;2.2981231575669084e-05;2.34613416164927e-05;2.3671653762009885e-05;2.3448860119440017e-05;2.297370507067549e-05;2.2456192330292727e-05;2.2084292385282937e-05
1566.8151346579798;6.294530382509655e-08;6.13507231005486e-08;5.761804293105756e-08;5.30787797476493e-08;5.046672189584961e-08;5.2635085502249276e-08;5.979202642564808e-08;6.74894948286729e-08;7.153078815318582e-08;7.207933667066747e-08;7.63220126071452e-08;9.435940405080465e-08;1.227836715280973e-07;1.5177968172341615e-07;1.6318625687941525e-07;1.4519216822939192e-07;1.063772593550592e-07;6.5667984401416e-08;4.5339940056308926e-08;4.6888596230079104e-08;5.178228763431727e-08;4.4841180657616715e-08;2.670166575809232e-08;1.7002995389593322e-08;2.9685369303747824e-08;5.5418121483666304e-08;7.450720651523978e-08;7.7881252697939e-08;6.063285831020215e-08;4.491385224516765e-08;5.5704554719583584e-08;1.0766106454883037e-07;1.7948880580547813e-07;2.1473549747762414e-07;2.0712499688810685e-07;1.779439961058675e-07;1.612033616585157e-07;1.7115150425095969e-07;1.6394498618152197e-07;1.441929778974192e-07;1.1503724604130757e-07;1.5103071085762497e-07;3.592729404787903e-07;9.320090162360726e-07;2.023796783306661e-06;3.632357968769948e-06;5.654939583296829e-06;8.33287189558587e-06;1.1840559933590115e-05;1.631766769707125e-05;2.141056818560264e-05;2.6733656467269304e-05;3.200895451052891e-05;3.678719074161113e-05;4.066771359562339e-05;4.327097054426657e-05;4.448547661752005e-05;4.464094983471687e-05;4.418410860318646e-05;4.319892818675359e-05;4.18929695266742e-05;4.039761943620362e-05;3.866818033242739e-05;3.658145979390753e-05;3.4412530064381936e-05;3.269805736866999e-05;3.11599234972421e-05;2.999094853696189e-05;2.917658565371285e-05;2.8800294481529472e-05;2.8913482031731912e-05;2.9145381224186848e-05;2.93329580874466e-05;2.9432581172133115e-05;2.923349072208169e-05;2.8907648071385984e-05;2.8532706310214943e-05;2.813676100252061e-05;2.7713176952584117e-05;2.725357225846961e-05;2.6496483726036937e-05;2.5698541874645344e-05;2.4912047633408222e-05;2.4315666623261712e-05;2.4024151188420316e-05;2.401247752469868e-05;2.4118768932206592e-05;2.410473967453231e-05;2.3997958286039843e-05;2.36226031351287e-05;2.318854994675982e-05;2.300611672654754e-05;2.316281012278776e-05;2.3462576178859063e-05;2.376223438319623e-05;2.372245981338396e-05;2.335805152959145e-05;2.2813442168447995e-05;2.2320089155097425e-05;2.1990054295606142e-05
1568.4522830201786;1.0229936178057283e-09;3.2364074019835237e-09;4.9338187291174845e-09;4.767092730763851e-09;3.8547905371860995e-09;8.930053041478057e-09;3.921470163748079e-08;9.657132886647044e-08;1.558717961033308e-07;1.884366547505137e-07;1.8114341745775288e-07;1.5651389844902105e-07;1.3940835387779616e-07;1.3072112973374008e-07;1.215243597320386e-07;9.044133232131993e-08;5.2048579632056475e-08;2.4673045760540868e-08;1.6774736901459322e-08;2.2950230793341922e-08;2.6997024424362962e-08;2.3342040374502132e-08;1.4027990487626464e-08;9.112338590160357e-09;1.5623159235727183e-08;2.6112976824921764e-08;2.7873832246343722e-08;1.8547538683728466e-08;8.508831389488582e-09;1.0918037366211106e-08;3.1509222563476114e-08;7.394611927267755e-08;1.2774347584309616e-07;1.748649843503495e-07;2.0762502792742694e-07;2.3901164091950264e-07;2.837779030788209e-07;2.892195750089e-07;2.658059942099542e-07;2.4805368896275653e-07;2.503283006673134e-07;2.942069289154619e-07;4.690153688871706e-07;9.729697838978048e-07;2.041491865139705e-06;3.7640856209891575e-06;5.996349134004871e-06;8.634395186027496e-06;1.1733798237694644e-05;1.5566594830025208e-05;2.0050332794948967e-05;2.508682830640179e-05;3.0387605528574736e-05;3.543385928434184e-05;3.9659972062027647e-05;4.261013986496035e-05;4.392784397225303e-05;4.403285087479371e-05;4.358323720526738e-05;4.295913951919629e-05;4.210298282868283e-05;4.086150444752073e-05;3.9099948420354106e-05;3.6987429535615386e-05;3.457899605110846e-05;3.2215939681920264e-05;3.0263765248141992e-05;2.899446647964186e-05;2.8301466661863265e-05;2.803686660551405e-05;2.790703671683271e-05;2.778540103375584e-05;2.7705817121939745e-05;2.7601950592792723e-05;2.7547932941137896e-05;2.7541729637916847e-05;2.7563343092747755e-05;2.734722989420034e-05;2.686706138870639e-05;2.607069071703112e-05;2.525317756746292e-05;2.4614382554555164e-05;2.448999663031305e-05;2.4648480842472324e-05;2.481156482558537e-05;2.506684116583754e-05;2.5404540876669573e-05;2.5746551685299048e-05;2.593626386712893e-05;2.5838839489382583e-05;2.5496690948772835e-05;2.5062331211597616e-05;2.4588177958000586e-05;2.431572311496252e-05;2.4016450220678588e-05;2.3624010580987597e-05;2.319846932776566e-05;2.2630595143801284e-05;2.20930717525678e-05;2.1759121831894392e-05
1570.0887804515987;2.8898554503191625e-08;5.051060790330401e-08;6.352717682075866e-08;5.378425490722122e-08;3.0999296446824114e-08;2.3851044607665725e-08;6.720563125477312e-08;1.6278140016120578e-07;2.754619062108037e-07;3.447607013583827e-07;3.2443410631898426e-07;2.40253302994888e-07;1.541210041960118e-07;1.0162306032723597e-07;7.741913086485789e-08;5.648872287227584e-08;3.48805796284014e-08;1.9100212278820463e-08;1.0947452713357454e-08;7.434461995960077e-09;5.4096662855557685e-09;3.916970946326349e-09;2.874537950376976e-09;3.067707434058273e-09;6.1380523634703015e-09;1.5355883586497912e-08;3.4491856775911835e-08;6.288397674593279e-08;9.05173490338388e-08;1.0129855643592098e-07;9.602933505064335e-08;9.116424606566283e-08;9.977859436433676e-08;1.225800811689308e-07;1.6310313721050558e-07;2.294542133475957e-07;2.898866712692912e-07;3.320233442664651e-07;3.618046117722309e-07;4.086374181933444e-07;4.441371911076501e-07;4.44358130267415e-07;5.129123903237962e-07;8.301593451599441e-07;1.714075287858508e-06;3.376337777815362e-06;5.802118978154377e-06;8.793624260768926e-06;1.2310445666503344e-05;1.620480146839148e-05;2.0373095982347127e-05;2.482187393359918e-05;2.945343811616979e-05;3.4064884496289204e-05;3.803157232102856e-05;4.098568741444952e-05;4.2599203205224e-05;4.315584259717479e-05;4.29541751273914e-05;4.252434825601711e-05;4.1973116593043006e-05;4.123128586711261e-05;4.006582028440999e-05;3.838893446508618e-05;3.640931946902744e-05;3.4237730824330324e-05;3.214947201498352e-05;3.031588457527458e-05;2.9006782795500844e-05;2.82444016171024e-05;2.787091778947867e-05;2.777516910366841e-05;2.7859074504686937e-05;2.807496120463868e-05;2.840973100970499e-05;2.8694938631723223e-05;2.861915972629519e-05;2.7870099346704768e-05;2.6405965172980396e-05;2.480140162859708e-05;2.366899418459062e-05;2.3507120817276905e-05;2.4192543838365808e-05;2.515064381076761e-05;2.608052656787447e-05;2.687366817617156e-05;2.744805188364432e-05;2.766863348120829e-05;2.7329514074546954e-05;2.6728451981745094e-05;2.6080493037970044e-05;2.558679157849125e-05;2.5334440854115263e-05;2.504135704929745e-05;2.4623186743899144e-05;2.411117610939554e-05;2.3502577606716725e-05;2.2828105564173724e-05;2.2219236598480064e-05;2.1751806909281667e-05
1571.724627013802;5.6436896287164065e-08;9.728879260543574e-08;1.267870282014768e-07;1.2495912609875786e-07;1.0014722799183846e-07;7.654778158097265e-08;7.399488571636194e-08;1.0341930725618536e-07;1.4914401507081606e-07;1.928355754798309e-07;2.0458962961367101e-07;1.7729442803356838e-07;1.1923006810431846e-07;7.043444727141535e-08;3.8899095300658994e-08;2.6345806198525985e-08;1.8863447598905543e-08;1.2321548429768789e-08;7.625674854243377e-09;9.663136841469781e-09;1.9363458721936044e-08;3.763973326559773e-08;5.4704191508550034e-08;5.09335433112515e-08;3.431534993820469e-08;2.406875655663188e-08;4.795942295699244e-08;1.1416483710549959e-07;1.878470386931846e-07;2.2309459930556645e-07;2.089414306512181e-07;1.6963997650319418e-07;1.320565852895192e-07;1.088852649340565e-07;1.1848137916500645e-07;1.609518573112982e-07;1.8425746099455332e-07;1.8778029634383722e-07;1.915267143022078e-07;2.1126082997521e-07;2.3055609758719847e-07;2.3789722263340802e-07;3.093603265389907e-07;5.724861031360459e-07;1.299941623358696e-06;2.746771048187524e-06;5.057988295960725e-06;8.39018978914264e-06;1.2528071777217504e-05;1.7016649894745503e-05;2.142207649220152e-05;2.5872120773024887e-05;3.0443360196132947e-05;3.493598933890644e-05;3.904571639479152e-05;4.2082278765450334e-05;4.366925570983886e-05;4.39595544372249e-05;4.33212399790717e-05;4.233897727033432e-05;4.150542619896847e-05;4.089540635302442e-05;4.015162492752356e-05;3.872108398780721e-05;3.672893126013954e-05;3.4448917738198946e-05;3.2290248720385444e-05;3.057051735398922e-05;2.953332363690688e-05;2.896018554933037e-05;2.9049637556677183e-05;2.9517990743211533e-05;3.010790003018745e-05;3.0613298108686404e-05;3.0880568452077594e-05;3.069612362343433e-05;2.986168070164581e-05;2.829428358718233e-05;2.613016311863044e-05;2.43992389410683e-05;2.3358837061952497e-05;2.3322861142937216e-05;2.4158479628895087e-05;2.5245439820547945e-05;2.6188285692132356e-05;2.6826899413061867e-05;2.700738610941328e-05;2.666999101023243e-05;2.5979549036623694e-05;2.5236745698511024e-05;2.4958450510201207e-05;2.495947226891508e-05;2.53116549589676e-05;2.545399525624904e-05;2.5118115107528465e-05;2.45274401214026e-05;2.37530950810702e-05;2.307465668620721e-05;2.2622002518092374e-05;2.236128623763434e-05
1573.3598227684197;2.912628737938701e-08;5.2896508961807985e-08;7.911297282126707e-08;1.0487632108353189e-07;1.1973317133087496e-07;1.0849895251746101e-07;7.24962921780877e-08;3.371916511035081e-08;2.1490599032478087e-08;3.604251797935032e-08;6.804750054085707e-08;9.951999992609589e-08;1.0176143924103909e-07;7.302235041930205e-08;3.6196132845268655e-08;1.5407290699516614e-08;9.857540592732886e-09;6.851411444487643e-09;5.946057793812913e-09;1.5398022559970696e-08;4.125946240612398e-08;7.966414473438075e-08;1.0696983246592905e-07;1.0009090077570095e-07;6.672540413526217e-08;3.4067284248420074e-08;3.399418427339957e-08;6.729256083781803e-08;1.159580082631931e-07;1.5432946614820488e-07;1.6596522955768165e-07;1.5035213789640845e-07;1.1489416035663665e-07;7.582068249697776e-08;5.6348110860318386e-08;5.4935391642989127e-08;5.3563741732238724e-08;3.958999765966873e-08;2.1606261867615625e-08;1.13758015270551e-08;1.1663976304578671e-08;3.893764763295213e-08;1.6372548379914385e-07;4.978853778210771e-07;1.294869639559387e-06;2.7921964163710168e-06;5.244896230348328e-06;8.718309753849554e-06;1.2853889446042645e-05;1.7125666337951954e-05;2.122681097686661e-05;2.5360047694964136e-05;2.9890354831277902e-05;3.480259430465105e-05;3.956635840766095e-05;4.316919577807276e-05;4.497031726262085e-05;4.478765799175409e-05;4.303826630635509e-05;4.080990519895225e-05;3.917858548748064e-05;3.826296278091408e-05;3.769733629460718e-05;3.695965541395621e-05;3.550771944107602e-05;3.3500130315899674e-05;3.1490286547899095e-05;3.0107821137240284e-05;2.9352025621106693e-05;2.909726322651583e-05;2.9357344936188808e-05;2.983187805468816e-05;3.0245858925800943e-05;3.041256713233817e-05;3.022620970698176e-05;2.963870397714172e-05;2.8630340128526715e-05;2.7324601467711013e-05;2.6059519413766025e-05;2.504410299205971e-05;2.4603357630502654e-05;2.4744026052319277e-05;2.5308509036824623e-05;2.5949839814734416e-05;2.6365839708536163e-05;2.6339957577615007e-05;2.5886500159201472e-05;2.5247629187685504e-05;2.475834362682763e-05;2.4555690028927305e-05;2.4746463039582412e-05;2.5075873948734168e-05;2.5059185889196785e-05;2.466936117403679e-05;2.3756447535417455e-05;2.2806842680398576e-05;2.2255967904935653e-05;2.2253551738425413e-05;2.258344867723051e-05;2.2932899724580524e-05
1574.994367777159;3.325064426743506e-09;5.1663693601845025e-09;1.2923657712355477e-08;3.0799476528641345e-08;4.833701605236436e-08;4.9962078853473474e-08;3.4662107586587046e-08;1.227551390189274e-08;1.6319672171555444e-08;2.87072203441932e-08;3.99814305393224e-08;4.4414744776251945e-08;4.8829019529891447e-08;3.73802167687784e-08;1.842784161894591e-08;6.402793633643271e-09;4.224770673905871e-09;3.800030510316076e-09;5.755305571334731e-09;1.919798498687616e-08;5.26339807606746e-08;9.30993935823363e-08;1.0442063471739229e-07;8.739454925212535e-08;5.1151231749573406e-08;2.317940583578807e-08;1.0750060386133389e-08;9.316019980398745e-09;1.6636657133188144e-08;3.104126224686579e-08;4.585021050307053e-08;5.2413853161076085e-08;4.58390418875898e-08;2.502709830459685e-08;1.02807157566593e-08;4.107617639989775e-09;2.8278838019721933e-09;2.824839714346018e-09;2.746159562715622e-09;2.312357077359203e-09;3.4347627176575692e-09;3.4733338526732645e-08;1.840603867425891e-07;6.339404508895343e-07;1.6684245223054649e-06;3.497038286660221e-06;6.118245829913417e-06;9.32588754596864e-06;1.2771708333933968e-05;1.6247854095092288e-05;1.9811007088454105e-05;2.389603457731204e-05;2.8562115226587984e-05;3.374972757410104e-05;3.877011315130082e-05;4.273037666987618e-05;4.4671085383826135e-05;4.431585470874176e-05;4.230288421657575e-05;3.9957290754536045e-05;3.809971280552633e-05;3.697717417687229e-05;3.641668113297607e-05;3.595848396741753e-05;3.526044962490969e-05;3.406210401240661e-05;3.24154100218521e-05;3.0603769327895814e-05;2.911832476180241e-05;2.842392544359116e-05;2.8432065385486726e-05;2.8650260897492655e-05;2.876351630551391e-05;2.861490222691626e-05;2.7967889092724534e-05;2.7137956236576376e-05;2.6387790070653428e-05;2.6116185906160927e-05;2.637596098166464e-05;2.678503331728232e-05;2.709548604201022e-05;2.721647356943569e-05;2.7178912380184715e-05;2.7217041106690467e-05;2.723035289917701e-05;2.7009258033039517e-05;2.6557078178583504e-05;2.599674569404635e-05;2.551080826916745e-05;2.512955850775521e-05;2.4796499963191945e-05;2.445930240215793e-05;2.371483218229914e-05;2.2639392604007624e-05;2.155507201406104e-05;2.0769877499766237e-05;2.073549935383199e-05;2.138925754374444e-05;2.2288492328009385e-05;2.2925516509172768e-05
1576.6282621018215;8.194030084469395e-08;6.639867026481956e-08;4.091369791592926e-08;1.957764806560669e-08;2.0504059535703422e-08;4.375490000414312e-08;5.709682824063093e-08;5.3103316464553715e-08;4.434691745510533e-08;3.9371735428322553e-08;3.0742854084645365e-08;2.124550337395461e-08;1.9720814746963124e-08;3.6264222698303965e-08;6.779532574884423e-08;9.2738873602971e-08;1.0669801763039864e-07;1.0249468300625205e-07;8.512440976909276e-08;7.540518366554713e-08;9.105405135497106e-08;1.117559571573769e-07;1.0501102022895681e-07;6.94227558542915e-08;3.383120477495396e-08;1.6209882998482038e-08;8.969944718084788e-09;9.046752950968481e-09;1.678652406591805e-08;2.698536655624428e-08;2.9099022932638172e-08;2.044917700251785e-08;9.418231809858836e-09;3.829805848945876e-09;1.7390491117763504e-09;1.349792115284907e-09;1.7295277963900275e-09;2.814852295989792e-09;9.220817778794001e-09;2.2754494782387934e-08;3.8961812150035033e-08;6.704648113228365e-08;1.7667719092638184e-07;6.140443074132645e-07;1.6655088055729331e-06;3.4779785759533787e-06;6.000627862511537e-06;8.986753349935289e-06;1.2205333978681415e-05;1.551399004899549e-05;1.9106264745597383e-05;2.331944831622431e-05;2.8173600862158917e-05;3.3258296216197376e-05;3.783500328895685e-05;4.129273896210777e-05;4.307472507073884e-05;4.310457334134025e-05;4.214329462797497e-05;4.084826468940573e-05;3.945446720112481e-05;3.811602595920203e-05;3.696600477824095e-05;3.598495720722322e-05;3.536443546137477e-05;3.459830904558216e-05;3.321310515924501e-05;3.107495946508145e-05;2.890486562526049e-05;2.74631605674876e-05;2.693632164226065e-05;2.7199983065082472e-05;2.7620917446600207e-05;2.7629882569723232e-05;2.6994365980238647e-05;2.591934679219777e-05;2.5171828314157312e-05;2.53769975812878e-05;2.6524041194521703e-05;2.7811332966284947e-05;2.864878336121084e-05;2.8627706300565383e-05;2.7893251457198812e-05;2.705341102962913e-05;2.628595487871264e-05;2.57347601844941e-05;2.5442867528986166e-05;2.527783060668544e-05;2.50606357499132e-05;2.46299551460952e-05;2.400727025458697e-05;2.33007717556418e-05;2.2555261805555703e-05;2.19103270433086e-05;2.152629496822782e-05;2.150248185334496e-05;2.1674718857037145e-05;2.196606871687338e-05;2.2222985992718853e-05;2.250381944963632e-05
1578.261505804272;1.5956526952368641e-07;1.426276048643109e-07;1.1209645738865697e-07;9.537245869885317e-08;1.114822113896031e-07;1.3713753516289706e-07;1.3654787068226952e-07;1.0803224758225896e-07;7.17264753768299e-08;4.4139595426404734e-08;2.866329323561288e-08;3.7387794660500295e-08;7.346826450105098e-08;1.3526941438355974e-07;1.9823239010676825e-07;2.362174818678132e-07;2.412922100333745e-07;2.170596715013385e-07;1.8139573617277377e-07;1.540179729796813e-07;1.399094089899545e-07;1.2224599136524666e-07;9.446996758272916e-08;5.4874160629941146e-08;3.3136905834721185e-08;3.115692648351395e-08;4.4700622716081e-08;6.395087014932355e-08;7.947227319084459e-08;8.174916001650925e-08;6.614000480730809e-08;4.0628922324022615e-08;1.8192616761386018e-08;7.936882410947018e-09;5.1624847047126605e-09;4.485488745617575e-09;1.4971165018656845e-08;5.316371186579445e-08;1.3463144215106798e-07;2.238931052883419e-07;2.5764845880007217e-07;2.275076568394792e-07;2.0348228595466526e-07;3.9218340636672e-07;1.0109637282580694e-06;2.3943818976113623e-06;4.801986241743168e-06;8.167625273264279e-06;1.2050885864025932e-05;1.59380269687189e-05;1.958693800850288e-05;2.307458181012322e-05;2.6728044559717477e-05;3.0718808049811856e-05;3.449890420930483e-05;3.757287047239039e-05;3.974495915989415e-05;4.071361382719861e-05;4.078796277691634e-05;4.000300390427042e-05;3.858647324100144e-05;3.672672947476816e-05;3.484883621234069e-05;3.349329198283547e-05;3.288449111538966e-05;3.2848296223596814e-05;3.251148602804148e-05;3.128569069031626e-05;2.9443953885715068e-05;2.7359206500081903e-05;2.571925468105464e-05;2.515511776563873e-05;2.5551550658281417e-05;2.6247481567343007e-05;2.679113234742571e-05;2.666097138683313e-05;2.632975942497131e-05;2.623426109411156e-05;2.681142272352401e-05;2.7629852132445222e-05;2.817013877284398e-05;2.8134292809841012e-05;2.749326587410677e-05;2.629458036799976e-05;2.497130611539761e-05;2.393969556691229e-05;2.338869192233476e-05;2.330487357087002e-05;2.3437236599410283e-05;2.3459696587363204e-05;2.314854488960836e-05;2.277369766483261e-05;2.250282220205189e-05;2.2494194072432128e-05;2.2716472803621792e-05;2.332615506440692e-05;2.3623663482763163e-05;2.3318648020769423e-05;2.2597085558217236e-05;2.195722964034009e-05
1579.894098946468;8.53435470639704e-08;1.0038118803566673e-07;1.3002524548399517e-07;1.7430101857568526e-07;2.1480160686665578e-07;2.0069752511990237e-07;1.4932530947511206e-07;8.69384411980403e-08;4.5911740439273455e-08;2.7370477407336433e-08;2.9435406621308542e-08;6.749241817094827e-08;1.3747821918891125e-07;2.0512179594197613e-07;2.413905787222088e-07;2.233115125430504e-07;1.7670898287279645e-07;1.3624145232169666e-07;1.224545442332473e-07;1.2890925924440288e-07;1.2878852574897536e-07;1.0375948161410829e-07;6.41557000482069e-08;4.01153156744349e-08;4.2061919154969264e-08;5.8977614561995954e-08;8.780224055937855e-08;1.1450049963429207e-07;1.1753221944913653e-07;9.06513525400304e-08;5.4036745176856844e-08;2.8908334277429823e-08;1.494871264225919e-08;9.114258148868096e-09;1.082100178256899e-08;1.5582490831452432e-08;3.552494444543949e-08;1.0504682159563729e-07;2.483277782631502e-07;3.837546570209588e-07;4.0316694107755793e-07;3.06818655020544e-07;1.903942955216397e-07;2.0867233582105527e-07;5.469813233381052e-07;1.7490022592069174e-06;4.190041887012861e-06;7.874109460089058e-06;1.2301945861359232e-05;1.6603751737982163e-05;2.033282773813945e-05;2.3354777909908094e-05;2.605074887734504e-05;2.8814085125242205e-05;3.1865994725870935e-05;3.4802019033008266e-05;3.6948788925040855e-05;3.805510798879669e-05;3.8197216409663485e-05;3.746488275398552e-05;3.620086878005801e-05;3.469030914415992e-05;3.313557723809023e-05;3.2227182267031005e-05;3.187303240080704e-05;3.1976550513270204e-05;3.2152876378641816e-05;3.183395302364784e-05;3.06119933364575e-05;2.8686448552678795e-05;2.6660613716129374e-05;2.544257940459425e-05;2.5417086334467665e-05;2.631872100887209e-05;2.739735326284451e-05;2.80651604144849e-05;2.8212980784023048e-05;2.800655573400323e-05;2.773922385334776e-05;2.7564838889175264e-05;2.7471084378411608e-05;2.7399636616566358e-05;2.7079896997355173e-05;2.6577496687703112e-05;2.5869993357071485e-05;2.514574467198481e-05;2.4569708434573545e-05;2.4186870666542476e-05;2.390677000288035e-05;2.3585634440320875e-05;2.3212170356037247e-05;2.287817914254453e-05;2.275290696137195e-05;2.2957435834804357e-05;2.3420881034086065e-05;2.3960605007838872e-05;2.4031666754694626e-05;2.3259446772689416e-05;2.197449977979596e-05;2.0792247013968135e-05
1581.526041590434;1.2536478233045992e-08;4.898872767759e-08;1.2254702881083832e-07;2.130156950475096e-07;2.609080378357868e-07;2.227061596409343e-07;1.310776944916531e-07;5.784102050326927e-08;2.451478289512504e-08;1.8523147907170123e-08;3.931734938760534e-08;9.308621375729965e-08;1.5825115578525945e-07;2.0754384962621027e-07;2.0893653288254653e-07;1.522550331227675e-07;8.090177430603433e-08;3.886931625470314e-08;3.2002177722192875e-08;4.5064612511435975e-08;5.4822439037105936e-08;4.646771125854693e-08;2.737846774287068e-08;2.643954691999307e-08;4.2051721093016624e-08;5.508475874806129e-08;5.95976025640057e-08;6.144531954273077e-08;5.487435099763947e-08;3.6570594833649066e-08;1.7993801980813905e-08;9.822790917650813e-09;7.121289081688636e-09;6.492393851836549e-09;1.2470258449902804e-08;2.323865301797627e-08;3.934788312497608e-08;7.365464179386486e-08;1.3756292156281462e-07;1.9234074138555818e-07;1.878897516898936e-07;1.328064494492717e-07;9.538116704316965e-08;1.6756572340146874e-07;6.800631119201247e-07;2.2019418444821098e-06;4.957086486488879e-06;8.666893904234557e-06;1.2864243580436665e-05;1.7010481391166683e-05;2.0850483072917492e-05;2.423313458329337e-05;2.7331030278529297e-05;3.0106821736097136e-05;3.255348398534692e-05;3.464036364110606e-05;3.6007732558821935e-05;3.685357842825628e-05;3.710040368686023e-05;3.692571225830452e-05;3.677516631019831e-05;3.641910546442738e-05;3.5544370349945695e-05;3.4392106703541645e-05;3.3271914305006624e-05;3.238914266775921e-05;3.191066028284412e-05;3.178254720463902e-05;3.122626683799683e-05;3.0237190282053787e-05;2.8907072997570207e-05;2.7829645882053645e-05;2.7293852049999564e-05;2.7399481336123574e-05;2.7810909740521908e-05;2.8313626415297947e-05;2.868131776421622e-05;2.882056338434596e-05;2.8709702684324145e-05;2.8171894975797253e-05;2.764832524034472e-05;2.7198542809251045e-05;2.689659754633079e-05;2.6780907911326054e-05;2.6685897343541967e-05;2.6471575989014813e-05;2.611843558619173e-05;2.5571213761612472e-05;2.479506930135836e-05;2.3929163870155805e-05;2.325724472131887e-05;2.3067586517747857e-05;2.3289298185676743e-05;2.373768183003054e-05;2.404280243367151e-05;2.3759320445380945e-05;2.2974446169954542e-05;2.175359533470677e-05;2.0488507098797507e-05;1.963004443012632e-05
1583.1573337982843;1.4298106621296988e-08;5.106126733289467e-08;1.2235507596770038e-07;2.02653337797008e-07;2.2788284958413458e-07;1.815011519882685e-07;9.703147882338355e-08;4.994137048092537e-08;3.8704054051064014e-08;5.1626574747315953e-08;7.493295237129861e-08;1.0479963980832075e-07;1.599614389005039e-07;2.374971873638055e-07;2.783475206636489e-07;2.550331773412022e-07;1.7535356343391465e-07;9.150545276033777e-08;3.799588702508599e-08;1.9487478158465423e-08;1.6044104743704207e-08;1.4578861735212046e-08;1.3378217812169745e-08;1.5853354753276002e-08;2.14087824348579e-08;2.132434645924725e-08;1.3304891095859714e-08;5.6099843564484935e-09;3.4433824991479247e-09;6.030149162944993e-09;1.0387869259973632e-08;1.3189881198092473e-08;1.1340651001115863e-08;7.660218436797105e-09;9.252599827493348e-09;1.6651809412660477e-08;3.777116488073542e-08;7.417443636306854e-08;1.0588480488185046e-07;1.088134971636175e-07;7.680115115269949e-08;4.095068123262108e-08;5.08315364126364e-08;2.376923383818877e-07;1.011755516864945e-06;2.890942047034856e-06;5.9439947918910274e-06;9.562609910421808e-06;1.3257762980815174e-05;1.6947996414268944e-05;2.055962520251972e-05;2.423444822198854e-05;2.7859105793746392e-05;3.129948100156793e-05;3.410486601461562e-05;3.605445443194367e-05;3.734226862601033e-05;3.81891259478972e-05;3.8872049225567575e-05;3.939296933328861e-05;3.962378849277624e-05;3.917383437982647e-05;3.7897697220016943e-05;3.5603427938246096e-05;3.33361977344461e-05;3.167966957606871e-05;3.086741505789678e-05;3.0649376167276735e-05;3.045878697217481e-05;2.9997446740516858e-05;2.905747706798592e-05;2.789432337841967e-05;2.6922041157209657e-05;2.6459842188894455e-05;2.6622817051793885e-05;2.7275232446008973e-05;2.8167842246177946e-05;2.865642982987494e-05;2.8571504086585788e-05;2.78510079042196e-05;2.685330665114013e-05;2.6174609527836668e-05;2.6130723583419963e-05;2.631994034361739e-05;2.6396365673403303e-05;2.624112899059946e-05;2.5638656349469025e-05;2.4715779568674503e-05;2.3799423838885948e-05;2.3049819320139216e-05;2.270848853318994e-05;2.2892214982364546e-05;2.353077259781828e-05;2.4050191663583427e-05;2.3941148906587158e-05;2.324432605366369e-05;2.2371217315112574e-05;2.1722169632696192e-05;2.1414219471474555e-05;2.135559729942228e-05
1584.7879756322036;7.0605335120730606e-09;2.4893201504060507e-08;5.8109232393750084e-08;8.772153848838435e-08;9.045789504355396e-08;6.586850518353402e-08;3.5826281372047065e-08;2.819459310095741e-08;6.453598703964319e-08;1.3299585747858917e-07;1.8427296532176413e-07;1.968586575838833e-07;2.115913598524983e-07;2.6832469749540305e-07;3.330731636685259e-07;3.3010524702991254e-07;2.482201135944192e-07;1.414196062009877e-07;8.00400700486368e-08;8.285941451426378e-08;8.841378150625883e-08;7.31064134857042e-08;4.4681475002884376e-08;2.3335439026592984e-08;1.3414211396957188e-08;1.5362819443742924e-08;3.033348295491087e-08;4.8638551816945095e-08;5.702783243190023e-08;5.324113696573862e-08;4.7813775282196906e-08;4.3152712313668374e-08;3.328379991643811e-08;1.9246789941716582e-08;9.995584005183276e-09;1.2138635287808941e-08;3.925752052794445e-08;1.0515711732288347e-07;1.7604564971079687e-07;1.9327508850070938e-07;1.4283164758558988e-07;7.424102337282428e-08;5.047097501517882e-08;2.509926710204184e-07;1.042806812994506e-06;2.8582817846100338e-06;5.723809407627881e-06;9.245947487527556e-06;1.277681104837858e-05;1.604288770786586e-05;1.9289966734652865e-05;2.286536979093393e-05;2.685827806021681e-05;3.1122633518063066e-05;3.497618087504949e-05;3.789503145740504e-05;3.978253182725593e-05;4.087140028060609e-05;4.158179739380781e-05;4.18165176151012e-05;4.125403293906914e-05;3.983877728118157e-05;3.760158170207989e-05;3.47965328570951e-05;3.23657281587403e-05;3.0777833683330534e-05;3.0130813992132736e-05;3.0078123683712668e-05;3.008337918019224e-05;2.961361689444895e-05;2.85067723281794e-05;2.7244480884937572e-05;2.624422538987865e-05;2.581095078761103e-05;2.6156126775956274e-05;2.704994740394028e-05;2.791304448855064e-05;2.829390459871529e-05;2.7822059682282705e-05;2.671593268381773e-05;2.556247559789297e-05;2.505088582821032e-05;2.5224956177676643e-05;2.581626957161126e-05;2.6090062347186552e-05;2.561244423346902e-05;2.46438437582888e-05;2.353552912673261e-05;2.270028014604601e-05;2.2307566647182564e-05;2.239851861896867e-05;2.2638977840108648e-05;2.292461508386754e-05;2.3081800912603675e-05;2.300630782538284e-05;2.286381371889689e-05;2.275456855055781e-05;2.2989654132707297e-05;2.3296496267052977e-05;2.3527164292675883e-05
1586.4179671544623;4.274875184437676e-09;2.4456835879524376e-08;6.393641732449009e-08;1.0762683832425685e-07;1.3423521876675742e-07;1.3508082737259584e-07;1.1870913768542445e-07;1.0124154266231206e-07;1.2218365169624788e-07;1.872251526748789e-07;2.5346880264871866e-07;2.564492246841885e-07;2.070571800686272e-07;1.677881484802207e-07;1.6694750164116218e-07;1.605146971918844e-07;1.2977341785219594e-07;1.041375139490417e-07;1.1840210786596153e-07;1.6160293732110217e-07;1.714628469707906e-07;1.3086982809342386e-07;7.196741946509701e-08;3.415051225638683e-08;1.8521826379491433e-08;2.516589496538828e-08;5.7124695407411296e-08;9.546153055370973e-08;1.1569854601706553e-07;1.180137490379232e-07;1.196826167839135e-07;1.2291301836119501e-07;1.1232108232147425e-07;8.28398609429034e-08;4.96008993156626e-08;2.5791940789096133e-08;3.160189732012223e-08;5.7482330059636576e-08;9.000352043606465e-08;9.791495163887532e-08;7.286411895205753e-08;3.9800043423457164e-08;6.732935350166654e-08;3.297741387094839e-07;1.11043690139713e-06;2.720465536747373e-06;5.190083642686364e-06;8.196199589234416e-06;1.1364972473693334e-05;1.441749280607686e-05;1.7609900542314934e-05;2.1088902272469008e-05;2.499818314744905e-05;2.9260195145805105e-05;3.33850253001287e-05;3.705673862967485e-05;3.998713460158968e-05;4.174017217393908e-05;4.252139442452278e-05;4.244225224654227e-05;4.140307007720708e-05;3.931261018840693e-05;3.647237093857547e-05;3.3539005786081445e-05;3.115269893357985e-05;2.994168542347578e-05;2.977812464689025e-05;3.0203351996563623e-05;3.062906157780063e-05;3.0587489454119586e-05;2.9999071053727587e-05;2.914025848028727e-05;2.8274228737308653e-05;2.768369536003988e-05;2.7488485197425465e-05;2.7633689729007528e-05;2.779511315743311e-05;2.7663104605110977e-05;2.7117179163505407e-05;2.6232705597489845e-05;2.532365334154171e-05;2.4776322588112616e-05;2.4699794674512035e-05;2.492803274904324e-05;2.5014700028105637e-05;2.453764488952061e-05;2.3697716992078157e-05;2.286625450428614e-05;2.225933352121194e-05;2.191656240662395e-05;2.183196803817995e-05;2.188733787946484e-05;2.2006275030996613e-05;2.2287475107288654e-05;2.2641230254982977e-05;2.307755807356328e-05;2.335862228723893e-05;2.326626187969852e-05;2.295032988438617e-05;2.2670911389689244e-05
1588.0473084274015;7.2026276558474e-08;9.418852594492304e-08;1.4746524769062193e-07;2.2281366464398705e-07;2.724903243519871e-07;2.729489771443972e-07;2.3962811254746256e-07;1.9259182882820094e-07;1.569460512909617e-07;1.483783164497542e-07;1.4781167660353068e-07;1.273507685861506e-07;8.3961713989788e-08;3.796306117136916e-08;1.6847123195219384e-08;2.0337607623012417e-08;4.038208543638195e-08;8.652020061987195e-08;1.5070875797608257e-07;1.820124270032529e-07;1.6591456389242212e-07;1.0870651448215889e-07;5.575738153964784e-08;2.628291260175244e-08;1.4720728265673516e-08;1.6413232886142487e-08;3.1970208499715195e-08;5.3383994216901144e-08;7.385075373192201e-08;9.553673459859593e-08;1.2974966681858046e-07;1.650595509217383e-07;1.694453560777924e-07;1.345192346627965e-07;8.424669503787659e-08;4.6042417654808673e-08;2.347178620114297e-08;1.2197439383745176e-08;7.544898608225102e-09;5.211589169470874e-09;4.176275309389723e-09;8.955617506730226e-09;1.1290140282897033e-07;5.489319975194419e-07;1.5236919343089096e-06;3.120156635282631e-06;5.166024648510788e-06;7.516458900230691e-06;1.0137307671375905e-05;1.3179186475848452e-05;1.656151993654309e-05;2.014882351125277e-05;2.39511735467962e-05;2.790985667791951e-05;3.187051823894393e-05;3.544488585643489e-05;3.8172519290376914e-05;3.98784068861783e-05;4.0611398267339824e-05;4.044786921813546e-05;3.936612021149529e-05;3.750702694575638e-05;3.549368930492571e-05;3.36011735792265e-05;3.221811134546084e-05;3.115423331974019e-05;3.073171461069583e-05;3.0698525125450444e-05;3.0884280774869064e-05;3.128198453317194e-05;3.143796177415304e-05;3.124990989966162e-05;3.053713992865742e-05;2.9445604342849697e-05;2.8341652929739604e-05;2.744507326890306e-05;2.68722889620184e-05;2.6584093501390138e-05;2.6392035318389503e-05;2.6092692202017087e-05;2.549033905805928e-05;2.469170046018676e-05;2.397981684844176e-05;2.3608916468471752e-05;2.362862008849692e-05;2.393867031501978e-05;2.4156473717406404e-05;2.387262719416808e-05;2.304951582681492e-05;2.185219939200467e-05;2.097571736442853e-05;2.0986175781929647e-05;2.1727136328995046e-05;2.283956551403486e-05;2.3693672221633214e-05;2.40550772189304e-05;2.386044348041376e-05;2.306354010557477e-05;2.225331860607115e-05;2.173420596911064e-05
1589.675999513449;1.3131431374601337e-07;1.150975336127112e-07;1.1525739976632205e-07;1.3212862729118428e-07;1.4770667410221009e-07;1.4348124892655802e-07;1.2486074521086496e-07;1.0055002266695309e-07;7.709451147331865e-08;5.478143536943463e-08;2.9197369591764403e-08;1.4301445268283902e-08;7.235472364110041e-09;4.365022962978287e-09;5.0135286416412305e-09;1.3701205086240237e-08;4.2211286917420556e-08;8.929452995421462e-08;1.335789880760366e-07;1.3125374073200648e-07;9.191093063359313e-08;4.897032326851753e-08;2.398353591706121e-08;1.49262522980207e-08;1.7368217350689243e-08;2.9250593176690372e-08;4.453686915814564e-08;5.224466405135599e-08;4.977901745147077e-08;5.514173064375016e-08;6.555079981776346e-08;8.185217698863818e-08;8.822699947805008e-08;8.079979187422587e-08;7.455309050256617e-08;7.172611506236396e-08;6.297024662420401e-08;5.214032214760032e-08;3.2258195984793925e-08;1.2904515693314026e-08;7.539944394599697e-09;2.0741607479366943e-08;1.5414493292157084e-07;6.362085006582037e-07;1.655267215397135e-06;3.188636702617602e-06;5.097147438250513e-06;7.4468255469691265e-06;1.036278486984322e-05;1.379479932285732e-05;1.7634783858313613e-05;2.1713095610416347e-05;2.5864115024057223e-05;2.975981592577177e-05;3.301389622466138e-05;3.538967834642605e-05;3.684295693528323e-05;3.738768871245643e-05;3.737763560367068e-05;3.673110569989409e-05;3.566266204705868e-05;3.470311964037785e-05;3.419920497966795e-05;3.4103352237392e-05;3.39815166238036e-05;3.351964453816094e-05;3.272650286575497e-05;3.174149951367988e-05;3.1057237568424295e-05;3.093018835084171e-05;3.107048304919262e-05;3.10397456524552e-05;3.0407207874059795e-05;2.929675682804497e-05;2.790780811879685e-05;2.6714405515669765e-05;2.614669402964499e-05;2.6274499204411677e-05;2.6736722592195077e-05;2.6861168816381863e-05;2.639928735635969e-05;2.5373815212018142e-05;2.425398727018528e-05;2.3631312805291436e-05;2.4042275497107252e-05;2.528312219388841e-05;2.664179779929441e-05;2.6941416874003147e-05;2.5664775391937283e-05;2.3448806392911084e-05;2.1784234775199543e-05;2.1643247784700574e-05;2.2846427322411693e-05;2.428955091278882e-05;2.517200315836369e-05;2.5032070734175045e-05;2.419156576203989e-05;2.3162047945473613e-05;2.2359677342158585e-05;2.1921485514089723e-05
1591.3040404751046;7.007385206408064e-08;7.197544641780924e-08;7.56977677545844e-08;6.289262396044555e-08;3.5527952599935963e-08;1.4545735009521891e-08;7.546571495966168e-09;5.9717960634509295e-09;4.896828251202932e-09;4.131693605201753e-09;3.856944300854195e-09;4.589878422237218e-09;5.415149311134522e-09;5.799449558231907e-09;5.671709466942811e-09;8.249901499658448e-09;2.02921155470425e-08;4.0506686225786524e-08;5.377931382169388e-08;4.7039295541031826e-08;2.7594121477564072e-08;1.5640619391659993e-08;9.250357812397778e-09;1.1413735293117125e-08;3.565042091450286e-08;8.273191254128366e-08;1.2878503213782418e-07;1.4311613599232378e-07;1.1685242132682083e-07;7.236374065843432e-08;3.5101262921758705e-08;1.5044971341414874e-08;1.4639904464249188e-08;3.1304300332601684e-08;6.06627841730622e-08;9.01552062706994e-08;1.0761158161859655e-07;1.0659414718355244e-07;9.204426123991956e-08;7.495559193241066e-08;6.33575057281178e-08;7.052403969404805e-08;1.729091193136119e-07;5.468842186199913e-07;1.3765472624219605e-06;2.7925685444330032e-06;4.8637337935365e-06;7.576469421297926e-06;1.0902945491884054e-05;1.460347534805969e-05;1.8614402568340606e-05;2.297350967703056e-05;2.750148679091824e-05;3.1558244670588245e-05;3.4605717766058494e-05;3.640574614438184e-05;3.719398471924626e-05;3.73340350324763e-05;3.6977112727396274e-05;3.624737477453933e-05;3.5387212944627e-05;3.473652036172459e-05;3.440109946416512e-05;3.432526921924985e-05;3.396760612870242e-05;3.325006278999438e-05;3.2334500289487374e-05;3.1348072008402576e-05;3.0581815643634906e-05;3.0219750124487228e-05;3.0224933867499845e-05;3.0187494631791462e-05;2.9839571028957392e-05;2.909850985318856e-05;2.803023838679378e-05;2.715650059933072e-05;2.6888832867371215e-05;2.7136713508913905e-05;2.75405350745675e-05;2.7734601800303928e-05;2.73155696314428e-05;2.6348630438514214e-05;2.5438322063350628e-05;2.504282730556123e-05;2.5532350652829173e-05;2.6700235068246896e-05;2.766124693594203e-05;2.779596935328921e-05;2.668638687108777e-05;2.4845891225621836e-05;2.366085709835579e-05;2.354714587227908e-05;2.4197001927409715e-05;2.4759036443777688e-05;2.4776271232580024e-05;2.4074764456378465e-05;2.2912671350270227e-05;2.179035185256881e-05;2.100891803834986e-05;2.0620249900087605e-05
1592.9314313749492;1.9601968593826396e-08;7.122915024099535e-08;1.323330212977077e-07;1.504900395091821e-07;1.1019693157569537e-07;5.255342792146928e-08;2.0676097843343027e-08;1.0708612656056687e-08;1.1322654914180844e-08;2.1203606492764533e-08;3.8679222720932925e-08;5.7868932770431376e-08;6.623251912131125e-08;5.174522471064744e-08;2.8194925688099425e-08;1.1662144221455689e-08;5.5254520561402874e-09;5.242388686856116e-09;6.275304423559732e-09;8.403768036240936e-09;1.1156230022657578e-08;1.1268687325431811e-08;8.059117141463441e-09;9.670241732624446e-09;3.837693024681746e-08;9.900397674605575e-08;1.630407067386604e-07;1.9603859145176682e-07;1.893501795719624e-07;1.4861865309709684e-07;1.0914072708791532e-07;7.347650738583947e-08;4.6517879976465787e-08;3.459686028955899e-08;3.647746732383658e-08;5.1161651630294577e-08;6.350268987423924e-08;8.869332661973478e-08;1.30797290884578e-07;1.8469847068933539e-07;2.041097559259282e-07;1.8426902637293858e-07;1.855405373087182e-07;3.796406257363662e-07;1.0225038349329074e-06;2.3647570777049638e-06;4.49289583374832e-06;7.368669887996036e-06;1.059563230745393e-05;1.4064936503697996e-05;1.765484387094556e-05;2.142082876903171e-05;2.542779072472893e-05;2.9442569365172787e-05;3.300765038429795e-05;3.571575134001384e-05;3.7410044082628575e-05;3.859394401415327e-05;3.923418163002754e-05;3.912524073156048e-05;3.846093479142288e-05;3.7509396037190194e-05;3.643214207176939e-05;3.519485530518891e-05;3.384715132665603e-05;3.238488825259404e-05;3.1066649885129344e-05;3.0199536528564425e-05;2.968521016404638e-05;2.9359994856001183e-05;2.9385749043741167e-05;2.9654027721025576e-05;2.988271825343171e-05;2.9543257557658603e-05;2.881863419415438e-05;2.803736236546417e-05;2.7545217158959785e-05;2.7491175088881895e-05;2.7660296056441708e-05;2.7764271333369544e-05;2.7564858925099382e-05;2.6811068653578907e-05;2.5886901103734997e-05;2.513692964181157e-05;2.482029093089098e-05;2.479139932671909e-05;2.4793446356896758e-05;2.4673495588217354e-05;2.4468365048649942e-05;2.445369940609236e-05;2.442819093291477e-05;2.4600143048942156e-05;2.452009322583904e-05;2.425293373811164e-05;2.367223082593622e-05;2.297812391363975e-05;2.2174640156391395e-05;2.1434237243375575e-05;2.093246736637715e-05;2.067591341349529e-05
1594.5581722756433;5.978840832525327e-08;1.1547417002075728e-07;1.868938119729389e-07;2.1668433643278938e-07;1.848384264838324e-07;1.1257315930777397e-07;5.319015147950101e-08;2.5022818153852712e-08;2.2338511955662562e-08;4.147990190770881e-08;7.55850056783043e-08;1.106486149424649e-07;1.2220337236110245e-07;9.874342106977872e-08;5.6842957199234e-08;2.3459893899047863e-08;1.2582211265887307e-08;1.9064613747469817e-08;3.3074229866012645e-08;4.7972045853431936e-08;5.386723890911472e-08;4.539995529523178e-08;2.877999945947314e-08;1.6345743962111525e-08;2.0617751823572282e-08;5.26632058430354e-08;1.0456757982290314e-07;1.5634256885797318e-07;1.9035521304498443e-07;1.974056347481832e-07;1.7761070938759417e-07;1.356229014231583e-07;8.580589841893521e-08;4.5805820899567336e-08;2.201840218071574e-08;1.22506050720226e-08;1.2485231234073156e-08;3.6992457984068586e-08;1.0707716252617837e-07;1.986723838106591e-07;2.476968632830628e-07;2.254239071266182e-07;2.0062474590042105e-07;3.6959414955386106e-07;1.010339302694863e-06;2.350810680032496e-06;4.476884101043161e-06;7.294529188238836e-06;1.0576959719019323e-05;1.409558843011361e-05;1.7569560741621858e-05;2.0858367220258944e-05;2.4100111556903343e-05;2.7433377506599876e-05;3.0810314541951856e-05;3.384102883764868e-05;3.623586070249896e-05;3.791509635042458e-05;3.88928178347503e-05;3.8979489997267297e-05;3.8294682791309016e-05;3.72252526699754e-05;3.6101644196043865e-05;3.501027476781033e-05;3.38677842471608e-05;3.2781726340595834e-05;3.171736776514711e-05;3.0506707215406014e-05;2.936080954161526e-05;2.8519263740181894e-05;2.828430750677414e-05;2.8538194017287835e-05;2.879156080944682e-05;2.851747078048486e-05;2.7679842743029472e-05;2.6607357394665723e-05;2.584285993336015e-05;2.575270471362436e-05;2.62913675474714e-05;2.6900239269471908e-05;2.712971038986039e-05;2.6765523885499745e-05;2.5756929490181195e-05;2.46670223131262e-05;2.377969560514525e-05;2.3052969934528435e-05;2.2558511514198907e-05;2.2240052543956464e-05;2.2438242421037296e-05;2.334245758142081e-05;2.412738142244151e-05;2.4553688706033436e-05;2.4485570416705945e-05;2.401220944411869e-05;2.340230768451596e-05;2.3031659354167453e-05;2.2996007439283627e-05;2.3177974380648583e-05;2.340470679181848e-05;2.35400317672471e-05
1596.1842632399205;9.71223887229157e-08;1.31742117571943e-07;1.6469252245788885e-07;1.769905946908704e-07;1.5671260984401406e-07;1.1025407879526365e-07;6.159887770272636e-08;2.9828536082324263e-08;1.9385895174232224e-08;2.8401624333454717e-08;5.521478103523946e-08;9.16350377435843e-08;1.135971006758939e-07;1.1025688710265072e-07;8.132810760333829e-08;4.318590601550118e-08;2.4191798888438122e-08;3.307844022416234e-08;6.115091236896383e-08;8.900136815508276e-08;9.752388390262365e-08;7.999561929320043e-08;5.4348497654491295e-08;4.4028687137196295e-08;5.099438363402348e-08;6.092223139087316e-08;6.670589378777464e-08;8.23029120185417e-08;9.356962553796649e-08;9.84063498429272e-08;9.547410530459603e-08;8.494463497239187e-08;7.340830799552545e-08;5.879606137778373e-08;4.047318392146505e-08;2.3038672826885312e-08;1.0899362617140658e-08;1.1397114176117015e-08;4.1779263283497045e-08;8.011287712243128e-08;1.0302512925380957e-07;1.0173634933653669e-07;1.6821798857076464e-07;4.729905105331298e-07;1.2389120617728296e-06;2.677900345067961e-06;4.872763423623707e-06;7.80943101353731e-06;1.1249327198301495e-05;1.4855368818433807e-05;1.8333571212383927e-05;2.159011729118337e-05;2.473494938222379e-05;2.7911653291785e-05;3.108764018678274e-05;3.390045867730108e-05;3.596149197668109e-05;3.713540604798921e-05;3.7181494784034845e-05;3.654142522482844e-05;3.553493075328348e-05;3.466399395049407e-05;3.419327885040051e-05;3.4059228519628114e-05;3.3781238193436025e-05;3.306612309326309e-05;3.1762858147850806e-05;3.0057228018634248e-05;2.8537408157865428e-05;2.7648124554253017e-05;2.752627101561712e-05;2.770566248862418e-05;2.765316460062427e-05;2.710776701916783e-05;2.6063605053071665e-05;2.4947803375620257e-05;2.4249706184888934e-05;2.445991099538714e-05;2.531661232272225e-05;2.6305982426966045e-05;2.6584613246963523e-05;2.618669852959919e-05;2.5434852584606543e-05;2.509185383289788e-05;2.4987557128337763e-05;2.47524753328734e-05;2.407915006319662e-05;2.3157973263229566e-05;2.246321781121933e-05;2.223803157439038e-05;2.2660393408937497e-05;2.3095240559777103e-05;2.327188379369457e-05;2.2968118008089507e-05;2.240668598843795e-05;2.192087820962572e-05;2.186825425467347e-05;2.234917352208331e-05;2.291792839063503e-05;2.328598774864395e-05
1597.8097043305934;6.411833554378328e-08;6.517201445127383e-08;7.018914183991918e-08;7.58611354264799e-08;7.35688522622983e-08;5.8396945269728354e-08;3.5747776433491383e-08;1.6776342018102898e-08;7.966109351374722e-09;8.758899759081e-09;2.4478351246947835e-08;5.8498445800964114e-08;9.8207670380758e-08;1.1798350700827893e-07;1.0254120674137473e-07;6.609472998361266e-08;3.6838822019336895e-08;2.9261998909651248e-08;3.6252133451373255e-08;4.7616254381362816e-08;5.088068556580892e-08;4.173235948586165e-08;3.5458673205690746e-08;5.412963403950141e-08;9.079453674247382e-08;1.085224480344618e-07;8.5865882416414e-08;4.693829755950659e-08;2.0249302329110524e-08;1.0055162583300747e-08;9.991880805009496e-09;2.0165618121931465e-08;4.2315085360449685e-08;6.173457852179336e-08;5.7512277215392046e-08;3.371523902324302e-08;1.3182040430713548e-08;5.995525984979985e-09;4.325021848955643e-09;3.0237600195627238e-09;2.4108230096064024e-09;7.4307015487853395e-09;1.0314660251467114e-07;4.192566563070747e-07;1.1516707289053612e-06;2.5246090105905427e-06;4.683407874653896e-06;7.614535232067391e-06;1.0986112506443075e-05;1.4478267422069392e-05;1.7939391949068503e-05;2.128598935595664e-05;2.467871376471677e-05;2.8079971052383515e-05;3.1361073060691286e-05;3.427654249745284e-05;3.640566752080357e-05;3.742585205562151e-05;3.718801713167783e-05;3.625956477418516e-05;3.520827964080992e-05;3.4595864615440214e-05;3.455866729710223e-05;3.465967599168721e-05;3.427410824145384e-05;3.3141512010280074e-05;3.109559338591335e-05;2.8948763574021525e-05;2.756527308046692e-05;2.719028491904536e-05;2.7548658828377874e-05;2.7950908277863696e-05;2.790867685547696e-05;2.73068828231768e-05;2.6294237357946167e-05;2.5293787028566324e-05;2.4642063717137312e-05;2.482194081471519e-05;2.5676504813139112e-05;2.648753307799753e-05;2.677093734603457e-05;2.6362895260568477e-05;2.5863329885117e-05;2.589324075858021e-05;2.6247631535572015e-05;2.636111558328728e-05;2.5688763630653383e-05;2.4400396325161983e-05;2.294946865143351e-05;2.1708617147297373e-05;2.1242818586059164e-05;2.1431624720958905e-05;2.183418418882396e-05;2.1960805875686624e-05;2.160719246884632e-05;2.0933484552434585e-05;2.046686273115982e-05;2.043778668956237e-05;2.080815121965933e-05;2.119944850763773e-05
1599.4344956105524;1.3693748820872124e-08;4.346765526150041e-09;5.051744315229945e-09;1.5042503551679727e-08;2.5188992048930912e-08;2.5301147672516645e-08;1.5595542342626034e-08;5.92141519258135e-09;2.315942227056441e-09;2.734735979291523e-09;8.424916086267411e-09;2.3047679132696975e-08;4.569372172448889e-08;6.19788885278756e-08;6.007379209660224e-08;4.7440983019736945e-08;3.1045010367497825e-08;1.6878017740627583e-08;7.672766933103661e-09;3.778353782096762e-09;2.6370823456951326e-09;2.284295287600452e-09;6.766849316106876e-09;2.405806460322804e-08;5.227992356396515e-08;7.009385650582846e-08;6.114564053396449e-08;3.0044967165754244e-08;1.3619018445528397e-08;1.2419560851935966e-08;2.4114637547735355e-08;4.5718879012757036e-08;6.81195080435697e-08;7.87597735026162e-08;6.305159895495275e-08;3.48916840748894e-08;1.48430172631402e-08;7.1480363939513565e-09;4.9959901417306745e-09;3.2501288636360963e-09;2.248673698139563e-09;7.214165506284494e-09;9.372896759425765e-08;4.142821800555915e-07;1.12548538832493e-06;2.349850127998461e-06;4.2686327701860925e-06;6.9759894589403526e-06;1.0258253083501202e-05;1.3810874648417385e-05;1.733723849954581e-05;2.0799572681992176e-05;2.417707389639848e-05;2.7472313936566054e-05;3.063997103505564e-05;3.357672047660335e-05;3.608554273614186e-05;3.753769853799359e-05;3.794678685781111e-05;3.757089721196483e-05;3.691421517351389e-05;3.6323268072905546e-05;3.5874770529107976e-05;3.5465073091266004e-05;3.482841754315211e-05;3.3546007079270994e-05;3.198363833391998e-05;3.041089438573124e-05;2.9181517201170303e-05;2.8359557585964018e-05;2.7785977668405467e-05;2.7327064848299112e-05;2.685375990835397e-05;2.638040795275367e-05;2.5834550623360164e-05;2.520446459255687e-05;2.4777342256708404e-05;2.479966502534484e-05;2.548997018893593e-05;2.637133945062203e-05;2.701672127924404e-05;2.725847604694868e-05;2.707066829605017e-05;2.663825805913279e-05;2.621986699731026e-05;2.5545746368557453e-05;2.472012725080337e-05;2.3824482924819587e-05;2.3023064282946848e-05;2.2449496823984532e-05;2.231664736936109e-05;2.258770565153001e-05;2.301643998921568e-05;2.3125432342503384e-05;2.2559921690737647e-05;2.1393029098282428e-05;2.0374636137179112e-05;1.9894096844714807e-05;2.018779933498619e-05;2.069563674208309e-05
1601.0586371427707;4.705386862655952e-12;6.326912448754359e-11;1.029077617554807e-09;4.081079676058176e-09;7.731991224854446e-09;8.346467027451771e-09;5.170306345059046e-09;1.8511538887169382e-09;6.877975923885175e-10;6.171936968067917e-10;9.863448990196066e-10;1.574541291234495e-09;1.9321284296806296e-09;3.1274017729183987e-09;6.617851695405113e-09;1.0229843786679624e-08;1.0178557823383786e-08;5.804095096923755e-09;6.129001359269585e-09;1.1642906221103742e-08;3.2302438112904364e-08;4.7379399788003574e-08;3.9498580601159175e-08;1.9730650921692976e-08;1.5276475122787365e-08;1.6320493789307058e-08;1.5527195830350326e-08;1.1153490917374548e-08;7.648623441253995e-09;1.50629143633953e-08;4.215804588487547e-08;8.004812370294106e-08;1.0448056593094133e-07;9.809619997020967e-08;6.864640091677191e-08;3.699450337547748e-08;1.608774190199319e-08;7.982997743013627e-09;6.131971345328209e-09;7.988277381192281e-09;3.1074174770133096e-08;1.1146036116517997e-07;2.7462385328680134e-07;6.210854556357811e-07;1.2615514353824087e-06;2.2115758840438622e-06;3.873528113132628e-06;6.518720993764462e-06;1.002725830328728e-05;1.3823899165504126e-05;1.7391742653356685e-05;2.073745275241243e-05;2.37709142273328e-05;2.67364982351831e-05;2.973486510543928e-05;3.278295821080145e-05;3.563128790808062e-05;3.770713279236195e-05;3.865108086459301e-05;3.845261930254541e-05;3.778436158897205e-05;3.695065273197423e-05;3.616977082659602e-05;3.55703580573808e-05;3.509953436174676e-05;3.4472430664874684e-05;3.360612104983605e-05;3.256298044539031e-05;3.120850650479807e-05;2.9631521129439607e-05;2.7988784416959996e-05;2.654958721649636e-05;2.5523128469972453e-05;2.5013683980153907e-05;2.474414143783498e-05;2.4512284661420956e-05;2.4699553832331093e-05;2.520134458443723e-05;2.5911446699724007e-05;2.6652685267731853e-05;2.7091908921125138e-05;2.718891680322493e-05;2.683216325804317e-05;2.620329966610887e-05;2.5351007175177632e-05;2.4410968586368437e-05;2.372919096383576e-05;2.339400242619187e-05;2.32637387287112e-05;2.32812657407991e-05;2.3415844550267284e-05;2.3797984000224465e-05;2.433691062369532e-05;2.448601082518039e-05;2.4035389475602264e-05;2.281538467585941e-05;2.1456100365843636e-05;2.0876339717621036e-05;2.1060267219550823e-05;2.148626464372898e-05
1602.682128990291;1.8126034101650944e-11;3.1436060587381596e-11;5.906920924372683e-11;1.4087944834815282e-10;2.5054877234560285e-10;2.8358073715701803e-10;2.2959691418042223e-10;2.0145327189994686e-10;2.4194453951912104e-10;3.6174264834178877e-10;7.553581820469547e-10;1.4335740239133964e-09;1.851658253987546e-09;1.648148988461654e-09;1.3474293137792786e-09;1.4848868709005734e-09;1.7381340920251159e-09;3.1914384180427677e-09;1.0636812690307534e-08;3.4525484883767134e-08;7.121042452786041e-08;9.44205742560114e-08;8.654265333548322e-08;5.73487651327051e-08;3.035978971381628e-08;1.4904801241377394e-08;7.313932766816224e-09;4.754623868059183e-09;4.279907542280361e-09;9.034244123270852e-09;2.2520770362279912e-08;4.1688343946333236e-08;5.8442820752293336e-08;6.504373571497461e-08;5.6381401479889116e-08;3.604213552700922e-08;1.6798971082401917e-08;6.9962173107180605e-09;5.974065925260343e-09;1.847640231403734e-08;7.853426382044378e-08;2.4137447007844924e-07;4.933817148294129e-07;8.197421897283857e-07;1.2726663477202189e-06;2.0105245628227405e-06;3.489465337868442e-06;6.1166203595965686e-06;9.786864788364997e-06;1.3935617636751317e-05;1.783570276228475e-05;2.1267325759860095e-05;2.42722976929552e-05;2.70718737539073e-05;2.980879679216717e-05;3.244079378739463e-05;3.487108076180645e-05;3.6602467271677975e-05;3.72654936389351e-05;3.693999833460002e-05;3.619496592853732e-05;3.5591131042542884e-05;3.524863849547508e-05;3.5159392146152905e-05;3.4951934428500544e-05;3.447486984411737e-05;3.3313773797033675e-05;3.1868335263359054e-05;3.0375903231352572e-05;2.9139479406614816e-05;2.8229249858941995e-05;2.758710652185326e-05;2.7086390824488093e-05;2.663666392993616e-05;2.6179384306796497e-05;2.582246366934364e-05;2.567739553137474e-05;2.586640477515501e-05;2.6106939315263453e-05;2.628124187665279e-05;2.6457456380635293e-05;2.629543276669572e-05;2.5905934727255822e-05;2.571474592484153e-05;2.5311179918444328e-05;2.4955713769027133e-05;2.4424632831700164e-05;2.3892090031524517e-05;2.3357815305420927e-05;2.281538802307092e-05;2.2652525230984145e-05;2.301568989478915e-05;2.3827588376505063e-05;2.456496073310629e-05;2.465055172050349e-05;2.422594848489906e-05;2.3315405748271946e-05;2.272389611035223e-05;2.25786901180163e-05;2.271519363971313e-05
1604.304971216232;3.2056817862432276e-08;4.452172602322415e-08;4.6010292458627214e-08;3.4397300756731966e-08;2.1248936255144406e-08;1.8730426480364957e-08;3.209827509169751e-08;6.018102410481378e-08;8.456114652228169e-08;8.451762068829483e-08;5.404360656084193e-08;2.0397116768856443e-08;8.493149543576558e-09;5.4122067956638155e-09;1.278803327368786e-08;4.854290968121188e-08;9.42441140495752e-08;1.231545323146785e-07;1.1935285845776322e-07;1.0202842738737738e-07;8.541290491410363e-08;8.780095029382053e-08;9.882034888482393e-08;1.045645009527922e-07;7.550073652636737e-08;3.842171977269941e-08;1.7133717463106998e-08;1.2759431558396258e-08;2.208901314483102e-08;3.940500124455181e-08;4.8648799819541586e-08;4.491893765652545e-08;3.561756882849532e-08;3.196334231736317e-08;3.548291852201775e-08;3.115982004438032e-08;1.778025776341095e-08;1.1184229044651004e-08;3.3477656513518495e-08;6.832016048955806e-08;1.2180071628288258e-07;2.2754238797246957e-07;4.042549934776924e-07;6.981999129247239e-07;1.1405440519439563e-06;2.039606989016649e-06;3.767374730403825e-06;6.843609348903342e-06;1.0877180318317482e-05;1.5133335475022743e-05;1.8846827856638505e-05;2.1795396494564456e-05;2.452081810185979e-05;2.719335581314645e-05;2.970214870841747e-05;3.179422592352357e-05;3.342417500606075e-05;3.4621523861246584e-05;3.503559719954495e-05;3.491561419292792e-05;3.454290317755887e-05;3.43852175469545e-05;3.425051270134268e-05;3.4074066401911014e-05;3.361201652452413e-05;3.292953658705362e-05;3.177074796652233e-05;3.0381305210745308e-05;2.9169984659146785e-05;2.846713982734128e-05;2.826768407934733e-05;2.8307537058435943e-05;2.8235406686861457e-05;2.782591393325122e-05;2.709651416090133e-05;2.628180089752709e-05;2.5506279156771337e-05;2.4958018470943024e-05;2.473811690415719e-05;2.4826667277931863e-05;2.5135166685322025e-05;2.5416604974401912e-05;2.5687621879030866e-05;2.571288772831886e-05;2.546166565590833e-05;2.5041483651966315e-05;2.44530459745256e-05;2.3723705093261277e-05;2.314497434948921e-05;2.278880114549916e-05;2.3060436826026244e-05;2.3892357691789085e-05;2.467770859171905e-05;2.510209687083817e-05;2.465194724192605e-05;2.37210958554934e-05;2.265718046180346e-05;2.2164761375943195e-05;2.2250135789455457e-05;2.2606811427909703e-05
1605.9271638838;6.404770167341317e-08;8.893391191118451e-08;9.18804054588493e-08;6.85999551664231e-08;4.222238718490031e-08;3.716234600928138e-08;6.390240449806143e-08;1.1993181514078194e-07;1.6846461793263379e-07;1.682354157037469e-07;1.1870177194597057e-07;5.9027713484138974e-08;2.530850647401539e-08;1.5175483186838333e-08;3.5332265252749215e-08;9.809311846881109e-08;1.839693746713005e-07;2.4082187916404386e-07;2.242905576753372e-07;1.5628747249641797e-07;9.15897601730546e-08;7.152740174311065e-08;9.636793063567297e-08;1.2042778114031598e-07;1.0921602064843733e-07;6.944569217906813e-08;3.4464940381961354e-08;2.9796090419676893e-08;4.7771785329185386e-08;7.61029369618492e-08;9.485470102007944e-08;8.661224265833494e-08;5.78624686382894e-08;3.102633332043176e-08;2.1607073213641373e-08;2.4223889108089368e-08;3.042072184888988e-08;5.456200760370949e-08;1.0378729245842347e-07;1.490254672639753e-07;1.611423952246303e-07;1.6037806960900408e-07;2.309772146826825e-07;4.658214581200773e-07;9.64383464920257e-07;2.076075860135579e-06;4.2624992698440735e-06;7.826408117143754e-06;1.2162879939803934e-05;1.6086591668452705e-05;1.8823260878259376e-05;2.064040861602797e-05;2.244319656443049e-05;2.4747704343805135e-05;2.755286232929276e-05;3.0301750766930964e-05;3.239091706524349e-05;3.398668096199068e-05;3.49046881427794e-05;3.531225764813651e-05;3.532705449726641e-05;3.492466940466284e-05;3.4194393246399425e-05;3.323935527865186e-05;3.224617087178715e-05;3.144904453228853e-05;3.082947225036373e-05;3.0085665921484365e-05;2.924754768860075e-05;2.8357993291876667e-05;2.758250406772131e-05;2.699534588607501e-05;2.6584936625133187e-05;2.6225661648057717e-05;2.5756370538347173e-05;2.5233462296443392e-05;2.4628089810168768e-05;2.4229236637621588e-05;2.409237267092876e-05;2.420581478732036e-05;2.4251979618714607e-05;2.413620475220191e-05;2.4220967662549897e-05;2.4259398354339846e-05;2.4360020761119143e-05;2.436522876285931e-05;2.409705972749323e-05;2.363715048143108e-05;2.326419438588817e-05;2.3378325980473272e-05;2.379090090763882e-05;2.443030261211599e-05;2.4773348583734104e-05;2.4416275384746265e-05;2.340541522924075e-05;2.1961807579186773e-05;2.097683079672396e-05;2.090607012961697e-05;2.1539375371069055e-05;2.2229542699608363e-05
1607.5487070562667;3.2007256016090885e-08;4.444071743021615e-08;4.59129043426098e-08;3.428129165640935e-08;2.1101797810508722e-08;1.857522659156141e-08;3.215469385827514e-08;6.612589838426779e-08;1.1025975983718109e-07;1.3892774024997766e-07;1.3889987822003273e-07;1.3189490393370993e-07;1.0927041495444906e-07;7.68241741850892e-08;6.857388593136362e-08;1.0208730552355109e-07;1.580597929370571e-07;2.0148505589882946e-07;1.874478077891065e-07;1.289866865189653e-07;7.358417116742132e-08;4.718640741136287e-08;6.302620283462397e-08;9.166334547261381e-08;1.2047730843814164e-07;1.293053584066954e-07;1.0961137959986823e-07;8.415535304127496e-08;6.25995126762628e-08;5.3794206840073696e-08;5.5595603119710074e-08;4.857065172079698e-08;3.436353257799554e-08;3.025871332461761e-08;4.97333551845815e-08;7.842899590265523e-08;1.0568694966600015e-07;1.3016821607113618e-07;1.440555997802853e-07;1.4544844629111296e-07;1.239380145571701e-07;1.147357235263719e-07;2.331402489653817e-07;6.093997923844796e-07;1.2691981889732055e-06;2.4924846556193634e-06;4.5293186411836505e-06;7.414470192496495e-06;1.0977051732164974e-05;1.4473206315550271e-05;1.7476972380759222e-05;1.991959581296337e-05;2.2110442327142623e-05;2.4441580286097536e-05;2.6995805498259732e-05;2.967003072600195e-05;3.208863161033843e-05;3.3955067412094e-05;3.5238303008779936e-05;3.609198569971169e-05;3.641422121481456e-05;3.605695074350813e-05;3.5005875344548176e-05;3.346524677536179e-05;3.191004750294731e-05;3.0536910175078244e-05;2.9804914482605988e-05;2.9412327960956453e-05;2.899148024142152e-05;2.818845706500848e-05;2.70610301138101e-05;2.6159545825224467e-05;2.5624623044908143e-05;2.544461280789784e-05;2.543359713688052e-05;2.5428575898394614e-05;2.538947765119015e-05;2.533176140165625e-05;2.5243494654775293e-05;2.4966017298628632e-05;2.429357373621849e-05;2.35250656530605e-05;2.307372536859644e-05;2.327677967557569e-05;2.405928551514404e-05;2.467995396781497e-05;2.477586367050515e-05;2.44350768593308e-05;2.397487229608629e-05;2.3838872783622885e-05;2.37689266363853e-05;2.358892551505679e-05;2.3389897207984596e-05;2.2673065715999077e-05;2.166888895343318e-05;2.098117046483973e-05;2.0820192580688505e-05;2.1193161077156145e-05;2.188580109948913e-05;2.2397664927184398e-05
1609.1696007969877;5.829985002126561e-11;2.8226855873073733e-11;1.91304990243128e-10;1.272388653856209e-09;5.259442816506115e-09;1.7524328925416318e-08;3.7668272528495154e-08;5.637493097988241e-08;7.58782478862946e-08;1.088557522227235e-07;1.547775009666206e-07;1.885554762774646e-07;1.8521445365010357e-07;1.5209933434035998e-07;1.1626618527622448e-07;1.086084474189007e-07;1.2530794990016994e-07;1.388643745185429e-07;1.276951406019726e-07;9.305266790100144e-08;5.573526311142992e-08;3.1366487990515224e-08;3.5012469059355374e-08;7.231871437987603e-08;1.3020148582621486e-07;1.765927852837973e-07;1.759418320155803e-07;1.296066069582282e-07;7.008802031276402e-08;3.0714647650042085e-08;1.5482008452735532e-08;1.0480202710109405e-08;1.33895082319892e-08;3.824914055328031e-08;8.84860564352644e-08;1.3658783859673386e-07;1.5346748706247313e-07;1.338801701754833e-07;9.903254475426537e-08;6.834696376102143e-08;5.9509218814354704e-08;1.1783241216569949e-07;3.65883277595438e-07;8.638409210257801e-07;1.579578976455918e-06;2.495319159415662e-06;3.880973993692801e-06;6.016034531692989e-06;9.094035614258057e-06;1.2880758853636844e-05;1.707308891289728e-05;2.08602952455913e-05;2.3756378186062e-05;2.608420366884261e-05;2.79209958353926e-05;2.972721235068276e-05;3.156003939435466e-05;3.3140079862204955e-05;3.424031051442243e-05;3.503739939606307e-05;3.55781545933984e-05;3.576608965150128e-05;3.517766598166165e-05;3.371641832163853e-05;3.194580982491515e-05;3.0167935456653824e-05;2.896296046174722e-05;2.836692955693323e-05;2.812263463366419e-05;2.7941531972823664e-05;2.773004435942817e-05;2.745569329262844e-05;2.71055568569066e-05;2.664156790805332e-05;2.604586983887517e-05;2.552174350315041e-05;2.530242410426765e-05;2.5207522171479583e-05;2.5169179877573054e-05;2.5008312380610564e-05;2.464114011993356e-05;2.433646033534889e-05;2.4250963224808413e-05;2.4435983645140416e-05;2.4730495036669496e-05;2.4861069643971652e-05;2.4701912363514016e-05;2.4343339432846312e-05;2.409947354829585e-05;2.4065769346101505e-05;2.4120566539071657e-05;2.3899212583562325e-05;2.320850363050239e-05;2.2203609679287206e-05;2.132115323881561e-05;2.0993477351631412e-05;2.122914079614127e-05;2.185206320214473e-05;2.2378295590728755e-05;2.2649795807072356e-05
1610.7898451693873;3.4554780512066612e-09;1.3647811227899575e-09;8.407698216002922e-10;2.761490158403217e-09;1.0679714248510786e-08;3.5165300656524405e-08;7.483476301964576e-08;9.803293154083612e-08;8.797698560748363e-08;7.39220757482911e-08;9.129876234789329e-08;1.1278151928636706e-07;1.4936215801940526e-07;1.875719241072625e-07;1.936823254282345e-07;1.537092578819869e-07;1.1349486978004949e-07;8.375062971752972e-08;7.488171786372512e-08;8.083045720049179e-08;9.423307103513233e-08;1.0579219401986685e-07;1.0278178425106373e-07;9.251855035090504e-08;9.958509847173476e-08;1.058015516113214e-07;9.866406464137737e-08;7.480483476428907e-08;6.632463266426818e-08;9.963470066524108e-08;1.432978551969365e-07;1.421938297780024e-07;9.763624118656704e-08;6.417394504361378e-08;6.656716990405656e-08;8.13749321194873e-08;7.75499339940139e-08;6.485872601004959e-08;6.967969326822828e-08;1.180599195993084e-07;1.981910563074191e-07;3.048786595988486e-07;5.152641993475334e-07;7.777660205219945e-07;1.1481304939914428e-06;1.766057812178947e-06;3.037341247154709e-06;5.467148927171114e-06;9.067764772459238e-06;1.34008328519065e-05;1.7722444169719228e-05;2.135436413357201e-05;2.4009609334851016e-05;2.573184154176433e-05;2.7128153781681232e-05;2.8621904559512796e-05;3.0414394032458843e-05;3.195773574227554e-05;3.3063675728929075e-05;3.370678716529091e-05;3.410372691448328e-05;3.421969267376201e-05;3.400603825373312e-05;3.325254268912603e-05;3.194260802408796e-05;3.05037378770652e-05;2.9225018405393046e-05;2.8186513348898056e-05;2.7577149343251846e-05;2.7231803528502508e-05;2.7233567182967573e-05;2.729321037809282e-05;2.7206263692028885e-05;2.668830372560286e-05;2.5702099314055737e-05;2.457884861544483e-05;2.376021864825548e-05;2.347452936678146e-05;2.375011867549676e-05;2.4283920932144377e-05;2.499436909578824e-05;2.5550300477342665e-05;2.577954570644988e-05;2.5589272453424864e-05;2.4926999763861702e-05;2.417512698397129e-05;2.342780923360063e-05;2.286922437965776e-05;2.2617750491786715e-05;2.2661065737498512e-05;2.286040686802959e-05;2.2939735130482453e-05;2.268936103202541e-05;2.2245417584760476e-05;2.185280606132244e-05;2.1842102206824196e-05;2.2296112144119123e-05;2.2779901528006195e-05;2.297400942702116e-05;2.296338818467668e-05
1612.40944023697;7.178701970707917e-09;3.9852384940356974e-09;1.890949351183267e-09;2.1159339179165196e-09;5.835279632732667e-09;1.7950637892197147e-08;3.865891514965295e-08;5.569022052541925e-08;5.481877938039224e-08;3.7164739585424415e-08;2.2694610342490533e-08;3.4368093102431e-08;1.0375076164362073e-07;2.026975364567507e-07;2.445814751916992e-07;1.927098512710968e-07;9.96172869665139e-08;4.1422214731967625e-08;3.4975288895808466e-08;6.847294464291606e-08;1.3264896425968086e-07;1.8018591844365806e-07;1.705692414887114e-07;1.1283259494677413e-07;5.4941370907713416e-08;2.5808297904979143e-08;1.4708457782051491e-08;1.3590118256216348e-08;5.710103215502208e-08;1.6898956962435164e-07;2.71915518855283e-07;2.744712866274247e-07;1.8062579593481665e-07;8.065688803310854e-08;3.659084557888105e-08;2.2156847900815293e-08;1.667381524153905e-08;3.1526993595053605e-08;9.070704070705828e-08;2.0983510590051827e-07;3.447429138598389e-07;4.180362656987938e-07;4.216361500758017e-07;4.183956900470442e-07;6.359826572722759e-07;1.500627941503352e-06;3.36165564432749e-06;6.344716625195401e-06;1.0141179942187083e-05;1.4234212907770124e-05;1.8105520257977565e-05;2.136385719421904e-05;2.39962105943669e-05;2.5844292602745315e-05;2.741008951978612e-05;2.894750310146669e-05;3.0521550662838e-05;3.1960591861693816e-05;3.289734292767105e-05;3.3297134087849924e-05;3.32311910872121e-05;3.2928421432231025e-05;3.285015774252523e-05;3.2841020685473374e-05;3.2600539533000714e-05;3.196448755369996e-05;3.0924630599524866e-05;2.9582976096227824e-05;2.8109264159986587e-05;2.679193215348297e-05;2.58699044868048e-05;2.554314523015021e-05;2.55908305306309e-05;2.5582209941670463e-05;2.515895724230768e-05;2.4272743592231152e-05;2.348646678155005e-05;2.313487610562433e-05;2.3441069618135317e-05;2.428865346919108e-05;2.536964143470668e-05;2.619036237202149e-05;2.630107995734392e-05;2.5733993066348784e-05;2.4723521869339206e-05;2.358492067205789e-05;2.2639406053685343e-05;2.1933588146705527e-05;2.150433733358201e-05;2.1345619600587268e-05;2.15521108620821e-05;2.187528625880128e-05;2.2186651237636687e-05;2.2430346295675604e-05;2.2652944560125403e-05;2.2921276741488327e-05;2.318250216323292e-05;2.326365861894357e-05;2.3123027410901997e-05;2.287424778652662e-05
1614.028386063328;7.942186499163276e-09;7.997949402738107e-09;5.668544775483407e-09;2.4540093446015514e-09;1.13080753443515e-09;7.351603541886903e-10;4.066586786899348e-09;1.790575597131963e-08;4.202303591354878e-08;6.982370272176782e-08;7.703380379818065e-08;7.518391957251959e-08;9.42293563551358e-08;1.339110978466563e-07;1.347757354378609e-07;1.0301085018997438e-07;4.9981820455644347e-08;1.9307891637360663e-08;1.5166892619124887e-08;3.161975487937053e-08;6.776026639681912e-08;9.257611018720154e-08;8.984797124206706e-08;6.23774428597009e-08;2.5533148300343016e-08;1.1297747415956589e-08;5.487662361883847e-09;4.712105024403986e-09;3.1028712366727573e-08;1.073332114656182e-07;1.8360286697163922e-07;2.0175095523063335e-07;1.49124165788697e-07;7.526055253778523e-08;3.357578352259947e-08;1.6944600025819022e-08;1.7151157813031082e-08;3.9091957587874985e-08;9.256414643881052e-08;1.610326131164583e-07;2.133530136533069e-07;2.085600025551826e-07;1.6773822768791097e-07;2.0359550208400654e-07;5.827665173033529e-07;1.7326221091034145e-06;3.828709422182165e-06;6.812922365345951e-06;1.0243959682996552e-05;1.3693444047309244e-05;1.685799247259642e-05;2.001536846579379e-05;2.2879502851900407e-05;2.5583109381155387e-05;2.812193534805204e-05;3.011966027728289e-05;3.166814954591141e-05;3.283627627766887e-05;3.341993888322895e-05;3.329265650617042e-05;3.250130224896418e-05;3.1738076100090795e-05;3.155762045996365e-05;3.197637567815383e-05;3.268149991879491e-05;3.284401885010072e-05;3.215932924612773e-05;3.1070213912281564e-05;2.9510691614628175e-05;2.8105369843050177e-05;2.7093303395697992e-05;2.6571691331721216e-05;2.6363842805698903e-05;2.615235863673652e-05;2.561453683993273e-05;2.498284330450424e-05;2.431947247495564e-05;2.3893631603622227e-05;2.38261817434854e-05;2.4118969280830574e-05;2.460998692451098e-05;2.4871768761401847e-05;2.481145708453882e-05;2.447718316095617e-05;2.4164378433770172e-05;2.368711178690865e-05;2.33751902035284e-05;2.3015602917178164e-05;2.260736297519996e-05;2.2209306061739155e-05;2.20072013015301e-05;2.211085570067524e-05;2.2095343347268187e-05;2.2162921924550023e-05;2.235619057323598e-05;2.242642973321811e-05;2.246816659531693e-05;2.2437127621753743e-05;2.235159422643207e-05;2.2269904777201965e-05
1615.646682712104;1.0732355989134388e-08;1.1505082973926208e-08;9.968346469101442e-09;5.958919902117118e-09;2.4323318398522754e-09;1.6689381328650035e-09;8.583352351729124e-09;2.8697320456924024e-08;6.33148351550808e-08;1.0057498475444321e-07;1.1800110472503157e-07;1.1034798055117165e-07;8.467393402371265e-08;5.1825509028876084e-08;2.574836906231573e-08;1.259025897752119e-08;8.680419907924839e-09;6.758182294829853e-09;5.490407797656986e-09;7.201833762747071e-09;1.1253200610154832e-08;1.4764633017214772e-08;1.5662992979095644e-08;1.319236253913098e-08;1.0187431162811176e-08;5.728749214762016e-09;2.4033551781464887e-09;1.7731037386701274e-09;1.0468850989620933e-08;3.677061891853106e-08;8.038976758991846e-08;1.381097832007473e-07;1.7121560781160793e-07;1.621768180878813e-07;1.1575019769995237e-07;6.525291623317387e-08;3.7013178472279756e-08;5.2777971766298933e-08;8.523221026758946e-08;1.0201658373997365e-07;8.551228326895228e-08;5.7776432689879423e-08;9.86200957874871e-08;3.3068240923675545e-07;9.022445686462244e-07;2.014222464011229e-06;3.7102373548842455e-06;6.05305924355939e-06;8.867462148952672e-06;1.1949346944136223e-05;1.5107503053604874e-05;1.8385692936460816e-05;2.1544030317449617e-05;2.457122951390659e-05;2.7339168604092395e-05;2.970396348802501e-05;3.163236858153965e-05;3.314981041780848e-05;3.394256998022011e-05;3.390396922071565e-05;3.303760987960228e-05;3.2016295268793465e-05;3.132839041694028e-05;3.1154099294497084e-05;3.116015224758938e-05;3.106803956809955e-05;3.0672151463209244e-05;3.005456851504254e-05;2.942207892589466e-05;2.893627876469974e-05;2.8657877716186644e-05;2.8477838036446585e-05;2.8171793717773596e-05;2.757815653208329e-05;2.675339570491477e-05;2.5892435047819057e-05;2.5156059661159728e-05;2.471040526067707e-05;2.4508115958900495e-05;2.441916121404874e-05;2.4350296696724053e-05;2.4201232458661784e-05;2.4014823784378844e-05;2.392016850073086e-05;2.3997617268019624e-05;2.4269072884634527e-05;2.451050800857375e-05;2.4448023075208157e-05;2.3980355751552383e-05;2.328320389483325e-05;2.2548866222942288e-05;2.19480194460826e-05;2.128405552747725e-05;2.0782458307777104e-05;2.045211267665113e-05;2.042390013402444e-05;2.071050133613292e-05;2.1222553048880127e-05;2.1716417439353104e-05;2.2041369045890724e-05
1617.2643302470424;1.4926282599963834e-08;1.2120542704283498e-08;1.2295044211885311e-08;2.449653390479166e-08;5.9505248100810654e-08;1.193654069855355e-07;1.6877333750762142e-07;1.7588364570299878e-07;1.4511662616312733e-07;1.0232514535404469e-07;8.542859949936003e-08;7.133431719142806e-08;5.139916347744101e-08;3.053473510720532e-08;2.735589359851689e-08;4.394822732929338e-08;8.268590820364235e-08;1.1681486786440556e-07;1.351133052614366e-07;1.645601820258751e-07;2.1714181036831962e-07;2.433710092702993e-07;1.992152882291307e-07;1.142431376163886e-07;4.931984660602093e-08;2.2758266219777842e-08;1.4597562475388524e-08;1.0610533462101036e-08;1.1933716910076346e-08;2.340290001843861e-08;5.6060259797388975e-08;1.1791487014668497e-07;1.912947179281679e-07;2.2283085796643426e-07;1.832384376312625e-07;1.256899242361188e-07;1.108727525874332e-07;1.3380357242385418e-07;1.4606544418269325e-07;1.311052063422583e-07;1.0280408380501833e-07;1.0700813598663893e-07;2.3843886836252346e-07;6.163288776723836e-07;1.255852419195266e-06;2.138862280189175e-06;3.3061177158966432e-06;4.872807029626098e-06;7.219236285732907e-06;1.0505521825142016e-05;1.45448707771945e-05;1.847363699797289e-05;2.1782152196741588e-05;2.4330440180365095e-05;2.626805403612429e-05;2.819629147213788e-05;3.031406726532487e-05;3.2688454701013884e-05;3.457312084822197e-05;3.548946488785961e-05;3.529142717952779e-05;3.421984243482476e-05;3.27973627989233e-05;3.1351891989549164e-05;3.0079115240729317e-05;2.8878928947321823e-05;2.8059118161953234e-05;2.748874579724816e-05;2.7311674214668575e-05;2.7407454169237338e-05;2.7651277593332805e-05;2.79398213003608e-05;2.8120138614328127e-05;2.8047525668716663e-05;2.768778158119461e-05;2.6979259257172077e-05;2.628857511615462e-05;2.586628293814651e-05;2.5786908386147156e-05;2.599948479140519e-05;2.6262728784159357e-05;2.62081087732192e-05;2.56571652464e-05;2.468953538529335e-05;2.380977868562035e-05;2.3539697365521665e-05;2.35852019643693e-05;2.38037789506241e-05;2.3853530624832658e-05;2.362349933237836e-05;2.306322846129265e-05;2.2112539279465065e-05;2.114305663396358e-05;2.028332958085033e-05;1.975149471872173e-05;1.978089343902889e-05;2.033973751054014e-05;2.1199148553507967e-05;2.201048865641099e-05;2.253281928191904e-05
1618.8813287319465;1.785657521137257e-08;2.286192778634785e-08;3.440719895395806e-08;6.030748941574125e-08;1.2665811244426206e-07;2.395551768552704e-07;3.264838625311977e-07;3.154295878883574e-07;2.180933622578781e-07;1.1531164713345029e-07;5.830780120388623e-08;3.5337532248833026e-08;3.2531452984901834e-08;4.4229511461193656e-08;6.84995726252258e-08;1.1782124267090316e-07;1.8290278423115322e-07;2.388758037570218e-07;2.681069617938279e-07;3.1729962384385506e-07;4.079617124660708e-07;4.5403656337474213e-07;3.737803148690082e-07;2.1845101294822707e-07;9.806922355297325e-08;4.824984621370659e-08;3.17980671090955e-08;2.7924000570488435e-08;3.835926553863872e-08;5.55947139508294e-08;6.944474000520984e-08;7.929669126363424e-08;9.889753361873033e-08;1.1204892527291197e-07;1.12601581996568e-07;1.2525648435601888e-07;1.8109874881561246e-07;2.357776829271539e-07;2.333622379492431e-07;1.7565473306058798e-07;1.2161387241005617e-07;1.413476598143899e-07;3.0176191298237497e-07;6.961550822859417e-07;1.334760461869074e-06;2.146547327022945e-06;3.1036323586331458e-06;4.483668788268541e-06;6.771097110466129e-06;1.0240325098663447e-05;1.4523177754612903e-05;1.8706088806468117e-05;2.1982595288604025e-05;2.404902276260674e-05;2.5341343247297325e-05;2.6938370583526043e-05;2.9489637090002835e-05;3.260557607554395e-05;3.540137983182613e-05;3.65183003840101e-05;3.615639119525201e-05;3.446935387894557e-05;3.285342566305836e-05;3.156488049297734e-05;3.0653235071098084e-05;2.976068043056044e-05;2.8772103802430005e-05;2.7768075440866017e-05;2.6859813015842564e-05;2.62313066270074e-05;2.599002898815281e-05;2.6163397439027625e-05;2.6574787475834588e-05;2.6933693803581285e-05;2.70249142139664e-05;2.678740462005957e-05;2.6338321178339666e-05;2.5928497985765244e-05;2.581272937282178e-05;2.604560884229847e-05;2.6436232025094344e-05;2.647990187475208e-05;2.59255188979955e-05;2.474021069196838e-05;2.3324379705508872e-05;2.2411275643647155e-05;2.2240389848658635e-05;2.2582194306456763e-05;2.295381896200913e-05;2.3114423699603288e-05;2.2841522021749717e-05;2.222299609998692e-05;2.167913994463312e-05;2.119185957423492e-05;2.1039118772589386e-05;2.1115902249299324e-05;2.134791187288316e-05;2.164108347663523e-05;2.1788287431114055e-05;2.190188921347318e-05
1620.497678230702;1.5313696135097222e-08;3.1858365229863844e-08;4.9620792266279793e-08;6.012645577710719e-08;8.067269191396057e-08;1.2598431908254364e-07;1.6532537184923817e-07;1.6021022681639656e-07;1.1516173095787466e-07;6.772362084528585e-08;3.3812618943358094e-08;2.540323691852604e-08;3.4374273833837125e-08;6.072284317328418e-08;9.537570128892293e-08;1.221885209620995e-07;1.3964838963537965e-07;1.4409301145420517e-07;1.4352607635291513e-07;1.6139535212728184e-07;2.033609512267867e-07;2.260082149260716e-07;1.9031891115078867e-07;1.2045516440321496e-07;6.50036726590331e-08;3.762790117355569e-08;2.4555316531606777e-08;2.9628980617153576e-08;6.388468561291328e-08;1.0736633642908727e-07;1.320052388854539e-07;1.0516322269878737e-07;6.058957262841218e-08;3.1896303254912875e-08;4.377699897886004e-08;8.914897858026962e-08;1.495265837358421e-07;1.8295203797638934e-07;1.638004597582429e-07;1.0998955970539437e-07;7.022747256864727e-08;9.154918629654529e-08;2.2806936655430522e-07;6.020335136666974e-07;1.3703414169678505e-06;2.449998552523702e-06;3.755264523618871e-06;5.377375043247937e-06;7.597308675933676e-06;1.0741017507173031e-05;1.4650572049060757e-05;1.8564844403022785e-05;2.1797848560093287e-05;2.4020411932650063e-05;2.5515632393139952e-05;2.7327219051793256e-05;2.987967520344956e-05;3.2678119059962065e-05;3.500173561873505e-05;3.565648445613253e-05;3.475325676254543e-05;3.3157549307205456e-05;3.20199877891963e-05;3.1793948692470026e-05;3.203264463808161e-05;3.224193121127224e-05;3.175641629932525e-05;3.051154031182098e-05;2.878218765144188e-05;2.717041102133309e-05;2.6109891418357542e-05;2.5717305930517584e-05;2.5772305562142676e-05;2.592702963644889e-05;2.599282900120079e-05;2.5854891858099105e-05;2.550088694887342e-05;2.5019631100259826e-05;2.467061518975655e-05;2.458518948201168e-05;2.4761284992552743e-05;2.494723392062556e-05;2.4839660928233912e-05;2.4480854993195837e-05;2.3804910954409868e-05;2.3166577785576024e-05;2.274204222000678e-05;2.2540771974243e-05;2.245987407409237e-05;2.2224237767371492e-05;2.1938221933603133e-05;2.1725436452166007e-05;2.1710298707225296e-05;2.1905881313701293e-05;2.217329853957364e-05;2.2265415843597984e-05;2.2107988844407192e-05;2.1756025199426265e-05;2.1376057561891763e-05;2.110573847907773e-05
1622.1133788072657;6.503368770529403e-09;1.7786715407516436e-08;2.7465973030913993e-08;2.6549349968986214e-08;1.6483400249157955e-08;6.748222517332822e-09;2.658996220722175e-09;2.5231199442997427e-09;4.641773347325071e-09;7.032135031508813e-09;7.740662585148106e-09;8.729832739969088e-09;1.533820877497614e-08;3.718430553561678e-08;6.895590998016028e-08;8.40695406332165e-08;8.512145586177895e-08;6.174231457110409e-08;3.5555945385242995e-08;1.809457576195226e-08;9.864958980537176e-09;7.262583714175214e-09;8.662903584854107e-09;1.3528323604500562e-08;1.6352067501004892e-08;1.4108187795516486e-08;9.741153730014578e-09;1.5301984913646896e-08;4.209560748433736e-08;9.183300271244859e-08;1.292087389717006e-07;1.1681164185178744e-07;7.402576947576144e-08;3.5287649871829845e-08;2.4988605754205e-08;4.06211760432291e-08;6.039013067112008e-08;5.808005316396294e-08;3.9476295652232343e-08;1.9512461839508182e-08;2.3593194203495093e-08;9.82064226058976e-08;3.136352577597577e-07;8.211995768659563e-07;1.7310719008307874e-06;2.974478283585132e-06;4.403037163988526e-06;5.969708536801523e-06;8.045639751619625e-06;1.0975391655277328e-05;1.4714019165757131e-05;1.8809209911757216e-05;2.248272372670997e-05;2.521325879406605e-05;2.7099084196412323e-05;2.8561709801609185e-05;3.0042437463974857e-05;3.166308281484825e-05;3.2758448438942224e-05;3.3472532199879314e-05;3.3343826090744403e-05;3.300774597081281e-05;3.2498155978932176e-05;3.216124218104846e-05;3.2170936951953305e-05;3.199669187321746e-05;3.1420926139678986e-05;3.0417158348160583e-05;2.9138383290510257e-05;2.7910280879701864e-05;2.6919114365060195e-05;2.6335815762186782e-05;2.6076300977839344e-05;2.595033843974153e-05;2.5846169146970437e-05;2.566304197810763e-05;2.5431454249521533e-05;2.512093867720091e-05;2.479594228406418e-05;2.4570257537352304e-05;2.449074459429312e-05;2.4455392212017447e-05;2.419894727317792e-05;2.3747272573236817e-05;2.3301429979283223e-05;2.2926527395684223e-05;2.2721215651704012e-05;2.27623402560834e-05;2.2894187726318148e-05;2.2832573000345097e-05;2.252718611108546e-05;2.2242717647422013e-05;2.224325551834416e-05;2.2517037612029483e-05;2.2749269485619057e-05;2.2924682681274032e-05;2.2848136849240363e-05;2.241276117121733e-05;2.2009344478067205e-05;2.1700748586460217e-05
1623.7284305256762;2.0930372400579115e-07;1.576517467383215e-07;1.0204458881034608e-07;6.825083255978036e-08;6.128385764849653e-08;5.843617808885855e-08;4.7175107789980356e-08;3.108266729879535e-08;1.6956026676785123e-08;9.306511413952173e-09;5.880011308299939e-09;3.9892929259740785e-09;3.6054267762504293e-09;1.508623495479174e-08;4.6404631207073346e-08;8.248751352252844e-08;1.0141604319466005e-07;9.529994195428453e-08;7.484608691203484e-08;5.093018791325264e-08;2.899524187449693e-08;1.4482861362207465e-08;8.76030452439928e-09;8.076239554150751e-09;8.940629927073386e-09;1.1223207463250091e-08;1.8561608472533647e-08;3.3734822984711066e-08;5.5361393002841066e-08;7.598259537243922e-08;8.133721640254956e-08;7.273211226166243e-08;5.1653214249248214e-08;4.8009528036444e-08;7.076370410089537e-08;9.819018549415885e-08;1.0325621134028105e-07;8.105181092904669e-08;5.5962776664709196e-08;5.104866128851394e-08;8.394201602731982e-08;1.8649613463901046e-07;4.209109674776932e-07;8.598616380424719e-07;1.5396799052265137e-06;2.501947354060902e-06;3.8074608011325e-06;5.586862008970899e-06;7.929082407068157e-06;1.1042299314212293e-05;1.4683378125565273e-05;1.857731271642177e-05;2.2130610220619247e-05;2.498565771694891e-05;2.7117417029208626e-05;2.8660746568606334e-05;2.982759164349619e-05;3.077519792464112e-05;3.189093773526492e-05;3.303685323481295e-05;3.365498765046476e-05;3.3427058844024946e-05;3.268355460600657e-05;3.1611327429487325e-05;3.0680717823279554e-05;2.997027249458189e-05;2.955581251953446e-05;2.8987636116231723e-05;2.8313083456508538e-05;2.7600380893187145e-05;2.6880881467709666e-05;2.6250514539500804e-05;2.596590680320214e-05;2.5904061048597423e-05;2.5960494940212067e-05;2.596297230089475e-05;2.585349801481946e-05;2.5586743574143717e-05;2.5245994488543957e-05;2.4832502285618387e-05;2.4440718528450185e-05;2.4022577851594135e-05;2.348647350651635e-05;2.2904933543652683e-05;2.222987472348284e-05;2.2069402897258536e-05;2.238594399790438e-05;2.3052021268538053e-05;2.362620642085339e-05;2.388044940417818e-05;2.373173568220344e-05;2.337864646516157e-05;2.3084649361292627e-05;2.290925010304776e-05;2.280779427673703e-05;2.265775713739877e-05;2.240386554315177e-05;2.2023236390371595e-05;2.1621930760907538e-05;2.1346845389233174e-05
1625.342833450046;4.168441754182255e-07;3.08447883467002e-07;1.907501965029554e-07;1.2092767482908696e-07;1.1094873630530205e-07;1.1131911621699493e-07;9.22738709771198e-08;6.108891579660098e-08;3.3175779831073e-08;1.81090003065407e-08;1.1418846205327654e-08;7.735058308689162e-09;5.752789753284708e-09;8.014861358333638e-09;2.0193694359705932e-08;4.263483632825285e-08;5.90657523242022e-08;7.428494535218847e-08;8.488977353672068e-08;7.828399350767416e-08;5.271823720531546e-08;2.4882013511092753e-08;1.0009030910299053e-08;6.266968174876876e-09;6.373679479060925e-09;1.4933980946775286e-08;3.813567503639416e-08;6.85355790167628e-08;9.071681477314538e-08;9.065555428594873e-08;6.926251568989656e-08;4.1665550648793065e-08;2.9347772060003228e-08;5.900835531563169e-08;1.2389513036363625e-07;1.7975328605825957e-07;1.8781618574989585e-07;1.4628396706340894e-07;1.0239273187475873e-07;9.691163792439328e-08;1.3685895899244966e-07;2.203996465660738e-07;3.600682558482496e-07;6.034599193248668e-07;9.715384335738785e-07;1.715860277313444e-06;3.1352150986333524e-06;5.394091272062401e-06;8.294134372736766e-06;1.150667680952303e-05;1.479507740166525e-05;1.7806782239322276e-05;2.0383482109378215e-05;2.2650982450579303e-05;2.4713566029068772e-05;2.6682835557268774e-05;2.861056736337219e-05;3.0493382837715865e-05;3.254292607625033e-05;3.400025774481017e-05;3.4419513002984165e-05;3.376848229920789e-05;3.2413285130555e-05;3.1314413592325446e-05;3.068125939939124e-05;3.049200758873529e-05;3.033159151811e-05;2.9844641999142156e-05;2.897252390238117e-05;2.7931666841319184e-05;2.708840841513608e-05;2.6654893923690275e-05;2.663211359206577e-05;2.683990108760696e-05;2.696416303132596e-05;2.675610902062008e-05;2.614129758788291e-05;2.5316553167017112e-05;2.430542467659173e-05;2.357108872574448e-05;2.3163984398861703e-05;2.3048036923690437e-05;2.303922202463817e-05;2.294449461254099e-05;2.2964083835961477e-05;2.3142488101768598e-05;2.344126590763041e-05;2.375781751810189e-05;2.396367710045472e-05;2.4018729931063485e-05;2.4060730609979024e-05;2.3921002282843887e-05;2.347681672712029e-05;2.272611085736024e-05;2.1889475818790303e-05;2.1097104302929207e-05;2.0517966026052663e-05;2.02669358983696e-05;2.025743465545377e-05;2.0347246001063118e-05
1626.9565876445522;2.1068374324944385e-07;1.5489367541190997e-07;9.48934755053066e-08;5.932937761222262e-08;5.4578654509355935e-08;5.700309349731845e-08;5.186727264159303e-08;3.9873277065305064e-08;2.6306800595193632e-08;1.4856960039631336e-08;7.675736000613744e-09;4.612871871697237e-09;3.280306482868254e-09;2.398593183391627e-09;2.232799442617295e-09;5.202184045197487e-09;2.0521510821318356e-08;6.18403276708151e-08;1.1291204189288021e-07;1.3202855273361178e-07;1.028356468066179e-07;5.4087608388429525e-08;2.2395151085237215e-08;1.3153905958784928e-08;1.7824836434913513e-08;3.562183186979872e-08;6.393461198739867e-08;8.615721182236673e-08;8.802385060038507e-08;7.533658068297262e-08;4.5668089431558675e-08;2.213664017871769e-08;1.5410520489898645e-08;3.3752082991514305e-08;6.954659884460251e-08;1.080241012902538e-07;1.2476478787962946e-07;1.1047782916221261e-07;9.121347878772805e-08;9.63454252817371e-08;1.3602203170872986e-07;2.2653101925515461e-07;3.7431581373573243e-07;6.300261473548653e-07;1.0291382474540983e-06;1.7682320501069056e-06;3.151582051967038e-06;5.318331735380274e-06;8.263904354731376e-06;1.1470666324701876e-05;1.474986264467693e-05;1.7672088100930532e-05;2.036660205211242e-05;2.2705803544465823e-05;2.459944390895918e-05;2.634929817272629e-05;2.829182178747062e-05;3.059372859398095e-05;3.267745744701729e-05;3.406338170231674e-05;3.438194811339562e-05;3.390574102497739e-05;3.3067162739482684e-05;3.2572527518362115e-05;3.239897317833568e-05;3.199170484084545e-05;3.111279321471854e-05;2.987874761926888e-05;2.8597516737160867e-05;2.762531596666467e-05;2.7205984864680357e-05;2.7339776042484384e-05;2.766437904582929e-05;2.7905334915746447e-05;2.7821322920653613e-05;2.722325988237524e-05;2.6199576555848838e-05;2.5023273186640784e-05;2.3844814675078876e-05;2.299314175135231e-05;2.261855659622467e-05;2.269588056250397e-05;2.303025202193475e-05;2.3402034095001057e-05;2.3762491697137576e-05;2.387516660609134e-05;2.3776574379959045e-05;2.363597371497748e-05;2.352086851577141e-05;2.352709924040077e-05;2.3550001188934323e-05;2.3321689729816487e-05;2.2716726635965303e-05;2.1870283281685875e-05;2.1157412405692625e-05;2.08278272107096e-05;2.0782531765237115e-05;2.068462249493953e-05;2.0472278127277804e-05;2.042997070143844e-05
1628.56969317346;1.158687421519159e-07;7.186954300170074e-08;3.815642487351583e-08;3.5665243905934503e-08;7.728843914124788e-08;1.722271897174321e-07;2.67116633929341e-07;2.723878100928719e-07;1.8080498704790441e-07;7.838418886742034e-08;2.977576817236951e-08;1.7058233218408992e-08;1.191393496552747e-08;2.0542178080702675e-08;6.243110890151521e-08;1.251288749973071e-07;1.6707523915700462e-07;1.847781096124041e-07;1.992438318651989e-07;1.97502196813473e-07;1.528476083765211e-07;8.500646021963445e-08;3.84506563765847e-08;2.3693375060360825e-08;3.230540177397983e-08;5.604721064576145e-08;9.816291085229279e-08;1.685260288587652e-07;2.330072796548712e-07;2.267685152020429e-07;1.478313894712738e-07;6.431350488773704e-08;2.5270588326471852e-08;1.6314381165848262e-08;1.6939749756775562e-08;3.043546347788391e-08;5.097156796021849e-08;6.538504790509205e-08;7.426431744737155e-08;1.0058502871901034e-07;1.6917387446132934e-07;2.907331749293705e-07;4.615687777234295e-07;6.970939061456351e-07;1.067539684411632e-06;1.7844371595446295e-06;3.1134850167706973e-06;5.187442881639831e-06;8.085597567208267e-06;1.1611614090868736e-05;1.5350984844278293e-05;1.8958569525647e-05;2.2194010927086748e-05;2.471062684137209e-05;2.667210595563993e-05;2.8188212345440983e-05;2.9580956681494635e-05;3.10874932701721e-05;3.247792712420405e-05;3.351486685343762e-05;3.386092575736375e-05;3.3592511621431174e-05;3.32501313658498e-05;3.292235654493834e-05;3.268899644914568e-05;3.1879517482000655e-05;3.0419617821822945e-05;2.8724976467185035e-05;2.7395165385447468e-05;2.681729528132535e-05;2.6764944799386767e-05;2.6902902932312694e-05;2.701757400050256e-05;2.6958084516633938e-05;2.66740910721021e-05;2.618054645143437e-05;2.557215619397868e-05;2.486255465298196e-05;2.4341120318189676e-05;2.387567029671729e-05;2.3769382198740967e-05;2.3922373169565103e-05;2.409312865072976e-05;2.434071793074604e-05;2.427419381217837e-05;2.3931412610241586e-05;2.3432412850955112e-05;2.297189121896309e-05;2.266202858460372e-05;2.2425038805383965e-05;2.2178454357460716e-05;2.1822859240297093e-05;2.14264659478204e-05;2.123665413595929e-05;2.1462566618501825e-05;2.2041715871833883e-05;2.252931098931349e-05;2.2458735398704464e-05;2.185783295998386e-05;2.129221754908931e-05
1630.1821501011;2.2613903033962706e-07;1.4488135452273214e-07;9.383008450479263e-08;1.0959526443257963e-07;2.045724653376994e-07;3.851961567493499e-07;5.479349246854311e-07;5.326621520840836e-07;3.414207762801835e-07;1.443122180744921e-07;5.613655635957836e-08;3.5084856020429005e-08;2.6894764998652256e-08;4.476443234799244e-08;1.250963057191469e-07;2.41551162619378e-07;2.9324839574239855e-07;2.476131842739985e-07;1.734277204987712e-07;1.2698516286950526e-07;9.178056302248675e-08;5.3057570086748244e-08;2.6258277230304174e-08;1.6508812093254065e-08;1.959535921562669e-08;3.331350898881027e-08;8.058983631790647e-08;2.041946787684056e-07;3.500446631558981e-07;3.779082427854739e-07;2.611540346485904e-07;1.135773004172705e-07;4.050158982040402e-08;2.3351555690594426e-08;1.6779695782378063e-08;1.8227097706947607e-08;2.939941518148552e-08;4.510417683986712e-08;5.97748339650467e-08;8.290573999080929e-08;1.4961309847785148e-07;2.6506558859288295e-07;3.785513410392101e-07;4.862655394721863e-07;7.521775051206195e-07;1.477343630577329e-06;2.922274076300506e-06;5.240427379925685e-06;8.341575370451775e-06;1.2061723627151208e-05;1.590501541797777e-05;1.965455469863855e-05;2.2877126716935825e-05;2.564816469177426e-05;2.79122335372614e-05;2.9680796445016e-05;3.092861020646694e-05;3.1816590204410825e-05;3.2301684558730205e-05;3.238717382685195e-05;3.21315232843193e-05;3.1727147282124366e-05;3.1496921987202416e-05;3.157337442082194e-05;3.1800137287552895e-05;3.163724235046234e-05;3.07912207369358e-05;2.9590427891717148e-05;2.836888755866748e-05;2.7333108299627063e-05;2.6535990710135724e-05;2.5771029925129687e-05;2.5057852764546024e-05;2.451475827784648e-05;2.4144055639835497e-05;2.3957434853150973e-05;2.393210143129037e-05;2.3971803432221995e-05;2.4115530198687585e-05;2.434063632125583e-05;2.4616726947809453e-05;2.4897559866456397e-05;2.5069363337924e-05;2.493853513867437e-05;2.455216038627293e-05;2.406893969386612e-05;2.362208704675783e-05;2.322705753584253e-05;2.2902879362628736e-05;2.2591044120239588e-05;2.224923101298057e-05;2.191306446179604e-05;2.1537117020497612e-05;2.1439514437182105e-05;2.1713724160626863e-05;2.2192110341619166e-05;2.2817378988862003e-05;2.315669982418725e-05;2.336025866862802e-05;2.328340576520625e-05
1631.793958491886;1.1367655441435141e-07;7.96678678268731e-08;7.612574144855421e-08;1.1350238969910497e-07;1.792407156990415e-07;2.6648168500927613e-07;3.3434607430251853e-07;3.177146853754616e-07;2.1740195356576747e-07;1.1061493813231088e-07;5.295983112168436e-08;3.209056264269882e-08;2.444474201237429e-08;3.1765577439589925e-08;6.92769029257801e-08;1.227481155307504e-07;1.41982899480268e-07;1.0551090277407781e-07;5.154508705256065e-08;2.1709169143585707e-08;1.3218709529822034e-08;9.255980337111914e-09;5.8175173767970705e-09;3.6140772871097405e-09;2.972524631168729e-09;6.684574009388645e-09;2.947733830312708e-08;9.24558507479403e-08;1.6815538523407004e-07;1.8581432595535042e-07;1.2924148571690552e-07;5.6274837705667017e-08;2.0030642580028913e-08;1.18421411295949e-08;8.501067569939187e-09;8.461024815851447e-09;1.6763229868071412e-08;3.27517165708858e-08;4.2057919284680914e-08;4.2627933307233916e-08;5.8850280034225866e-08;1.04404314408146e-07;1.715777036271561e-07;2.5426086660607565e-07;5.291362732685301e-07;1.286357066031628e-06;2.724714022287083e-06;4.951414470574004e-06;7.894143197126221e-06;1.142974697148378e-05;1.5246255550109936e-05;1.899849422667203e-05;2.250700230008391e-05;2.59475537268772e-05;2.877379988435813e-05;3.0815461835482376e-05;3.205774398822525e-05;3.261587073069833e-05;3.2767066503979874e-05;3.238782723934459e-05;3.1663875508425684e-05;3.097654364219937e-05;3.064579853588167e-05;3.077292300353542e-05;3.080246081302608e-05;3.082219853566124e-05;3.060867424402937e-05;3.0112011617857727e-05;2.9410751668086387e-05;2.8363353311414087e-05;2.717251431247308e-05;2.569315728840602e-05;2.417262211386052e-05;2.316948945731194e-05;2.278438176714939e-05;2.286794396026345e-05;2.3224240857190356e-05;2.371686474171033e-05;2.433255242753844e-05;2.474364723298933e-05;2.4826571885228862e-05;2.460563416799056e-05;2.421941428188695e-05;2.3721758824714e-05;2.333791565578491e-05;2.3236547841409237e-05;2.346860279063164e-05;2.3879430711682187e-05;2.4228438969824404e-05;2.4351133527026083e-05;2.417238376564408e-05;2.3624189853706333e-05;2.269422397789115e-05;2.1572261511323832e-05;2.074671121068172e-05;2.0736246022611096e-05;2.160352152911685e-05;2.2974373703842333e-05;2.4313572618369343e-05;2.516212063456301e-05
1633.4051184102937;1.8420768952329955e-09;5.866020463091601e-09;1.9969061821815156e-08;3.9451849958913264e-08;5.275339269629055e-08;5.6731380860926745e-08;6.392365878106009e-08;8.042741937730967e-08;8.881557700909865e-08;7.547710588679498e-08;4.681189113452076e-08;2.3432568367234933e-08;1.3800472366784532e-08;1.1590454205670918e-08;1.5603735945560363e-08;2.588493131570193e-08;3.964775166006229e-08;3.438423940852218e-08;2.3801979605621103e-08;1.4328402092866532e-08;8.357923390076724e-09;4.840087460616397e-09;2.6345663425104503e-09;2.230115070789478e-09;5.532233312887409e-09;1.684971077484499e-08;3.2386164297424564e-08;4.095653240358753e-08;3.537797214193153e-08;2.079115442590288e-08;8.595836833941388e-09;4.2383498689329296e-09;6.805482906379261e-09;2.3475836620510964e-08;4.3729434297246486e-08;4.7827148193538085e-08;3.9627476885694e-08;3.1043765136830163e-08;2.3215177144097784e-08;1.86001369196705e-08;2.13718078834568e-08;3.852629330747795e-08;1.0194481720744854e-07;2.3396555014390166e-07;5.476139545023576e-07;1.2777660729036355e-06;2.589555746464867e-06;4.585920437134296e-06;7.355766755152888e-06;1.0808745482753864e-05;1.4783756880098673e-05;1.8871374649224566e-05;2.2644130481840985e-05;2.5780137421301505e-05;2.8332761662331952e-05;3.018799266451547e-05;3.150592884528293e-05;3.250471637014936e-05;3.3256146844592145e-05;3.346798179777882e-05;3.31930620295935e-05;3.251037942319516e-05;3.16565933400238e-05;3.0799861545243365e-05;2.999226141202782e-05;2.948903489664137e-05;2.9192076021216135e-05;2.913750485755809e-05;2.918110747955479e-05;2.906093020321545e-05;2.8334128312619417e-05;2.712828561361778e-05;2.567939891866685e-05;2.450506642189334e-05;2.396204050412868e-05;2.4076742115464453e-05;2.45670568201892e-05;2.5099427730003483e-05;2.543121266323918e-05;2.540999560967233e-05;2.498830320394084e-05;2.423055664540803e-05;2.330281595667097e-05;2.2583060256074256e-05;2.233842516129701e-05;2.260046012178397e-05;2.317417943366912e-05;2.378107562406073e-05;2.423691454113488e-05;2.452087712869029e-05;2.461341312559785e-05;2.430455280602222e-05;2.340792711234496e-05;2.20207683828332e-05;2.057332427760078e-05;1.9862245474823605e-05;2.010661823546942e-05;2.13521402491715e-05;2.26478777454487e-05;2.3535099273207636e-05
1635.0156299208866;3.0805492189039157e-09;1.966822596357389e-08;5.4815689003203084e-08;9.075691574057016e-08;1.0238635293444687e-07;8.583013399232975e-08;8.076161494633682e-08;1.2016403551570038e-07;1.924637951976125e-07;2.431769603416501e-07;2.174688097480769e-07;1.3740333169282476e-07;6.088270142334482e-08;2.6270957168600552e-08;3.0268914583050726e-08;5.3282721366262494e-08;8.00609670949282e-08;8.80026800162066e-08;7.298372179719871e-08;5.5052554161220426e-08;5.034020172424689e-08;4.938260956416484e-08;3.9956723760966094e-08;2.634847414699093e-08;1.7838065794574832e-08;3.151069635630127e-08;6.029470791666131e-08;8.978512640836578e-08;1.2327597944909766e-07;1.6471886502398468e-07;2.011280808203453e-07;2.0265620038005778e-07;1.6426754131860417e-07;1.2903505790507753e-07;1.1706730262688469e-07;1.0353173237692624e-07;7.278465372223958e-08;3.7074541244771454e-08;1.842543481212385e-08;1.7976264117703953e-08;3.3059242329332825e-08;6.83928690114561e-08;1.2646562487306193e-07;2.408790573171735e-07;5.36290285410008e-07;1.223876153776356e-06;2.5261217959242767e-06;4.595299714385694e-06;7.388420502744193e-06;1.0688795668030663e-05;1.4352783470759227e-05;1.815641792500064e-05;2.187481164469244e-05;2.4838684258664244e-05;2.710809174964758e-05;2.8956258897289192e-05;3.057916435474237e-05;3.2183582216299044e-05;3.3420892074315664e-05;3.4121621968914144e-05;3.418036447585088e-05;3.3631742967869346e-05;3.2636507933025884e-05;3.1404560316317805e-05;3.04372095141328e-05;2.980457064440607e-05;2.953538540459377e-05;2.9530223284589914e-05;2.9570754028986395e-05;2.947597808943648e-05;2.885395575460566e-05;2.7989104253568688e-05;2.714718379243284e-05;2.6443769620481173e-05;2.6142631346643085e-05;2.622670133508198e-05;2.639422078151526e-05;2.6379848326381116e-05;2.601748562754909e-05;2.553071181911537e-05;2.4926280273642915e-05;2.432023255507236e-05;2.385404173051558e-05;2.3576383332648287e-05;2.3515476370987e-05;2.354373609056321e-05;2.341375434906306e-05;2.333915055820311e-05;2.317445890260419e-05;2.318288658551873e-05;2.350817043908316e-05;2.375662943985768e-05;2.36799416539124e-05;2.314641121066156e-05;2.208636831537244e-05;2.092811581605943e-05;2.0149089264350116e-05;2.0109817839194533e-05;2.0430955023552068e-05;2.076062232118487e-05
1636.6254930882897;4.2952770669501256e-09;3.842661961448789e-08;1.1131456561394185e-07;1.878072724773553e-07;2.127866992414045e-07;1.708567388249101e-07;1.3418495882889685e-07;1.7633231933637077e-07;3.015009884020931e-07;4.154296545355421e-07;3.994947633633781e-07;2.688498852323135e-07;1.260716013784708e-07;5.1057937501713056e-08;3.776252997554795e-08;4.4230404224334455e-08;7.760370373209393e-08;1.399538237138699e-07;1.913652777919149e-07;2.057138219729366e-07;1.857164449527101e-07;1.4487703321558494e-07;9.981630471967739e-08;5.839548159901238e-08;3.432672699037578e-08;3.7870803059654554e-08;7.703544989267958e-08;1.5825781515976077e-07;2.998733389498072e-07;4.804602929412681e-07;5.90677326534806e-07;5.489274539403528e-07;3.838760365344823e-07;2.1802374989962785e-07;1.2955734027883246e-07;8.874247137077414e-08;7.350305235366477e-08;7.299451839703445e-08;9.045558001238273e-08;1.0441662036414325e-07;1.042928211557168e-07;1.0337406944545078e-07;1.2490928223366845e-07;2.3562795810500414e-07;5.562269196829181e-07;1.2852039944867863e-06;2.640488659883808e-06;4.709904855216652e-06;7.356550671802925e-06;1.0408931835301329e-05;1.3718966002879874e-05;1.7184788680299078e-05;2.0630724324363377e-05;2.37491528270972e-05;2.6416895929888237e-05;2.872154446656813e-05;3.070723172631743e-05;3.229672089983106e-05;3.334109754466296e-05;3.387209605300459e-05;3.38863233189088e-05;3.3477894041991134e-05;3.2729595865709074e-05;3.1882080707242285e-05;3.114856730500559e-05;3.077112566457366e-05;3.0655092722269706e-05;3.057828680101009e-05;3.0209049178157127e-05;2.9378719361873237e-05;2.817848701344347e-05;2.7001113443902263e-05;2.6309779025559025e-05;2.621478693191089e-05;2.6533291952366523e-05;2.6814643246274436e-05;2.6733046960133227e-05;2.632551565224286e-05;2.5669657132327456e-05;2.505452979958618e-05;2.465474024585555e-05;2.4482397354409545e-05;2.4527620312006745e-05;2.4560801664563405e-05;2.4510884849341284e-05;2.4263888031769885e-05;2.3904214438837178e-05;2.377021766760134e-05;2.3865396556631712e-05;2.413903655126853e-05;2.43854714157518e-05;2.44494238042217e-05;2.438068121274786e-05;2.3888050457210905e-05;2.306161393218496e-05;2.209994005804554e-05;2.108145425419109e-05;2.0399994745825976e-05;2.0122970616089524e-05;2.0095028614391133e-05
1638.2347079772117;2.117974705105666e-09;1.9528556965569335e-08;5.8905940567657234e-08;1.0393174252013516e-07;1.215972233207821e-07;9.984632775247405e-08;7.559548354737118e-08;9.131718842386293e-08;1.523814833345807e-07;2.1309169676427375e-07;2.1353460578066374e-07;1.5605723687063689e-07;8.450812818151526e-08;3.8738026191097615e-08;2.0459512181344284e-08;1.680597970343837e-08;5.762266634235405e-08;1.650055730325114e-07;2.742048595996195e-07;3.0896637820629666e-07;2.512492964523563e-07;1.581981161949457e-07;9.469578395286878e-08;6.534934302213068e-08;6.404127787849372e-08;7.638528295988747e-08;1.1469774426435089e-07;2.0678276065404346e-07;3.744564569351039e-07;5.561208622644024e-07;6.18014570313825e-07;5.10745585617713e-07;3.101738596405162e-07;1.4771669406548528e-07;7.08683801977095e-08;4.091533698233895e-08;5.099527244149361e-08;9.684488877466985e-08;1.5254663792668597e-07;1.785463707896392e-07;1.563312705209961e-07;1.1448664589765737e-07;1.2954770903713884e-07;3.109575776309513e-07;7.949457186928118e-07;1.7078958021480332e-06;3.161009558675801e-06;5.263644545647612e-06;7.89471841795392e-06;1.094566489113632e-05;1.416298071271038e-05;1.7209043662865682e-05;1.9996796975794915e-05;2.244217625924801e-05;2.481372607046125e-05;2.7197513153799957e-05;2.963082958019628e-05;3.165992829076895e-05;3.2866639260522806e-05;3.3160112697005104e-05;3.2718568805567745e-05;3.200770842812357e-05;3.138356483513902e-05;3.089153916605543e-05;3.060711184545821e-05;3.06242809264223e-05;3.069442633191198e-05;3.062746022281921e-05;3.009033848518052e-05;2.8913991336208397e-05;2.7231062125832616e-05;2.552689767983393e-05;2.454255418382943e-05;2.429782155917471e-05;2.456167148734971e-05;2.4932240967045387e-05;2.5290155974788546e-05;2.5324662687871405e-05;2.5052792256969728e-05;2.485791979913199e-05;2.455265494559348e-05;2.4169055027096024e-05;2.351119359464617e-05;2.3174081176169992e-05;2.3245505560016497e-05;2.3650770913180656e-05;2.4194556056864795e-05;2.464688077258574e-05;2.518888880141633e-05;2.562775196679959e-05;2.5507274129270317e-05;2.512670669828848e-05;2.460404224255737e-05;2.396542148518863e-05;2.338912574568188e-05;2.2771441854031614e-05;2.2085639757556308e-05;2.13752730509928e-05;2.091486502966628e-05;2.068887277613024e-05
1639.843274652434;7.703220414704745e-10;1.0521369115035355e-09;2.9258981855448635e-09;6.984773953184105e-09;1.0298872553403129e-08;1.0417210167572114e-08;9.097582983116148e-09;7.404727509997545e-09;6.5272804621407395e-09;8.859102176340052e-09;1.1499891239702484e-08;1.5156590709459722e-08;1.4909313580926527e-08;9.868266432648986e-09;3.6532304310001903e-09;3.601083815574042e-09;2.4754664878778873e-08;8.875665183409507e-08;1.509210933941463e-07;1.660093345899617e-07;1.2343150750868876e-07;6.62795019750785e-08;4.1109427478933546e-08;5.0951491515683464e-08;7.711376146043273e-08;9.670935601207585e-08;1.061214650527985e-07;1.3223026364290032e-07;1.950941785463035e-07;2.5970911213617775e-07;2.7626049388041944e-07;2.14994084546604e-07;1.2173307401071184e-07;5.39325110903322e-08;2.3619406932271506e-08;1.4475619323902e-08;2.0399312118087212e-08;4.6894341800418616e-08;7.477721081855496e-08;8.708908289620076e-08;8.094555335309354e-08;7.817121295630682e-08;1.5415328196894537e-07;4.569811733290993e-07;1.1046437242268424e-06;2.116899850385401e-06;3.5600823994148312e-06;5.637129894819295e-06;8.271217099314433e-06;1.1358088076566536e-05;1.4558113228019236e-05;1.7451207821712014e-05;1.985347457127304e-05;2.1870441871080333e-05;2.3668567381384088e-05;2.57326539367856e-05;2.8270623569840463e-05;3.0839476034696966e-05;3.253016771024343e-05;3.287548088140852e-05;3.2222336272058e-05;3.1374134831195906e-05;3.053805293043904e-05;2.9984466653689787e-05;2.979077054506662e-05;2.976580058185448e-05;2.9866118188734883e-05;2.988656764910013e-05;2.9578472458439657e-05;2.8702661246223545e-05;2.737716745718512e-05;2.600089074236544e-05;2.49318603006547e-05;2.428385771480676e-05;2.399296545598189e-05;2.3918013549097337e-05;2.398905171268573e-05;2.4179374052448697e-05;2.442463677462532e-05;2.4529604150522072e-05;2.420448165529017e-05;2.33385816846918e-05;2.2225587008563016e-05;2.148632155041219e-05;2.1548864621732854e-05;2.228919443655231e-05;2.327453173296999e-05;2.3947291435007684e-05;2.4302564820074336e-05;2.437078646105102e-05;2.43039195020818e-05;2.4078174275162625e-05;2.372185721531593e-05;2.337798563917333e-05;2.3222714813695796e-05;2.3104740734731837e-05;2.287422373650277e-05;2.2676931852353654e-05;2.2337132924754303e-05;2.204911474719691e-05
1641.4511931788038;2.928512175476301e-09;2.6466090148595547e-09;2.265025327192508e-09;4.627892263231586e-09;1.494426496969807e-08;3.4928240024825474e-08;5.0557889681511436e-08;4.641663149023986e-08;3.3070685324922184e-08;1.8829428122372372e-08;8.026861532275827e-09;2.7393515054215234e-09;1.6600994814827722e-09;1.2306076610273884e-09;1.2486866169574351e-09;1.6160795423401751e-09;4.738936415369949e-09;1.681496093534072e-08;3.7543896422035643e-08;5.302426750118508e-08;5.5157887265201996e-08;5.2897404493694996e-08;5.4211267159286025e-08;5.116496792232114e-08;5.823576283593245e-08;5.2332466767143954e-08;3.97487117536533e-08;3.4262908106989775e-08;4.419880235182649e-08;6.950110257816503e-08;8.616341140412369e-08;8.324487953874138e-08;6.35560437092691e-08;4.122022562952768e-08;2.5430102392590632e-08;1.4907254372796356e-08;8.06384424092973e-09;8.872952025796695e-09;2.0635902585072744e-08;4.665665572666778e-08;8.17358597205519e-08;1.1874699302413721e-07;2.243630139028154e-07;5.345791622179826e-07;1.11690518312088e-06;1.9658841785902664e-06;3.2023847335531977e-06;5.070198476558936e-06;7.603549953059509e-06;1.0785292467004898e-05;1.419247293613346e-05;1.7659439491032297e-05;2.08512459950265e-05;2.3596889741850484e-05;2.574886152184444e-05;2.755623100595358e-05;2.9471533617893907e-05;3.133939211464938e-05;3.2592917692166685e-05;3.290744441426105e-05;3.251566629293324e-05;3.178474447941404e-05;3.086572151862341e-05;3.004410146272694e-05;2.93996085704587e-05;2.8811776054762908e-05;2.841568619470729e-05;2.8167621695558176e-05;2.8010770885620967e-05;2.785958722371561e-05;2.77218415213888e-05;2.741444328102458e-05;2.6863396885858512e-05;2.6101157691255568e-05;2.5211756586445597e-05;2.4303521247494665e-05;2.3373367930592102e-05;2.2764580541237896e-05;2.253361807671368e-05;2.235627942540573e-05;2.2294032378615536e-05;2.21410321154968e-05;2.213837834408887e-05;2.2052604638215955e-05;2.2163803527877463e-05;2.248493005713084e-05;2.2984775870092232e-05;2.339223579363679e-05;2.3665135873749373e-05;2.3758880643819185e-05;2.378618197229876e-05;2.355822747292856e-05;2.3164813922098377e-05;2.2830277479780557e-05;2.2780587124225304e-05;2.2855167389627103e-05;2.29831385119082e-05;2.306276094388241e-05;2.2982100990310405e-05;2.28474864281951e-05
1643.058463621248;7.586768753615059e-08;4.3031745331113755e-08;3.4071995768330806e-08;7.931612369935793e-08;1.73182129445406e-07;2.690410110747792e-07;3.044868992102709e-07;2.606724834609249e-07;1.6804324011582473e-07;8.227418132674683e-08;3.5507231307503836e-08;1.830167203539725e-08;1.2363667293316118e-08;8.748160748865046e-09;6.704201901008017e-09;1.0001741195973024e-08;2.7401099598335657e-08;5.304648620053888e-08;7.151993508680572e-08;7.84608381994113e-08;8.363462355924726e-08;9.302906149556409e-08;9.347774639564483e-08;7.674960278541369e-08;5.5489979098051766e-08;5.7260027984542734e-08;8.81582438687904e-08;1.1250287893344433e-07;1.0397775264884761e-07;7.773837324269097e-08;5.31689187865295e-08;4.2072103214977535e-08;4.4331496229941454e-08;5.322496181610509e-08;5.122250417386631e-08;3.621293498295167e-08;1.9073734057097545e-08;1.682568101631434e-08;3.990629287742601e-08;9.169362762983697e-08;1.4732173767136366e-07;1.82746969937222e-07;2.495782598191571e-07;4.799010429935856e-07;9.599233359211902e-07;1.7314461438431356e-06;3.018531130651071e-06;5.034349559855803e-06;7.804629215539977e-06;1.1066469786912416e-05;1.4582537058793278e-05;1.820389828622388e-05;2.174581116983305e-05;2.4990249932031583e-05;2.7805314022762734e-05;3.013611367616696e-05;3.2161530591418735e-05;3.372059453351856e-05;3.436851088740372e-05;3.409434530996727e-05;3.314151991098262e-05;3.1887403667089475e-05;3.094027544008908e-05;2.997878386366632e-05;2.9037553122711143e-05;2.8207975949235763e-05;2.750737313635277e-05;2.7006979622878542e-05;2.6903155874533424e-05;2.7266387062094903e-05;2.7806290266203557e-05;2.8137961694762743e-05;2.7931939966204272e-05;2.709865073794176e-05;2.5787873089140328e-05;2.434228705351272e-05;2.3108494581873008e-05;2.223317401897201e-05;2.1786701827749743e-05;2.178107701924408e-05;2.215466911369452e-05;2.2699666848761053e-05;2.316226630841803e-05;2.344741572127773e-05;2.370705057344247e-05;2.426652539120298e-05;2.4879983391476178e-05;2.5300993972029296e-05;2.529415364806061e-05;2.487848285549472e-05;2.411420382076569e-05;2.3331607643156028e-05;2.2854474914171037e-05;2.2790041203021823e-05;2.2791030573896854e-05;2.3009687560913843e-05;2.3129476399659117e-05;2.2902281740263262e-05;2.2714575793868585e-05;2.249998501987431e-05
1644.6650860447662;1.904088550509218e-07;1.4142958395204945e-07;1.387925451290813e-07;2.2335287390093025e-07;3.640920780855053e-07;4.821816761833243e-07;5.088041466942086e-07;4.223820096075903e-07;2.71268068819072e-07;1.3315856622076825e-07;5.9418395354196e-08;3.5273746262973496e-08;2.9509005427026672e-08;2.6045861980800813e-08;2.1126102305350493e-08;2.2219939148977392e-08;5.080959712498504e-08;8.896376828827826e-08;9.851063249570949e-08;7.735515652008187e-08;5.84155331498234e-08;6.350179237191756e-08;8.865298752322613e-08;1.227935645531609e-07;1.3414124918895305e-07;1.6029218919744916e-07;2.0441621044036826e-07;2.222533372517571e-07;1.7365029087143058e-07;9.430801473562418e-08;4.8671628329739254e-08;4.7517019983272126e-08;6.640993753652015e-08;7.857153669753226e-08;7.362370083332149e-08;5.3215604057453746e-08;2.7806126370153343e-08;1.6413106865821296e-08;2.4044910736875266e-08;4.869020947072364e-08;7.713079856819045e-08;1.102293352433523e-07;1.786505918115559e-07;4.248550912700273e-07;1.056463421060871e-06;2.1429962891044875e-06;3.714758735771941e-06;5.830522676441913e-06;8.544388979496838e-06;1.1495256479759676e-05;1.4666153057582672e-05;1.7942775051912808e-05;2.123153717614022e-05;2.4622511675358763e-05;2.793130613049841e-05;3.091530685092236e-05;3.3408805354352105e-05;3.516491180139855e-05;3.581792525645404e-05;3.522624982340112e-05;3.3941947129894315e-05;3.246756485642323e-05;3.117524755262302e-05;3.013187589201354e-05;2.9265869072630564e-05;2.8518675432875585e-05;2.799592328276812e-05;2.7700850311167705e-05;2.7692761820563012e-05;2.7823130343870565e-05;2.7897701645864447e-05;2.7763221298439197e-05;2.7343525758984125e-05;2.6680248841777027e-05;2.5834200738469247e-05;2.4825469062638808e-05;2.410624598147255e-05;2.3691980288065688e-05;2.352276636163956e-05;2.358587842842208e-05;2.37791292879388e-05;2.3912356989820376e-05;2.373040604979883e-05;2.3447879291837615e-05;2.347892002546145e-05;2.40173151185626e-05;2.478685665459214e-05;2.5185924270487027e-05;2.4859860478652667e-05;2.3819597945778374e-05;2.251782228534395e-05;2.1620293862580987e-05;2.1498915503674453e-05;2.2079960012954887e-05;2.2805762390991297e-05;2.335895213749313e-05;2.33886725584946e-05;2.2995403715548167e-05;2.249625451714148e-05;2.2143658304873783e-05
1646.2710605144275;1.5976575056563478e-07;1.597447449442559e-07;1.8233068570411323e-07;2.3273150176664506e-07;2.839155297930485e-07;3.063399995597283e-07;2.855316032993039e-07;2.287847007246589e-07;1.5364049027681364e-07;8.407599135377715e-08;4.3625581672122356e-08;3.3805625860826926e-08;3.8746766823000466e-08;3.881497855215688e-08;2.9593571924339992e-08;2.1952143510288583e-08;3.11289455894688e-08;4.7672844939134376e-08;4.9260877662258544e-08;3.325076574824852e-08;1.9815422033878656e-08;3.1164357479260054e-08;8.522673099968222e-08;1.5942234551813777e-07;2.0155118118028837e-07;1.9541471152383002e-07;1.6609986257775798e-07;1.3620970447374604e-07;9.727860318293137e-08;5.8761891198434735e-08;4.329726422805356e-08;6.644738790224254e-08;9.619565362120714e-08;1.0556434602668077e-07;8.841781511992097e-08;5.48724161927542e-08;2.5554710761984328e-08;1.1326088028379366e-08;6.572784084766885e-09;4.871267102489711e-09;8.055906801746699e-09;2.8313751636581333e-08;8.794877968774122e-08;2.996910521590465e-07;9.34454125232538e-07;2.165816406656266e-06;3.946608780383635e-06;6.148668590293932e-06;8.666317152863984e-06;1.1454634260063286e-05;1.4332736119106108e-05;1.731847006880959e-05;2.054562472763636e-05;2.3878144088245357e-05;2.711141674512473e-05;2.975240339226237e-05;3.163246791636083e-05;3.2750675923571965e-05;3.3151401987457707e-05;3.2929654355742344e-05;3.231286360016334e-05;3.1588997409163084e-05;3.081121925575288e-05;3.0262609366480184e-05;2.9742619575218832e-05;2.911639157781074e-05;2.8447272066429475e-05;2.7853103627231317e-05;2.7428245345714315e-05;2.711218069387875e-05;2.6867565802198952e-05;2.657565839023265e-05;2.6226550846730835e-05;2.589837796709397e-05;2.5600214027638445e-05;2.530622520619569e-05;2.4916198466475215e-05;2.440967206211985e-05;2.3817378394664143e-05;2.3281695739137203e-05;2.297143441796675e-05;2.2880657669529795e-05;2.2909360258608363e-05;2.2922659977961677e-05;2.29203104024398e-05;2.288159216394012e-05;2.304756569135198e-05;2.3015172444760747e-05;2.2623063610521896e-05;2.193597483147995e-05;2.11640511520822e-05;2.093207051557778e-05;2.13033907227329e-05;2.209673931401798e-05;2.292341552978466e-05;2.3189463752596527e-05;2.3134941595357503e-05;2.2714135673847102e-05;2.2244586999818567e-05;2.2034399284555085e-05
1647.8763870953844;7.588253571174454e-08;7.429866882802817e-08;8.0699410962155e-08;8.724115942328714e-08;8.022829919708037e-08;6.073848132591829e-08;4.086767415473977e-08;4.5289584096520235e-08;6.931029066408943e-08;9.550887655261636e-08;1.0694064925514894e-07;1.009238619175702e-07;8.102777031724698e-08;5.3750744782033e-08;3.0089507032260254e-08;1.840327611677408e-08;1.2467932731223146e-08;8.07710614074059e-09;4.83305406239692e-09;5.6348201145995346e-09;1.5530737126726996e-08;4.4878780583028226e-08;1.0172357483658255e-07;1.5998087662675285e-07;1.742875090333618e-07;1.2801951911164996e-07;6.356645227548624e-08;2.542109771289805e-08;1.2379729859470812e-08;1.160475797977024e-08;1.8711782414523345e-08;3.664905894178659e-08;7.38279356422044e-08;1.227945240765261e-07;1.617362928980832e-07;1.461049898235361e-07;8.955967537090805e-08;3.5889077104592045e-08;1.1038078972274853e-08;7.041279992581265e-09;8.572388224196223e-09;1.3168997051747322e-08;3.0697776198717724e-08;1.6064664613867677e-07;6.65211456358002e-07;1.7921413664745272e-06;3.624121536508509e-06;6.057957111115154e-06;8.811592014790381e-06;1.1773958790967612e-05;1.4754545144340308e-05;1.774351120076198e-05;2.063123508117349e-05;2.3451162244588905e-05;2.611995180713759e-05;2.8232478506450372e-05;2.959045585210586e-05;3.018671318045993e-05;3.0214975430970644e-05;2.991858748767784e-05;2.947118074795772e-05;2.9280902852829307e-05;2.9412561440455344e-05;2.9770922995309656e-05;2.976995146335197e-05;2.9274800953828728e-05;2.8261144310611647e-05;2.6915079331421704e-05;2.5814314552046005e-05;2.5407064616469574e-05;2.5610403555152163e-05;2.614505898879965e-05;2.651687623752613e-05;2.646358035531688e-05;2.607316051966287e-05;2.5629008211994732e-05;2.491834029782666e-05;2.412141027259829e-05;2.3350250600066565e-05;2.2742937127282336e-05;2.245048976441425e-05;2.24683052708566e-05;2.278717046305372e-05;2.3014635889329108e-05;2.2973136203359303e-05;2.266077827947398e-05;2.224429928679253e-05;2.2031915697663284e-05;2.1918795547025797e-05;2.1965537858590952e-05;2.2163478529183687e-05;2.251861144248264e-05;2.2961418148012088e-05;2.3210890492822343e-05;2.325945925745594e-05;2.288039325893076e-05;2.2251684944630406e-05;2.166657847823156e-05;2.1352841687317935e-05;2.125916098636905e-05
1649.4810658528477;5.6349460783649013e-08;2.6312462253785675e-08;9.411061566069173e-09;6.2142216551407015e-09;4.647539146994826e-09;3.82978413751711e-09;1.0100644692790949e-08;3.6983013447816276e-08;8.870182284152592e-08;1.473019560775419e-07;1.8338571233320626e-07;1.781945366424115e-07;1.4238027152775392e-07;1.0086275696671769e-07;6.90011866446725e-08;4.727879587821653e-08;2.639935979736764e-08;1.4205021470135057e-08;8.501042305316541e-09;1.0562928720570942e-08;2.5656962190101087e-08;6.246891233033382e-08;1.1708048606728898e-07;1.4934014262400464e-07;1.291296433050593e-07;7.479641418114118e-08;2.9352931712995283e-08;1.1825489986407486e-08;7.902684494183589e-09;8.0790778018908e-09;2.133301776962727e-08;4.070162863672108e-08;8.072255215001895e-08;1.633673579812276e-07;2.459045832262058e-07;2.478462603422346e-07;1.666934100296586e-07;8.550690184067297e-08;5.93526163359634e-08;5.60756721436918e-08;4.30731626452484e-08;2.4871995991175864e-08;3.707432338769061e-08;1.9080289085827365e-07;7.170355425826327e-07;1.8082038479268376e-06;3.5362919166789243e-06;5.90172407926152e-06;8.790518267576625e-06;1.1915211882429062e-05;1.5070716794270731e-05;1.8141445623122368e-05;2.1081472208177264e-05;2.38154771087261e-05;2.618045679301207e-05;2.807666096308898e-05;2.946771685387967e-05;3.0266264145337227e-05;3.039034313593051e-05;2.999291895883214e-05;2.951604758651841e-05;2.943958073035783e-05;2.9894957071258395e-05;3.0645491241425266e-05;3.112931039439769e-05;3.070927888610448e-05;2.9276275764526905e-05;2.736105702793837e-05;2.5837455665057813e-05;2.531689510126367e-05;2.580932591259468e-05;2.684651191459092e-05;2.765382151487908e-05;2.791797050136378e-05;2.764716502731095e-05;2.708500194473491e-05;2.644254634849401e-05;2.5807139313269e-05;2.521802819154068e-05;2.4699096998961016e-05;2.426428938653048e-05;2.381147148331916e-05;2.339573305781049e-05;2.299672068243081e-05;2.2498320815158592e-05;2.197037857389105e-05;2.1492331311046167e-05;2.138057595228381e-05;2.1602870396442388e-05;2.2018203576469316e-05;2.2477977628011302e-05;2.264368955809401e-05;2.2598261783425804e-05;2.2385597985281663e-05;2.2062637489606808e-05;2.162971141545396e-05;2.1133026101508693e-05;2.0830283014863558e-05;2.060921617652452e-05;2.045510249152044e-05
1651.085096852108;2.6970811539702256e-08;2.102541051591301e-08;1.5741111619147184e-08;1.4348546357436513e-08;8.224326306511691e-09;4.319029574264563e-09;4.415233962645046e-09;1.832233133018667e-08;4.3719970940215407e-08;7.39056127594763e-08;9.46981910253227e-08;1.0163445868176942e-07;1.0410542553922149e-07;1.0356793233226366e-07;9.296185822847885e-08;6.912713493590984e-08;4.0593157888421616e-08;2.0628477076333545e-08;1.0695927038203256e-08;8.849040187808546e-09;1.6340655572946562e-08;3.7615618225863454e-08;6.859630589208203e-08;8.241602265087759e-08;6.283866522293817e-08;3.2393392611608375e-08;1.1797632266931848e-08;5.0644800631760275e-09;4.51481184186757e-09;1.2416019189790903e-08;3.770406162261526e-08;7.1435875924711e-08;1.0084937019615569e-07;1.4026407974335758e-07;1.619252294929803e-07;1.4546752243574165e-07;1.0389830985146201e-07;8.938332507373128e-08;1.1355616787046133e-07;1.341628580219792e-07;1.13221573484934e-07;6.964327492753235e-08;7.570448748281134e-08;2.880727485438365e-07;9.375759412341256e-07;2.115428350754576e-06;3.878651878128811e-06;6.243474591555697e-06;9.09094359394205e-06;1.2183503233737344e-05;1.5251617232127182e-05;1.810254105365068e-05;2.081958759392855e-05;2.3281835813294324e-05;2.539474082464177e-05;2.7346396463462824e-05;2.91399797882913e-05;3.065825939915579e-05;3.1467084780602205e-05;3.1845184885149336e-05;3.191448637389748e-05;3.187259748097775e-05;3.174934312128865e-05;3.161153529607164e-05;3.125802409666794e-05;3.0433994890754373e-05;2.922068967808297e-05;2.814447286486041e-05;2.755339531899878e-05;2.736172773337404e-05;2.7424276175165023e-05;2.7576354673411183e-05;2.756447924270279e-05;2.756526848055185e-05;2.755270437009995e-05;2.7538259870427213e-05;2.7425981596002725e-05;2.7098712479512573e-05;2.6502588069382437e-05;2.565435747351066e-05;2.4655181985196895e-05;2.3595166183326493e-05;2.2614456358284716e-05;2.186182456669143e-05;2.1397914148158235e-05;2.117305504988372e-05;2.1181848438204248e-05;2.122117631387132e-05;2.1268164747905307e-05;2.1222724170324063e-05;2.110936701486143e-05;2.1045155612054417e-05;2.1148126721673287e-05;2.1378709824577125e-05;2.151676157162089e-05;2.150496559836872e-05;2.13930972784661e-05;2.109404704466533e-05;2.0730407774166104e-05;2.043996771582807e-05
1652.688480158533;6.893768004015825e-09;1.906664706493701e-08;2.8681435259046303e-08;2.4798158896679592e-08;1.2697593100828812e-08;4.417877953937074e-09;3.997749937224608e-09;9.871216599029078e-09;1.494907720902554e-08;1.5000632334000587e-08;1.2409049524018444e-08;1.4471370537439324e-08;2.425597973389112e-08;3.8386642215732095e-08;5.1654631961741954e-08;5.591933237351423e-08;4.9012373630034666e-08;3.46295121949616e-08;1.498422492479333e-08;6.246069040708208e-09;4.760617258768329e-09;7.252950480939036e-09;1.4297560650476418e-08;2.5677226934018193e-08;5.3482691471437284e-08;9.605271616763377e-08;1.31236813244274e-07;1.2607809149891234e-07;8.287069899909556e-08;3.547324023128267e-08;3.2956766378129246e-08;4.4983641841771465e-08;5.257618448823162e-08;4.7144502558779036e-08;3.2443943257048494e-08;1.9348413074645167e-08;1.997752976128488e-08;4.380854036478595e-08;8.931078358090941e-08;1.3625770651303702e-07;1.4295468995004706e-07;1.0797179595412775e-07;1.1702212770851955e-07;3.7182787677117626e-07;1.117385330315488e-06;2.4478452732004502e-06;4.3856572742771805e-06;6.916578907795996e-06;9.87257927576771e-06;1.2968343556847256e-05;1.585013554832098e-05;1.8306901394669383e-05;2.033781601758116e-05;2.2168115761522464e-05;2.401987800401462e-05;2.603722943322135e-05;2.821150948855575e-05;3.0280900272507016e-05;3.1897499205966505e-05;3.28735834168485e-05;3.321453565680367e-05;3.29313967845244e-05;3.196756735540868e-05;3.0532029457251225e-05;2.8976090487649453e-05;2.7758572209638292e-05;2.726646016044183e-05;2.760571475973274e-05;2.8388678042862403e-05;2.8835299564866603e-05;2.8599239025730864e-05;2.7721438494908347e-05;2.677156497573699e-05;2.6048593725656596e-05;2.580200597836313e-05;2.5886811282445743e-05;2.598520599981355e-05;2.590776860099779e-05;2.5476670715621665e-05;2.464512150707685e-05;2.364485611021864e-05;2.2757564857958797e-05;2.1970223521698365e-05;2.14875982580734e-05;2.1557073472896567e-05;2.193314086039601e-05;2.231466449485857e-05;2.225090868177842e-05;2.179700153997795e-05;2.1100868730548592e-05;2.0553256509640952e-05;2.05875122108081e-05;2.12408340522208e-05;2.213143528661513e-05;2.2724804661695214e-05;2.2724803267095764e-05;2.22169781289118e-05;2.149795948242387e-05;2.0892464224497296e-05;2.055179852418043e-05
1654.2912158375584;1.378687349404209e-07;9.272762483897968e-08;5.6682871596471185e-08;3.067840210070245e-08;1.7222783210381413e-08;9.497378631460626e-09;1.11629093003296e-08;2.158362829788152e-08;3.2290741992878655e-08;3.2497535608320056e-08;2.1778889841771457e-08;9.725958500599409e-09;3.873921605575907e-09;5.241441984963712e-09;1.894826443584347e-08;4.2389404976933066e-08;5.5241535692871786e-08;4.6504877526547764e-08;2.4714111894750788e-08;9.333962516153816e-09;6.460516202026231e-09;7.661534897821555e-09;1.4255978358246381e-08;3.5928653785983414e-08;9.045079302537034e-08;1.8366507215501494e-07;2.613756637297907e-07;2.60308476701432e-07;1.9277995851719738e-07;1.2622983015298988e-07;1.0455861285678805e-07;1.0037417763255842e-07;8.029189374799736e-08;5.1246100610811545e-08;2.8163300259531863e-08;1.5150470693344316e-08;1.1161720330975718e-08;1.4092924645606644e-08;3.2856264687167315e-08;6.36807245544782e-08;9.434398765999017e-08;1.2161750439609394e-07;2.1137130716769277e-07;4.932360483236707e-07;1.1468716193142234e-06;2.3932487724675903e-06;4.309309643957265e-06;6.877478192600311e-06;9.888672800469268e-06;1.3087293152696635e-05;1.612401562479961e-05;1.8719988028409435e-05;2.101018336056111e-05;2.306508142139783e-05;2.5037350033711185e-05;2.702228182055553e-05;2.89988536433671e-05;3.076704850770936e-05;3.221604460790642e-05;3.291322368306433e-05;3.301986428576952e-05;3.258224040613333e-05;3.165366347431112e-05;3.0330376724237427e-05;2.9072089025443483e-05;2.808088801868892e-05;2.754556930133001e-05;2.7517805083115785e-05;2.7926407517447708e-05;2.8170271437183995e-05;2.802458836240538e-05;2.7472087837928294e-05;2.670192611693001e-05;2.6067124632567534e-05;2.558315653045956e-05;2.534427790275293e-05;2.52859621137607e-05;2.529880717360689e-05;2.524391601053728e-05;2.501618299557493e-05;2.46510002978974e-05;2.421315751918517e-05;2.3799253755153263e-05;2.3500196981885978e-05;2.3344397195374717e-05;2.327841295567409e-05;2.32092306468876e-05;2.288035628148176e-05;2.233599792111141e-05;2.160100129880851e-05;2.1076299904575715e-05;2.1074898395645127e-05;2.15219213735475e-05;2.2056925751595e-05;2.240869668441959e-05;2.226373033594812e-05;2.173334862692461e-05;2.110011900312692e-05;2.069318495807159e-05;2.048188452217364e-05
1655.8933039546864;2.742500639651933e-07;1.8278796702991304e-07;1.1325881765762339e-07;7.304633081030197e-08;5.0312927750679854e-08;3.0375754101135894e-08;2.1921415249327865e-08;2.783332021905574e-08;4.579212973380644e-08;6.237751513514304e-08;5.970201600511628e-08;3.9147459740117296e-08;1.8934972705640955e-08;9.08153206656495e-09;1.104624222986135e-08;2.0694127127134087e-08;3.0844196967172445e-08;3.591032304793429e-08;4.51831312951156e-08;6.543292073403052e-08;8.938118306417876e-08;9.470595418724373e-08;7.728911376948918e-08;5.914431172060965e-08;6.594428259694991e-08;1.076758541375956e-07;1.729909347485085e-07;2.2267405025520726e-07;2.239181113559981e-07;2.28933118680818e-07;2.13471648253906e-07;1.937678027571528e-07;1.50403839918638e-07;9.45347376740336e-08;5.158758984536575e-08;2.9285476920798784e-08;2.1446550201980752e-08;1.8087232226019336e-08;1.509045470840695e-08;1.911914614171019e-08;4.841289082432064e-08;1.359794478196662e-07;3.113038706874222e-07;5.9144253241706e-07;1.094531543745286e-06;2.039066506944251e-06;3.688753084099225e-06;6.1151871298484514e-06;9.205849364239172e-06;1.2586429719600758e-05;1.5899525110769867e-05;1.8988165750196627e-05;2.1822357646774523e-05;2.4323542676668404e-05;2.6522693648713112e-05;2.84393450161583e-05;3.0166704571787e-05;3.161705002250685e-05;3.280980830574829e-05;3.357163509677764e-05;3.380924750795464e-05;3.344632244888819e-05;3.2484748974267286e-05;3.1424706232184986e-05;3.046425797589677e-05;2.9661442677078363e-05;2.8958905772082788e-05;2.8299947281017277e-05;2.7759435745646146e-05;2.735274548115091e-05;2.706760275761051e-05;2.687320899099933e-05;2.668785947265e-05;2.6567277250670472e-05;2.623996836724157e-05;2.5935608776458597e-05;2.571284231067719e-05;2.549138586817273e-05;2.5250844566142144e-05;2.5198858585834334e-05;2.534037149321684e-05;2.5556910211220544e-05;2.5703626520552724e-05;2.5506463803205405e-05;2.487006855182457e-05;2.3916586429262737e-05;2.294639501620301e-05;2.237235692393145e-05;2.208316590981452e-05;2.186711849967291e-05;2.163786029225324e-05;2.134699804979735e-05;2.103138779792769e-05;2.0784514634561386e-05;2.0680755077941756e-05;2.0687883873735585e-05;2.070574663915664e-05;2.0627739601574477e-05;2.051633000658829e-05;2.03981145859968e-05
1657.4947445755024;1.592515513007294e-07;1.3513264563773566e-07;1.1704838628046443e-07;9.902870682098881e-08;7.13445958673298e-08;3.9602344736053225e-08;2.2334047930814824e-08;2.6323902804789475e-08;5.0630981122161026e-08;8.364516789465523e-08;9.939120420157472e-08;8.937376835809298e-08;6.27618637447674e-08;3.7516778709776386e-08;2.0324130224822412e-08;9.274609574066132e-09;7.025021480072314e-09;2.125890529978185e-08;6.090525975324586e-08;1.189153634519083e-07;1.680779284236063e-07;1.736718864846739e-07;1.3159946182216085e-07;7.211718648029633e-08;3.027625764731053e-08;2.2180630473208627e-08;5.881461330928214e-08;1.3449050823500704e-07;2.009225316457118e-07;2.1527624979656189e-07;1.8067448698277465e-07;1.332540000645006e-07;9.147673502782577e-08;5.4813667152401735e-08;3.1657309218160965e-08;2.408495322924246e-08;2.4980191608840964e-08;2.3032171484066322e-08;1.7612100555741253e-08;1.5951605301308743e-08;4.4604671271579415e-08;1.494577208450412e-07;3.350357896822484e-07;5.835531188473583e-07;9.762608074141323e-07;1.680140418640832e-06;3.094110944606721e-06;5.475181510255944e-06;8.738233314342267e-06;1.2371736226935748e-05;1.594784655548e-05;1.9232655264063416e-05;2.198888148164563e-05;2.439020259000629e-05;2.636680877280964e-05;2.8146408201034536e-05;2.9793625618342312e-05;3.1336715497342675e-05;3.2700696899686744e-05;3.376944757830645e-05;3.434409952594342e-05;3.429544507802241e-05;3.3450936173016875e-05;3.2145336863603985e-05;3.084616473084821e-05;2.978866912919828e-05;2.8911010460847325e-05;2.8231411567110238e-05;2.7489116869013955e-05;2.686439460981144e-05;2.6400601794996964e-05;2.6169957751317507e-05;2.62199334798155e-05;2.6349465561905377e-05;2.644740771343185e-05;2.623052726253124e-05;2.5529198599980244e-05;2.4472856959875883e-05;2.3431995434198357e-05;2.297062186235897e-05;2.336764771752134e-05;2.4416427557419507e-05;2.550559757117284e-05;2.5898838208669678e-05;2.5323598738185307e-05;2.40396146532278e-05;2.2719648409182345e-05;2.209343302720733e-05;2.2149332497743373e-05;2.257073304663736e-05;2.2639692072351417e-05;2.2059591671885145e-05;2.1008843162904824e-05;2.0108740674582584e-05;1.95498960593244e-05;1.9613190701198407e-05;2.0078992018740235e-05;2.0545016679799307e-05;2.0655533742904703e-05;2.063392600197509e-05
1659.09553776565;7.63739711885209e-08;8.4311318830819e-08;7.761857413076883e-08;6.214730365212114e-08;3.969066671012995e-08;2.1001188298385657e-08;1.1456046689535408e-08;1.3806161621945141e-08;2.9691774196601425e-08;5.7046408170274736e-08;8.2818651607039e-08;9.632472445474888e-08;8.886652030488882e-08;6.185241582192676e-08;3.1794522545103707e-08;1.2424507480917291e-08;6.656056335043316e-09;1.0627495528622556e-08;3.4250194890705014e-08;6.81055980892329e-08;9.754123452653833e-08;9.984400629062513e-08;7.302986868847547e-08;3.929524189128852e-08;1.1824273571002729e-08;7.61616275141579e-09;1.9316785753375023e-08;4.9809024390219166e-08;9.227810522260368e-08;8.977801670171198e-08;6.327258702005693e-08;3.5312015588058686e-08;1.763729994957781e-08;8.567390039509475e-09;5.913762680871097e-09;7.81230864359798e-09;1.0884755447185128e-08;1.14034347625751e-08;9.688535841278411e-09;1.0574274617562936e-08;3.4406863974210555e-08;1.1398066395747527e-07;2.599319114359004e-07;4.921399615053381e-07;9.130029778397326e-07;1.7142768878016442e-06;3.158688747302279e-06;5.457656452398935e-06;8.46144225530505e-06;1.178461365640952e-05;1.5114967151745365e-05;1.817850324011048e-05;2.090937415527262e-05;2.3452880842984176e-05;2.5844218663229317e-05;2.7896198228127176e-05;2.9583755243310915e-05;3.1027674347487274e-05;3.2137584557347034e-05;3.311691779561399e-05;3.3899984756994924e-05;3.41287577879538e-05;3.3885738527173984e-05;3.2819832686835627e-05;3.127449069855852e-05;2.9660466651353573e-05;2.832395981032312e-05;2.73700362784024e-05;2.6729089679438705e-05;2.631565038383891e-05;2.609676751814908e-05;2.6077845309848768e-05;2.6490456376637563e-05;2.6987312287508987e-05;2.741056316753416e-05;2.7192593042977376e-05;2.6104888438942636e-05;2.444311212324954e-05;2.283443743317824e-05;2.177713243049529e-05;2.1941826521148285e-05;2.2956693694580804e-05;2.42113247512114e-05;2.4951767678421563e-05;2.4841434543851235e-05;2.382006340940656e-05;2.2646917041035383e-05;2.2122921484689344e-05;2.239006863237817e-05;2.3140378539715556e-05;2.360768000030403e-05;2.337879385290689e-05;2.249673257964496e-05;2.1389754424873407e-05;2.05421157117348e-05;2.0137244347128472e-05;2.0264747368715683e-05;2.0643566328841853e-05;2.087403570129024e-05;2.088929813196205e-05
1660.695683590864;1.150841650414834e-07;9.624512541685203e-08;6.184509985557199e-08;2.8977251315270973e-08;1.2549296747474263e-08;7.551435247607949e-09;5.2550907784345765e-09;5.450750496967925e-09;1.55279720698116e-08;3.719412866242294e-08;5.932962338252722e-08;7.117421657052366e-08;6.253452328396945e-08;4.135875584610523e-08;2.183404541611312e-08;1.0092858494933045e-08;5.106686786727751e-09;3.368079056692597e-09;5.030968301410535e-09;1.2334627420525026e-08;2.1286540921463932e-08;2.4354653907341985e-08;2.0477484302695136e-08;1.5926441657414826e-08;1.4963074989584212e-08;1.4286303991368212e-08;1.0904027398338111e-08;6.4466130116735695e-09;6.842230443433396e-09;7.1995917783610285e-09;7.244509692029998e-09;6.134337190564402e-09;4.092735222247391e-09;2.7650735865914413e-09;2.1924601991785192e-09;2.5222625580691662e-09;2.774828541117453e-09;2.475887567761633e-09;2.2005192558058504e-09;4.064186946163311e-09;1.4628307339678836e-08;4.6970668848596376e-08;1.5897630954386068e-07;4.20508781048333e-07;1.016437427958846e-06;2.064720568474817e-06;3.570931240738636e-06;5.58338107963334e-06;7.865006784431639e-06;1.0452614938078198e-05;1.314919720733458e-05;1.599130062619054e-05;1.90416328023916e-05;2.2244190374099462e-05;2.560334310668078e-05;2.8499342461672535e-05;3.064450422148976e-05;3.202720032240416e-05;3.285590031730642e-05;3.3408976000744616e-05;3.371192755074749e-05;3.372206529946978e-05;3.330374717365006e-05;3.235999346667359e-05;3.094374130653216e-05;2.939957629301664e-05;2.8134073046513125e-05;2.7179520954781343e-05;2.658318204008821e-05;2.6227837631758783e-05;2.622721550142913e-05;2.6600782944154774e-05;2.732011199765461e-05;2.8091004858300878e-05;2.8416841874771905e-05;2.8100384945342965e-05;2.7150949650798804e-05;2.5899505853661893e-05;2.4718683256254712e-05;2.394856679120759e-05;2.372572134626884e-05;2.400436422267844e-05;2.454296596864596e-05;2.4970453699227303e-05;2.4917438612935054e-05;2.425759090987512e-05;2.3238088979246053e-05;2.2431184248890077e-05;2.2264944001527327e-05;2.2668837079871795e-05;2.321686416009189e-05;2.3480062302695608e-05;2.3251215876346355e-05;2.266408076817394e-05;2.194882692514252e-05;2.1399791512257988e-05;2.1130568975096377e-05;2.1051788281060505e-05;2.1061632428088984e-05;2.101746455234799e-05
1662.29518211693;6.992155357546127e-08;5.4248384921071065e-08;3.030457598227802e-08;1.1284723960266682e-08;5.033099361758823e-09;5.327380399455568e-09;9.940195090884317e-09;2.180522162370905e-08;4.5481102447700384e-08;7.035178098359815e-08;7.613960894073991e-08;5.9086351021391936e-08;3.4185518900406635e-08;1.8721845692783692e-08;1.3167407727557994e-08;8.806205440889035e-09;4.6119265575179914e-09;2.6651097564972572e-09;2.639433669015079e-09;4.546957951118387e-09;9.161762991817554e-09;1.5599699709594196e-08;2.264813189555473e-08;2.7792417217162918e-08;3.133880662345963e-08;2.7392900429601493e-08;1.8265583113169553e-08;8.806176113597851e-09;5.239191824089807e-09;4.622506730979012e-09;3.663901143528698e-09;3.1376840722189277e-09;2.652202633745319e-09;2.5846006839503467e-09;3.8426408553876926e-09;5.5767990095596044e-09;5.979204068107781e-09;4.467545267274377e-09;2.5288450246074053e-09;1.6493509160324636e-09;4.626046046155588e-09;2.0066538750976243e-08;1.167652109831665e-07;4.041245170072864e-07;1.0413281648490876e-06;2.0970739446769688e-06;3.539403269261491e-06;5.308676282416842e-06;7.315731410214382e-06;9.702685396280038e-06;1.236991915100337e-05;1.547870765278396e-05;1.8943048969658303e-05;2.256554708484561e-05;2.6215802526646065e-05;2.955103499034308e-05;3.213520017171328e-05;3.368818650957538e-05;3.4099984844526934e-05;3.385650753118249e-05;3.282717243866934e-05;3.1808631303281906e-05;3.08973966489503e-05;3.030775615822193e-05;2.977830819292772e-05;2.915804108620281e-05;2.8338619335207667e-05;2.7509454457766172e-05;2.6831120854444343e-05;2.6484478675943148e-05;2.6676723621916484e-05;2.717942912380739e-05;2.752764927167144e-05;2.74520768594682e-05;2.6935935305306426e-05;2.629925474898347e-05;2.5780113857725244e-05;2.5593600785601024e-05;2.569877365637277e-05;2.603459878167791e-05;2.613057959833028e-05;2.609902583567508e-05;2.5997471761154432e-05;2.576742304906664e-05;2.5333883280492096e-05;2.469619036093608e-05;2.3929876885527e-05;2.309047173896112e-05;2.250040398026964e-05;2.2119995526938964e-05;2.207766844059513e-05;2.2133595730980012e-05;2.2182025969491293e-05;2.2194928578457424e-05;2.2173763715322654e-05;2.2229206420201207e-05;2.2277100453505205e-05;2.2093726086356912e-05;2.184383266089097e-05;2.1676237578830907e-05
1663.894033409717;6.423142185329009e-08;5.38007755258214e-08;3.8665454291060646e-08;2.2775985039536143e-08;1.191406113718396e-08;9.321495139547729e-09;1.755209034780977e-08;3.79818480285287e-08;6.822242016856951e-08;8.923093914862281e-08;8.325161514989111e-08;5.3512578077319684e-08;2.572040260564329e-08;1.5674789591751797e-08;1.9374343599017447e-08;2.559885619230127e-08;2.6194094579107697e-08;1.9116716525397964e-08;9.572786413317076e-09;4.323740014131242e-09;5.86167307819633e-09;1.3141881305107458e-08;2.1916282789208545e-08;2.7039428045059157e-08;2.5688454944062742e-08;2.1270861242342626e-08;1.7593514663219835e-08;1.685029225113417e-08;1.4025136603161212e-08;1.0696226771705226e-08;6.888318139207168e-09;5.362944523483132e-09;6.530329547966152e-09;1.0512596871596185e-08;1.4746604338496551e-08;1.5164293566744666e-08;1.1635855242549292e-08;7.385126388114755e-09;4.188665924577553e-09;2.467512253785068e-09;3.2565202050371886e-09;1.973368121417773e-08;9.873936035425868e-08;3.660044597899875e-07;9.41652953483506e-07;1.930242911243812e-06;3.4098248950467115e-06;5.262862793183661e-06;7.552158730188866e-06;1.0225358632582398e-05;1.3226812436865064e-05;1.6499480727254478e-05;1.989739585364075e-05;2.341396676567617e-05;2.688633828752141e-05;3.005507935097232e-05;3.260177573720896e-05;3.413799253880417e-05;3.432675085717372e-05;3.319909510564707e-05;3.1483493178674565e-05;3.0140523445896965e-05;2.969847799429619e-05;2.9945259289164004e-05;3.0155900361617197e-05;2.984379903155369e-05;2.893920256682852e-05;2.7730489801401387e-05;2.685243104406676e-05;2.6680398035246207e-05;2.714879951843077e-05;2.764238516599369e-05;2.7474019126365552e-05;2.646685417435413e-05;2.505532354384617e-05;2.3931596828691752e-05;2.3567757934560823e-05;2.3921261565228187e-05;2.461222642192311e-05;2.516112352934221e-05;2.5398955780317948e-05;2.538172472928881e-05;2.516298511095007e-05;2.489749634666921e-05;2.469333090602665e-05;2.4473598727767097e-05;2.4155903989706145e-05;2.3660411784128985e-05;2.2835302830383363e-05;2.1928177045970404e-05;2.1090347473146383e-05;2.078341495135077e-05;2.09958983193463e-05;2.1538921517029245e-05;2.229027698517565e-05;2.2896380267016852e-05;2.3230483313225087e-05;2.3175761535249e-05;2.288155949482386e-05;2.2570823209499675e-05
1665.4922375351707;2.0597600200743562e-07;1.72149203585442e-07;1.1943916249108214e-07;6.432543434857347e-08;3.090718487179342e-08;1.8682490397657665e-08;1.8408416874403363e-08;2.5210884263873804e-08;3.6604502325403194e-08;4.583924756268517e-08;4.60060301611644e-08;3.6125842880889554e-08;2.0814122215832825e-08;1.5244078402606472e-08;2.4929514979376978e-08;4.147853878238004e-08;4.953095534740453e-08;4.568249695765937e-08;3.652752094615284e-08;2.8293630261510454e-08;2.087936679942149e-08;1.4951042512422845e-08;1.4252277589035228e-08;1.3344473714346504e-08;1.230688073323951e-08;1.808603037942496e-08;4.033515101300516e-08;7.516166026093336e-08;9.935774902293246e-08;9.77421152950214e-08;7.325755590395673e-08;4.4064357188704986e-08;2.8428475350436642e-08;2.680538016766681e-08;2.914625699287053e-08;2.5891203349277082e-08;1.9495747943161942e-08;2.16700380992466e-08;3.3463451105052376e-08;4.4176316068404124e-08;4.5530217656157445e-08;5.4669742356578725e-08;1.2376042065120468e-07;3.931983395175089e-07;1.0362207746052934e-06;2.1523277031063343e-06;3.7533970477978194e-06;5.825035779125159e-06;8.315939754503987e-06;1.1156333467331542e-05;1.416955761536595e-05;1.7111420527609045e-05;2.0098847419034785e-05;2.315399550035717e-05;2.6233995713736985e-05;2.9229195813506232e-05;3.191837504480922e-05;3.3763219689346123e-05;3.438522223966171e-05;3.361320825660536e-05;3.25166392244769e-05;3.175998884906706e-05;3.152331598989273e-05;3.1599706405658605e-05;3.148304727012814e-05;3.081024685583754e-05;2.9656403252594665e-05;2.8246734127381485e-05;2.722085242771901e-05;2.688299020531704e-05;2.708969157582721e-05;2.7350570083140255e-05;2.7065378917267452e-05;2.6319525321614523e-05;2.523669499559579e-05;2.432308067081149e-05;2.3836666200664496e-05;2.3733012435544275e-05;2.3768283646661565e-05;2.3782600389942183e-05;2.3616583363918416e-05;2.328546845243014e-05;2.324155779801748e-05;2.3446901270779672e-05;2.3800051310728743e-05;2.424724976019853e-05;2.435524132691542e-05;2.3920672446312546e-05;2.282332917508542e-05;2.144268026646032e-05;2.0232977768373285e-05;1.9787858139650853e-05;2.0200110578045716e-05;2.119331767416158e-05;2.2247672209145835e-05;2.3081560012842426e-05;2.3514283118889527e-05;2.355653264754388e-05;2.3380449952843352e-05;2.3123357118663223e-05
1667.0897945592917;2.566519659500115e-07;2.051640367514648e-07;1.3421269660356576e-07;7.036195434182844e-08;3.2711271914178564e-08;1.8525674675808723e-08;1.2641072427126024e-08;8.94824165339505e-09;6.098742890561021e-09;7.419129476337249e-09;1.3081253547442656e-08;1.8111954810481208e-08;1.7568613255858632e-08;1.3354109397369084e-08;1.4914054127852524e-08;2.1702532542464065e-08;2.9229763457018293e-08;3.916507464127264e-08;4.8084661141180253e-08;4.744274988432061e-08;3.4205325692051146e-08;1.6039540211946194e-08;6.131819894328395e-09;4.256282933717964e-09;7.58824531428979e-09;2.086263262271481e-08;5.988795791886326e-08;1.2350184426403746e-07;1.739228605727773e-07;1.7886885133825596e-07;1.371409397744112e-07;8.076936773724413e-08;4.323018787953192e-08;2.6836757039784425e-08;2.1871528707261805e-08;1.8097640291891543e-08;1.7396403472748922e-08;3.338299634600405e-08;6.503384368184376e-08;9.12888849999668e-08;9.35260462492324e-08;8.417388356726254e-08;1.295121786359407e-07;3.664361949036852e-07;9.507505057595934e-07;1.988883304464005e-06;3.498258107808354e-06;5.532214655165786e-06;8.072583713402886e-06;1.101944378165463e-05;1.411884240921935e-05;1.7163578231600254e-05;2.016548761887067e-05;2.308248572758931e-05;2.60470260354967e-05;2.8974762610756453e-05;3.163790188331837e-05;3.352163622326077e-05;3.4347161703081685e-05;3.437173031301525e-05;3.396579532854336e-05;3.347025679732807e-05;3.294854331269293e-05;3.23724525697864e-05;3.1687550881841056e-05;3.074897997535371e-05;2.967538640746749e-05;2.8644526111411644e-05;2.799874880469962e-05;2.772564804896968e-05;2.7620724400910137e-05;2.741056793536274e-05;2.6909996897734294e-05;2.6245220696588605e-05;2.562333710555453e-05;2.524468396115756e-05;2.4923018111174407e-05;2.4628667149897943e-05;2.4216475031896604e-05;2.3631487409566424e-05;2.3044958049603143e-05;2.254062963748317e-05;2.245607642789454e-05;2.280734507637532e-05;2.3302425625945717e-05;2.369171809128697e-05;2.364455337092103e-05;2.2956314596165845e-05;2.1936570776867727e-05;2.087299844593107e-05;2.0376972593632174e-05;2.036737990393616e-05;2.072258196113248e-05;2.12530736132667e-05;2.1688744076283508e-05;2.203223204197312e-05;2.241198216166817e-05;2.2718014763390687e-05;2.2950403484426455e-05;2.3035754516547435e-05
1668.686704548163;1.765578689542685e-07;1.464090741033784e-07;9.895893904561399e-08;5.810646633113252e-08;2.8516626123034222e-08;1.4191243798614085e-08;8.887364392642661e-09;5.84233515916322e-09;4.183556835576425e-09;3.884221956208835e-09;5.260990079179253e-09;7.304618579379174e-09;8.58864573005826e-09;6.300793558613772e-09;2.927160896190142e-09;1.444133242633405e-09;3.6599115156787293e-09;1.1363597797161632e-08;2.0338988507189962e-08;2.2939975797781443e-08;1.7606811496320163e-08;9.079556359546244e-09;3.0203017490969997e-09;1.752597996130759e-09;2.9811754179583674e-09;1.0551903085654989e-08;3.0667318358126385e-08;6.489115090041001e-08;9.295077877690535e-08;9.566955732269555e-08;7.224020561886844e-08;4.1375684823333036e-08;2.040287436331135e-08;9.571990901557889e-09;5.285809558054016e-09;3.860539136941459e-09;5.992487346066196e-09;1.8001013183875637e-08;3.89665425449294e-08;5.560694312225624e-08;5.614115653999462e-08;4.9954119935618704e-08;9.333656967065584e-08;2.720704503575668e-07;6.871110900989368e-07;1.495150353679351e-06;2.8139098996738053e-06;4.699630202688335e-06;7.15661595225862e-06;1.0218538934744731e-05;1.3650933519074216e-05;1.718772879068025e-05;2.068437103325241e-05;2.404074817012421e-05;2.719684550584971e-05;2.9943011927419333e-05;3.1919906229654554e-05;3.287316110207192e-05;3.3042155337362513e-05;3.2786182591599014e-05;3.249001153049549e-05;3.243465902310542e-05;3.235197925173214e-05;3.1956521491968224e-05;3.1176014442322034e-05;3.0112045717862417e-05;2.905600234695913e-05;2.839725706068693e-05;2.8269393477390003e-05;2.839402605967995e-05;2.837581882322082e-05;2.7981420616483204e-05;2.715853413693556e-05;2.6194251550770496e-05;2.5469073480565877e-05;2.4944097866518387e-05;2.462923041915823e-05;2.4211378310452168e-05;2.3622313946786772e-05;2.288541783794319e-05;2.251298477601349e-05;2.2567321091456845e-05;2.2984487436900544e-05;2.354957815567608e-05;2.385575365649682e-05;2.366565467698309e-05;2.297072562907012e-05;2.1981420608022707e-05;2.121294500521426e-05;2.087915099612378e-05;2.1069709926859552e-05;2.1439990029107648e-05;2.154690362062023e-05;2.1298551999278323e-05;2.1030752101689e-05;2.1078720872350823e-05;2.1442191598177945e-05;2.1905742605586027e-05;2.222353067497571e-05;2.2341734648920797e-05
1670.282967567935;1.675106374198799e-07;1.602357342119e-07;1.2877463856487404e-07;8.148866978576385e-08;4.0878189986863463e-08;1.8903844065306252e-08;1.0879181375502182e-08;7.72054611562493e-09;7.377293193640367e-09;8.969865313835733e-09;1.0031554991363433e-08;6.934065095594888e-09;3.8662049855492975e-09;1.996182031548214e-09;1.157551568604376e-09;7.725916095175288e-10;5.273003583573924e-10;3.9665024461519917e-10;4.492150982330674e-10;5.57515496844859e-10;8.59625146988655e-10;1.1547202513553931e-09;1.2133534361990964e-09;1.3673561849781583e-09;1.7158092330332016e-09;2.647255976875872e-09;4.6204651400442605e-09;5.7496081945770074e-09;7.26383123955802e-09;9.521933456441524e-09;1.3034399075096256e-08;2.1082544427278327e-08;2.9356708198489822e-08;2.8089459725846268e-08;1.506022272850165e-08;5.26816357494338e-09;2.429824530954317e-09;3.2721211635213636e-09;5.850006373697193e-09;8.076510104489195e-09;1.2390750914575045e-08;3.4705089802608555e-08;1.1507483480725381e-07;3.0449563238384e-07;7.206142030996616e-07;1.5662030502365248e-06;2.942199463745165e-06;4.9167192095000285e-06;7.391777897260039e-06;1.0322313975661712e-05;1.3647149133108816e-05;1.726128844347111e-05;2.0925822187141564e-05;2.447605114317328e-05;2.774283725309134e-05;3.0340512972748315e-05;3.195696796335449e-05;3.247409574158461e-05;3.2185587967023306e-05;3.157268280049852e-05;3.109115425254726e-05;3.0886021566263426e-05;3.0887007239502364e-05;3.077457273173485e-05;3.0280366574253646e-05;2.944582613167054e-05;2.8501955742091636e-05;2.791942982121296e-05;2.7731129512718813e-05;2.7811021018450657e-05;2.7823458804503607e-05;2.750325850527272e-05;2.685014638912057e-05;2.6122278398618152e-05;2.561044271809642e-05;2.5278178958181533e-05;2.498374707829821e-05;2.439222811581139e-05;2.364359143713847e-05;2.310342321233257e-05;2.3082680407672147e-05;2.373572617657673e-05;2.4494897574759072e-05;2.5112580687597697e-05;2.523596589239148e-05;2.47734810794347e-05;2.3898646312005004e-05;2.2808407741863293e-05;2.1878186681332464e-05;2.1282957144926384e-05;2.1115164469513235e-05;2.0972690937520213e-05;2.0743861325822427e-05;2.059626626134717e-05;2.069444443323303e-05;2.122556520346045e-05;2.179064333819517e-05;2.2078161995703467e-05;2.19967241810514e-05;2.1709504202286867e-05
1671.8785836848328;1.402342300688107e-07;1.383632673263582e-07;1.1483121700933476e-07;7.1378864241629e-08;3.478481793213469e-08;1.6182497812253343e-08;9.507822124642471e-09;1.0057051407498576e-08;2.0891276300506968e-08;4.5262171996149415e-08;7.319438779822265e-08;8.515684727470251e-08;7.218678620212501e-08;4.5541385762387076e-08;1.8010666170113396e-08;7.466838556564216e-09;4.171758465008094e-09;2.784402787975586e-09;1.927640434873584e-09;1.6469241089527336e-09;1.4828660002263963e-09;1.2284359054843575e-09;1.51368200273984e-09;3.331719466756194e-09;5.647262093773747e-09;6.1280162634654165e-09;4.263966504855883e-09;1.8474030336350918e-09;1.0147250858668247e-09;6.6808842430133926e-09;2.7984874069875588e-08;5.7823118394794684e-08;7.177331574247019e-08;5.7553234663386974e-08;2.9686262036146922e-08;1.0995205402600298e-08;5.271833936864187e-09;5.523605186459525e-09;6.163386183012295e-09;6.169128900224436e-09;1.2893277698138576e-08;4.6281145715040345e-08;1.325955295921013e-07;3.278920739298556e-07;8.505306920433866e-07;1.974585888232001e-06;3.773615600164231e-06;6.042262912057221e-06;8.445086267194415e-06;1.0818561998382934e-05;1.3339059404459916e-05;1.6279115757990166e-05;1.9578068579663508e-05;2.317169146965172e-05;2.668372503189833e-05;2.9640149413280387e-05;3.1669168983312414e-05;3.2637829008247865e-05;3.2633670134926064e-05;3.203397320197263e-05;3.1189667054528715e-05;3.0234120512335045e-05;2.9580776211552825e-05;2.9456222756951787e-05;2.941384146497468e-05;2.9078567431450576e-05;2.8533282137964422e-05;2.780394494087961e-05;2.697948291404818e-05;2.630445547481653e-05;2.583914790153246e-05;2.549616143744544e-05;2.5278138798144057e-05;2.5264482619919117e-05;2.552014349489945e-05;2.6020887919778828e-05;2.6309306941615986e-05;2.595375439063697e-05;2.510840546600492e-05;2.423589266057519e-05;2.386034920048377e-05;2.4258654984010605e-05;2.485191643497024e-05;2.5375459266770573e-05;2.545932808465468e-05;2.501588229204795e-05;2.416354288696853e-05;2.317125055737584e-05;2.2299015829708496e-05;2.1690323910041927e-05;2.128878757885669e-05;2.0964566006070617e-05;2.0751976665136045e-05;2.08187760313251e-05;2.114084945777956e-05;2.1657451845066577e-05;2.2173993186630383e-05;2.2325000392995156e-05;2.223666790682591e-05;2.206765561976316e-05
1673.473552965148;5.126738051257832e-08;5.11866481114572e-08;4.047710674430876e-08;2.3118792645923744e-08;1.069022980294992e-08;4.995351902062441e-09;3.743769525645145e-09;8.140452559617341e-09;2.7467808930066343e-08;6.998316545255235e-08;1.256575833921799e-07;1.60321349006126e-07;1.4668301864226718e-07;9.806746415688197e-08;4.8915165089645727e-08;2.168878149722392e-08;1.139888498399911e-08;7.443481202427035e-09;6.005536786851137e-09;5.868636693001974e-09;5.7305755869338655e-09;4.927851727243751e-09;4.642140691206504e-09;9.711843769205617e-09;3.04442826517e-08;4.536325225804169e-08;4.378853257232607e-08;2.374477826276205e-08;1.5922617787660633e-08;3.463652404065485e-08;8.722057046166509e-08;1.1658412061597281e-07;1.0233339123530396e-07;6.115215545762842e-08;2.924654950056308e-08;1.2044953316969322e-08;7.171769369531125e-09;8.245213125076537e-09;1.0332199941999117e-08;1.0649677033628122e-08;1.3929492465351982e-08;2.902943428966273e-08;7.274090078823823e-08;2.285610818608231e-07;8.238782296075151e-07;2.204998301108001e-06;4.500818654608553e-06;7.128986382102936e-06;9.49351484198467e-06;1.1436848639999951e-05;1.3279080847741096e-05;1.5539229155216573e-05;1.8483306614640808e-05;2.204135501989341e-05;2.5543659010824405e-05;2.8601702469758757e-05;3.092363711219791e-05;3.2395318073977595e-05;3.293813942277024e-05;3.26085697944115e-05;3.1695362515492337e-05;3.072085456973701e-05;3.0122949919425543e-05;2.99825901665962e-05;3.008348843027513e-05;2.994412856965649e-05;2.919716469515958e-05;2.779453633440876e-05;2.607859901514313e-05;2.4637586572871108e-05;2.383485129591e-05;2.368461047939225e-05;2.397151410050821e-05;2.445445195747625e-05;2.509054724136893e-05;2.565895467507465e-05;2.5626215120157173e-05;2.504223722811007e-05;2.399020782515597e-05;2.300218239899375e-05;2.2692553424888757e-05;2.318933552842994e-05;2.4271183222279835e-05;2.5114349926205657e-05;2.5238553217484844e-05;2.463257219958824e-05;2.3548754586315357e-05;2.255966035025592e-05;2.183252700782436e-05;2.142501814887214e-05;2.116919370133037e-05;2.1160077678303325e-05;2.1301634765156963e-05;2.1494990956742216e-05;2.1711559492209475e-05;2.2043795024819285e-05;2.244628561677702e-05;2.280011959250768e-05;2.29966081207141e-05;2.3125098648925684e-05
1675.0678754752407;6.9144235478768665e-09;9.099038941636922e-09;7.790461332655144e-09;4.734311389705331e-09;2.558340416605113e-09;1.5274753988175951e-09;1.5351424659246554e-09;3.501087291886728e-09;1.2278676642186016e-08;3.3540349679114624e-08;6.88922493332408e-08;1.09184914392758e-07;1.3237960340908294e-07;1.1456855956252885e-07;8.158276911132549e-08;4.740063540534383e-08;2.433904306071195e-08;1.5552170035228792e-08;2.458469037257626e-08;5.3697352114502345e-08;9.25778274189088e-08;1.1528199535440481e-07;1.0681378332451637e-07;8.634039255917209e-08;8.483702259425965e-08;9.731366892482533e-08;9.704785723098066e-08;8.44815217584826e-08;8.586521317313324e-08;1.2055917228129178e-07;1.658686110125358e-07;1.704285817266841e-07;1.246413776221614e-07;6.892188761032754e-08;3.4998436845734664e-08;1.9550064302952464e-08;1.2053232547766096e-08;8.918507623507716e-09;8.116710951891906e-09;8.837000001290005e-09;1.1817189370174418e-08;1.8023131388319506e-08;4.615627732633689e-08;1.901780753500556e-07;7.493886829477172e-07;2.099273177278022e-06;4.355255015841507e-06;7.078836468504534e-06;9.722117127212884e-06;1.2003095995420024e-05;1.414298611759799e-05;1.655860333625796e-05;1.9420089443259105e-05;2.2599025498844852e-05;2.57485846056634e-05;2.858704319190985e-05;3.088452209233726e-05;3.262557477898197e-05;3.3558022761446624e-05;3.35010048637081e-05;3.275271659344617e-05;3.1754232319470866e-05;3.1226383918811126e-05;3.081756358035605e-05;3.0423584231147635e-05;2.984745885907619e-05;2.8694784713531195e-05;2.7143542209532563e-05;2.5604845091964477e-05;2.4530281876959244e-05;2.4152991337108247e-05;2.4358374576235128e-05;2.4825181362567038e-05;2.52260521690955e-05;2.533956336663457e-05;2.5017987204529652e-05;2.419649934069981e-05;2.2959879803055836e-05;2.1631212108361298e-05;2.0843620140764438e-05;2.1031395851265194e-05;2.227297259728669e-05;2.3963897039913505e-05;2.5150871398757027e-05;2.533875900789877e-05;2.462105373638663e-05;2.344955832350082e-05;2.231299625411801e-05;2.1430839526755e-05;2.0884993557673253e-05;2.062876187463946e-05;2.069646890103726e-05;2.0947545161639652e-05;2.1244932610155736e-05;2.1545750538871197e-05;2.189741206308561e-05;2.2224859575031223e-05;2.255533502009009e-05;2.2677513663913735e-05;2.2675288007504607e-05
1676.6615512815515;1.797804365039932e-09;2.4065213096512862e-09;2.4575387471869653e-09;5.158461442697764e-09;1.3598079554852928e-08;5.3349361621732245e-08;9.628460036591349e-08;1.3203156630239676e-07;1.4218132747851336e-07;1.2830713430677346e-07;1.110583166289816e-07;1.1472269068500433e-07;1.363866687435817e-07;1.4412735348220917e-07;1.21340320948926e-07;7.98964102391308e-08;4.732352820372069e-08;5.5709686278831976e-08;1.20649258520251e-07;2.3598868247505601e-07;3.5053890014819577e-07;3.8182758808363133e-07;3.078560255605904e-07;1.9301898448612778e-07;1.0976720832284417e-07;8.313318489801664e-08;9.277079210811898e-08;1.4234855803094993e-07;1.898238427130376e-07;2.0413939515787561e-07;1.773431624451472e-07;1.2925628708114648e-07;8.252436440118011e-08;5.0810445573813764e-08;3.529529435729972e-08;3.79367355199797e-08;5.8611118920796447e-08;7.781898967579784e-08;7.2645575245269e-08;4.610089981549576e-08;2.226856635606545e-08;2.2502671289951482e-08;6.022155563439919e-08;2.1655533520893978e-07;7.055831616642279e-07;1.8493130848424944e-06;3.714322508848725e-06;6.140608195266804e-06;8.839704455848792e-06;1.1702873157170156e-05;1.4623140688647564e-05;1.7622466526392084e-05;2.070623579987113e-05;2.370948597408097e-05;2.6576479050458445e-05;2.9182477287344876e-05;3.1469345028617e-05;3.324481311128372e-05;3.415324204807907e-05;3.410573753916756e-05;3.323534934942477e-05;3.191363912584557e-05;3.047355113120256e-05;2.912501150228815e-05;2.8079909386984173e-05;2.740714781927673e-05;2.7056737915909075e-05;2.6879925027624518e-05;2.667527327563946e-05;2.6403023890023387e-05;2.612552967345663e-05;2.585617363438376e-05;2.57648015911011e-05;2.558040452368553e-05;2.518703437904277e-05;2.4587293418414637e-05;2.394290644350876e-05;2.3011264261732777e-05;2.201905541092122e-05;2.1367053925669594e-05;2.139530165765861e-05;2.2038040079217304e-05;2.3143096168791075e-05;2.3995369240504305e-05;2.4346999705978563e-05;2.424887638429961e-05;2.360013205386926e-05;2.281159316285087e-05;2.204040968351909e-05;2.1435600917061405e-05;2.110155277889697e-05;2.1004686877696666e-05;2.104358897494711e-05;2.1061314052951536e-05;2.103987408523064e-05;2.103159500831446e-05;2.094290415742794e-05;2.0821478603558216e-05;2.0721862182653692e-05;2.067402073005894e-05
1678.254580450579;0.0;8.389568079764877e-12;3.90470782831819e-10;6.353015630837632e-09;3.6585385843708164e-08;1.0485560198820645e-07;1.961135441019881e-07;2.793371823593731e-07;3.079554442518101e-07;2.7344341004765585e-07;2.150406536714393e-07;1.705717878632729e-07;1.4958242252012113e-07;1.3649757404037105e-07;1.0794367125854713e-07;7.112112513043186e-08;5.1045687513528655e-08;8.407197884741808e-08;1.8347467474919548e-07;3.267685866195338e-07;4.390544012880809e-07;4.3179047738313705e-07;3.102337619748849e-07;1.6283504546211504e-07;7.03031405785553e-08;3.8724472064892016e-08;6.04773598432224e-08;1.3552304044724258e-07;1.995900851406175e-07;1.8893286848456938e-07;1.1569154389377517e-07;4.854407236727894e-08;2.1930536148181526e-08;1.612165186482e-08;1.8681154290696284e-08;4.2686100474634126e-08;9.763064458660685e-08;1.456846679393606e-07;1.396444593838073e-07;8.567288116784337e-08;3.3752751720333185e-08;1.9357896611715032e-08;5.718898411361165e-08;2.055756422148409e-07;6.766319062006071e-07;1.7201268311903409e-06;3.490016411491109e-06;5.90684487220802e-06;8.598844053240856e-06;1.1626996845211643e-05;1.4877334113642486e-05;1.8283408001062847e-05;2.178507102965072e-05;2.4863768576987016e-05;2.739079329092495e-05;2.939975689969597e-05;3.0981016993655405e-05;3.225246134600172e-05;3.3084755599018775e-05;3.336326252519104e-05;3.302909548673539e-05;3.212936346768124e-05;3.059255516441337e-05;2.888644600640457e-05;2.762796718284401e-05;2.7075641765845182e-05;2.716402020116769e-05;2.7469091145641247e-05;2.758785961562301e-05;2.7200646071257017e-05;2.642249174915145e-05;2.556569174987498e-05;2.4920948467732774e-05;2.457039386243349e-05;2.4442585265959124e-05;2.445655519692794e-05;2.4423294146060976e-05;2.437352822226657e-05;2.421453479247456e-05;2.3961159490856045e-05;2.367592939922389e-05;2.3428435308533116e-05;2.3339376680056336e-05;2.347513344075396e-05;2.379744857766237e-05;2.415203914561465e-05;2.4248079020372266e-05;2.3947965037828843e-05;2.3314585831320792e-05;2.2557141118759867e-05;2.1884296723747853e-05;2.128230380332869e-05;2.0778419765902877e-05;2.0316009951614955e-05;1.9850760191130173e-05;1.938924393215727e-05;1.8974635415112133e-05;1.8775271852225876e-05;1.8839320756717902e-05;1.902419503860818e-05
1679.846963048898;2.869608294777424e-08;6.803767485307794e-08;1.0771788469896229e-07;1.1573493032080809e-07;1.031045843421889e-07;9.766354397949117e-08;1.3973171263519457e-07;1.981199438093057e-07;2.2271815464697626e-07;1.9426278195488242e-07;1.387313345485282e-07;9.52500612122064e-08;7.345176600428322e-08;5.7162033436605945e-08;4.092463339058757e-08;2.757382794146576e-08;2.3669623218260967e-08;4.1149892232019166e-08;8.414435157259598e-08;1.4071406654369684e-07;1.771973667323506e-07;1.6214398227464086e-07;1.1061123195584232e-07;6.751395425578396e-08;4.885282923908489e-08;4.8630622885444984e-08;5.36823986803878e-08;7.784046134874736e-08;9.139478890184514e-08;7.938574994341948e-08;3.8532155887703165e-08;1.3047995323920588e-08;5.701440319164124e-09;3.5841182459774166e-09;4.509844373267981e-09;1.8767803953601233e-08;4.811298720533555e-08;7.383399443456389e-08;7.108358715970237e-08;4.3794324444001025e-08;1.7987940946636782e-08;1.1850487467992916e-08;5.772011080733043e-08;2.1506921726456317e-07;6.780891906927714e-07;1.6952381550144937e-06;3.52336300076017e-06;6.147991461527338e-06;9.212470061856048e-06;1.2393500548678096e-05;1.5713409647199148e-05;1.911812542905749e-05;2.259920365905793e-05;2.5661095578958628e-05;2.78504372733446e-05;2.928940241228488e-05;3.027083841058975e-05;3.113177947079635e-05;3.199206282228751e-05;3.277011647247772e-05;3.342721502649046e-05;3.3539479356595574e-05;3.284592703074011e-05;3.1528599357041435e-05;3.004127435312168e-05;2.892223216365607e-05;2.823173580864068e-05;2.772676455767866e-05;2.711803590483267e-05;2.6376659663519477e-05;2.556968663072821e-05;2.489024901573645e-05;2.4473814582662588e-05;2.4510773498783112e-05;2.477909647995017e-05;2.502872726855172e-05;2.514795599766676e-05;2.51615603220367e-05;2.516679962976269e-05;2.5091036972646977e-05;2.496082388409228e-05;2.485046258873766e-05;2.4627157446547905e-05;2.448516328409117e-05;2.4359651113288105e-05;2.4228933398975413e-05;2.4015131599823933e-05;2.3685814513110748e-05;2.32481553732885e-05;2.2679918948671672e-05;2.1943829741311537e-05;2.100570986968776e-05;1.993782568645509e-05;1.8925904533497795e-05;1.809634095762659e-05;1.7515149232759438e-05;1.7281968387913237e-05;1.7408125427036914e-05;1.775405253437056e-05;1.8093501533267086e-05
1681.438699143153;7.055347074602352e-08;1.4771001350251925e-07;2.2081879140807413e-07;2.3065457756231878e-07;1.758230854186232e-07;1.1563831336468423e-07;9.049773473754483e-08;8.94720889836762e-08;8.46784383749599e-08;6.627779671585227e-08;4.2200986734668115e-08;2.437596633579579e-08;1.6133035216111616e-08;1.0942957528540448e-08;7.708309877100405e-09;5.676324728431585e-09;4.536045179094354e-09;3.112341308571616e-09;1.7562282550593542e-09;1.4682285755083103e-09;2.496538134541824e-09;5.963071847225743e-09;1.613301285139605e-08;3.9448473891480656e-08;6.631189534182529e-08;7.600768375249076e-08;6.168536827739483e-08;3.5528041880430545e-08;1.6684434395689296e-08;8.998953820365063e-09;6.478155646890407e-09;4.5694798997628285e-09;2.470820760192667e-09;1.5053115886836236e-09;1.1908017385005908e-09;1.8865964321381987e-09;4.749057772567605e-09;1.3055493999964192e-08;3.3122847189261246e-08;4.990955826442293e-08;5.5568071362124887e-08;4.7630402085519424e-08;5.926120919645613e-08;1.548770324868846e-07;4.553417903481638e-07;1.3269047367020118e-06;3.1458957713165403e-06;6.019905489022146e-06;9.692373531037394e-06;1.338675931571668e-05;1.6796843730942243e-05;1.9876651346726677e-05;2.2705946877138377e-05;2.5395917995842614e-05;2.7533330317561845e-05;2.9041610725814683e-05;3.0234144507266863e-05;3.1211295144371647e-05;3.221712804455797e-05;3.3274345876104504e-05;3.4213581215687835e-05;3.466183167329632e-05;3.432029856010075e-05;3.3277339486921146e-05;3.1786929316907496e-05;3.0163579786277195e-05;2.870188137311581e-05;2.7713684101093587e-05;2.716796008454232e-05;2.6926012412371697e-05;2.6760253842258768e-05;2.6487061486343996e-05;2.6126740138612213e-05;2.5746005428502717e-05;2.539196604470197e-05;2.51642718990875e-05;2.4965144714054944e-05;2.482669577209766e-05;2.4729931722518948e-05;2.4568268337974077e-05;2.4297694678567008e-05;2.4102800242948567e-05;2.398342419171029e-05;2.3849573978101157e-05;2.357758201679732e-05;2.3137146697688643e-05;2.2631875117992283e-05;2.223687511967992e-05;2.2021513447620407e-05;2.1976538859460936e-05;2.1810128783809683e-05;2.1449451938829748e-05;2.078404938132913e-05;1.989599112172301e-05;1.9033341441181825e-05;1.8412202772724544e-05;1.808164438748481e-05;1.797039279258254e-05;1.7863658528148626e-05;1.7914180061457005e-05
1683.0297888000568;5.5031355016717475e-08;9.13529876908984e-08;1.2383722072137704e-07;1.3179281235737869e-07;1.2516161238979404e-07;1.0892000818954005e-07;9.172927654082225e-08;6.704967345911908e-08;3.903249726736402e-08;2.5586375227277653e-08;2.3674844984407628e-08;2.3476831209206485e-08;2.0099021637690472e-08;1.2762569760501955e-08;6.1109137757889e-09;3.501001308266487e-09;2.913279937813526e-09;2.3758449392549555e-09;1.878793669817077e-09;2.2038048824759307e-09;6.907662131451419e-09;1.7637067965343723e-08;3.04346201963777e-08;4.2408178070597254e-08;5.5789706676719785e-08;5.3509083042621364e-08;3.841379036343963e-08;1.6027460146945145e-08;8.355161070322607e-09;6.9386635972577106e-09;6.199088324221398e-09;4.587770940459644e-09;3.5130815705446593e-09;5.076948806161509e-09;9.461008009092249e-09;1.4021362827838625e-08;2.0529836355178623e-08;3.5877604233318585e-08;6.48492821003478e-08;9.807363774086825e-08;1.0827923481556025e-07;8.731962022499282e-08;6.075622962092485e-08;1.040578807776454e-07;3.6100418571360573e-07;1.285363577891637e-06;3.250961300829117e-06;6.367247086722996e-06;1.0210447472948071e-05;1.4026638098751829e-05;1.730778936410567e-05;1.99575736222327e-05;2.235171562254924e-05;2.4816180237111458e-05;2.719268166028937e-05;2.929835439336e-05;3.103922444886935e-05;3.244513559590159e-05;3.35164066372544e-05;3.422953808835079e-05;3.459993544712091e-05;3.464413223975809e-05;3.434686631634778e-05;3.366126604705677e-05;3.265521853521644e-05;3.13440122447279e-05;2.972333274865047e-05;2.844326373832014e-05;2.785790702083663e-05;2.7838670344852056e-05;2.801046715542588e-05;2.791586591336012e-05;2.733625993249683e-05;2.6365334514830897e-05;2.527620330828282e-05;2.442009101395373e-05;2.3986229060667044e-05;2.3970532557301507e-05;2.402830631232466e-05;2.3948842207865028e-05;2.3560051500608165e-05;2.2957335630008165e-05;2.2435905200208523e-05;2.2130449408148174e-05;2.20526718327226e-05;2.1976209190360263e-05;2.1979375716437943e-05;2.19892450739374e-05;2.194610310213143e-05;2.1941286202382064e-05;2.2028644069870624e-05;2.2213001069813477e-05;2.2354557382342744e-05;2.229329837357609e-05;2.201254193341979e-05;2.1553312277887958e-05;2.098845535855172e-05;2.0323576534384674e-05;1.970068496142534e-05;1.927318735752948e-05
1684.6202320863958;1.5857555202190178e-08;2.047690448494857e-08;3.0611499249435605e-08;4.718309667677826e-08;6.591033429893506e-08;6.795149243286521e-08;5.5936861757182556e-08;3.521434030618532e-08;1.8288008166813544e-08;1.6341969424987662e-08;1.767384450959928e-08;1.7715720596145985e-08;1.2498819523780518e-08;7.249483446215956e-09;3.665360216080862e-09;2.6913839225469523e-09;4.6886919843288235e-09;9.98020122389984e-09;2.578255438545089e-08;5.981045040933506e-08;7.72574398204355e-08;7.830908190083938e-08;6.435057220472928e-08;4.722018086347592e-08;3.466545124781236e-08;2.4719282663900164e-08;1.583200009646289e-08;1.00243579599858e-08;7.937231920084522e-09;7.1390052134326954e-09;5.302678303559387e-09;3.8065828592851834e-09;8.299752775887222e-09;2.4798449397945325e-08;4.8357514890319076e-08;6.485517544995604e-08;6.698069710561754e-08;6.072061883055971e-08;5.885891317193301e-08;6.069950029289549e-08;5.981868804704611e-08;4.877099393089535e-08;5.6183717662983866e-08;1.7707650024197508e-07;7.60977479169462e-07;2.0802435575657557e-06;4.241481863021703e-06;7.086698638880632e-06;1.0344764841340269e-05;1.3559236266819425e-05;1.6545238387980815e-05;1.932315977260023e-05;2.211337707619473e-05;2.495510520949922e-05;2.7876279970386012e-05;3.055776534682076e-05;3.2723798724172974e-05;3.428593209358758e-05;3.507635408500244e-05;3.511667046907375e-05;3.45925365298988e-05;3.39419581361096e-05;3.3407685557510134e-05;3.308853013287348e-05;3.273962210889493e-05;3.2055876850797806e-05;3.084954899210516e-05;2.9344856485737156e-05;2.792468627420669e-05;2.703705649068504e-05;2.6683998593656108e-05;2.6601759742603537e-05;2.651424513112274e-05;2.611097099198412e-05;2.5354140654162157e-05;2.445624652507023e-05;2.373547147617648e-05;2.34558416946422e-05;2.3452057666144783e-05;2.351416744288714e-05;2.3369093672903818e-05;2.2828751185461547e-05;2.231400213191808e-05;2.205303002447581e-05;2.204641179085353e-05;2.224780033508933e-05;2.257527484064337e-05;2.277948570366054e-05;2.265267915106027e-05;2.2206770526693283e-05;2.168898911891825e-05;2.136607509359905e-05;2.137986505864141e-05;2.165415877702769e-05;2.2045482358867543e-05;2.222994467349489e-05;2.211012731455856e-05;2.167200688524285e-05;2.136807552833393e-05;2.105777876837971e-05
1686.2100290690178;4.479609454205491e-09;1.5388462727040133e-08;4.017119297469575e-08;6.77763263466944e-08;7.682947261227583e-08;6.341471767190942e-08;4.4563841310186966e-08;4.1681151953453266e-08;5.097903643925582e-08;5.1482975084387286e-08;3.8182309771933815e-08;2.11571515902664e-08;1.123747697901306e-08;1.3674298931631165e-08;2.6412253728008053e-08;3.925035252674665e-08;4.501907218003696e-08;5.0997023933759626e-08;7.739830751057496e-08;1.2139299968592146e-07;1.4721519962984406e-07;1.3330961004704133e-07;8.97926983872253e-08;4.831097140301856e-08;2.6252409015542962e-08;1.82164212162771e-08;2.0837852162480706e-08;2.3715317076767323e-08;2.3250868594250263e-08;1.68779398227911e-08;7.327371265126202e-09;4.131442133750566e-09;1.2206151232295218e-08;3.778766239045154e-08;7.139388070596965e-08;9.391803013420465e-08;9.152754513143645e-08;6.989029239765943e-08;4.901262941214557e-08;3.3921882180443356e-08;2.3607292884863607e-08;1.8030716855847973e-08;5.3944750598020975e-08;2.6246614356512977e-07;9.761861747200234e-07;2.456492985245677e-06;4.661029966279492e-06;7.35394490070607e-06;1.0268700823414793e-05;1.3285047034981323e-05;1.636784085091269e-05;1.960691882695301e-05;2.293625301878736e-05;2.6318962211713425e-05;2.9710196834943274e-05;3.260669519192186e-05;3.460971806143465e-05;3.5690943992118536e-05;3.591853346955467e-05;3.554251128664305e-05;3.4758188402739524e-05;3.394063439801859e-05;3.342200167243764e-05;3.310211986865776e-05;3.274444475883318e-05;3.197176508314534e-05;3.0721627103256645e-05;2.9080801055175147e-05;2.73136127840155e-05;2.5893179181206355e-05;2.513692781386461e-05;2.510788147165221e-05;2.55208273760962e-05;2.5865745049424605e-05;2.589368142748897e-05;2.5511374610994213e-05;2.4942618640313252e-05;2.4414638366253146e-05;2.398006335385453e-05;2.3542536171937523e-05;2.3222073014293375e-05;2.286665338943701e-05;2.256423764406273e-05;2.23520792535651e-05;2.2244034403360988e-05;2.22493131413526e-05;2.2384861127173208e-05;2.2279286079713624e-05;2.188813649402001e-05;2.120408978370097e-05;2.0368797431174013e-05;1.9714241056403772e-05;1.950529799435794e-05;1.97992985792567e-05;2.041318697963801e-05;2.102954682782514e-05;2.1471742213824165e-05;2.167770421084361e-05;2.1737513924477023e-05;2.173663339521131e-05
1687.799179814854;2.569500607924739e-09;7.831603981044944e-09;2.346195582947687e-08;4.5304202501170315e-08;6.844897494458065e-08;7.668531436380887e-08;8.114908771623436e-08;8.879776132392774e-08;9.14277326340533e-08;8.207085257602784e-08;5.269717684502041e-08;2.4718530297304277e-08;1.6162702152489156e-08;2.852032481807897e-08;7.071963042949156e-08;1.2694027917088006e-07;1.6233231713368786e-07;1.5893221198391626e-07;1.354047512621816e-07;1.1375235707759143e-07;1.0303587337690041e-07;8.088137374600489e-08;5.1649770109992954e-08;2.6930000831394e-08;1.4471397302811609e-08;1.7967157448391676e-08;3.9790535217651994e-08;6.504437296389727e-08;7.235998657769097e-08;4.835054084861554e-08;2.4302905283274316e-08;1.1143965262054864e-08;1.1279183382097605e-08;2.022903465253962e-08;3.40244553100417e-08;4.38762732546259e-08;4.3552503894674094e-08;3.735783633819791e-08;3.4062139685036135e-08;4.7166796106319346e-08;7.33930336419774e-08;1.0735720176144625e-07;1.6451025359346074e-07;3.3678368618725734e-07;8.688706374801476e-07;2.1528568621979632e-06;4.373269694168353e-06;7.376137563845334e-06;1.0765377189665977e-05;1.435513026037848e-05;1.803271640770419e-05;2.1715353096871083e-05;2.5381067986528597e-05;2.9008920125733975e-05;3.232223085853417e-05;3.5076452687689134e-05;3.677136902807546e-05;3.7229253365288174e-05;3.662537682896234e-05;3.5605075674460685e-05;3.476698793123633e-05;3.4394148153911675e-05;3.428641672466731e-05;3.397554753661642e-05;3.3172098166189506e-05;3.174897497119148e-05;3.005895493203507e-05;2.8297281643057743e-05;2.684650920993767e-05;2.587436787378233e-05;2.547435859741193e-05;2.5508506635136547e-05;2.5791598251961544e-05;2.6072820730736178e-05;2.6251640621297976e-05;2.6113426686062543e-05;2.5784045844119952e-05;2.5298347772554943e-05;2.4735592850487905e-05;2.4180037857209428e-05;2.3717359391202528e-05;2.3394963729646786e-05;2.2924457501327745e-05;2.2242999821718247e-05;2.167665764319421e-05;2.117691472878977e-05;2.084209989660428e-05;2.0685220269819863e-05;2.0557369087469863e-05;2.023142229950081e-05;1.9818565911188417e-05;1.937592334440971e-05;1.914826829852709e-05;1.9378173587969448e-05;1.984864359132668e-05;2.0393585687454183e-05;2.085370944643951e-05;2.120486489312463e-05;2.131843598472405e-05;2.135898401450333e-05
1689.3876843908838;8.747293541365126e-10;2.099857768952217e-09;6.4735967030131645e-09;2.265643683820157e-08;5.3296734161862827e-08;8.149292473944072e-08;9.116078926435617e-08;8.175562574650268e-08;6.48060828581253e-08;4.6265752670003874e-08;2.6628281749436387e-08;1.2781523321797437e-08;1.0641235825054932e-08;2.49509610300488e-08;6.96486378516418e-08;1.4822189040803286e-07;2.121050007769917e-07;2.136809781791915e-07;1.5560091837572408e-07;8.453637952961167e-08;4.082350467187922e-08;2.0180889873887387e-08;1.2933802574180565e-08;9.986305855513688e-09;8.489891364021634e-09;2.0153343124855997e-08;5.2286462267058296e-08;8.8602563958912e-08;1.0199570975404266e-07;8.459810196161628e-08;6.103209967497717e-08;5.1886968189146795e-08;4.9406943493070536e-08;4.0818956276555327e-08;2.45587627572221e-08;1.1949772427137018e-08;8.577597705879237e-09;1.0798534128301045e-08;2.0722023962923283e-08;4.554334271380841e-08;1.0069919524194965e-07;1.8129768231617442e-07;2.663582001451674e-07;4.253532256677778e-07;8.56509540197886e-07;2.033514878723049e-06;4.280663942367545e-06;7.513724340079732e-06;1.134977452771677e-05;1.5344254070157556e-05;1.935922410245313e-05;2.334451860438785e-05;2.728137747795319e-05;3.10368313321223e-05;3.4239819905176984e-05;3.657459549387527e-05;3.776354466499482e-05;3.766308642028503e-05;3.6624785134295327e-05;3.526490701914792e-05;3.425792098945534e-05;3.388586099977391e-05;3.3928828038675405e-05;3.3834850817181385e-05;3.315329276614379e-05;3.1591766382799686e-05;2.9680425614731e-05;2.7936985027483603e-05;2.678349547383209e-05;2.634278402331645e-05;2.638132519386667e-05;2.6670271483677804e-05;2.6878260581470585e-05;2.666995091120191e-05;2.616929874103257e-05;2.545350901109174e-05;2.487666230417645e-05;2.4597835797800823e-05;2.47153841694898e-05;2.4927948163704425e-05;2.4902225993061236e-05;2.454922239922163e-05;2.3713503307517023e-05;2.2568565336830905e-05;2.148344992213881e-05;2.079843786941763e-05;2.065942056248299e-05;2.092129191143302e-05;2.123198822822832e-05;2.1377571765285944e-05;2.1211816130363212e-05;2.0858075010097616e-05;2.055170071159909e-05;2.03904371098279e-05;2.038236569725787e-05;2.045104749002417e-05;2.050880750887432e-05;2.0609721527948475e-05;2.066664488092533e-05;2.07596390065088e-05
1690.9755428641763;1.0164186987866157e-07;9.140197740196233e-08;6.803516696505834e-08;4.6637608775661764e-08;4.3743978860384943e-08;5.2458310722933255e-08;5.5574408974947796e-08;5.437220579888345e-08;7.086107947254431e-08;8.234276322334694e-08;7.849030533562667e-08;5.525614157237977e-08;3.012507352536398e-08;2.2466736253006988e-08;3.714851165943192e-08;7.26673343190466e-08;1.0444677988120974e-07;1.064459077974048e-07;7.788772662890097e-08;3.6141694357162065e-08;1.4446158705494068e-08;9.458248360269742e-09;1.1477622088652092e-08;1.2892137917208758e-08;1.181683690805066e-08;1.6466474370161583e-08;3.370111904387205e-08;6.568701321426808e-08;9.574972185282745e-08;1.235680514975219e-07;1.2729068300298797e-07;1.2349624377635233e-07;1.0910390563581961e-07;8.420361544101351e-08;5.0002813706262495e-08;3.221231103041629e-08;4.0801858760527065e-08;5.231259817526888e-08;5.226907573477757e-08;4.893666271258794e-08;7.646439127786814e-08;1.478123214273227e-07;2.5434919683477224e-07;5.36455090676671e-07;1.1175836012665806e-06;2.3289834974443025e-06;4.337768777624159e-06;7.193630530392721e-06;1.0726981689701557e-05;1.4683094795067136e-05;1.8890828314419188e-05;2.324352614669462e-05;2.762171667041701e-05;3.1731028342612354e-05;3.505656520290299e-05;3.70588145627304e-05;3.767954580315635e-05;3.725742631778565e-05;3.627017687602354e-05;3.511377778549026e-05;3.434114884056611e-05;3.4156702748139265e-05;3.4000406340935874e-05;3.3527430148265774e-05;3.256994321484586e-05;3.110410147816695e-05;2.926806026094004e-05;2.7815939336316315e-05;2.683369304626002e-05;2.659937180724216e-05;2.6915121108300247e-05;2.7430817735589288e-05;2.766938852529333e-05;2.722812746918305e-05;2.612686336664105e-05;2.48561551969703e-05;2.4051788758149148e-05;2.3954665976963184e-05;2.447172941787896e-05;2.501272198818286e-05;2.505717412620649e-05;2.4403552943481045e-05;2.3264651609289068e-05;2.21490791213927e-05;2.12819136413912e-05;2.1049508270871495e-05;2.129265487955744e-05;2.1722805177836277e-05;2.2118144346817516e-05;2.236827394220497e-05;2.238112170890869e-05;2.221141188551601e-05;2.1985753614293e-05;2.172708223119446e-05;2.1510059834254222e-05;2.1318704424098664e-05;2.1050157196135805e-05;2.086162826682745e-05;2.079487522931872e-05;2.080215416210572e-05
1692.562755301857;2.0359584466631265e-07;1.814324188860525e-07;1.319485113160338e-07;8.05100402950198e-08;5.998344004907825e-08;6.948298006919787e-08;9.374581524462068e-08;1.2364786106438085e-07;1.588764523293228e-07;1.784502311160209e-07;1.613379191156874e-07;1.1162181101192459e-07;5.8160112755796066e-08;2.9252727475426897e-08;2.2378378516612705e-08;2.5779448511621432e-08;2.8048904970436053e-08;2.2609572274590077e-08;1.2870751168857404e-08;5.838642221037354e-09;3.441021859242607e-09;4.502398330976904e-09;8.820611292652577e-09;1.3237056744823605e-08;1.3545729239479498e-08;1.0677069111117692e-08;1.33774013355121e-08;3.9908791780458507e-08;9.560768058647413e-08;1.4639055059229005e-07;1.592844331649733e-07;1.322808911487343e-07;9.138846203832132e-08;5.95562864408376e-08;3.78433848400835e-08;3.9229030359399656e-08;6.586652096038268e-08;8.706045968563034e-08;8.10232572209267e-08;5.5018723992094273e-08;5.5891032051509686e-08;1.2353769595635254e-07;3.069311603471729e-07;7.060030810349124e-07;1.429354916804037e-06;2.6269098850563755e-06;4.349311030719901e-06;6.748266110790347e-06;9.996229076754064e-06;1.409565901822014e-05;1.889480411677051e-05;2.365976388529121e-05;2.8237330453439143e-05;3.236762367656776e-05;3.5654106889293235e-05;3.770084871653361e-05;3.841921087594729e-05;3.809221055057205e-05;3.735136571679657e-05;3.667914672278797e-05;3.624424627972704e-05;3.590370155231259e-05;3.5178681241544656e-05;3.374033081828172e-05;3.181222295896844e-05;2.994808567769409e-05;2.859716190011956e-05;2.7803134747717556e-05;2.746207856309367e-05;2.7540709988295e-05;2.7816726315720085e-05;2.8049928166784013e-05;2.7996497869935235e-05;2.7604250077690163e-05;2.676533800497045e-05;2.5827889987971847e-05;2.5018932823187997e-05;2.447349297332827e-05;2.4185473539781653e-05;2.3950995719324693e-05;2.3448909900750943e-05;2.2803343459033853e-05;2.213723422530489e-05;2.163403667537531e-05;2.140625411500281e-05;2.1380661185517637e-05;2.1454984851982937e-05;2.162274077991432e-05;2.193998008404409e-05;2.2187655561701908e-05;2.242397819665629e-05;2.248391021843864e-05;2.2330531899469244e-05;2.213730339449104e-05;2.1884547654433856e-05;2.161178236810839e-05;2.136870524502737e-05;2.1187241198318736e-05;2.1126314148604985e-05;2.1089724284910185e-05
1694.149321771125;1.0286596634602397e-07;9.134951012967181e-08;6.930487297709341e-08;5.4937464958196764e-08;6.566592507005597e-08;1.0489507981572273e-07;1.4599089535302058e-07;1.667388905612786e-07;1.5646012731172924e-07;1.2940155305691985e-07;9.7646495495433e-08;6.363909257555991e-08;3.394643857314289e-08;1.8550705748091267e-08;1.5034455164019993e-08;2.274891405448982e-08;2.911348160409919e-08;2.568488755244239e-08;1.5212372444288068e-08;6.4427341695898825e-09;2.962457957590073e-09;2.7174466886237227e-09;4.711547840951048e-09;8.014982212810085e-09;8.524411597702237e-09;5.6942425969040855e-09;5.139592904668701e-09;1.540643263655825e-08;4.85380065169765e-08;7.342868617277778e-08;7.494577949057886e-08;5.3071107907093715e-08;2.766406420835213e-08;1.540432993077875e-08;1.3700134694270866e-08;2.290850973771455e-08;3.929813009221201e-08;4.8249284920686534e-08;4.3671662232685893e-08;3.021931323143716e-08;3.1525016195132023e-08;8.766655426301394e-08;2.713851740749233e-07;6.794065805094926e-07;1.4686603436274048e-06;2.797018036308899e-06;4.632191070873222e-06;7.331067960952293e-06;1.1043963920412032e-05;1.5722356280986067e-05;2.085115424554445e-05;2.5672953298784e-05;2.985631680603148e-05;3.3455183738991724e-05;3.639999286560428e-05;3.866924486943908e-05;4.008113705148761e-05;4.042490024155847e-05;4.002355019965725e-05;3.9051401881255504e-05;3.799646668857912e-05;3.6772124928762816e-05;3.505441029684161e-05;3.2891152750533163e-05;3.057458290366876e-05;2.8915099002376904e-05;2.8320748260925524e-05;2.8541999273877007e-05;2.9106916078651076e-05;2.9429928343922303e-05;2.9319539791781198e-05;2.885368108060911e-05;2.8184494363945163e-05;2.74933002701001e-05;2.688398988514372e-05;2.6389052726082663e-05;2.588615631110729e-05;2.5193861817926936e-05;2.4388170054885532e-05;2.3494333384385096e-05;2.2853145781426698e-05;2.26022619269469e-05;2.266184087804097e-05;2.2752855376893524e-05;2.277788678093413e-05;2.2653644625117467e-05;2.2399144365266696e-05;2.213510397887232e-05;2.2085695000571e-05;2.226183619826007e-05;2.2541682409331947e-05;2.27093695804583e-05;2.264448560978328e-05;2.2226960671624855e-05;2.1649767282160275e-05;2.112319141350504e-05;2.087924712839544e-05;2.074062196345248e-05;2.0756200400940192e-05;2.079495699197428e-05
1695.7352423392513;1.68496919083612e-09;9.176905036676021e-10;2.408885182741738e-09;1.0482150468710008e-08;2.8672183441186887e-08;6.28576937753979e-08;1.0136729359516433e-07;1.1693994929080153e-07;9.446351456974917e-08;5.298812578303809e-08;2.3961616074328213e-08;1.0758622915979973e-08;5.979582325550174e-09;4.526747799041251e-09;6.5362334795398635e-09;1.1584247775496388e-08;1.548984235980643e-08;1.4043877735093181e-08;8.457186477907436e-09;3.5734979094136283e-09;1.6673514934897202e-09;1.7276583388688111e-09;3.35267502413385e-09;7.327228876444833e-09;1.691162699344979e-08;3.432120005345217e-08;3.7753021778515947e-08;3.03889686387093e-08;1.9460462390531094e-08;1.1585242558499396e-08;6.913416270594708e-09;4.15214703480115e-09;3.948329239847476e-09;7.800905226226396e-09;1.3901103856542521e-08;1.8696346473000283e-08;1.9352069617440752e-08;1.6112655312429723e-08;1.0762293639307548e-08;6.360913788219026e-09;8.445219687569702e-09;3.609488907891495e-08;1.6306930570749844e-07;5.696902024522012e-07;1.6105839692753976e-06;3.478089857206845e-06;6.113698138099496e-06;9.42638943177521e-06;1.3226665547522342e-05;1.7510704670284408e-05;2.203726371052254e-05;2.644782754297093e-05;3.0493446254304466e-05;3.4032755989783106e-05;3.70201663886964e-05;3.943576469684182e-05;4.104420420783438e-05;4.150548677725101e-05;4.088342631396011e-05;3.949590706125562e-05;3.779119826983464e-05;3.597273295774402e-05;3.40352338545533e-05;3.214560843743488e-05;3.045527174197508e-05;2.9426081200868165e-05;2.926348288458348e-05;2.974564800747193e-05;3.042613397100268e-05;3.0665648427956544e-05;3.02752964252451e-05;2.932489748570608e-05;2.805628336993213e-05;2.6762233032053952e-05;2.5715572710045654e-05;2.511936261843522e-05;2.4853836316275612e-05;2.465069848718281e-05;2.419010021334472e-05;2.3631452542874096e-05;2.3238980090777e-05;2.3127287537481405e-05;2.3327268060050376e-05;2.3659393815696977e-05;2.370770288668545e-05;2.342705091820248e-05;2.2869858169670296e-05;2.230282524902291e-05;2.191743088153473e-05;2.1882181907789428e-05;2.204057859876756e-05;2.2143569498805025e-05;2.215087272104498e-05;2.1781796563483824e-05;2.124099204483401e-05;2.07405407906466e-05;2.0397611194291556e-05;2.0288702745761888e-05;2.0338411862208903e-05;2.041836492090357e-05
1697.320517073567;2.5340207645566716e-09;1.2026855707929232e-09;4.728195372734266e-10;1.9076741652807767e-09;7.989929962799201e-09;2.852323293652873e-08;7.113058231046707e-08;1.1150458132544989e-07;1.1419820584297729e-07;7.90006084762465e-08;3.830558149821768e-08;1.7267375413658782e-08;1.4897908321808208e-08;2.4746538796328805e-08;3.7222792566948436e-08;4.1080769014084714e-08;3.0724874869940475e-08;1.4426617715719846e-08;6.645392444110834e-09;3.835788625018056e-09;9.071222782510516e-09;2.5782331573093557e-08;4.708270590945799e-08;7.064519801274956e-08;9.525736692276825e-08;1.1330116699784525e-07;1.0880606159109328e-07;8.107589787075576e-08;4.7072445098427855e-08;2.3137547765868668e-08;1.2319363651017035e-08;7.6841348491645e-09;7.783579345851186e-09;1.2911659813703022e-08;2.1046059280488453e-08;2.432006383224211e-08;2.1546469830389243e-08;2.2163121845789586e-08;3.2467356605504225e-08;5.111649692095016e-08;6.781822053876627e-08;9.185306931779893e-08;2.1707981442808497e-07;7.149209847005407e-07;2.024913928869132e-06;4.377029613987358e-06;7.610437984462657e-06;1.109264799910444e-05;1.4618815802619656e-05;1.8216934910088504e-05;2.1961422339148407e-05;2.5911556952880628e-05;2.997826977728937e-05;3.392656000097604e-05;3.736188323380024e-05;3.981157937028709e-05;4.094971257556399e-05;4.090871559575241e-05;4.016709308070982e-05;3.922996564114552e-05;3.840117990159092e-05;3.73642365395728e-05;3.622127487515411e-05;3.471786552347888e-05;3.300816841562996e-05;3.147462744434095e-05;3.052325065751868e-05;3.004106365611444e-05;2.9932476778211784e-05;2.9813974399988512e-05;2.941578175906625e-05;2.8658681637224416e-05;2.760199586868976e-05;2.6466206035240346e-05;2.5502605778126423e-05;2.4849314330219628e-05;2.4404296775597792e-05;2.4011891207798048e-05;2.342218801627769e-05;2.287140555269696e-05;2.2569102103294163e-05;2.277307605230237e-05;2.3235537690998737e-05;2.379968662149682e-05;2.38573525253919e-05;2.3338754809604986e-05;2.2483591200708826e-05;2.170037061251108e-05;2.125207393802927e-05;2.120583361419121e-05;2.1407663175609087e-05;2.1536918576111925e-05;2.142370206020774e-05;2.105198848932861e-05;2.0417176760984408e-05;2.005550174864974e-05;2.0025892442518268e-05;2.0309575380266396e-05;2.0603022879301117e-05;2.088406770866884e-05
1698.9051460414776;7.956394888224024e-09;5.223298370824318e-09;4.291649116946951e-09;5.840262502322436e-09;1.0157155849417606e-08;2.466366155322543e-08;6.100841390974527e-08;1.0030091801051264e-07;1.0908861008147797e-07;8.073181219504563e-08;4.0040745222164595e-08;2.20628631850646e-08;3.380027736632233e-08;7.024692223361641e-08;1.084842436204385e-07;1.188045823938817e-07;9.37564277903626e-08;5.3397531097902284e-08;2.3957500926273602e-08;1.382358897793787e-08;2.6284116404127333e-08;6.452503914081863e-08;1.1762644298655257e-07;1.6167115888791318e-07;1.7712202775247245e-07;1.5878118494161037e-07;1.252276929194902e-07;7.99808132809751e-08;4.315643814949539e-08;2.2338098926767463e-08;1.3397881431300932e-08;1.0001965146917616e-08;8.795097467336907e-09;9.862258786463617e-09;1.227745784213883e-08;1.2691744353353915e-08;1.2901203422261355e-08;2.37362610518058e-08;5.4964119529323975e-08;1.0067630537521393e-07;1.377505250198841e-07;1.6075692578901729e-07;2.6992981377090924e-07;7.726782390046218e-07;2.104733616097928e-06;4.486668082121007e-06;7.692062037164861e-06;1.1324845342710852e-05;1.5148493910291484e-05;1.9112261804329026e-05;2.304929550384557e-05;2.7301824666075463e-05;3.147501867155333e-05;3.557189170994613e-05;3.927464809318992e-05;4.19127463017116e-05;4.3144990678860295e-05;4.324113803597394e-05;4.271297279342899e-05;4.2047726852578274e-05;4.127827227889385e-05;4.031687001362095e-05;3.88499978126301e-05;3.7078433864769245e-05;3.488816632084763e-05;3.282708151163943e-05;3.1309989878626314e-05;3.0213020527623e-05;2.942580470469776e-05;2.8792763606422653e-05;2.831283274968677e-05;2.7903265198695463e-05;2.746855882413285e-05;2.7071660713712656e-05;2.672900092448587e-05;2.636566169408216e-05;2.590950157489521e-05;2.522277577735904e-05;2.434432601738289e-05;2.3506924826728147e-05;2.3070813019091355e-05;2.322561123476428e-05;2.3812813258528746e-05;2.431835258073168e-05;2.427594768925967e-05;2.3584623484514163e-05;2.2470830995251703e-05;2.1386311642971854e-05;2.074293926016371e-05;2.0729847819532303e-05;2.1173013137559063e-05;2.1620153339814987e-05;2.1517830843539487e-05;2.10172812833571e-05;2.042280069967339e-05;2.0145698849187545e-05;2.0316813094362175e-05;2.079302294555463e-05;2.1263093629219608e-05;2.158163966018443e-05
1700.4891293104483;1.7561529555697528e-08;1.2420280392666398e-08;9.687910925178566e-09;8.731089130143012e-09;7.786395049229186e-09;1.1138765722668983e-08;2.3237482402204747e-08;3.64584107857336e-08;3.8748487778673805e-08;2.8413407107793143e-08;1.4451059584529369e-08;1.2901408677954348e-08;3.406990809088659e-08;7.447105221686351e-08;1.183560917709521e-07;1.4307655394890157e-07;1.328026013491146e-07;1.0646133480257721e-07;7.045338873112605e-08;4.4156712500304064e-08;3.861048964475269e-08;6.328651398902706e-08;1.0719504992474416e-07;1.4062668788335018e-07;1.398780644755498e-07;1.0730741845938268e-07;6.846936742827759e-08;4.201730410686627e-08;2.968152453063125e-08;2.558067462411936e-08;1.9568695381523323e-08;1.2686457326185053e-08;6.951755473644019e-09;4.314528781167224e-09;3.968676384421576e-09;5.42090898078413e-09;9.0190864111349e-09;1.879354061737865e-08;3.715407299029994e-08;6.114061904634882e-08;7.866499832006368e-08;9.806544347013443e-08;2.2053959904809545e-07;6.86039439992501e-07;1.914671815292544e-06;4.201011601667626e-06;7.480007661806837e-06;1.1469695694565791e-05;1.5803835869105123e-05;2.036375360223084e-05;2.505639187222916e-05;2.9824112572561005e-05;3.4450729945733046e-05;3.872341984428167e-05;4.241335512155806e-05;4.511759685642083e-05;4.660071229887704e-05;4.696683300905304e-05;4.638699259422449e-05;4.521232507693785e-05;4.3148525195349695e-05;4.058351758314547e-05;3.78332260955253e-05;3.5329311197050354e-05;3.337347731606747e-05;3.209805714786997e-05;3.133034768540843e-05;3.06743443610719e-05;2.9980660662423305e-05;2.935645091677474e-05;2.8758079008362825e-05;2.822623289647579e-05;2.7790013018123512e-05;2.741075653451408e-05;2.7101075097845918e-05;2.685014909551183e-05;2.6583459870887314e-05;2.6157764452614804e-05;2.5500406387318734e-05;2.4713342956272585e-05;2.4092880659888444e-05;2.37002940130576e-05;2.373766110731433e-05;2.3791986586168792e-05;2.366437687665106e-05;2.317960745379699e-05;2.234922924706263e-05;2.139028812060173e-05;2.0635680708403044e-05;2.0342878333627085e-05;2.0327442948066217e-05;2.043380625076509e-05;2.04852676915544e-05;2.063026909759968e-05;2.119387223411129e-05;2.1900811056003307e-05;2.2442235389527283e-05;2.2674008077669345e-05;2.260158828864856e-05;2.237953303138879e-05
1702.0724669480333;3.82730504049825e-08;2.425734987642317e-08;1.3389525477456331e-08;7.975687547401381e-09;5.000097977634326e-09;2.918263771907775e-09;2.4808176821051256e-09;2.640591368461203e-09;2.117625087482806e-09;1.3308885707962246e-09;9.070903439432747e-10;2.93415738230927e-09;1.2847805313578738e-08;2.8302302400479078e-08;4.956543731561134e-08;7.82735004966188e-08;1.0428163107184023e-07;1.1338291774799077e-07;9.705672468264553e-08;6.452680820854717e-08;3.7405109636910935e-08;2.8379761272433622e-08;3.6692795392762025e-08;4.7001277061620175e-08;4.7538423766915136e-08;3.627661539470096e-08;2.477447446946572e-08;2.5282842748319868e-08;3.014575426768167e-08;3.1965677232212265e-08;2.565956207934843e-08;1.4414980394727738e-08;6.110008956496168e-09;3.116686576371054e-09;5.509875399029614e-09;1.3001011897436968e-08;2.220821328507681e-08;2.7502131458414998e-08;2.6764874530704256e-08;1.9447021412859465e-08;1.3409811783222569e-08;4.922092003634412e-08;2.387093758072352e-07;7.968446440245667e-07;2.076424994349775e-06;4.352160513985946e-06;7.633789865697004e-06;1.1682328641800376e-05;1.619660512612129e-05;2.103400872983903e-05;2.6161609909988676e-05;3.147378221549288e-05;3.671387386772318e-05;4.140054535574067e-05;4.4916393286131406e-05;4.717254233026064e-05;4.8237032487375365e-05;4.82495835158132e-05;4.721662807521112e-05;4.534295801895948e-05;4.284265055237882e-05;3.988430257524037e-05;3.6816866515457445e-05;3.4115155665049245e-05;3.235343330557904e-05;3.150511636753245e-05;3.104271702974471e-05;3.079384716993034e-05;3.045036044810789e-05;2.9941758966331728e-05;2.9341635604646558e-05;2.872371664656227e-05;2.805105494128503e-05;2.734530422636765e-05;2.673411634077642e-05;2.628870156547615e-05;2.5996240930133737e-05;2.5737432371598226e-05;2.535960798490323e-05;2.47609972905854e-05;2.3975927135522347e-05;2.316299477975707e-05;2.2519046502387504e-05;2.2153622414222365e-05;2.203186710862749e-05;2.2010484845456333e-05;2.195284977919948e-05;2.17327744950446e-05;2.140532583938049e-05;2.08881835166868e-05;2.0255409307145785e-05;1.9691289140756092e-05;1.9640513540304656e-05;2.0389807352774083e-05;2.1811915200744777e-05;2.338321528144252e-05;2.427219898609113e-05;2.419128735409553e-05;2.355521811190868e-05;2.291912376142341e-05
1703.655159021826;6.888032289026516e-08;4.2974843830483815e-08;2.1045737218882076e-08;9.773033264408948e-09;5.360320779248149e-09;4.2123037149561674e-09;4.557634499780114e-09;5.1074216080007715e-09;4.699832385355621e-09;3.2288113110960387e-09;1.6115557961545344e-09;7.876157261231136e-10;7.617684505350568e-10;1.2737835866760603e-09;3.987283328908772e-09;1.4556532002869131e-08;3.6959390933629816e-08;4.9352455637726725e-08;4.768398062776564e-08;3.3580449676766435e-08;1.8153283018817665e-08;5.456029340628959e-09;2.775178311916117e-09;5.907701608012253e-09;1.3425271204727622e-08;2.2099572624528624e-08;2.579199991216288e-08;2.4101965799114753e-08;2.1520125673359635e-08;1.8038380829425665e-08;1.3783028290385646e-08;7.844384084871681e-09;3.348862190289438e-09;2.120900498987574e-09;7.431122394822908e-09;2.300424171900872e-08;4.31523707680385e-08;5.1549607033881184e-08;4.2685737708162016e-08;2.5855623332405516e-08;2.5538659190653992e-08;9.660483131432229e-08;3.491265825489648e-07;1.0074742793381623e-06;2.366839344850646e-06;4.678366521959099e-06;7.959010858704702e-06;1.2026211346252947e-05;1.6521885633643082e-05;2.144504035979478e-05;2.690991314154977e-05;3.2846661785008186e-05;3.876589290414345e-05;4.369440490604689e-05;4.696004515460973e-05;4.862222174034707e-05;4.899613509667981e-05;4.840177371824763e-05;4.697783685518041e-05;4.496556076414057e-05;4.257947622357097e-05;3.997829711427607e-05;3.735385479842489e-05;3.501963332428151e-05;3.330494353022841e-05;3.227379356803338e-05;3.172042499097659e-05;3.13204671751208e-05;3.0837252513621364e-05;2.9959029862065924e-05;2.920995680553716e-05;2.8616567590330495e-05;2.809230182146824e-05;2.7695469767812315e-05;2.7384312965593258e-05;2.7043921315619575e-05;2.6659970370500577e-05;2.6210154029327018e-05;2.5668390634606943e-05;2.4949899073287165e-05;2.400615170023237e-05;2.3089501761324478e-05;2.248396735984051e-05;2.2344659199946892e-05;2.259586516220569e-05;2.291379008251676e-05;2.3015808643517763e-05;2.287945369930263e-05;2.251799700293376e-05;2.210783680262973e-05;2.194304318304349e-05;2.2041016336449555e-05;2.2453242403818464e-05;2.3041162367002115e-05;2.3484415011186567e-05;2.358659948708588e-05;2.3119238193834685e-05;2.243160119173631e-05;2.1946241814980525e-05;2.1744569675796025e-05
1705.2372055995183;5.732719453449164e-08;3.731347130166869e-08;1.9134255065373566e-08;8.414602845060467e-09;4.444775971853341e-09;3.97265134800585e-09;4.710745949536928e-09;6.107851581519712e-09;7.059146548111113e-09;6.350634740536076e-09;4.963489007303303e-09;4.791665891563147e-09;4.918435484479334e-09;4.9149917940914956e-09;3.7200835490812717e-09;1.9943670063163883e-09;1.484911672620406e-09;2.5206406948607913e-09;3.4539066523511102e-09;3.479031624730888e-09;2.4950550364424522e-09;2.555625775686294e-09;7.724883385296043e-09;2.2550882592711265e-08;4.6682262904584665e-08;6.5944853539199e-08;6.610739714632994e-08;4.790826492845721e-08;2.5035240634982894e-08;1.1120883720284985e-08;5.527006000941379e-09;3.353392512142389e-09;4.564642996469603e-09;1.21387071774659e-08;2.965373698882032e-08;5.6557029461485666e-08;7.777151568874213e-08;7.14706730435513e-08;5.089018346885803e-08;2.98835847359165e-08;3.8713449028051175e-08;1.303898921803734e-07;4.077023294199122e-07;1.097291315151009e-06;2.468936536985303e-06;4.801484884833018e-06;8.128537749289445e-06;1.23328361577598e-05;1.7239051814676602e-05;2.2701659222857304e-05;2.8601381436925315e-05;3.4655019627181404e-05;4.0469164477522695e-05;4.509064506195672e-05;4.820340735161974e-05;4.981911281983024e-05;5.00762626299436e-05;4.939083561412077e-05;4.8009982069721694e-05;4.597401461596223e-05;4.34460507846872e-05;4.0653520559811896e-05;3.8002546209210185e-05;3.576587465696355e-05;3.4295880658163374e-05;3.335717575202844e-05;3.275015501621562e-05;3.1662695370111044e-05;3.032814023265705e-05;2.8990562832560623e-05;2.8057115821067288e-05;2.773648558510274e-05;2.7988898502071624e-05;2.845911872726214e-05;2.8728438284694155e-05;2.864114626641531e-05;2.8159294536681448e-05;2.7350846213823085e-05;2.641349229630136e-05;2.5500154227084672e-05;2.469455447348715e-05;2.42035414033707e-05;2.414709397026701e-05;2.4440905630793952e-05;2.4903923007153485e-05;2.4951144820671916e-05;2.452178528518597e-05;2.376333943198364e-05;2.2912777745252336e-05;2.255766854333274e-05;2.279736934924117e-05;2.346600303108519e-05;2.3983541919646938e-05;2.382029824108379e-05;2.2995974094939038e-05;2.171831709008788e-05;2.0548206894686317e-05;2.007840187192869e-05;2.024371605037042e-05;2.0645464672964376e-05
1706.818606748835;1.5938834287150192e-08;1.0890745321774551e-08;5.865929316923074e-09;2.5545233568633903e-09;1.406285101294209e-09;1.310462874950119e-09;1.8101675011727514e-09;3.49399541088877e-09;6.711864633352768e-09;9.21257286836332e-09;9.184967033864356e-09;8.453311862311955e-09;8.920717150610379e-09;9.00016353968287e-09;6.667124216905454e-09;3.149808731026544e-09;1.2328658540063602e-09;1.0567587436326575e-09;1.114344490929125e-09;1.0399559619115987e-09;9.409138540875823e-10;3.312575152232762e-09;1.3712703551013684e-08;3.68873491458291e-08;6.989742465468812e-08;9.392369847631683e-08;9.189488884868268e-08;6.671062928034855e-08;3.590779969056039e-08;1.7270525516060445e-08;8.38810571132728e-09;4.852779386626186e-09;8.168271195564068e-09;2.336412912154416e-08;5.03965290677674e-08;8.027505238007162e-08;9.275588503537804e-08;7.841363081823413e-08;4.903287243966375e-08;2.595345742737205e-08;3.4757910434324426e-08;1.2622091340751698e-07;4.038274882178585e-07;1.121872814522932e-06;2.5251946145201224e-06;4.809795147908287e-06;8.108553558108498e-06;1.2514274499889574e-05;1.801245383406514e-05;2.43562301101317e-05;3.0893854641028456e-05;3.674476943755417e-05;4.167426743807298e-05;4.572869124831856e-05;4.888708130217268e-05;5.107208333743067e-05;5.216809143726265e-05;5.2291043123656784e-05;5.142560535251168e-05;4.939371886688752e-05;4.634105013837792e-05;4.302869035409408e-05;4.022219878059504e-05;3.8277214544123366e-05;3.683544208471671e-05;3.553956670586753e-05;3.3976273134340464e-05;3.186295931552928e-05;2.956994318062581e-05;2.7723940442793205e-05;2.658867914976645e-05;2.6378064763940715e-05;2.684993428145911e-05;2.7499036038792216e-05;2.792349002715088e-05;2.797600458653081e-05;2.769132237844542e-05;2.697091715271504e-05;2.610570966346521e-05;2.5405695808890755e-05;2.492781890013166e-05;2.471490257573322e-05;2.471305923332005e-05;2.478957989954477e-05;2.47922759275287e-05;2.452359012643788e-05;2.3949285414462257e-05;2.323819693119169e-05;2.265957165231526e-05;2.241380059310841e-05;2.2412954695639667e-05;2.2382499027796228e-05;2.2118438553138555e-05;2.143870769374856e-05;2.0499457143682265e-05;1.9585624409491356e-05;1.923526845274488e-05;1.952034094966153e-05;2.005455331211437e-05;2.05215041126868e-05
1708.3993625376024;1.0236660273911174e-09;3.129079108715471e-09;1.1535496352252888e-08;2.388811358152786e-08;3.77572051733562e-08;4.8451078173074977e-08;5.281960151637445e-08;4.879461258146826e-08;3.490380470393885e-08;2.150910143317056e-08;1.2801583409817897e-08;8.35701014654092e-09;7.022327070525716e-09;6.2906132339785065e-09;4.590457938014493e-09;2.455870945347404e-09;1.1637764834097815e-09;7.621853260993271e-10;8.490525601058748e-10;1.168189655368989e-09;1.437224752089944e-09;3.302033345112913e-09;7.719183096524599e-09;1.7812020596054323e-08;3.3428016394291e-08;4.81504758017443e-08;5.33307850782721e-08;4.7989164615635226e-08;3.1289647872182455e-08;1.5895786884403942e-08;6.719001040908236e-09;3.455779109068279e-09;5.2469897268545234e-09;1.4730264571258764e-08;3.3967413016327584e-08;5.996582450888087e-08;8.064751745254584e-08;9.401708360807501e-08;8.193922434162765e-08;5.78808347965866e-08;4.738629852872226e-08;1.137491955566401e-07;3.541130043195813e-07;1.042045276461194e-06;2.4574865634131147e-06;4.782713610016101e-06;8.168953205071285e-06;1.2905840807938056e-05;1.905983520216985e-05;2.614971024763641e-05;3.3160827575627474e-05;3.929728901164312e-05;4.4345841757033e-05;4.856762202381779e-05;5.212927292048983e-05;5.481840313101255e-05;5.642205934956615e-05;5.686425931696135e-05;5.592581005392312e-05;5.342234448850815e-05;4.975468991740719e-05;4.59566637642413e-05;4.287901778888445e-05;4.061452036967351e-05;3.873029770439139e-05;3.670358334847637e-05;3.449651485711876e-05;3.2337498486023624e-05;3.022463832773894e-05;2.834328249340572e-05;2.6858077940233693e-05;2.5802383162222506e-05;2.5348392375924604e-05;2.528076333831225e-05;2.559246913356736e-05;2.60264578907528e-05;2.632420724217688e-05;2.611350069418768e-05;2.5718747796710344e-05;2.522714336184033e-05;2.480974616793583e-05;2.4453444118524367e-05;2.414278089797777e-05;2.39038256056615e-05;2.373416278845661e-05;2.370117295271615e-05;2.377015610765564e-05;2.3625507926851063e-05;2.3343622031500757e-05;2.289085783613287e-05;2.230484502596001e-05;2.161151594908328e-05;2.0922039367935616e-05;2.0392005543918647e-05;1.981293702819365e-05;1.9447012260464337e-05;1.938430729449786e-05;1.959224842894938e-05;1.9846184558741742e-05;2.0037042449940466e-05
1709.979473033687;1.0020526182594544e-08;1.4873840891479952e-08;2.852237584985269e-08;5.3860625597325455e-08;9.040021438655345e-08;1.2922390863112126e-07;1.564187156493677e-07;1.5728600195464914e-07;1.280236853332513e-07;8.429569366323585e-08;4.2709415162885566e-08;1.7868642932856745e-08;9.066558186530456e-09;5.749046361940903e-09;3.9129582245372904e-09;2.8146465175833453e-09;2.600754520843307e-09;5.1390149209121445e-09;1.658494268674846e-08;3.1223567486928497e-08;4.086311409939605e-08;3.914834506115802e-08;2.4164669616627133e-08;9.993534119704951e-09;6.472673855065188e-09;1.2554226945639031e-08;2.4128582272237977e-08;3.128136925987652e-08;2.8833499238391733e-08;1.9186989252396626e-08;1.0199498890852523e-08;5.5172906786067344e-09;3.440719547028031e-09;4.67196871305113e-09;1.2845610792551354e-08;3.3967617789001605e-08;7.241178465534224e-08;1.1019892305273727e-07;1.180401617894516e-07;9.377137287749933e-08;6.047647526795565e-08;7.537079457181299e-08;2.4449667628470213e-07;8.811748494192428e-07;2.3646055826724958e-06;4.997826927435274e-06;8.939072534298595e-06;1.4276919168295136e-05;2.0788688428576625e-05;2.784906213322679e-05;3.4606946157096275e-05;4.078274125169939e-05;4.640173438952475e-05;5.158100447342481e-05;5.592038271699496e-05;5.902909856137172e-05;6.068893802629752e-05;6.082780399854494e-05;5.9116859618728e-05;5.58902853646996e-05;5.19592152543494e-05;4.787213472724383e-05;4.427965530699647e-05;4.115429938411328e-05;3.8351323712104064e-05;3.589202313517536e-05;3.3997693620796616e-05;3.2580603444144314e-05;3.1411453405679044e-05;3.0225674662509293e-05;2.886982455459586e-05;2.7420321229727505e-05;2.6116903460394468e-05;2.530926560295776e-05;2.5110770114295676e-05;2.540154353911279e-05;2.571543603271361e-05;2.5964115119243013e-05;2.60045371203192e-05;2.5812707654579777e-05;2.5578035062321676e-05;2.534658898987485e-05;2.496094752328633e-05;2.451812417934757e-05;2.4228526215350468e-05;2.423298121773083e-05;2.4505781935556625e-05;2.467572779473295e-05;2.438864509737112e-05;2.3576694606064e-05;2.2460099714992013e-05;2.1414439796091813e-05;2.058273930774081e-05;2.0112846860484868e-05;1.99528133894198e-05;1.997386538086775e-05;1.995338730541961e-05;1.9928840231316615e-05;1.986448477235768e-05;1.9803210186301e-05
1711.5589383050465;4.0324740972656664e-08;3.217168860601038e-08;2.8693668395039532e-08;3.799568787574653e-08;6.932960956605638e-08;1.2142125644243926e-07;1.8029182904778505e-07;2.1100727918502202e-07;1.9735378499644e-07;1.4891084067620692e-07;8.830857891660466e-08;4.437860535533482e-08;2.638467516412532e-08;3.510787916893772e-08;5.99927753576767e-08;8.352916996181659e-08;9.087795542107283e-08;8.33442216779798e-08;8.388327206076015e-08;1.0365468042303933e-07;1.3041673303406492e-07;1.4463916358166958e-07;1.3756350896938044e-07;1.1312953660669856e-07;8.033980152756013e-08;5.04460532088448e-08;3.2805864602597806e-08;2.8615142918766233e-08;3.037527121985519e-08;2.7791174007772897e-08;2.1640803771490574e-08;1.3272238934957524e-08;6.4476595445021845e-09;3.65572526722759e-09;4.995922227499674e-09;1.2857159401352649e-08;3.4398978256273155e-08;5.5483314944057536e-08;6.064282859674315e-08;5.025912839606041e-08;3.5315135883016246e-08;4.252132616089482e-08;1.5477488972017997e-07;7.885651489149351e-07;2.4598618044461605e-06;5.692147722029293e-06;1.0582215219988066e-05;1.667568660193196e-05;2.322763485132744e-05;2.9406234854459945e-05;3.532062727608487e-05;4.103090359996794e-05;4.66806592081189e-05;5.23468322878722e-05;5.746245971551211e-05;6.128435872724035e-05;6.307791629890161e-05;6.269624481125509e-05;6.055798557047019e-05;5.720285539919058e-05;5.353028050203064e-05;4.99423074473066e-05;4.634536921263978e-05;4.289867033459888e-05;3.9635922300324894e-05;3.691044168935988e-05;3.458724435684874e-05;3.298651051269975e-05;3.1878257600379974e-05;3.090815606808506e-05;3.0142155138082445e-05;2.954465657274292e-05;2.865178351252868e-05;2.760977549242396e-05;2.6488277536115174e-05;2.552293787190168e-05;2.496045390907514e-05;2.49469536346652e-05;2.516080799568491e-05;2.5558267394455565e-05;2.5947731877941065e-05;2.6189921753467796e-05;2.6082869272635907e-05;2.568612597214744e-05;2.516558058382736e-05;2.47967004357868e-05;2.4513318150825323e-05;2.4309980683002355e-05;2.3861570415367088e-05;2.3052296037561637e-05;2.207461783912065e-05;2.132793808460281e-05;2.108622124897307e-05;2.1285227570226407e-05;2.1728757582870107e-05;2.1940270530481256e-05;2.175096565999041e-05;2.114789578903128e-05;2.045628669818689e-05;1.99787943495307e-05
1713.1377584196853;8.915920577272027e-08;5.30555860633294e-08;2.5284097678692072e-08;1.4723298438709257e-08;2.1857916728721237e-08;4.7018665494766934e-08;9.174717398539745e-08;1.375810453976771e-07;1.5875829835664737e-07;1.4640246777510078e-07;1.1016676259138398e-07;8.236608980873197e-08;7.44457306617779e-08;1.0559139131481245e-07;1.6098729940840724e-07;2.0262354563914908e-07;2.014911374761838e-07;1.6316866443487494e-07;1.282287557257115e-07;1.248370316906648e-07;1.5710675805054757e-07;2.0357411667990098e-07;2.3422900527915378e-07;2.320818748136608e-07;1.8658436323477177e-07;1.2611824939189228e-07;8.097890696226699e-08;6.59611984032411e-08;6.845852231007607e-08;6.805412231913454e-08;5.611080230735892e-08;3.575855194817283e-08;1.762344209151776e-08;8.08084441642133e-09;5.054712863831899e-09;4.5571005124665545e-09;1.3115040690999673e-08;3.9567844918084933e-08;7.202567946748435e-08;8.257477677860288e-08;6.604040975925114e-08;5.3115978889402406e-08;1.0811888692576929e-07;7.39777505895178e-07;2.640416715831672e-06;6.5305903973113486e-06;1.2204784403607523e-05;1.893125178494482e-05;2.5887845227313715e-05;3.228144555157936e-05;3.8400833644316594e-05;4.452598645086094e-05;5.067202569147722e-05;5.678588931869625e-05;6.215074967399243e-05;6.536667040669223e-05;6.572034134013983e-05;6.390886163041697e-05;6.092273167506743e-05;5.762827615501758e-05;5.45063788623012e-05;5.157479302062494e-05;4.872168027803483e-05;4.5394645352954574e-05;4.196961958626553e-05;3.8645056344279794e-05;3.570558330794136e-05;3.338662029993382e-05;3.1624020374214015e-05;3.0536921480937406e-05;3.014543518555028e-05;3.017409435689686e-05;3.0001118193156765e-05;2.905445685983028e-05;2.7473162927614677e-05;2.5723402186234624e-05;2.446748263765572e-05;2.400786648335849e-05;2.4265883066096963e-05;2.501715070075388e-05;2.5765540096937417e-05;2.617208003224928e-05;2.6083585497935976e-05;2.560255784824736e-05;2.494639950304764e-05;2.4267761852898493e-05;2.3676226582339044e-05;2.313204367138392e-05;2.255652022272056e-05;2.1942688828739065e-05;2.1479059128816158e-05;2.152283720848192e-05;2.215498735787886e-05;2.3155238589649517e-05;2.3927508845900125e-05;2.401929860637517e-05;2.345589512895933e-05;2.2381530427768065e-05;2.131143607371395e-05;2.0501054477593503e-05
1714.7159334456885;1.0412145668939152e-07;5.962257500816267e-08;2.6070594901973548e-08;1.2678051356736944e-08;7.354854459214013e-09;7.860153015384717e-09;1.69280359176842e-08;3.992347856783902e-08;6.849733452820276e-08;8.550073006295639e-08;9.103305870005108e-08;9.1738823027435e-08;9.944876953697164e-08;1.2410780713400988e-07;1.5403214567303418e-07;1.6324103500588817e-07;1.3993516726448856e-07;9.900896860112097e-08;6.912074002515035e-08;6.23286877802615e-08;8.048763362353694e-08;1.1797343248397056e-07;1.561775148253796e-07;1.7258058319043296e-07;1.5734278448263457e-07;1.2737456665064113e-07;1.0494075416478485e-07;9.779462514446537e-08;1.041546721557067e-07;1.074692324731873e-07;9.573682910815776e-08;7.27930213687468e-08;5.2876192595690245e-08;4.5092234992667854e-08;4.938912256384715e-08;5.249981225801659e-08;6.226740658075063e-08;1.0087391410180625e-07;1.5201009065036426e-07;1.6262793396445065e-07;1.192170123159107e-07;6.701963575518559e-08;9.18449235915902e-08;7.285396506421894e-07;2.796368278815555e-06;6.853563363090097e-06;1.2668793549230944e-05;1.9609508842430188e-05;2.7181161757516435e-05;3.4960093559826435e-05;4.274038291891089e-05;5.032542438877536e-05;5.7550021873725145e-05;6.417795492704787e-05;6.918155872738376e-05;7.123632947550937e-05;6.994940332969433e-05;6.64165149930433e-05;6.229336579272362e-05;5.842597572643113e-05;5.495171301246536e-05;5.1765688442319214e-05;4.865992374886983e-05;4.548969028865443e-05;4.220459320927505e-05;3.9011128692007046e-05;3.628754005054553e-05;3.41347105164184e-05;3.2508215521638846e-05;3.137710681509923e-05;3.056694365105178e-05;2.992346158078093e-05;2.9102035402314584e-05;2.8056486935726455e-05;2.6920637434999248e-05;2.587799874311461e-05;2.510145968718994e-05;2.484208223710153e-05;2.504508671444916e-05;2.555285458591236e-05;2.6008848853208683e-05;2.5884904257955262e-05;2.535947245316038e-05;2.4621533759954408e-05;2.3991630930254207e-05;2.3554323411456888e-05;2.3283188084981733e-05;2.302889068291596e-05;2.2691764689088435e-05;2.2276518473117244e-05;2.1867299737080854e-05;2.1983158236015365e-05;2.2635326765740005e-05;2.3395024793512304e-05;2.400016197082117e-05;2.4151156964408058e-05;2.362922426221288e-05;2.266259306303912e-05;2.177232281701788e-05;2.110441712802614e-05
1716.2934634511948;4.7603421734276826e-08;2.7691193425347737e-08;1.2770707249168218e-08;6.168621358375394e-09;2.4081324635411803e-09;1.913939021765563e-09;3.769771990625151e-09;9.570102545172008e-09;2.048459676863696e-08;3.0090643272442096e-08;4.16209347995847e-08;4.4282218875143836e-08;4.7209079665926224e-08;5.1368849645148934e-08;5.171891204373825e-08;4.337159332883258e-08;2.8467205928149036e-08;1.7024762646087333e-08;1.4797018510900045e-08;2.019462953259246e-08;2.3620123934911734e-08;2.7952575170430436e-08;3.9125596794963416e-08;4.518786265639181e-08;4.764069410491263e-08;5.1481863971853876e-08;5.836931114293211e-08;6.442422954572168e-08;6.915235642483868e-08;7.199886725592947e-08;7.146770186990984e-08;6.807276619799349e-08;6.95706302826117e-08;8.722028733267087e-08;1.1173679879589525e-07;1.244020616684075e-07;1.2364152559742013e-07;1.2761497933102712e-07;1.3323069103240912e-07;1.1394106328230321e-07;7.366779442508252e-08;4.0509741222926185e-08;1.1560034640360849e-07;8.266145368233586e-07;2.908326974928785e-06;6.748459004715562e-06;1.2213978480751344e-05;1.910054473004692e-05;2.7258751974853942e-05;3.631080966551306e-05;4.566283599793082e-05;5.45301965867616e-05;6.24494239544979e-05;6.914727192758564e-05;7.390006776879342e-05;7.594033209482483e-05;7.490790612934393e-05;7.133322408527023e-05;6.68641388958657e-05;6.18697646378653e-05;5.6593860612265946e-05;5.175269735507354e-05;4.732885571209675e-05;4.384724408297684e-05;4.112335626467258e-05;3.878620445981141e-05;3.662028818000984e-05;3.4670465418416404e-05;3.29532309118503e-05;3.146380230250401e-05;3.0160598442770903e-05;2.903481440464483e-05;2.807450662667632e-05;2.722750476336504e-05;2.6722882243629165e-05;2.653893862029818e-05;2.6628793824414883e-05;2.6941235865737103e-05;2.725450468949533e-05;2.749456684312567e-05;2.7346746100362755e-05;2.6631036499139343e-05;2.562119750926289e-05;2.4652018717495134e-05;2.4041141567673216e-05;2.399829437429855e-05;2.4297065204679077e-05;2.452083816163049e-05;2.435503663310398e-05;2.3793582568271883e-05;2.30145140541564e-05;2.245760043366435e-05;2.222516716592981e-05;2.2414985303916848e-05;2.283573531314467e-05;2.3101679917762308e-05;2.2989123366545643e-05;2.249073476636296e-05;2.1861756917770296e-05;2.140752707542792e-05
1717.870348504428;2.417947382799964e-09;1.251545397785272e-09;4.818806982318537e-10;3.3266578402815087e-10;8.340696198718734e-10;2.8719839890685566e-09;7.976436829683906e-09;1.6112649976726477e-08;2.1872699712726325e-08;2.1298313141910587e-08;1.5463290803802196e-08;9.406895860235361e-09;1.1557802282843472e-08;2.5415069752271012e-08;5.0152226913110197e-08;7.592480131614237e-08;8.711399494122166e-08;7.857197063834992e-08;6.104150243295506e-08;5.192738069239805e-08;5.706150983664399e-08;7.199768321201787e-08;8.459682866167475e-08;8.121643190115277e-08;6.249990375107028e-08;4.395818423822607e-08;3.66985146883554e-08;3.466602666368957e-08;2.9046782205327264e-08;2.4057589529720397e-08;2.32305305216076e-08;3.3230233017263066e-08;6.0960664806071e-08;1.136202183212809e-07;1.6359240803264184e-07;1.892453854249714e-07;1.8578975316189087e-07;1.612766156991273e-07;1.2314654320177364e-07;8.25397672448462e-08;5.1463558891822324e-08;4.0610234266872486e-08;1.97774224486206e-07;1.0627670116649851e-06;3.201451448651549e-06;7.166318425058426e-06;1.308007378159802e-05;2.062350613469612e-05;2.934909840246467e-05;3.906585660915308e-05;4.891638496078894e-05;5.811531843762476e-05;6.6183496440938e-05;7.280814371677876e-05;7.748193673292404e-05;7.976744633020219e-05;7.940740333281382e-05;7.671547738994143e-05;7.227683149060152e-05;6.648368263221236e-05;5.978038848478095e-05;5.318765073075791e-05;4.7865995657544045e-05;4.397781010159536e-05;4.123741783740554e-05;3.904253546263549e-05;3.694175921281745e-05;3.461970609280412e-05;3.2290384731483194e-05;3.0327902870188413e-05;2.8988340838781692e-05;2.8210471757070887e-05;2.792597577071543e-05;2.770886678058258e-05;2.7533716923137534e-05;2.753955878149643e-05;2.7794686828986824e-05;2.8299440601409017e-05;2.895510375012928e-05;2.946672673744616e-05;2.926436308620513e-05;2.8504200722408126e-05;2.7233063724825392e-05;2.5945089414515258e-05;2.5178539454236003e-05;2.498587756637927e-05;2.527925935667881e-05;2.5443795146855504e-05;2.5271563505749084e-05;2.4811405129679665e-05;2.424532984590292e-05;2.378132364104331e-05;2.316381336322914e-05;2.272954054557563e-05;2.241572885848343e-05;2.2143802657088728e-05;2.2061724744750583e-05;2.2053990518760418e-05;2.19669629896784e-05;2.190766958294488e-05
1719.4465886736616;6.20274834933411e-10;3.2002294832304047e-10;1.213612244495383e-10;1.1947696220365872e-10;1.104283110831839e-09;4.871814418283611e-09;1.2719663400436953e-08;2.2979096404532253e-08;2.7680830553753312e-08;2.384738210113139e-08;1.6161081209787632e-08;1.0517247880693026e-08;1.8727486137847693e-08;4.793991724872286e-08;9.947153465080303e-08;1.572916452247849e-07;1.9240668157632e-07;1.8234644018174041e-07;1.4032806169297292e-07;1.0739738635857085e-07;1.06886301194685e-07;1.3615176802523374e-07;1.658848302512936e-07;1.6155982420869086e-07;1.218463540439833e-07;7.21957066699592e-08;3.969922914719688e-08;2.5787753050012517e-08;1.7723390934737857e-08;1.1495224918270076e-08;9.67448841491909e-09;2.1735207113163968e-08;6.351162373250299e-08;1.316345940283034e-07;1.972206498791425e-07;2.28139258368769e-07;2.167993221658045e-07;1.7791337284371598e-07;1.2978009433979376e-07;1.0243256241422597e-07;1.1391349600257655e-07;2.2351021935978555e-07;6.192223461557892e-07;1.7652174923071718e-06;4.236298253835209e-06;8.59197428823182e-06;1.5142467666473832e-05;2.354199591281871e-05;3.308076985718611e-05;4.3292508747247175e-05;5.337805790319198e-05;6.273908781846879e-05;7.088876484215661e-05;7.748106636373912e-05;8.223172032386408e-05;8.479005637304908e-05;8.475948543164377e-05;8.216862684013957e-05;7.750739179752784e-05;7.133572350521544e-05;6.416623352208515e-05;5.697640372777896e-05;5.0854715890160206e-05;4.62744207798324e-05;4.288204370398896e-05;4.016178787063279e-05;3.763834936319631e-05;3.513177488454625e-05;3.280275746202573e-05;3.104314590408523e-05;3.0122562396510534e-05;2.9672807525470957e-05;2.945292145810878e-05;2.931809237340422e-05;2.901403407492942e-05;2.8654372929440672e-05;2.839563931453356e-05;2.8405408468403425e-05;2.864652145697454e-05;2.883828978627733e-05;2.86974203696018e-05;2.816262112804977e-05;2.7358386724766032e-05;2.6593956049910498e-05;2.608291069327234e-05;2.5918896667607692e-05;2.592176849114437e-05;2.5757502250726453e-05;2.545739753642895e-05;2.5258895938542375e-05;2.523668312130187e-05;2.5145981695450263e-05;2.4836188227395487e-05;2.418354829571569e-05;2.3444547378485265e-05;2.298587766689204e-05;2.276660148132037e-05;2.2803430268241556e-05;2.2917030682838222e-05;2.3003737201866097e-05
1721.0221840272388;0.0;1.4051153546630065e-12;1.574015563343188e-11;9.16017732655852e-11;6.901575866759467e-10;2.943314265814786e-09;9.553472344161781e-09;2.0291551040063467e-08;2.768846293353521e-08;2.6439211248819208e-08;1.8009438223509932e-08;1.0127819623768969e-08;1.2014549840519344e-08;2.7067670575068348e-08;5.636523093533862e-08;9.508031973573e-08;1.304266116227523e-07;1.4575124058559894e-07;1.3441123898883618e-07;1.0932487808838414e-07;8.855342430749128e-08;8.486208991860858e-08;9.033003524795955e-08;8.466784352962355e-08;6.30759964522211e-08;3.6950867803949243e-08;1.956717334408164e-08;1.5395191256091178e-08;2.313528402543113e-08;3.532874944696208e-08;4.80289244186364e-08;5.6449767407461766e-08;6.963367820631054e-08;9.783318992424049e-08;1.167861689602483e-07;1.224586483527304e-07;1.098314999925385e-07;8.507718563132956e-08;6.159006174875139e-08;6.652336733508495e-08;1.4532677478053256e-07;3.981204412861741e-07;1.073937816842592e-06;2.596419081195724e-06;5.458616611941248e-06;9.95011681551532e-06;1.6631500919547402e-05;2.5486606166389327e-05;3.604610269876975e-05;4.7477121273951953e-05;5.863000556949682e-05;6.868655507302491e-05;7.725342290714942e-05;8.409779276470167e-05;8.906721638783779e-05;9.193506791404652e-05;9.24367807251804e-05;9.035941489738734e-05;8.5661148467421e-05;7.879481260865873e-05;7.064977454725066e-05;6.255715952762275e-05;5.5414247282175424e-05;4.958956686366719e-05;4.505934775626829e-05;4.155237292364743e-05;3.882788293243142e-05;3.672437759169821e-05;3.503838574205814e-05;3.395068220307381e-05;3.337552179678058e-05;3.309555544584397e-05;3.270964182459276e-05;3.209222111159128e-05;3.1220917115584765e-05;3.0213739020567544e-05;2.935944193796922e-05;2.871919349392764e-05;2.822145192299881e-05;2.769507605687751e-05;2.7124248211356e-05;2.6447645749983457e-05;2.594576708020976e-05;2.5848022234531708e-05;2.6192943336748816e-05;2.675779701587193e-05;2.7052432750691948e-05;2.718524995864057e-05;2.698085213975953e-05;2.6561075006965478e-05;2.6247031186536773e-05;2.5711015382411997e-05;2.5238166299547342e-05;2.471023177823844e-05;2.42619398399065e-05;2.403346837501605e-05;2.398911102281557e-05;2.4021586225119598e-05;2.394741829391326e-05;2.3805587316544323e-05
1722.5971346335791;0.0;5.615476415463578e-12;6.175492083263088e-11;2.013410138625099e-10;3.2561169851501957e-10;6.589377286361526e-10;3.1289677634202795e-09;9.648182623392653e-09;1.9953395197976098e-08;4.1547782035047476e-08;6.978044362193013e-08;8.707375855480488e-08;8.05728871480814e-08;5.4073833984571975e-08;3.0675093245679334e-08;2.9490478676024177e-08;4.877125878550321e-08;8.172974841434654e-08;1.0784310466769504e-07;1.0489844500095333e-07;7.490305270219854e-08;3.8956335130074e-08;1.6200336801406526e-08;7.898559505883132e-09;5.128712373485586e-09;3.956697860193856e-09;5.000210153459304e-09;1.8381709449093698e-08;5.460852036756691e-08;1.0369938752607642e-07;1.4085786191598246e-07;1.411676302682586e-07;1.0688547809223213e-07;6.446927182604082e-08;3.21067389573232e-08;1.5766568916580562e-08;1.0260694248660468e-08;6.772864706245075e-09;6.7789627901133566e-09;2.3827854751820452e-08;9.741899290445913e-08;3.339486761125301e-07;1.072207179854901e-06;2.763151289455946e-06;5.843478647087325e-06;1.0720747526283784e-05;1.7903228290737864e-05;2.7813923328896792e-05;4.009345444800309e-05;5.3351838357440894e-05;6.575685245059428e-05;7.645647236625367e-05;8.535526141668868e-05;9.241621470469865e-05;9.743990735809148e-05;0.0001003417152085;0.0001010645422267;9.920210299530928e-05;9.429327487032012e-05;8.666444082850075e-05;7.762632717609594e-05;6.874523471415071e-05;6.0820573302978086e-05;5.40706707456109e-05;4.8549689989209965e-05;4.426788324948619e-05;4.113711930991507e-05;3.891133021716239e-05;3.7284246087340586e-05;3.606943162557991e-05;3.515159570080588e-05;3.440476558055917e-05;3.3623227625356186e-05;3.275142398448844e-05;3.179897101469421e-05;3.0841989135060044e-05;3.0031162699643316e-05;2.9292014437496974e-05;2.886393426168893e-05;2.8663514909289733e-05;2.820149767917724e-05;2.768734261442609e-05;2.7253078447130995e-05;2.710775820437289e-05;2.747109650733504e-05;2.801892412438192e-05;2.8491593544094108e-05;2.8720081985925857e-05;2.8681084980109743e-05;2.8306909240054263e-05;2.7653630562823853e-05;2.680235622372972e-05;2.5880377752883583e-05;2.5041126244365225e-05;2.44119138845663e-05;2.400440901208143e-05;2.374418636126965e-05;2.35026525114928e-05;2.32502875092992e-05;2.3039397303342536e-05
1724.1714405611565;9.368278699958232e-09;4.570771773521813e-09;1.650104170166661e-09;7.406694733393241e-10;5.764840902435653e-10;4.732976753663714e-10;6.721876416111522e-10;3.40178711734058e-09;1.5184393339043812e-08;5.550504418060073e-08;1.200773587471158e-07;1.644470163877243e-07;1.564358688505654e-07;1.0344324692762737e-07;5.122480696080548e-08;3.5973673560740834e-08;5.622877859705823e-08;1.05970036078696e-07;1.49946270118262e-07;1.502184312708737e-07;1.0871052587584936e-07;5.7023064315278846e-08;2.8974083778335904e-08;2.696535285483019e-08;3.6008946870294534e-08;4.3021542993681183e-08;4.156877977986128e-08;4.5484733879361684e-08;7.465815314515e-08;1.2119077341249074e-07;1.543474528922619e-07;1.4716159702495997e-07;1.0632837578822532e-07;5.47537823967664e-08;2.7919194331842534e-08;1.6492561585789275e-08;1.5964692926104233e-08;2.9394741802239423e-08;4.633743066502239e-08;5.3812285637357896e-08;6.643630223317874e-08;1.8385304720332998e-07;7.346491276544795e-07;2.3460713131822e-06;5.798642358563168e-06;1.1745850774986238e-05;2.0728666354158804e-05;3.269236708065375e-05;4.678793972612184e-05;6.132568319517135e-05;7.458129033088445e-05;8.594252650493561e-05;9.540482439315656e-05;0.0001030230936958;0.0001083292348272;0.0001109785745124;0.0001107916581913;0.0001077384812291;0.0001019772968788;9.398075285859168e-05;8.494918556585054e-05;7.601735998281854e-05;6.774174064014035e-05;6.027417925847768e-05;5.368538065163543e-05;4.818167228868824e-05;4.389652500817363e-05;4.068173173219455e-05;3.822813055600391e-05;3.63473247753891e-05;3.4835699552511026e-05;3.355079603958519e-05;3.2441399761869275e-05;3.1523636774233246e-05;3.080369262416792e-05;3.026321018078918e-05;2.9872828853866348e-05;2.958962831221481e-05;2.940979165581297e-05;2.9344910536057382e-05;2.9471047765225968e-05;2.9695785197578983e-05;3.00701634612036e-05;3.054669339878921e-05;3.048225797173792e-05;3.014663521790114e-05;2.964449489387263e-05;2.923110057953864e-05;2.9003849545744265e-05;2.883054492918733e-05;2.8541924607366924e-05;2.797123877186645e-05;2.7127231808660124e-05;2.616486156123685e-05;2.5132378681085264e-05;2.418697938029342e-05;2.3434615671640917e-05;2.2773094055614805e-05;2.2263543304278984e-05;2.1950469390780376e-05
1725.745101878514;2.5820098503755362e-08;2.1155434736528783e-08;1.6252861618459305e-08;1.1433718057419216e-08;5.827097220926534e-09;2.517276868448393e-09;2.335371158426729e-09;5.969909890705657e-09;1.9272227604969498e-08;5.44518366855434e-08;1.0506879982030061e-07;1.3253510197954605e-07;1.1884016971702665e-07;7.58506304379225e-08;3.895872826524872e-08;2.9354700262925767e-08;4.9193985445925275e-08;9.509852153434792e-08;1.3309572419722857e-07;1.2999361985769364e-07;8.897782288939852e-08;4.492454748112334e-08;3.0124653731197366e-08;4.0923262150202353e-08;6.343629567916201e-08;7.997678236465608e-08;7.58540895306736e-08;5.875885398187466e-08;4.8087347362957576e-08;5.220312092005117e-08;5.942464720896705e-08;5.392892898255718e-08;3.83457014737042e-08;2.461180899094328e-08;1.7072622373523168e-08;1.4545098714669713e-08;2.5003195728112732e-08;5.436358386959425e-08;8.463383606923082e-08;9.195915245676783e-08;7.438374950472916e-08;9.057263895839256e-08;4.0363655775523764e-07;1.9884012584643524e-06;6.107699845238441e-06;1.382845529675757e-05;2.509217547694673e-05;3.8903132726143095e-05;5.4011960331217456e-05;6.923843905477363e-05;8.366860167288786e-05;9.693242262107812e-05;0.0001087980549939;0.0001188539701338;0.0001254608850661;0.0001275479346138;0.0001253086345307;0.0001200040860145;0.0001128379027245;0.0001041944180663;9.475507145627302e-05;8.52101179184404e-05;7.600553981935621e-05;6.72895877579676e-05;5.9199694036114034e-05;5.207895127207997e-05;4.633775816007036e-05;4.20851450720403e-05;3.909064715531094e-05;3.6947628058989816e-05;3.5298409781010475e-05;3.418672689389618e-05;3.3329106658338674e-05;3.268019770877898e-05;3.2242361067971895e-05;3.191790748533872e-05;3.150176372898492e-05;3.078113446333108e-05;2.982216358717099e-05;2.9022048580656826e-05;2.8746787995449483e-05;2.9227688790701447e-05;3.0225168040252685e-05;3.119614934707941e-05;3.156051154654825e-05;3.119657388589462e-05;3.0381772853110782e-05;2.9531099809332937e-05;2.897241407736209e-05;2.872323984612568e-05;2.8666361788862208e-05;2.8584549664401878e-05;2.830509871969837e-05;2.778089478830848e-05;2.7042302251659397e-05;2.59468897087608e-05;2.482773064687897e-05;2.3599500767803013e-05;2.255820348679791e-05;2.1957178818908337e-05
1727.3181186542715;2.3538008180686294e-08;2.8730229564552545e-08;2.8792891380958425e-08;2.4414657523275283e-08;2.3025098787242272e-08;3.0893851859013766e-08;3.9951402817575306e-08;4.2396665128475226e-08;4.5420175987553184e-08;6.2015181589809e-08;8.07266087812248e-08;8.186642809162877e-08;6.328966119654094e-08;3.9858924658194114e-08;3.1875997439163326e-08;3.931703278694639e-08;5.3450107194048416e-08;6.410833030485826e-08;6.914138997649798e-08;5.584075862554212e-08;3.3671906605344876e-08;1.64308625895399e-08;1.2967891091223474e-08;1.9917661236858107e-08;3.1686770716736765e-08;4.084615764957093e-08;3.889924724380407e-08;2.665367398537306e-08;1.2227511035369752e-08;3.8003988764369594e-09;2.827212662924237e-09;4.3195962315155585e-09;8.628490904578472e-09;1.8835202445115888e-08;3.2392108035661256e-08;4.4725361263262404e-08;5.5802923430417614e-08;5.9570848298506986e-08;6.24272237150841e-08;5.5398558096306835e-08;4.5249488844393355e-08;1.0537969713749945e-07;5.679430242207691e-07;2.4306087610151047e-06;7.242931505070559e-06;1.62937681892874e-05;2.91499734238294e-05;4.472695834127739e-05;6.170690336595171e-05;7.924060990273415e-05;9.68375569938476e-05;0.000114026187688;0.0001298177907997;0.0001423333152255;0.000149117481858;0.0001495024513197;0.0001447360800909;0.0001370818943691;0.0001281349509452;0.0001182344450285;0.0001075740970531;9.654569360908704e-05;8.546696286767604e-05;7.46359104301619e-05;6.474523968902872e-05;5.6333933741157735e-05;4.969682518933026e-05;4.470534770091029e-05;4.124732050710936e-05;3.898508313662583e-05;3.759351161708007e-05;3.67767264607174e-05;3.622379791540639e-05;3.583988763092256e-05;3.561654881909235e-05;3.54984516847393e-05;3.5262523023363086e-05;3.471584671170095e-05;3.373453344233342e-05;3.2181522630922035e-05;3.082667572551454e-05;3.0080877366222348e-05;2.99174141500074e-05;3.0257244181481416e-05;3.071947011485408e-05;3.095847860151603e-05;3.0827891148044946e-05;3.036947794356488e-05;2.9882311988422943e-05;2.9579162137700715e-05;2.9388940117689924e-05;2.9302142660086037e-05;2.9155982091731392e-05;2.8858660943880827e-05;2.8411140249841e-05;2.768957119073916e-05;2.6632135012601656e-05;2.5343551084010058e-05;2.4230258261284896e-05;2.3481913728823443e-05
1728.8904909570956;7.086922531775676e-09;1.2199011623681204e-08;1.4907368946808105e-08;1.7610435312111494e-08;3.06843812373306e-08;5.573180949762877e-08;7.444656482129341e-08;7.239658575356556e-08;5.609078318892573e-08;4.583307872586339e-08;4.002981532018219e-08;3.383758816583151e-08;2.5667109201750548e-08;2.2710569663708934e-08;3.4370999840296005e-08;5.615780687982226e-08;7.03147807749072e-08;6.459782716568601e-08;4.395929339301563e-08;2.28636412642962e-08;1.0932243162037057e-08;5.8244945401299405e-09;3.3804759921946702e-09;2.410499751766235e-09;2.309424215645108e-09;2.7270436141765e-09;2.861466047632009e-09;2.294837950451009e-09;1.352794176893649e-09;7.654643826043929e-10;1.284884852899887e-09;4.404583451807554e-09;1.3470849345679936e-08;3.213739556937678e-08;5.6392846097911197e-08;7.767776781602874e-08;8.271077174879517e-08;6.652658538150525e-08;4.1282095591051814e-08;2.070044953925112e-08;3.0248427443111464e-08;2.3219007130374174e-07;1.0126642280077964e-06;3.369448775529312e-06;8.69566011820331e-06;1.8387790456825197e-05;3.3235788800447e-05;5.269165237388628e-05;7.475212333767119e-05;9.719052737820306e-05;0.0001190999992643;0.0001398911737895;0.0001582065321454;0.0001715164362667;0.0001777841341335;0.0001773492155796;0.000171742734543;0.0001627417058169;0.0001514318269446;0.0001387936946193;0.0001253860856287;0.0001113557602722;9.699564265797964e-05;8.314206817765963e-05;7.110917201586878e-05;6.153025586433294e-05;5.437793619311298e-05;4.913305953589529e-05;4.544713332036144e-05;4.313324243646103e-05;4.1710892633263806e-05;4.063781633051296e-05;3.9673818217608153e-05;3.886117949567756e-05;3.831350175876182e-05;3.81118108567009e-05;3.813174457543584e-05;3.809458535249165e-05;3.758317972552577e-05;3.626553387854161e-05;3.4769769571309936e-05;3.3176060988090983e-05;3.1993174505834144e-05;3.147176628705335e-05;3.1530160255661177e-05;3.180915305076659e-05;3.1929216732833834e-05;3.1833107164260144e-05;3.152762079470551e-05;3.1143648796780647e-05;3.075376903648943e-05;3.0350156213028772e-05;2.985614004089249e-05;2.928277561657248e-05;2.8675761739531023e-05;2.8007730126392903e-05;2.733182964217014e-05;2.6688767192947516e-05;2.614332570798494e-05;2.579996635663985e-05
1730.4622188557332;1.0516439003521794e-12;8.946797472694175e-11;1.0824000219992308e-09;5.10838718883198e-09;1.4976074811419578e-08;2.9076849557146024e-08;3.783496723141143e-08;3.4807134206209435e-08;2.2506718992616984e-08;1.064500059051788e-08;4.579507194058962e-09;2.4758155499265154e-09;2.9149792752307164e-09;6.625942377518169e-09;1.5393707460777137e-08;2.740119718446841e-08;3.4885509240069954e-08;3.206740377267596e-08;1.6751704044173144e-08;7.215793593107172e-09;3.6316488574593163e-09;3.182416481922404e-09;3.182111621201826e-09;2.904656390124255e-09;2.3991978884652367e-09;1.7178248960515223e-09;1.3016283391548607e-09;2.2373631062677204e-09;4.895211689440121e-09;9.040062201086957e-09;1.1603849017855468e-08;1.1657273222008934e-08;1.2913592785678494e-08;1.9274024467645337e-08;3.140857996317733e-08;5.352630270846888e-08;7.91241825613545e-08;9.713525400196885e-08;8.729841335991619e-08;6.36500920209679e-08;6.58337831148181e-08;2.889172124874354e-07;1.266091614456956e-06;4.156522190719028e-06;1.0117976055529975e-05;2.141641354241776e-05;3.951527203146654e-05;6.391870729285613e-05;9.18022218834708e-05;0.0001194949550621;0.0001453395080465;0.000168876110382;0.0001893509068473;0.0002051810285174;0.0002143952042931;0.0002165550317504;0.0002118827058756;0.000201340882212;0.0001860691771053;0.0001678220300546;0.0001483862739835;0.0001288118922808;0.0001099976819464;9.308502299760222e-05;7.908887472939195e-05;6.838559646404523e-05;6.075499746812268e-05;5.552905802955354e-05;5.218759057569893e-05;5.0020318322135726e-05;4.817690047848047e-05;4.625684192346726e-05;4.4399719676086255e-05;4.274963224915008e-05;4.1440326890040776e-05;4.049676581027975e-05;3.979972291683168e-05;3.916724735441798e-05;3.843120630106645e-05;3.757312046744307e-05;3.661213707211891e-05;3.56387268231442e-05;3.47996111626721e-05;3.412703542145171e-05;3.3982398253641085e-05;3.3981557589799554e-05;3.39116545355906e-05;3.3532798424390123e-05;3.306433492380314e-05;3.274134139536653e-05;3.251437785845892e-05;3.219742785958686e-05;3.15964588959539e-05;3.072315790866256e-05;2.971819037463981e-05;2.8701976287994e-05;2.793759006901577e-05;2.753698690699337e-05;2.7445964888361812e-05;2.749652185047466e-05
1732.0333024189858;3.1332663896483776e-10;5.00903302268285e-10;9.139563828472527e-10;1.8498807856635927e-09;2.757231127187414e-09;2.901432924419869e-09;2.9568763278217227e-09;5.06477977620939e-09;7.164003379896264e-09;7.550137684559151e-09;5.6880252589207765e-09;2.210824079786371e-09;7.263834660769921e-10;5.002920964746466e-10;5.282588284242857e-10;5.676075542945916e-10;6.51530626620051e-10;1.532373501950882e-09;5.43656227042757e-09;9.478092824738933e-09;1.0348164228313658e-08;8.981542430122312e-09;5.4365575624945554e-09;4.168650464031555e-09;2.908223488026017e-09;1.5874998371015764e-09;1.0694466212394932e-09;2.6998453941229902e-09;9.361016513618432e-09;1.902510333047251e-08;2.383102774993064e-08;2.0194810825872637e-08;1.1537745713305052e-08;4.8778817429459024e-09;4.778248200186778e-09;2.4466048293744443e-08;7.726287994474434e-08;1.357283647608028e-07;1.541769792943758e-07;1.2794984617691644e-07;1.036615958848214e-07;2.591830744196563e-07;1.4551124342218028e-06;5.441413826456607e-06;1.3522439469418222e-05;2.746564900464589e-05;4.871342152729096e-05;7.64527585535371e-05;0.0001081402040399;0.0001404973028193;0.0001712592548247;0.0001996566834864;0.000225135611724;0.000246183540437;0.0002596924453047;0.0002639801998654;0.0002589477969044;0.0002459163180666;0.0002262088770715;0.0002012666312666;0.0001739030952333;0.0001476829024013;0.0001247630026442;0.0001058931521249;9.089035376327988e-05;7.934415940775011e-05;7.092277866710373e-05;6.479251416996177e-05;6.017500541238509e-05;5.64952828288885e-05;5.35694057180437e-05;5.113319707875978e-05;4.902036932352676e-05;4.716086016691277e-05;4.55524815132543e-05;4.409982854539745e-05;4.273355194011853e-05;4.150157802432072e-05;4.041686928776695e-05;3.950442125820213e-05;3.870112478966738e-05;3.796708467836054e-05;3.7349017408033576e-05;3.695169254613359e-05;3.679187546464325e-05;3.671955720654481e-05;3.649838096506408e-05;3.598356889316403e-05;3.5301533473014874e-05;3.471995842410923e-05;3.441833073075277e-05;3.4336127694576055e-05;3.423364687194445e-05;3.385666983184125e-05;3.296894226294569e-05;3.180046160363505e-05;3.059086453942485e-05;2.9699377186231052e-05;2.924525044650532e-05;2.900375851675756e-05
1733.6037417157313;1.2358898437799847e-09;1.7996525385940775e-09;1.908597960663438e-09;1.6540418920157663e-09;1.2413199152302643e-09;1.296335941868675e-09;3.5077208221139542e-09;8.772746211820785e-09;1.38974753369172e-08;1.4829371041205096e-08;1.1097824208104224e-08;5.4718118973897014e-09;1.9096797525398352e-09;1.0192922723191223e-09;8.297748536693583e-10;7.127949176020974e-10;1.1394628246815404e-09;4.6364907018131015e-09;1.2223127440554591e-08;1.8789824428828163e-08;1.9684657001177982e-08;1.497329259584132e-08;8.646723285079132e-09;4.655790499416128e-09;3.1425688881940998e-09;2.178229037616496e-09;1.9364259485788607e-09;2.9154660318774187e-09;7.0282951786216915e-09;1.3428518335569361e-08;1.7681104625225563e-08;1.6062470770071507e-08;9.203849879276397e-09;3.5025751970365918e-09;2.937879231472814e-09;1.7067635895069798e-08;6.18304531469897e-08;1.1582289182024712e-07;1.4075064130189126e-07;1.2709884870596233e-07;1.0087338227181125e-07;2.659221837699388e-07;1.7488507904621203e-06;7.05117734044339e-06;1.8203564385377156e-05;3.619565639544309e-05;6.113188575526985e-05;9.23022927173802e-05;0.000128280205242;0.0001666127619247;0.000203958018032;0.000238283904167;0.0002685314592268;0.0002928846593521;0.0003081162857057;0.0003124840140575;0.0003064655222654;0.0002913678376849;0.0002676771117896;0.0002363688740498;0.00020125269667;0.0001687854689056;0.000142609684854;0.0001228973933887;0.0001076439704037;9.475526353866592e-05;8.359814077264159e-05;7.388013813742464e-05;6.590761899208687e-05;6.001386523179179e-05;5.6294206631991885e-05;5.410323214993434e-05;5.261993024856453e-05;5.146998850020199e-05;5.045294014727195e-05;4.938911779703245e-05;4.80779453557424e-05;4.6446659922601966e-05;4.464531617887226e-05;4.3223822624351175e-05;4.208379993145101e-05;4.129616550982628e-05;4.078504411078777e-05;4.042740644752869e-05;4.030127667794491e-05;4.027181638184457e-05;3.995704775313482e-05;3.907748692149688e-05;3.784495490858631e-05;3.662181375484905e-05;3.588710801895277e-05;3.589780294814436e-05;3.658782468444337e-05;3.759930416262018e-05;3.788597201931716e-05;3.713837510519283e-05;3.565675887291292e-05;3.3825623992949524e-05;3.246909990005503e-05;3.16855634550898e-05
1735.1735368149093;4.909548434526801e-08;5.080718367755189e-08;4.316694379208154e-08;2.8010360732837285e-08;1.2917591481763049e-08;4.554725957130173e-09;4.488109604401927e-09;6.744118323448273e-09;9.074765123586143e-09;9.48460878536984e-09;7.91730636216712e-09;8.784029398255837e-09;1.4891006661194351e-08;2.5368654213295885e-08;3.3625625169111606e-08;3.2262639564816706e-08;2.343791424854397e-08;1.5779229843122076e-08;1.4022629124050965e-08;1.2944728668048331e-08;1.2128341869200285e-08;1.12802465364723e-08;1.3029055155339534e-08;1.6753970866851906e-08;1.954914631991925e-08;1.699594087483527e-08;1.0416669992482345e-08;5.062329237183727e-09;4.165309855922623e-09;6.098857509881669e-09;8.265603179679566e-09;8.413584307208055e-09;6.737261301935427e-09;4.793140594066625e-09;6.346051477631369e-09;1.6995662134574643e-08;4.4303441802430635e-08;8.073737111738929e-08;1.0543820755457973e-07;1.039543227087777e-07;8.030796313901877e-08;2.0421296893204826e-07;1.6956614342065047e-06;7.66878223169699e-06;2.0903410300000677e-05;4.267152329907578e-05;7.235322144555558e-05;0.0001087879657351;0.0001507479097468;0.0001959534321124;0.0002402598652196;0.0002797669672801;0.0003124709234977;0.0003374018568592;0.0003528854132367;0.0003574694713564;0.0003507973649696;0.0003334628287213;0.0003059979551911;0.0002699848046823;0.000229699590806;0.0001922967160092;0.0001624200496453;0.0001401947725454;0.0001226677017479;0.0001070247389156;9.254187802252298e-05;7.965638343685913e-05;6.956268740306815e-05;6.281344364749184e-05;5.91752427639495e-05;5.760944609589896e-05;5.692498613566204e-05;5.653886686180072e-05;5.614482368531962e-05;5.506631258284469e-05;5.336812523552724e-05;5.115041880934378e-05;4.852491705271861e-05;4.63099781242141e-05;4.498247492565645e-05;4.4418961455034816e-05;4.435097310299314e-05;4.44606858464651e-05;4.432450187637296e-05;4.398316656865464e-05;4.320503483683784e-05;4.195342350032209e-05;4.042047302032832e-05;3.8917591168067786e-05;3.798212782728722e-05;3.798083397349899e-05;3.884743767405265e-05;4.001012909362523e-05;4.069347150867934e-05;4.046173739145729e-05;3.9255402072861966e-05;3.767155662810595e-05;3.635022790867717e-05;3.553818910093501e-05
1736.742687785514;1.0156428120588055e-07;1.1293167739631139e-07;1.0983419075344036e-07;8.563700412545708e-08;5.041219654658706e-08;2.2032997350750853e-08;1.1170052862628396e-08;9.622654609170015e-09;9.973883901681898e-09;9.821770319104131e-09;8.42261018650163e-09;1.2693814760680185e-08;2.7691029540165082e-08;5.0442474481727835e-08;7.045439672374857e-08;7.335060471006736e-08;5.8571346868023793e-08;3.7933801275900144e-08;2.6414945745629863e-08;2.9162628161193624e-08;3.5148263359592465e-08;4.4577516356938653e-08;6.473776940237092e-08;9.102818651290972e-08;1.0158826531988318e-07;8.583818042327918e-08;5.263665146119603e-08;2.3221629678540232e-08;1.0389754678066406e-08;7.455804336251871e-09;6.600762620327871e-09;5.610212505674306e-09;5.7901749719505755e-09;9.239427744808491e-09;1.4395435214936085e-08;2.0532597247021208e-08;4.0921725159400274e-08;7.49492231840386e-08;9.9954208708533e-08;9.961943600573496e-08;7.395956424032073e-08;1.4724895217586197e-07;1.5813609292921788e-06;7.950184868460713e-06;2.222166810098484e-05;4.554473585294412e-05;7.805895807464865e-05;0.0001187937458478;0.0001663000541337;0.0002177045874572;0.0002672996854219;0.0003101231191229;0.0003443395296995;0.0003697683284668;0.0003853115161005;0.000389677475589;0.0003824950012531;0.0003640734644775;0.0003348244936754;0.0002963868484264;0.0002534535677375;0.0002129407000654;0.0001793481200033;0.0001530328449266;0.0001317074082609;0.0001132171285093;9.696749798843226e-05;8.350044677641854e-05;7.321613059419687e-05;6.6499821936586e-05;6.314333932146222e-05;6.189296835973929e-05;6.128690754775347e-05;6.06474310583814e-05;5.963885146383226e-05;5.799586616682398e-05;5.5652629416649736e-05;5.287681847094278e-05;5.01180404268276e-05;4.804976442911363e-05;4.706006808287845e-05;4.712091527890492e-05;4.741302712201537e-05;4.734984567782377e-05;4.680521424774686e-05;4.587992077249774e-05;4.492141720991498e-05;4.409303239527656e-05;4.327834009660004e-05;4.242710725700011e-05;4.166531618875736e-05;4.121736628231913e-05;4.094050739737018e-05;4.0755161174879566e-05;4.079906539785517e-05;4.061868959320804e-05;4.009455665626485e-05;3.94760486226402e-05;3.877812704401192e-05;3.826838416516085e-05
1738.31119469662;6.720378164438509e-08;9.405712872620601e-08;1.133730657454738e-07;1.1054903615052244e-07;8.832368634673594e-08;6.770540307926713e-08;5.919006403727117e-08;5.6718742765608084e-08;4.7150410543805654e-08;3.1430894341118675e-08;1.6383225666911557e-08;1.540165091408682e-08;2.862727220598585e-08;5.2298588036709884e-08;7.7651536452603e-08;9.153472331163187e-08;8.940384632959094e-08;7.967915198135866e-08;7.20185312389952e-08;7.55958340647458e-08;8.684370981201979e-08;1.1007257871129434e-07;1.5484458051505905e-07;2.0606414632731572e-07;2.260850109054648e-07;1.9268808545059802e-07;1.2482953925346697e-07;6.142396104119374e-08;3.077777603132973e-08;2.4876447964686063e-08;3.132068233755688e-08;3.93920236894698e-08;4.2469023989790536e-08;3.6922497322606746e-08;2.83500216910661e-08;2.3694519290590085e-08;3.889224240212832e-08;7.334971832967212e-08;9.764765650324228e-08;9.315095655326997e-08;6.451425976982023e-08;1.9840027194915707e-07;2.0516872247085837e-06;8.84820648831934e-06;2.362289892262872e-05;4.778952986077783e-05;8.167722854478837e-05;0.0001251387640333;0.0001760495019379;0.0002304654222689;0.0002819047598224;0.0003259723431715;0.0003612490773727;0.0003873130373191;0.0004030113680911;0.0004070648017731;0.0003997437563277;0.0003813764005347;0.0003520995032953;0.0003134418362326;0.0002697224053242;0.0002277611043848;0.0001915565133142;0.0001617316061014;0.0001369540000698;0.0001161052616828;9.90468547119893e-05;8.568310918620885e-05;7.605172638755958e-05;6.98431360034692e-05;6.666057739561506e-05;6.537925406895493e-05;6.452335974009904e-05;6.307183630855487e-05;6.06863240484139e-05;5.794929461433839e-05;5.516578025395944e-05;5.277980425095573e-05;5.107387140291288e-05;5.039187365434941e-05;5.00206244881176e-05;4.9880361759336425e-05;4.940107588048314e-05;4.830739281333237e-05;4.717137108224352e-05;4.606316828728873e-05;4.541237877505687e-05;4.509043850771203e-05;4.486138505399512e-05;4.45240032934955e-05;4.386230227691537e-05;4.300862756641831e-05;4.206008923210665e-05;4.127496947363978e-05;4.073008468769996e-05;4.012216981487251e-05;3.938409947049555e-05;3.848577092925191e-05;3.762845891051782e-05;3.700819057026275e-05
1739.8790576173596;1.0796333263635697e-07;1.156999357034422e-07;1.1505802960996673e-07;1.0717916276707708e-07;1.1093020478984648e-07;1.2487787792369117e-07;1.3487009867407798e-07;1.2458866634813026e-07;8.974324206296516e-08;4.874456944801888e-08;2.277100808408114e-08;1.678909479845194e-08;2.8931078508929084e-08;5.325903917879976e-08;8.119024698495845e-08;1.037828444508946e-07;1.2044580203508118e-07;1.2273656634051205e-07;1.1024217401477229e-07;9.007401254471436e-08;8.253708438017522e-08;1.043173138153704e-07;1.5582713022626185e-07;2.1350013929735078e-07;2.401668320341964e-07;2.090162238949888e-07;1.4009289067961965e-07;7.354044488709435e-08;4.1475068728128415e-08;4.642121755085909e-08;6.57340386416822e-08;8.155235358676473e-08;7.981064381124615e-08;6.224122894156008e-08;4.1427925779251437e-08;3.39530807235519e-08;4.6857770503440724e-08;7.899347032778704e-08;1.0049997221130489e-07;9.308671722399108e-08;9.546045051214745e-08;4.313449267129498e-07;2.5806271626594706e-06;9.419863133972748e-06;2.4301044360863724e-05;4.9524595641299246e-05;8.530227091853356e-05;0.0001304962884432;0.0001820225370908;0.0002357788870734;0.0002869663109682;0.0003317915739278;0.0003680862581575;0.000394766272145;0.0004110130783023;0.0004153001884571;0.000407306338295;0.000387840525766;0.0003583312803985;0.0003212866755586;0.0002794776447144;0.0002377801386426;0.0001997663522284;0.0001669569507295;0.0001391858397127;0.0001165404699894;9.91164894146366e-05;8.600765372874302e-05;7.709260514849013e-05;7.123494619129308e-05;6.796974893587615e-05;6.668993779011383e-05;6.599358170474362e-05;6.44899140615603e-05;6.169340426378549e-05;5.814147802521572e-05;5.503762962961298e-05;5.318836614400275e-05;5.2605295924897246e-05;5.263980905061903e-05;5.234280168560925e-05;5.11769922224008e-05;4.946090534778696e-05;4.74308016553027e-05;4.5643679418496896e-05;4.45795495193119e-05;4.424559640253648e-05;4.406221328762729e-05;4.376079560807235e-05;4.330876358078274e-05;4.297834862801541e-05;4.26837261734469e-05;4.241953778889989e-05;4.216487785353039e-05;4.137855886662695e-05;4.00820397086057e-05;3.851273336040296e-05;3.693205139128746e-05;3.574521793199448e-05;3.50085624980474e-05
1741.44627661692;1.95182675914992e-07;1.7265199428042313e-07;1.3907699475473428e-07;1.0555651095002294e-07;1.023694670487563e-07;1.186467983358541e-07;1.2883795591556384e-07;1.140635609901217e-07;8.06704152101073e-08;4.7135069339467416e-08;2.7745491614429923e-08;1.9732839232690112e-08;2.0440226199793247e-08;2.9886654166466165e-08;4.5742429889970114e-08;6.70972862169796e-08;8.876328997819143e-08;9.633728539085766e-08;8.1865888643562e-08;5.4432115422989474e-08;3.4210810195946627e-08;3.713541473613601e-08;5.938513112832346e-08;8.607526995599757e-08;9.996798413273109e-08;8.866845425762449e-08;6.117539308821938e-08;3.827784343642376e-08;3.7301158055277385e-08;6.03758149372543e-08;8.61247244008618e-08;9.580875039034903e-08;8.080181342909762e-08;5.993153936400566e-08;4.225656611711139e-08;3.5837901165055776e-08;4.546456716009276e-08;6.922428306764388e-08;9.45497000879196e-08;1.0883506548385844e-07;1.944494395907888e-07;6.991304932736074e-07;2.7447348293021627e-06;9.239678787778965e-06;2.400956741606204e-05;4.999886722683375e-05;8.702573983748041e-05;0.0001324204663602;0.0001827346202722;0.0002347520546156;0.0002854031675364;0.0003307433826375;0.0003674705071125;0.0003940758378045;0.0004101741704291;0.0004141485803533;0.0004048362342396;0.0003834264856414;0.0003529298475701;0.0003172373304556;0.0002782059437808;0.0002383231494047;0.0002006383226853;0.0001674059988401;0.0001392067556628;0.0001161414995922;9.823193879892124e-05;8.49648696599526e-05;7.569566893374612e-05;6.940053414655722e-05;6.553978616096322e-05;6.386861605806843e-05;6.352633904584194e-05;6.336901905017059e-05;6.205081632580765e-05;5.985147895777254e-05;5.7528330553383794e-05;5.553746438735894e-05;5.420697986096006e-05;5.300677251431536e-05;5.164825857027646e-05;5.004265726221828e-05;4.827051063437156e-05;4.634857462472421e-05;4.4820103129090616e-05;4.3681306440484096e-05;4.293184864635792e-05;4.243934984399743e-05;4.202359445520152e-05;4.187439125318649e-05;4.210944334501348e-05;4.272172777395666e-05;4.315058960836908e-05;4.2941290225498495e-05;4.187898970895104e-05;4.0164005412263686e-05;3.84543962847712e-05;3.722327614921097e-05;3.661805934962944e-05;3.643315046918344e-05
1743.012851764579;1.1623129871128821e-07;1.1242900175514125e-07;1.0546084040824865e-07;9.025326552931727e-08;7.540591545918998e-08;6.642900984739648e-08;5.6710126626023056e-08;4.6104192490916264e-08;3.900651305527979e-08;4.177148845146739e-08;5.72796699060398e-08;7.790973302300046e-08;8.50705758755699e-08;7.317308454496022e-08;5.1308058281668026e-08;3.9164802745619185e-08;4.0078322498684434e-08;4.3673996246367053e-08;4.1433844878179714e-08;4.11445519091904e-08;5.7018413869225684e-08;7.42390018444174e-08;7.55956126842565e-08;5.772530601305077e-08;3.4007665272681364e-08;1.6959735680727017e-08;9.458208482420324e-09;1.6240593955572926e-08;4.363798473159261e-08;9.025123986164777e-08;1.3564409698552344e-07;1.5032450075160606e-07;1.2391760073298352e-07;7.422639674477096e-08;4.0995936611374986e-08;2.9134158266519604e-08;4.020421159326106e-08;7.461210154506041e-08;1.2886412303220716e-07;1.9089080045628289e-07;2.694134326475444e-07;5.827895133918592e-07;2.1592341807393093e-06;7.991422274719429e-06;2.232073244326576e-05;4.800786502027094e-05;8.441523206264691e-05;0.0001285868284719;0.0001770484553047;0.0002273984050279;0.000276948017962;0.0003215734571095;0.0003574470826862;0.0003829856739968;0.0003973287734506;0.0003988468537759;0.0003868405825605;0.0003636343535029;0.000333507191818;0.0003001224668073;0.0002646332706732;0.000228317578129;0.0001936216366633;0.0001625138926106;0.0001355547229891;0.0001126753535696;9.450206091549744e-05;8.18256134483703e-05;7.338300748549324e-05;6.72961542864762e-05;6.30806471853631e-05;6.053705226641892e-05;5.909106433688515e-05;5.838645783953949e-05;5.825288592231743e-05;5.825795815757827e-05;5.773518419082124e-05;5.637234032917102e-05;5.434270343771368e-05;5.202457163314044e-05;4.989105248760019e-05;4.8209584669418e-05;4.686412148739915e-05;4.600212086026383e-05;4.5269798284586224e-05;4.441732753153069e-05;4.34475946093604e-05;4.252464239031616e-05;4.193155343535167e-05;4.176600913744313e-05;4.189199714960625e-05;4.212938082449303e-05;4.2262793818685504e-05;4.179545327508363e-05;4.083825491687987e-05;3.953477932205763e-05;3.8228287785765366e-05;3.730375159807588e-05;3.6804847399188e-05;3.662977955817305e-05
1744.5787831296511;3.022606834445444e-08;5.240799290662551e-08;7.470638461413614e-08;8.4512075747001e-08;7.108258421266222e-08;4.660325226057503e-08;2.46859809994774e-08;1.3503495442374656e-08;1.4172591041955545e-08;3.18051342833838e-08;7.667646761869489e-08;1.3357276471268465e-07;1.6781288414317744e-07;1.576953678384873e-07;1.2054148460954177e-07;9.428435911763773e-08;8.836954873607394e-08;8.398924885816423e-08;7.367090150698532e-08;8.030125821519295e-08;1.162044936409062e-07;1.5010370883811573e-07;1.4989208955245808e-07;1.1245588794829724e-07;6.424996148495679e-08;3.23767792547721e-08;1.8144203688025238e-08;1.9976899441521507e-08;4.086420617206899e-08;8.44142758892826e-08;1.3215416861218738e-07;1.5336507407000505e-07;1.3126706394398166e-07;8.147047301814058e-08;4.059557326682516e-08;2.9055764526194128e-08;6.514046097080332e-08;1.5436218449346326e-07;2.538989543346523e-07;3.154831877576696e-07;2.963229280115608e-07;3.052952148674364e-07;1.210638180812454e-06;6.280166280524082e-06;1.973622197946007e-05;4.378385167657914e-05;7.766015231639746e-05;0.0001189964522342;0.0001653633982735;0.0002145877514059;0.0002629076406066;0.0003054855451474;0.000339191421574;0.0003629823182374;0.0003750478357677;0.0003741355506426;0.0003607641648095;0.0003383136982608;0.0003107884725933;0.0002800740301251;0.0002471814483156;0.0002137421110918;0.0001820735710042;0.0001533445096491;0.0001278956967049;0.0001063860269816;8.978428724531923e-05;7.875166115057841e-05;7.210688202704574e-05;6.744800941127721e-05;6.342705564041823e-05;5.981892183051943e-05;5.683398119828841e-05;5.470665256227338e-05;5.364460111446268e-05;5.319482403664932e-05;5.2873881330001926e-05;5.253234964293757e-05;5.1900726279942655e-05;5.056917835916714e-05;4.89214801024015e-05;4.7137196874669554e-05;4.543367177790302e-05;4.417948306351394e-05;4.315801424991583e-05;4.266033772761538e-05;4.245440362031684e-05;4.2189864971085167e-05;4.183826262267384e-05;4.132607984530718e-05;4.070364344697098e-05;4.000490657240796e-05;3.937120684221384e-05;3.880335432622631e-05;3.819027394764269e-05;3.749722102142742e-05;3.672599672170205e-05;3.583968286160101e-05;3.506724851194343e-05;3.454913871691004e-05
1746.1440707815273;2.843935873380824e-08;4.7498401032865313e-08;6.063809616677026e-08;8.102753611612803e-08;1.0259340946534604e-07;1.1794722158665569e-07;1.0358566297245281e-07;6.275303592484023e-08;2.7229202830249132e-08;2.1763656879180827e-08;4.307814141976608e-08;7.843435090934216e-08;1.0491430704276109e-07;1.0873971281059557e-07;1.0526719268611685e-07;1.1691300943216725e-07;1.3297799240788677e-07;1.3233905702945938e-07;1.062190878325846e-07;8.260209324747467e-08;7.950900916407115e-08;8.587687749710909e-08;8.592293031985575e-08;7.354796192819045e-08;5.731174174968876e-08;3.852396813383181e-08;2.768445427668204e-08;2.175180635511474e-08;2.4254962279152416e-08;3.945490955170604e-08;6.5126053344802e-08;8.885720277607687e-08;9.388364664444693e-08;8.037936738193887e-08;5.1877245541250073e-08;3.628157134395847e-08;7.971112588744675e-08;1.9770555093680064e-07;3.259792856007829e-07;3.725529295318675e-07;3.224994617851884e-07;2.216456950800573e-07;7.46377948063477e-07;5.370633129195124e-06;1.7808577340238103e-05;4.0028754085687696e-05;7.095220082385668e-05;0.000108868759786;0.000152455470126;0.0001995215844252;0.0002459616262579;0.0002860054791497;0.0003167911737389;0.0003380533813942;0.0003488471795958;0.0003486303079099;0.0003374781173729;0.0003180954820377;0.0002931712607016;0.0002637388071776;0.0002310709709756;0.0001977000190918;0.0001669745717626;0.0001403789130264;0.0001181072685878;0.0001003261946214;8.679720409409295e-05;7.718157320957923e-05;7.065447959547463e-05;6.600379928864384e-05;6.212671059287477e-05;5.880893626685403e-05;5.627100467838151e-05;5.416652360056068e-05;5.223959678642221e-05;5.0475547799910936e-05;4.905820819270028e-05;4.8303054213188776e-05;4.808380574034399e-05;4.793223211998819e-05;4.71685316917568e-05;4.5572369132444e-05;4.3398815672310856e-05;4.1282871487176805e-05;3.998908541951428e-05;3.955845174194058e-05;3.973457794628525e-05;4.006111967478752e-05;4.0131348431747775e-05;3.9837588459569625e-05;3.91106660727528e-05;3.833340552631862e-05;3.750679892735583e-05;3.6718384266771096e-05;3.6030586468235126e-05;3.539895074230409e-05;3.47058333702879e-05;3.391491712599212e-05;3.337037829094715e-05;3.30162196659435e-05
1747.7087147896636;1.3589559543880909e-08;2.042612044194321e-08;2.515437509369272e-08;5.6830049450755855e-08;1.3103231837783918e-07;1.9300730472134649e-07;1.8646679215606835e-07;1.1421402089167363e-07;4.389967314834184e-08;1.6790824803644642e-08;1.1803077085305553e-08;1.4448097144848197e-08;1.8579676331545197e-08;2.4109490303377842e-08;3.656475671327275e-08;5.740808246266452e-08;7.435330670253008e-08;7.371522541134833e-08;5.467435358993735e-08;3.0928323406301433e-08;1.5458798545260084e-08;1.0227720346012505e-08;2.2897855326499012e-08;5.018345355962261e-08;7.414555119727558e-08;8.02475000373266e-08;6.642906005926832e-08;4.3843461893282735e-08;2.7132030190042493e-08;2.389139699241643e-08;3.9435114507155285e-08;6.792438980190344e-08;9.042364132886865e-08;8.86483775192501e-08;6.63040750762918e-08;4.790868890008252e-08;6.79168882769505e-08;1.40647865004012e-07;2.318134691207227e-07;2.915962792800989e-07;2.767700562292548e-07;2.440367216523449e-07;8.222952816753865e-07;5.106387721105764e-06;1.630060046989992e-05;3.648603340462273e-05;6.503815718248039e-05;0.0001003277143094;0.0001410523040063;0.0001847532313752;0.0002276345550306;0.0002647471314053;0.0002933066167769;0.0003126931816385;0.0003228025947284;0.0003236072703449;0.0003146963424309;0.0002977559831106;0.0002742625473753;0.0002452304173624;0.0002126899397477;0.0001801544646791;0.0001514589760941;0.0001281218693581;0.0001096097495645;9.484923067429732e-05;8.294665974315277e-05;7.365047603987396e-05;6.627497831038477e-05;6.083235540073947e-05;5.738111958762183e-05;5.545371997155426e-05;5.427081764350387e-05;5.302804496717244e-05;5.14407972690026e-05;4.955320128239993e-05;4.770303318861456e-05;4.625612436329103e-05;4.525081205889678e-05;4.45374571460812e-05;4.37372501142196e-05;4.251731081835951e-05;4.093669689103508e-05;3.944521925815941e-05;3.843759461889375e-05;3.796195431221517e-05;3.791466828222723e-05;3.803122771842172e-05;3.8057602634237697e-05;3.7997246208214354e-05;3.778400020991085e-05;3.730871996653672e-05;3.659349223106195e-05;3.583367736714175e-05;3.5000921405496454e-05;3.422495286614266e-05;3.3533749990031714e-05;3.290054231114819e-05;3.236846086656483e-05;3.198589903477768e-05
1749.2727152235748;1.7751787991198727e-10;8.42569979863931e-10;5.584821961942757e-09;2.6827235144742338e-08;7.709310138895615e-08;1.1088453282950515e-07;1.036807692048174e-07;6.210230687180544e-08;2.3551379274694623e-08;7.939506382095136e-09;4.510063239554459e-09;4.128152723375183e-09;4.043449707799512e-09;5.551247387255479e-09;1.0292926125895289e-08;1.58747861283706e-08;1.845191010864195e-08;1.6939639794270993e-08;1.6972550631044358e-08;2.6451029920626712e-08;3.95768920429387e-08;4.5243790584399044e-08;5.074122939685633e-08;6.850859174077202e-08;9.150916917631481e-08;1.0537619007387545e-07;9.203567618423495e-08;6.461183667139267e-08;4.246390288864488e-08;3.8458612631111175e-08;5.536400967951453e-08;7.519447416913112e-08;7.859515296777288e-08;6.278839394840633e-08;4.4168429994261584e-08;4.192002332575943e-08;5.800027502060101e-08;8.224660262613166e-08;1.0646262091798465e-07;1.3075442015286485e-07;1.2830796596140904e-07;2.3441400090669657e-07;1.2656511216484895e-06;5.510773765647808e-06;1.5397435970778374e-05;3.291462608124195e-05;5.8641393406683217e-05;9.195772522705678e-05;0.0001308010266923;0.0001715604283847;0.0002102947888808;0.0002443565294594;0.0002718476809366;0.0002907175879168;0.0002997841755034;0.0002994088630517;0.0002904639026631;0.0002742987209638;0.0002513550537639;0.0002230963394614;0.0001929381728737;0.0001648595881059;0.0001409802585425;0.0001212922118122;0.0001047795956631;9.06743105505097e-05;7.855463247198586e-05;6.838647244979812e-05;6.039303163278637e-05;5.509726370063361e-05;5.234817972241036e-05;5.1112255490448914e-05;5.052502627827132e-05;5.00318527646622e-05;4.916100765101293e-05;4.78105437036546e-05;4.623526226079229e-05;4.462485731592258e-05;4.307841490196477e-05;4.1647001328862967e-05;4.054742588048201e-05;3.962533125908486e-05;3.8823503211426464e-05;3.805262631309718e-05;3.730560526921224e-05;3.666879864259472e-05;3.631902430191877e-05;3.634208760750004e-05;3.666532440147717e-05;3.6949998249599046e-05;3.6849979990493065e-05;3.634222502951653e-05;3.5372828943982215e-05;3.417841986660827e-05;3.328069141952131e-05;3.2908600322954044e-05;3.280258266316344e-05;3.2569579832775584e-05;3.222501448575e-05;3.191246640022297e-05
1750.8360721528516;4.814290824234598e-09;1.7430378079722393e-08;3.4414153695707976e-08;4.573670884398679e-08;4.583949340551436e-08;3.3921573438780746e-08;1.952672616018353e-08;1.4049053330315118e-08;2.6412473885862745e-08;5.490342577150549e-08;7.711008895350968e-08;7.732594198055571e-08;5.5221543930246615e-08;2.9258860887273728e-08;1.6712346859674585e-08;1.3632771976742924e-08;1.2271435531792713e-08;1.3405300255004169e-08;2.3513182460135675e-08;5.009125290312977e-08;7.880183570970163e-08;8.529651719386654e-08;6.894419613296843e-08;5.11042250955026e-08;4.7201535993201177e-08;4.840624270581609e-08;4.403063578355632e-08;3.5482239211219755e-08;3.44164202573996e-08;5.0232103781554924e-08;7.825244852138007e-08;9.101812440176725e-08;7.249900032091327e-08;3.8324166822447134e-08;1.863701198734372e-08;2.2733383430003888e-08;3.4763193173697285e-08;3.8560780599491565e-08;3.5407242738179e-08;2.843734887720508e-08;2.3429810507564983e-08;1.720617325751357e-07;1.5193499080270193e-06;5.914919838200725e-06;1.501705047667949e-05;3.037521200944083e-05;5.32637111400257e-05;8.380303489442757e-05;0.0001197000173405;0.0001570365144254;0.0001920884850223;0.0002231978975204;0.0002490826052013;0.000267135225777;0.0002751333393965;0.0002736991498995;0.0002648143921796;0.0002499247812487;0.0002292259006957;0.0002043178238936;0.0001785826023661;0.0001551161287571;0.0001347651060648;0.0001170531612266;0.0001012103737614;8.714764638192066e-05;7.49567223792665e-05;6.492338062915352e-05;5.760716404494354e-05;5.311649413149539e-05;5.0857019056951375e-05;4.9655244471063386e-05;4.8650658542749e-05;4.757573122963067e-05;4.634569375559071e-05;4.487893657758649e-05;4.332702115912536e-05;4.194357132463452e-05;4.088995458933111e-05;4.0099238892046414e-05;3.937290498355607e-05;3.860193476682236e-05;3.772742149133928e-05;3.6730488826040615e-05;3.570514261955664e-05;3.484014501109745e-05;3.459514606843602e-05;3.5050092770819074e-05;3.59061518881498e-05;3.6698575471870006e-05;3.6810865921715e-05;3.59974062548275e-05;3.4357123390653784e-05;3.2551832954556715e-05;3.1249806432973525e-05;3.0853783460922336e-05;3.118323859555297e-05;3.1571842378145604e-05;3.177768255227501e-05;3.183308424528161e-05
1752.3987856471283;1.0149480400265516e-08;3.509238675129792e-08;6.524644783807162e-08;7.985772850452066e-08;7.108786362173367e-08;5.038038245162528e-08;4.006450539355587e-08;5.1001710341785136e-08;9.242682329176289e-08;1.5180697611132577e-07;1.818846790349225e-07;1.6700947395662202e-07;1.146724205349487e-07;5.7978942474437885e-08;2.665091599456921e-08;1.373116878215058e-08;9.108409933317336e-09;9.212435081070516e-09;1.4698165634086092e-08;2.854427014964432e-08;4.2563212264320314e-08;4.443279831810303e-08;3.2327685280010576e-08;1.6949545244425657e-08;5.887750716290483e-09;3.2305695166601142e-09;3.14059109434204e-09;5.280418439175837e-09;1.4252885312141865e-08;3.558835171056845e-08;6.412296870477552e-08;8.74664271132003e-08;8.285914017781742e-08;6.224607230452413e-08;4.0007281539024433e-08;2.16279468163298e-08;1.5307946011315248e-08;1.05456996532573e-08;6.143372993401514e-09;5.622117287694121e-09;8.241423912485959e-09;1.0472200524859907e-07;1.1735313701454914e-06;5.085078247532729e-06;1.3490252966444873e-05;2.7766532240497906e-05;4.8539040188246506e-05;7.549757809977783e-05;0.000107130374648;0.0001406064099888;0.0001727297779609;0.0002009367068567;0.000223777852321;0.00023967300824;0.0002470863338756;0.0002464434884899;0.000239057587592;0.0002265415050979;0.0002098655698807;0.0001901200511132;0.0001689344674782;0.0001481673949326;0.0001290078975701;0.0001116557845376;9.595378358588264e-05;8.231193513196021e-05;7.116751360401277e-05;6.275349565176697e-05;5.6982415832704897e-05;5.332931149496825e-05;5.125495586787237e-05;4.996254734629575e-05;4.864740945978856e-05;4.687559492359719e-05;4.465578717098209e-05;4.230322358777071e-05;4.042331274192536e-05;3.943487685719616e-05;3.926897094795037e-05;3.944470109061175e-05;3.934229404896423e-05;3.863573774855471e-05;3.7368348561687175e-05;3.592117124002788e-05;3.473739001341676e-05;3.408631240364528e-05;3.412721383604091e-05;3.47330788012085e-05;3.557809884264269e-05;3.628945849466969e-05;3.635245981403221e-05;3.5426691918162586e-05;3.3655043404102986e-05;3.163133208179148e-05;3.00870128781146e-05;2.944909439291524e-05;2.9665108629585817e-05;3.0362598126107957e-05;3.087663957028399e-05;3.11754677815914e-05
1753.9608557761203;6.865692457991133e-09;2.0775023520994362e-08;3.6284005779584826e-08;4.2871208020020114e-08;3.876098795156367e-08;3.534327335686702e-08;4.64789340165987e-08;7.252922863301159e-08;1.100201319565393e-07;1.4143410121939174e-07;1.4504729672375114e-07;1.2046323405782968e-07;7.876353924026759e-08;4.2617047999338136e-08;2.3074343265415192e-08;1.1880948925359878e-08;6.066611321368854e-09;4.300261134937806e-09;3.829384727070035e-09;3.589526056253894e-09;2.858713101375609e-09;2.185235358465857e-09;1.5363285857656355e-09;1.4991608752930952e-09;1.4109899683523726e-09;1.662568055619683e-09;2.519481892180187e-09;3.632107005577865e-09;6.536651232843623e-09;1.788927627473864e-08;3.7478696643488e-08;6.301233453246213e-08;8.456480694173872e-08;8.347735821837256e-08;6.285863403281116e-08;3.643045230157427e-08;2.0553959566907105e-08;1.9313871690899108e-08;1.792478960034138e-08;1.3018999066263882e-08;1.0220959195850747e-08;4.3681926375846726e-08;6.572970006426136e-07;3.9097804583439634e-06;1.1646344011136433e-05;2.5097103952100773e-05;4.412645920613968e-05;6.793607158781168e-05;9.555227130384656e-05;0.00012529610879;0.0001547039729351;0.0001806706476073;0.0002015103147343;0.0002162694272154;0.0002239598555012;0.0002244664649249;0.0002182613858069;0.0002071300669209;0.000192698617405;0.0001758987236175;0.0001574844762101;0.0001385647918681;0.0001204183095196;0.0001036822801244;8.879390081927517e-05;7.63552548041852e-05;6.659521274378284e-05;5.9426316061622034e-05;5.442145581367115e-05;5.0829427045132266e-05;4.841469940876701e-05;4.690867935976021e-05;4.574436395845715e-05;4.419806044306071e-05;4.24400753847364e-05;4.063338510181422e-05;3.9099772573134135e-05;3.825358023455295e-05;3.8163504229539e-05;3.849932375151292e-05;3.8493403298823386e-05;3.7753066648401176e-05;3.65082505368775e-05;3.527128274551459e-05;3.4587855898318e-05;3.4376501731509886e-05;3.434408711473417e-05;3.41922233370494e-05;3.3834840877235424e-05;3.3259043122268514e-05;3.250244010006977e-05;3.1696691922813813e-05;3.0905228210725046e-05;3.019843045010833e-05;2.968696974597442e-05;2.95120137848457e-05;2.9656467437564786e-05;2.9985565337607804e-05;3.030181017865265e-05;3.048573676189787e-05
1755.5222826095996;3.877655824413519e-08;2.4986583246138705e-08;1.3798510455659994e-08;7.818774774066645e-09;5.428499214171418e-09;8.703906916544171e-09;1.9152865489485417e-08;3.517653178798361e-08;5.7967251567501364e-08;7.625801747379966e-08;8.607274377406623e-08;8.633173641288441e-08;7.043637294702486e-08;5.7768663381793306e-08;5.635346107525488e-08;5.927280379796758e-08;5.414512016140575e-08;3.871494082449201e-08;2.264895793408596e-08;1.1512481993288365e-08;5.5778906329502924e-09;3.337165150675293e-09;3.054072124966149e-09;6.814954498528348e-09;2.0339019591419157e-08;4.29957235812015e-08;6.669810728945895e-08;7.892922920617482e-08;7.310776367542429e-08;5.7238061544537215e-08;4.3891995220001034e-08;4.142681033297648e-08;4.7347245476633495e-08;4.559510180672108e-08;4.15226638632098e-08;5.1736424908336696e-08;8.204942301756563e-08;1.081816213211797e-07;1.0070525469554733e-07;6.616070412562636e-08;3.055763161410995e-08;3.410365079566241e-08;6.438933468771014e-07;3.680097643457374e-06;1.083072312214878e-05;2.321084778927475e-05;4.060641569275672e-05;6.206784025122316e-05;8.655830341512436e-05;0.0001127131659748;0.0001387632163673;0.0001626457588426;0.0001830817890768;0.0001984615872508;0.0002069056487558;0.0002079411696694;0.000202338251104;0.0001918691584819;0.0001778012515977;0.0001610944855295;0.0001430101809649;0.0001250931611363;0.0001084964694528;9.366453526229882e-05;8.072979442255551e-05;6.999300579857369e-05;6.149516477965214e-05;5.503836108210709e-05;5.0307035712706966e-05;4.692003810934598e-05;4.461074713619708e-05;4.31325532109225e-05;4.210816228783738e-05;4.112369453397553e-05;4.0083708124048686e-05;3.900340859376564e-05;3.791301298547957e-05;3.696742780575854e-05;3.6376450126833815e-05;3.611271005443765e-05;3.5791283336032835e-05;3.5503031636292505e-05;3.501851053605119e-05;3.453814445239671e-05;3.428344367278521e-05;3.4209742489097715e-05;3.39828263982157e-05;3.321257558836266e-05;3.172211793182617e-05;2.997812728423482e-05;2.863542015685754e-05;2.807007717226497e-05;2.8372046750548364e-05;2.896860565040808e-05;2.943873148316125e-05;2.9688992252597173e-05;2.967724525032872e-05;2.944323069749398e-05;2.9156411746118005e-05;2.891589924124239e-05
1757.0830662173976;7.594243239439288e-08;4.76586403822376e-08;2.3983466878209136e-08;1.1816258562701608e-08;6.466883876162801e-09;4.175799736049996e-09;3.441825861045448e-09;7.940677895204256e-09;2.4338664845705093e-08;5.524665448846533e-08;9.379178895173901e-08;1.1448488134515685e-07;1.0931441021478097e-07;1.0545303533385023e-07;1.2295340605340958e-07;1.4535208278373838e-07;1.3985234449324084e-07;1.0012964271483243e-07;5.196958560558965e-08;2.5183327433678483e-08;1.1923390383774441e-08;6.790340542750647e-09;5.765799893858207e-09;1.3186720056314614e-08;4.038227852998799e-08;8.536631426514533e-08;1.3156855654331418e-07;1.545971426078603e-07;1.403772010370106e-07;9.9673745384643e-08;5.5945316485493865e-08;2.7946609141851863e-08;1.505962153046669e-08;1.0523210456455123e-08;2.102870212298881e-08;6.333335350858072e-08;1.3202345687003392e-07;1.7984051420555238e-07;1.707435562774774e-07;1.2536683773156801e-07;8.24630947045385e-08;1.2606556703203632e-07;8.872681476856671e-07;3.609113510818062e-06;9.991007474622736e-06;2.125689185027297e-05;3.718653713781614e-05;5.69865759945369e-05;7.920484540972657e-05;0.0001024144947357;0.0001251786212225;0.0001463313806904;0.0001649058033977;0.0001791038194175;0.0001870213344449;0.0001882567745383;0.0001836175382139;0.0001743073161649;0.0001609608360776;0.000144780434157;0.0001276739527337;0.0001114332182866;9.676796717957705e-05;8.380629224061535e-05;7.257331690145249e-05;6.325104736744702e-05;5.591451842417747e-05;5.04541219144516e-05;4.672178059243423e-05;4.440443601879752e-05;4.296501886559403e-05;4.18741754554986e-05;4.080014276122397e-05;3.963587877129823e-05;3.837919562846648e-05;3.715507656490448e-05;3.6042329798348114e-05;3.509924099322608e-05;3.437878163421665e-05;3.397730003831662e-05;3.385265443342878e-05;3.387534535724322e-05;3.3941153284112175e-05;3.39625464832303e-05;3.392937060137361e-05;3.386204933488532e-05;3.344249426872004e-05;3.255824329962782e-05;3.128380155031017e-05;2.978537941838755e-05;2.855937644589195e-05;2.7981915772190863e-05;2.8090901712038303e-05;2.839284436706359e-05;2.8695836949508547e-05;2.8655868531434743e-05;2.8144279321326543e-05;2.74412315245856e-05;2.6781902665973465e-05;2.6324905644953552e-05
1758.643206669418;7.840512450654569e-08;5.3014591675619764e-08;2.8548091071126767e-08;1.3651623952412014e-08;7.525358794801019e-09;5.727785826639925e-09;5.645911504767612e-09;8.864120715232319e-09;1.2972668046848668e-08;2.5361657297168025e-08;4.8330091106554795e-08;5.933735398616517e-08;6.071748918315195e-08;7.223815075203532e-08;1.0205767025640065e-07;1.2799799390890066e-07;1.245272484552098e-07;8.931061421682312e-08;4.849730540518917e-08;2.2958734438038283e-08;1.1171564020551629e-08;6.566137806962201e-09;5.566570709918312e-09;9.527972778373438e-09;2.3351175312539734e-08;4.5557200869062587e-08;6.781776731827339e-08;7.836003133755686e-08;7.049002366642687e-08;5.011571744808016e-08;2.963060422707215e-08;1.603232085679382e-08;1.7923183466093412e-08;2.1176270008897327e-08;3.797243193927728e-08;7.322303806477118e-08;1.1121949529968308e-07;1.3399975192901897e-07;1.2929083352229253e-07;1.1156869918083043e-07;1.1226084609206222e-07;2.7379249189913564e-07;1.0234747554359065e-06;3.273039921985831e-06;8.677759063428085e-06;1.8245854778755703e-05;3.2429862706133626e-05;5.052961965506021e-05;7.076452071061986e-05;9.15842206109507e-05;0.0001118245546114;0.0001303841034743;0.0001459729968341;0.0001571941639716;0.0001630319401501;0.0001636313270377;0.0001597132090324;0.0001520184635146;0.0001410557537128;0.0001280499273399;0.0001143919212402;0.0001009807894252;8.824566274195176e-05;7.657479379104769e-05;6.635484019101376e-05;5.782040052549269e-05;5.1167561063181375e-05;4.640570414483742e-05;4.338691919056863e-05;4.173962783824843e-05;4.075533789344013e-05;3.983969229525167e-05;3.87141428420713e-05;3.740715472202079e-05;3.612491885306891e-05;3.508776422707363e-05;3.4352275041365496e-05;3.3900992408962514e-05;3.367446945005174e-05;3.3598644393550306e-05;3.3515262656197485e-05;3.327810929006152e-05;3.298472626039943e-05;3.27093538734071e-05;3.255929590298716e-05;3.254320144610596e-05;3.243105522206802e-05;3.205484394791827e-05;3.1374481887769246e-05;3.041235068381393e-05;2.9341151843876207e-05;2.8435842031965124e-05;2.7868630729540856e-05;2.757125388049176e-05;2.728001403135308e-05;2.676047088401572e-05;2.609169602490768e-05;2.5429192308209155e-05;2.4898777182545768e-05;2.4584195505337763e-05
1760.2027040356188;8.472779652407407e-08;7.356277924180154e-08;7.402021492610804e-08;8.54558017392793e-08;7.810576681204798e-08;5.9046501749128236e-08;3.661967648466903e-08;1.9019213472154682e-08;1.1702953497342693e-08;8.187950059395301e-09;5.711603401386948e-09;5.5499824538032245e-09;8.257335702689381e-09;1.5639268885378458e-08;2.9101788533468186e-08;4.0836168379684494e-08;4.961191403861157e-08;5.455454110631587e-08;7.43114417985867e-08;8.582256153757164e-08;8.01928647698026e-08;5.610580073882043e-08;1.9699960950200255e-08;8.695218827800475e-09;6.415777930427846e-09;5.2710726421196584e-09;3.896212270102543e-09;3.736651439388383e-09;1.1463277349926877e-08;2.7259276819246843e-08;3.9246070827792834e-08;4.3338518566892815e-08;4.4058035318363465e-08;5.036615435613373e-08;6.490344241168808e-08;8.59340475317515e-08;1.0103653615484984e-07;1.038789877241018e-07;9.66035032955927e-08;8.128737406308018e-08;1.0063578477267269e-07;3.7221155037382177e-07;1.215096998246106e-06;3.251921130357413e-06;7.634131714716975e-06;1.568017780911963e-05;2.78954454350956e-05;4.361429205843774e-05;6.119981487952477e-05;7.91372798513775e-05;9.670076708894145e-05;0.0001130161529331;0.0001264101518676;0.0001354768893317;0.0001397026108826;0.0001397463287784;0.0001366125563806;0.0001309254077881;0.0001231456314094;0.0001139439613564;0.000103803304259;9.296268138195158e-05;8.187802686826983e-05;7.133739218163585e-05;6.211203205403916e-05;5.451497973795258e-05;4.859221896677967e-05;4.425280818749967e-05;4.134480322697501e-05;3.9553305716155325e-05;3.832079704979507e-05;3.712568192724056e-05;3.584862055921267e-05;3.469138827621567e-05;3.386324418486346e-05;3.3468015508962874e-05;3.344130444341661e-05;3.350680332045541e-05;3.325914823268768e-05;3.27316498080269e-05;3.193663219011756e-05;3.095343890973551e-05;3.0165562345046465e-05;2.9859539880020646e-05;2.995550995774667e-05;3.02372266948318e-05;3.04819854588111e-05;3.0508527815097123e-05;3.022548231003008e-05;2.959794612248279e-05;2.886640686061968e-05;2.8142506745104706e-05;2.7477501386754703e-05;2.6888716568964556e-05;2.6366812672146616e-05;2.579648192772515e-05;2.5222249877828468e-05;2.4716977698266976e-05;2.4342541951029672e-05;2.4120627410536308e-05
1761.761558386028;5.8835090774786846e-08;8.256688009417438e-08;1.2178729367059284e-07;1.4963042344197133e-07;1.4723064042455104e-07;1.1664227712578445e-07;7.713763171582775e-08;4.864343418325964e-08;3.205444154127838e-08;2.1771102081034497e-08;1.56759411726559e-08;1.2074927940850026e-08;8.534907265531343e-09;5.014925480848085e-09;3.6910331379738126e-09;8.584255900162888e-09;2.567835318244033e-08;6.375494956777034e-08;1.2122034206235565e-07;1.614074943070985e-07;1.5510571474290577e-07;1.100773716558171e-07;5.36975143646657e-08;2.0050875552862976e-08;1.0769930790141916e-08;7.70307042241437e-09;6.432848044986343e-09;1.235009830556396e-08;4.041638356473852e-08;9.7504978160334e-08;1.419914976360563e-07;1.5272925258426449e-07;1.316334680157574e-07;1.0451871419312865e-07;8.583062130154207e-08;8.559271528167995e-08;9.563237549836237e-08;1.0613320626413025e-07;1.009548574581818e-07;7.977828548268416e-08;9.741366300810545e-08;3.885215032818688e-07;1.2743880811877047e-06;3.25996122791566e-06;7.1606620204037634e-06;1.4230150690305406e-05;2.4880130278595148e-05;3.847187814382809e-05;5.3583240556087127e-05;6.877235663150082e-05;8.348555289330482e-05;9.720538831632848e-05;0.0001085330584286;0.000116335670738;0.0001203840352872;0.0001212839937986;0.0001196679454443;0.0001157013654159;0.0001096368841206;0.0001020093497636;9.337668606196595e-05;8.400929484011588e-05;7.437955834649617e-05;6.53986700943067e-05;5.7752724332578894e-05;5.162869073184154e-05;4.685136766426922e-05;4.313992512491488e-05;4.034942376793024e-05;3.830274117217771e-05;3.675059868932594e-05;3.540599462597035e-05;3.422310061074988e-05;3.327371293261192e-05;3.267505208460614e-05;3.2482853638142125e-05;3.257438965021599e-05;3.2657801074681953e-05;3.213475517865744e-05;3.098341780335458e-05;2.937748468838153e-05;2.781410380309506e-05;2.7186921588332344e-05;2.743933745830868e-05;2.807886533051445e-05;2.85766039160086e-05;2.861566713008152e-05;2.81103599403517e-05;2.7534229851361964e-05;2.702065955578073e-05;2.681540302442064e-05;2.687817098931118e-05;2.682775135260533e-05;2.662177233274365e-05;2.620542387178553e-05;2.5630147539946444e-05;2.5001815280952632e-05;2.4450180565091905e-05;2.4045337506866223e-05;2.3797161329255743e-05
1763.3197697907308;7.643531951177045e-08;1.1686528355372685e-07;1.4747293781512185e-07;1.417229818915413e-07;1.2749127902707545e-07;9.599404074524609e-08;7.441058671172888e-08;7.705330887393478e-08;9.458230015030603e-08;1.036549907155266e-07;9.534708628073645e-08;6.882771951830966e-08;3.422747764440938e-08;1.5065311574473897e-08;8.653714499223098e-09;1.0651940608534966e-08;2.2579211399318232e-08;5.2795120814194654e-08;8.70879084657346e-08;1.0808636634695483e-07;1.1376622795399235e-07;1.1457882359708322e-07;1.3393244154590598e-07;1.4341311847921817e-07;1.4069147426831012e-07;1.127286788281481e-07;7.575788033466618e-08;5.592319592503578e-08;7.465955080927762e-08;1.2849461138837266e-07;1.803560341082497e-07;2.006633861536357e-07;1.808794968438905e-07;1.37550850221043e-07;9.82035039648418e-08;7.183275747016678e-08;6.356087959362931e-08;6.973435870657505e-08;8.274856631631933e-08;8.718769026965197e-08;1.1968464135617418e-07;3.255373803224732e-07;9.5957418642285e-07;2.570785832050148e-06;5.914769935085334e-06;1.1914788008148342e-05;2.117068853294401e-05;3.3492628355234446e-05;4.729981629976632e-05;6.099179965843014e-05;7.38938822479443e-05;8.568678825947539e-05;9.56080643342131e-05;0.0001029221361651;0.0001073425988517;0.0001090308069749;0.0001080277220017;0.0001043488223804;9.830654039311904e-05;9.062525724918526e-05;8.228537540577092e-05;7.389876703952593e-05;6.593294015664884e-05;5.894347353070081e-05;5.303011607526591e-05;4.8057209807133856e-05;4.38015265520783e-05;4.024147998324801e-05;3.769935936569888e-05;3.5992442928624784e-05;3.510023512096672e-05;3.443953775033408e-05;3.3680891304479003e-05;3.2844973284127865e-05;3.1978161312353325e-05;3.157621964353601e-05;3.1619662514777024e-05;3.170961639277986e-05;3.12507820625616e-05;3.0060984667562792e-05;2.8354395778119906e-05;2.685482570184075e-05;2.6195448098980795e-05;2.6426905343861024e-05;2.712770912223399e-05;2.76041219849479e-05;2.7459610530508584e-05;2.670466938438647e-05;2.5806526523716387e-05;2.524728377442615e-05;2.52055594805951e-05;2.557394777727692e-05;2.599404691703003e-05;2.6107373159297695e-05;2.577800353644645e-05;2.512041432845556e-05;2.4410150141205883e-05;2.376718778572356e-05;2.3295680076850432e-05;2.3011774653402894e-05
1764.877338319875;1.5528795842462766e-07;1.8564131368216482e-07;1.851064733025223e-07;1.4592222978231977e-07;9.44139659350839e-08;5.318778392809378e-08;4.0922263334817025e-08;6.916717880609579e-08;1.2753739642373598e-07;1.6853185329010125e-07;1.6618783940712308e-07;1.2047013444522066e-07;5.9140668065232866e-08;2.4701513269022828e-08;1.3333495388472024e-08;1.0408536047167533e-08;1.3737601539090065e-08;2.1751750916830138e-08;2.81045694870002e-08;3.264968677071526e-08;5.5339322847031796e-08;1.1454424628873504e-07;1.9494309164546186e-07;2.5984053206134414e-07;2.749705372096298e-07;2.384344722601168e-07;1.806008004769256e-07;1.3508415463449972e-07;1.1732289648799277e-07;1.1283116591091169e-07;1.1798659531017715e-07;1.108122103606911e-07;1.0020707867993805e-07;8.683773113082309e-08;7.1415078508765e-08;4.9324093414969394e-08;3.3535948829589654e-08;3.5885325936624967e-08;5.825012879446568e-08;9.06209622705466e-08;1.2244959762870225e-07;2.0048532698677258e-07;5.473853392242199e-07;1.6876137593352791e-06;4.40133185763767e-06;9.577285128568273e-06;1.7509277181737474e-05;2.7835545300064743e-05;3.962564784582897e-05;5.1833608961263255e-05;6.377424811462602e-05;7.504984370220994e-05;8.506626103472816e-05;9.293730962343272e-05;9.782458021823222e-05;9.93956022716956e-05;9.763045453284818e-05;9.305514411219005e-05;8.652742121658186e-05;7.904905539304698e-05;7.161769156200519e-05;6.482170917559361e-05;5.888948323562469e-05;5.384632702191592e-05;4.936923876160373e-05;4.5176131975239496e-05;4.121567180998755e-05;3.7722479678353e-05;3.516138251925431e-05;3.37186140163989e-05;3.3296227001282715e-05;3.3325154033538485e-05;3.317547603850093e-05;3.255487398249792e-05;3.167857746542425e-05;3.109627282993581e-05;3.0951054681157784e-05;3.099400169782282e-05;3.0760302760851746e-05;2.9864233310440023e-05;2.8440641444895635e-05;2.69306961782455e-05;2.5839430055672945e-05;2.552061777623057e-05;2.591199649680287e-05;2.643466838947357e-05;2.6641199950824657e-05;2.641876068933752e-05;2.591433062274088e-05;2.5396519228246264e-05;2.5120073983659568e-05;2.5160114738982048e-05;2.5370409891360256e-05;2.550032292499478e-05;2.530426136095932e-05;2.4694333260992883e-05;2.3830570543003928e-05;2.2868562843610283e-05;2.202129738363829e-05;2.1547958123527727e-05
1766.434264043677;2.0879000431868666e-07;1.947509768012933e-07;1.550827733549519e-07;1.0234780930363069e-07;5.249401112041103e-08;2.4539388391282493e-08;1.4714340446820136e-08;3.00292020561259e-08;6.4490443107172e-08;9.61436950703894e-08;1.036359116501173e-07;8.151022289119406e-08;4.60875285243795e-08;1.9390456506526553e-08;9.270422393493029e-09;6.444747253769141e-09;5.820219127963882e-09;7.167727861329691e-09;8.663499334641841e-09;1.3052832163689587e-08;3.4555124952261624e-08;9.851408139436149e-08;1.7042237393991325e-07;2.25976492524885e-07;2.409774121822249e-07;2.1674153834102795e-07;1.829622427059806e-07;1.5593933375471006e-07;1.3411795136843124e-07;1.081281147506627e-07;7.68554199666598e-08;4.6509523881065e-08;2.9739569370529396e-08;3.4302458370738425e-08;4.523227751677287e-08;4.767458967899168e-08;4.003686590306541e-08;3.2142030937471794e-08;3.2766912848181104e-08;4.831411609149311e-08;6.5531657948313e-08;1.2235599265398716e-07;4.377186592403866e-07;1.5946725394979723e-06;4.378219562314291e-06;9.294402639895823e-06;1.621227915225149e-05;2.455315962329948e-05;3.372608040763958e-05;4.3368238118247e-05;5.317377723662154e-05;6.283237965888262e-05;7.191812633941987e-05;7.973824279589906e-05;8.521668548682128e-05;8.734907020205277e-05;8.584183734533071e-05;8.145699547089196e-05;7.535956570503655e-05;6.862761927310094e-05;6.210634142918961e-05;5.666226101923935e-05;5.2243882280147135e-05;4.893161533961865e-05;4.609397993441124e-05;4.325049550203888e-05;4.025722614215222e-05;3.726630560601931e-05;3.465277050191724e-05;3.2834017003127724e-05;3.197125379331835e-05;3.1925096951399515e-05;3.2187938342885715e-05;3.2074248384523654e-05;3.1649620239515206e-05;3.1149166903066674e-05;3.0509007690865857e-05;2.9723829722821912e-05;2.8769318373173855e-05;2.766312324084742e-05;2.651525231723282e-05;2.548718911231221e-05;2.477979495139624e-05;2.448228181767873e-05;2.468165200592316e-05;2.5268506944775037e-05;2.5915720296078247e-05;2.631450416680145e-05;2.626514683242493e-05;2.585466315023498e-05;2.534910938665202e-05;2.502478927478829e-05;2.4961502024581472e-05;2.5071350104392123e-05;2.5071101825937897e-05;2.466426837922652e-05;2.3788554743855612e-05;2.264988185232963e-05;2.1639184439143985e-05;2.0965684596387155e-05
1767.990547032412;3.203506548596475e-07;2.8369337504550804e-07;2.2150447128136882e-07;1.4635884780087224e-07;8.327366830226419e-08;4.094857798455272e-08;1.99783680430994e-08;1.4533212157197432e-08;2.536567862832363e-08;5.353596691365507e-08;8.047159552133825e-08;8.755682073528838e-08;6.93152527121235e-08;3.9666909166347664e-08;1.8963158965220612e-08;9.9736569756538e-09;1.2942347006445609e-08;2.9770437062883774e-08;5.813050262700744e-08;8.723739889307479e-08;1.1889200517153554e-07;1.5400231826864488e-07;1.8178454696494274e-07;1.898675771032871e-07;1.721314009058247e-07;1.3653097279215373e-07;1.0364418116865769e-07;8.358408755982202e-08;7.302594189307352e-08;6.962823324924813e-08;6.6123448511947e-08;7.494397528749193e-08;8.444569077066185e-08;9.133791175961677e-08;9.376185321946129e-08;9.247936895658435e-08;9.39639802399348e-08;9.338353115730172e-08;8.25957305378453e-08;6.413338560787247e-08;5.790770810589682e-08;1.2729562358494998e-07;4.965831804585754e-07;1.8259757212139896e-06;4.810797744732078e-06;9.739472372445371e-06;1.6202196375982805e-05;2.342151767906816e-05;3.0912299967576194e-05;3.848535236422282e-05;4.5987145388038575e-05;5.317855571912972e-05;5.983600618330486e-05;6.583556112426376e-05;7.079599452721956e-05;7.384424402168531e-05;7.435747138771846e-05;7.229520486999605e-05;6.806362054570158e-05;6.251856002750586e-05;5.6456051669343726e-05;5.077204605174547e-05;4.630905166163236e-05;4.333485417199463e-05;4.1438004020229095e-05;3.982462078990765e-05;3.795259457377354e-05;3.5759816999854225e-05;3.350923741873028e-05;3.179246170242231e-05;3.079403108194713e-05;3.052325232394175e-05;3.0697943629797044e-05;3.092551868462242e-05;3.0812324576986066e-05;3.0099280053009128e-05;2.8894008839241095e-05;2.7501721861259725e-05;2.6255034809655604e-05;2.523633588673333e-05;2.444513475319333e-05;2.3881035089437317e-05;2.356470354850724e-05;2.3547064511645947e-05;2.379521067601865e-05;2.420132324260693e-05;2.464381494207926e-05;2.499464958325099e-05;2.490007975163069e-05;2.4508858172037684e-05;2.3994503035685837e-05;2.3537767517819576e-05;2.3299570200517992e-05;2.3385130759618516e-05;2.362261989645378e-05;2.3701395804599493e-05;2.333953384880164e-05;2.265891074072711e-05;2.1981997104436292e-05;2.146278247883232e-05
1769.546187356409;4.0212090769768453e-07;3.876123150606939e-07;3.341411942175866e-07;2.391284933666312e-07;1.412021373154727e-07;6.895111896550212e-08;3.407554370113263e-08;3.648737680770129e-08;6.24944332529073e-08;9.887430241821161e-08;1.2898600377373521e-07;1.3332967115437248e-07;1.0304989127567525e-07;6.733575540051356e-08;6.596169434262037e-08;1.010303830101374e-07;1.4251317643344108e-07;1.6992150829504957e-07;1.831301575974581e-07;1.964666826081582e-07;2.1172108908260098e-07;2.0503209956751689e-07;1.737696299688204e-07;1.3491796258716389e-07;9.913539516121865e-08;7.163868854338127e-08;4.7901273341553063e-08;2.8349310452455305e-08;1.7521168496608342e-08;2.4498721910209112e-08;5.606513141595369e-08;1.0495072885349217e-07;1.4245391258010498e-07;1.476700615136497e-07;1.260082102528467e-07;1.074538383087825e-07;1.3330471504236826e-07;1.947973853180388e-07;2.421257739012879e-07;2.45886701430553e-07;2.076671817683839e-07;2.1745321919866894e-07;4.889727071884712e-07;1.5824231039226757e-06;4.070001362070526e-06;8.360003053322872e-06;1.4271805643999583e-05;2.0844632316390256e-05;2.7768971399475648e-05;3.474120144846405e-05;4.140679088143616e-05;4.7468764002320216e-05;5.273038575858105e-05;5.709557610181268e-05;6.064387898527826e-05;6.33535341304729e-05;6.507192611998672e-05;6.530442946517921e-05;6.344135947196456e-05;5.954366488288303e-05;5.418703120577958e-05;4.852656687342666e-05;4.360684041824757e-05;3.997738414065417e-05;3.765118778471527e-05;3.6085701144583085e-05;3.4759933616674344e-05;3.336416249399393e-05;3.186152094507845e-05;3.07171577102346e-05;2.9947698060146836e-05;2.956802823038739e-05;2.9292521774852623e-05;2.887809386906712e-05;2.8188684898652863e-05;2.712694332844632e-05;2.631035984846938e-05;2.572297652722653e-05;2.5389916516639075e-05;2.493679037139574e-05;2.4331372345389284e-05;2.3667056194764027e-05;2.313275193519575e-05;2.3055894367015955e-05;2.340878300414998e-05;2.3803928555217734e-05;2.400575995265256e-05;2.385089682331888e-05;2.341900863362301e-05;2.2844881473450167e-05;2.2261340292335183e-05;2.1843658662511303e-05;2.1669078342427904e-05;2.175801949340451e-05;2.197953415265679e-05;2.221684360815865e-05;2.225223985537617e-05;2.2100313084149835e-05;2.186648082190355e-05;2.166013505425385e-05
1771.101185086074;2.2765479245849573e-07;2.1539375476425746e-07;1.7981809561597488e-07;1.245304426802166e-07;7.301528771191452e-08;3.6516599610740543e-08;2.405579598566572e-08;4.276278985414151e-08;7.845244845662985e-08;1.0802783828619189e-07;1.1327772578836357e-07;9.156314415948805e-08;6.211745307814039e-08;4.926164400998387e-08;9.259467453152289e-08;1.9202970458202216e-07;2.76801915795016e-07;2.889501243155393e-07;2.3141098895806797e-07;1.658549238487006e-07;1.297708634921149e-07;1.0384100348620849e-07;7.409094730610442e-08;5.0472945140721445e-08;4.196337055494992e-08;3.9028604384631095e-08;3.4336896903296514e-08;2.2618339255652728e-08;1.1269619491210406e-08;9.746704535621284e-09;2.561400026672929e-08;5.295943783871065e-08;7.136725275882097e-08;7.240707504829324e-08;5.8515293425922526e-08;5.5366504263648993e-08;9.94988943737556e-08;1.8814786300663722e-07;2.779857544748588e-07;3.20411779461814e-07;2.9745615744451384e-07;2.984026680270034e-07;4.770408254149988e-07;1.165627111838364e-06;2.7440207995988286e-06;5.683993732745358e-06;1.0160671345028978e-05;1.5961309334466576e-05;2.256427961112129e-05;2.9345156612498822e-05;3.596386149771627e-05;4.2226335666647735e-05;4.784388851025596e-05;5.234303732697408e-05;5.552244641837372e-05;5.75593526983212e-05;5.875738391713941e-05;5.914711537819364e-05;5.8313650573965e-05;5.596131648507354e-05;5.219898607641482e-05;4.765229495662081e-05;4.295936910240293e-05;3.873114182830325e-05;3.561352362803221e-05;3.363314903772866e-05;3.2403357753339195e-05;3.158168497851527e-05;3.086840649416908e-05;3.018145709284109e-05;2.954107440991648e-05;2.87991630273781e-05;2.787006128989117e-05;2.6765894605311216e-05;2.5777088018867552e-05;2.5173189652007756e-05;2.5017194122017656e-05;2.514305530054311e-05;2.5159844860177296e-05;2.486931965202312e-05;2.4288349673870488e-05;2.361708884454805e-05;2.3214238190594644e-05;2.3289066298302985e-05;2.376424800394785e-05;2.42672030943971e-05;2.443491971412225e-05;2.4138111754421687e-05;2.341313101459862e-05;2.2643025410103424e-05;2.202681146025164e-05;2.1682834540202037e-05;2.157288006761983e-05;2.1501842179592773e-05;2.144376481841893e-05;2.132181914445306e-05;2.1197626957987724e-05;2.1187561426577607e-05;2.127119849119403e-05;2.131180279227962e-05
1772.6555402918675;3.0059922164639654e-08;2.2414347392938984e-08;1.3453113852089924e-08;7.1608947009621855e-09;6.116877502787147e-09;7.349904761417356e-09;1.4419193711129204e-08;3.432666675867946e-08;6.940010320474135e-08;1.0949396971568837e-07;1.225698449330475e-07;9.93105916428202e-08;6.527841719707517e-08;4.2845807119358185e-08;5.8834541776709075e-08;1.2142990109717176e-07;1.788905969970558e-07;1.847901503288418e-07;1.3638306451172686e-07;7.192701879901415e-08;3.2751880376916336e-08;1.7678991912614006e-08;1.5537963567228995e-08;1.7079998102670605e-08;3.32196725621463e-08;6.572140625221413e-08;1.0098347373444226e-07;1.1305831939177997e-07;9.372986869737201e-08;5.644518069924681e-08;2.46746523425484e-08;1.0206858751406924e-08;4.7094940715797414e-09;3.4845869834286372e-09;6.132213154518647e-09;1.8382837774025005e-08;5.2203383818058624e-08;1.0233300871306474e-07;1.4866211457192326e-07;1.70845924845066e-07;1.696309476811955e-07;2.135395098881993e-07;4.149591081702014e-07;9.671636355136303e-07;2.142733156487702e-06;4.352216315230258e-06;7.818299735924744e-06;1.2445508668743311e-05;1.7936368696470482e-05;2.3978132319944928e-05;3.049144838185548e-05;3.725145464620973e-05;4.372561242327575e-05;4.910254226961877e-05;5.272557010632463e-05;5.459314191614827e-05;5.495419232107397e-05;5.408346169943664e-05;5.2269538360892606e-05;4.985652068694853e-05;4.7087805859597645e-05;4.3699878337579565e-05;4.019034899627527e-05;3.668505497949344e-05;3.390005127152674e-05;3.20878051406344e-05;3.106573635000455e-05;3.043437585202146e-05;2.9785209439433055e-05;2.8986474193030735e-05;2.788404569297943e-05;2.6543683418933763e-05;2.53230128940406e-05;2.4569587802048857e-05;2.446430066440013e-05;2.480939258374293e-05;2.4915714856912707e-05;2.4806788110054423e-05;2.4493264766319428e-05;2.3914333357469418e-05;2.3517519222228443e-05;2.337896960528445e-05;2.349498478735709e-05;2.377114420620961e-05;2.4019250573109884e-05;2.402447353582203e-05;2.375821374204667e-05;2.3322784057508275e-05;2.2779902950663977e-05;2.229192846542031e-05;2.193616778267004e-05;2.164049160697656e-05;2.1341403146634644e-05;2.1012937551015144e-05;2.069299921512172e-05;2.0453021006326163e-05;2.037682454609304e-05;2.0384471727687725e-05;2.045890654687372e-05;2.0558511337331596e-05
1774.2092530443117;3.361048610789531e-10;5.526260874557402e-10;2.2251569032472088e-09;8.657664678038356e-09;2.4019678314928232e-08;5.0251702658801113e-08;7.630002243930256e-08;1.0966173901059624e-07;1.517908954195949e-07;1.9588927519597527e-07;2.080505420558165e-07;1.7653747464114485e-07;1.1965946037500896e-07;6.164394718576216e-08;3.1039164020838e-08;3.5924276702153e-08;5.7708890111849935e-08;7.46973032789471e-08;8.000346216176288e-08;6.887938446019634e-08;4.8273156493101813e-08;2.4850044007888704e-08;1.5689627908839082e-08;1.4539927729074242e-08;3.71552669591304e-08;1.0286431372317437e-07;1.9335687762606172e-07;2.487969595717313e-07;2.3238892133594707e-07;1.5826835769418077e-07;8.00611276776996e-08;3.087108249196153e-08;1.4238061089396743e-08;1.0234732281818414e-08;1.1369937386716292e-08;1.9436638635445885e-08;3.638840511268117e-08;6.148241095378267e-08;9.082534133931212e-08;1.30701256047521e-07;1.5477821084501828e-07;2.0139915416129235e-07;3.644443776995e-07;8.707350401723478e-07;2.074973418564004e-06;4.261250039045381e-06;7.496609928807991e-06;1.1633204455168413e-05;1.6444086475000162e-05;2.184817583830472e-05;2.786744203862853e-05;3.4289265537908187e-05;4.062062460189592e-05;4.611830485184461e-05;4.986106930657399e-05;5.156162689427588e-05;5.135460476517846e-05;4.9704811362211145e-05;4.7260847135243455e-05;4.453735377189883e-05;4.186689697668016e-05;3.935201992273788e-05;3.696073879490535e-05;3.4767394650149204e-05;3.296856431713451e-05;3.160187955875989e-05;3.060557329707406e-05;2.9776159306419623e-05;2.888987067013848e-05;2.761478616169112e-05;2.593010270890596e-05;2.408739783627256e-05;2.279014399090528e-05;2.243337858223454e-05;2.290248773593125e-05;2.372290305432549e-05;2.4201440514889195e-05;2.4090254031122172e-05;2.357273022670643e-05;2.3029855914693263e-05;2.2786802035523917e-05;2.295146149491702e-05;2.3282366544058237e-05;2.3411301727546987e-05;2.320672526301694e-05;2.280527750523733e-05;2.2449709573066572e-05;2.22780134568619e-05;2.2333377944661957e-05;2.2324653134565056e-05;2.209826657257516e-05;2.1618902632707692e-05;2.101183527025434e-05;2.052758859554064e-05;2.0120982810822977e-05;1.9887199164496345e-05;1.9841619813214925e-05;1.9919103443572125e-05;2.001853717347928e-05;2.0090915321806054e-05
1775.76232341399;7.942887825942609e-11;6.473189973010908e-10;5.464230199922244e-09;1.9922330015874056e-08;4.854281771527348e-08;8.855649111808111e-08;1.331335986241476e-07;1.7522713191448576e-07;2.0352265948804214e-07;2.0942164085133315e-07;1.858595188676509e-07;1.3735230153414885e-07;8.53872863933175e-08;4.715577131187502e-08;3.3136612488815146e-08;4.888710699967881e-08;7.673546978628157e-08;1.0650300232404254e-07;1.2256511252264746e-07;1.1466224927508349e-07;8.565501121210264e-08;5.13908831354693e-08;2.5726701087045225e-08;1.4612169266684546e-08;2.7959472149385252e-08;7.357416437704174e-08;1.3826077778329126e-07;1.9135919153525213e-07;1.9835082103280637e-07;1.539849034785342e-07;9.27298579379165e-08;4.776644397455988e-08;2.8283132961064346e-08;2.4517492499785304e-08;2.1109026402580528e-08;2.3689052740806365e-08;3.0258627733150986e-08;5.5857305061154465e-08;1.0829855177519325e-07;1.7503941989239987e-07;2.3259124893390506e-07;2.659086156780841e-07;3.432321482603486e-07;7.063388440390126e-07;1.791240234091274e-06;3.90924530485992e-06;7.096230857350256e-06;1.1213670036996888e-05;1.599635709138432e-05;2.1275617328806884e-05;2.694183625598077e-05;3.2656030401285344e-05;3.7905427680778186e-05;4.2305723661051e-05;4.545837348158798e-05;4.7148833980461137e-05;4.73370925670965e-05;4.634968318872615e-05;4.4692195542669566e-05;4.265809432350042e-05;4.040873807253498e-05;3.806738962281143e-05;3.5789237607056046e-05;3.3839075758347484e-05;3.236713680417652e-05;3.1281424863489206e-05;3.0376071454957597e-05;2.9483093229168108e-05;2.848048218925832e-05;2.724053346691224e-05;2.5710635653843692e-05;2.4082812193587237e-05;2.277847013347946e-05;2.2095103676207564e-05;2.2127012917058204e-05;2.2510189533240427e-05;2.288536373741227e-05;2.3124737030453552e-05;2.3071893023126987e-05;2.297139655370141e-05;2.2889974138134507e-05;2.2837508971376457e-05;2.2784501001325798e-05;2.2648344476165865e-05;2.238102070109929e-05;2.222471499841637e-05;2.2270362275443973e-05;2.253652714611781e-05;2.275621548277916e-05;2.2771366181578e-05;2.2458621982135274e-05;2.1858131091779623e-05;2.117428271089555e-05;2.0528111936624223e-05;2.0032864763274732e-05;1.9711034229806935e-05;1.9433780394849723e-05;1.933850617313537e-05;1.933050368199708e-05;1.934122034507897e-05
1777.3147514715456;9.269349369035289e-08;8.35128929546075e-08;7.326567868477882e-08;6.71454884495941e-08;6.775278847663368e-08;7.860125126743064e-08;1.025080692384726e-07;1.3385238432498758e-07;1.5448376073430586e-07;1.4589694626523345e-07;1.1799268378165581e-07;7.952545802172193e-08;4.468529688187012e-08;3.0925279092874364e-08;4.1891816748325217e-08;6.889062107158342e-08;9.489237660400669e-08;1.1101505933516746e-07;1.064947219364634e-07;9.378971803784053e-08;8.596055512883752e-08;9.25602309096882e-08;1.0443959699941959e-07;1.0855890534734952e-07;9.777605942175085e-08;8.027826482747308e-08;6.24483513617004e-08;6.468466739808617e-08;6.642354487597826e-08;6.0253206033873e-08;5.3040349287421314e-08;5.7387790868441086e-08;6.039311853147819e-08;5.737619376758266e-08;4.5483495534763346e-08;3.72995599169989e-08;5.497658514609047e-08;9.845487391558256e-08;1.449898007512455e-07;1.6044619733580468e-07;1.7232573635249212e-07;1.582201760478032e-07;1.9548159159004125e-07;4.6147170566345466e-07;1.3148379451405795e-06;3.2330201846191707e-06;6.384567400959969e-06;1.046682350112919e-05;1.5019515042440052e-05;1.963463495914647e-05;2.4248522468913916e-05;2.877230827385935e-05;3.2899158399318345e-05;3.649381610444773e-05;3.94633577920579e-05;4.183457255703552e-05;4.3312363740826895e-05;4.382578101117826e-05;4.337069970113065e-05;4.195844624773357e-05;3.97268081488496e-05;3.694381056933671e-05;3.416823413834728e-05;3.216077435213839e-05;3.079439836662681e-05;2.9939261059552616e-05;2.933268787735176e-05;2.8641881260751872e-05;2.782466374311492e-05;2.6946833256762115e-05;2.5983310657288117e-05;2.5042194532414694e-05;2.415513914061688e-05;2.34951144103079e-05;2.318835350604669e-05;2.322598759706789e-05;2.346532400811191e-05;2.3720258671997813e-05;2.3823450985681944e-05;2.3692804509321872e-05;2.333908036303067e-05;2.280605732327656e-05;2.228232593433428e-05;2.19558037065068e-05;2.190600529011288e-05;2.205522532370744e-05;2.2279756992308848e-05;2.247878657219872e-05;2.2531851000359324e-05;2.244938083592622e-05;2.222875588558376e-05;2.187138399064624e-05;2.1371156871039226e-05;2.063229913994544e-05;1.9844430054565532e-05;1.9121680769711452e-05;1.857124441261559e-05;1.81653664906739e-05;1.7923919814509428e-05;1.7796610193131676e-05
1778.8665372876858;2.63832864843704e-07;2.7482626809105725e-07;2.585769004580041e-07;2.106288643001755e-07;1.4632844875462657e-07;9.151837452858421e-08;6.975997669539089e-08;8.715631827321011e-08;1.201148962374703e-07;1.444286349259028e-07;1.490482646951955e-07;1.353888578921197e-07;1.1305959185847824e-07;9.186923958918924e-08;7.825983882765795e-08;6.524537610602428e-08;6.020945730847412e-08;4.959506383797623e-08;3.709910098393293e-08;3.574924154137045e-08;6.29849624133354e-08;1.1507626110211505e-07;1.7373914203546228e-07;2.0235557591034846e-07;1.839931268255615e-07;1.562018867756446e-07;1.329643424424439e-07;1.246837360393552e-07;1.193451223490506e-07;1.0256499969231469e-07;8.723016723323059e-08;9.204861149592729e-08;1.0161682176161842e-07;9.725601621577947e-08;8.28128247881889e-08;9.709107649734141e-08;1.7235303496720156e-07;2.7943076880553293e-07;3.393564975435804e-07;3.068393801751665e-07;2.0633808660573759e-07;1.0716709116483637e-07;9.191952663036105e-08;3.17697459852613e-07;1.0381796501769184e-06;2.7412540484690043e-06;5.666826397556724e-06;9.535947423880693e-06;1.379839246436137e-05;1.785268994313764e-05;2.1528663889217487e-05;2.506725244965201e-05;2.8559713925983844e-05;3.194811491224373e-05;3.499029214498855e-05;3.752387191087524e-05;3.921975313129581e-05;4.007031902416076e-05;4.006704071997752e-05;3.911272120722428e-05;3.72243531479477e-05;3.475208532706649e-05;3.2345596358365864e-05;3.0490357676545524e-05;2.9180422552556745e-05;2.8299676977406965e-05;2.7702620416267172e-05;2.723140414479745e-05;2.6819096728523027e-05;2.639848990013197e-05;2.5964587885514823e-05;2.562531899268588e-05;2.530328285822785e-05;2.502616657718402e-05;2.4798163709145983e-05;2.476075266157888e-05;2.4795148395219343e-05;2.470649416586485e-05;2.448522779507701e-05;2.4128056873627796e-05;2.348348757561832e-05;2.2683484258102245e-05;2.199170418150216e-05;2.1521397554081597e-05;2.148828124754322e-05;2.1701031139139696e-05;2.19818434145086e-05;2.21085006090418e-05;2.214482105339715e-05;2.2048049919787182e-05;2.193680133806725e-05;2.185940370989942e-05;2.1706021729834863e-05;2.135620986715865e-05;2.0728154399619204e-05;1.9864951153869986e-05;1.9002154634221896e-05;1.822257127572536e-05;1.753579484205599e-05;1.7196680581238653e-05
1780.4176809331802;2.496260560480481e-07;3.002256838452311e-07;3.090122741442794e-07;2.6119105898442444e-07;1.7870930941615906e-07;1.0090320858927185e-07;6.219192056736152e-08;5.7119605343716144e-08;6.836085785122189e-08;9.065472700277537e-08;1.1761577913123843e-07;1.4130088824068832e-07;1.524578562115963e-07;1.3980766039047905e-07;1.0507099265608029e-07;6.065772730151976e-08;2.70320596677736e-08;1.2100181767163978e-08;7.869633937431581e-09;9.68966299083832e-09;2.5670909084377104e-08;5.7187405972640576e-08;8.755373282065712e-08;1.046798919138295e-07;1.099567069219797e-07;1.3010897170720336e-07;1.6882014324191149e-07;2.0051975263612052e-07;2.1171066643732082e-07;1.8300852835947242e-07;1.429362078243603e-07;1.3372117321200465e-07;1.444235569088808e-07;1.4164641879322354e-07;1.3126763644294914e-07;1.5047230187191224e-07;2.395560737458472e-07;3.577434546364012e-07;4.259368351926434e-07;3.88526972855449e-07;2.629126742168871e-07;1.4302771711172132e-07;9.916322426241245e-08;2.965996630786521e-07;9.69957518196581e-07;2.5570359567733536e-06;5.249262253233272e-06;8.83522408008562e-06;1.2882207801951397e-05;1.6904853476871797e-05;2.0625902757898912e-05;2.417185642267816e-05;2.761892480198339e-05;3.092320659461634e-05;3.376345403194898e-05;3.565646613630021e-05;3.664641586545067e-05;3.684317539027808e-05;3.644571663237923e-05;3.556603507402171e-05;3.4396934052706526e-05;3.3041078021291045e-05;3.165865165069887e-05;3.034091783946492e-05;2.913418036632422e-05;2.807718047057824e-05;2.723210196507395e-05;2.6636032677553724e-05;2.626642086109797e-05;2.606511150655129e-05;2.596240063066015e-05;2.589140603624365e-05;2.578263050754215e-05;2.5573351749419408e-05;2.520125481090309e-05;2.467719537608469e-05;2.416325336246767e-05;2.3750471431126143e-05;2.350489729707356e-05;2.338888830922576e-05;2.321359118088772e-05;2.2925127144170343e-05;2.2499668613784268e-05;2.2075360513108845e-05;2.183203571942284e-05;2.182510536208208e-05;2.199377158200448e-05;2.215857223922008e-05;2.212096000642853e-05;2.1848001172908008e-05;2.159079415945461e-05;2.1625624508476095e-05;2.182164397919016e-05;2.2055043386304235e-05;2.2092502760865056e-05;2.1576871851562643e-05;2.0597685562088977e-05;1.9460472173333507e-05;1.8524958503674852e-05;1.795416673543414e-05
1781.9681824788604;7.991467567300546e-08;1.1493672687670516e-07;1.3812911727950264e-07;1.376288946673109e-07;1.1532737815397954e-07;8.56898033410265e-08;5.999768840677137e-08;3.810232100252031e-08;2.422773917066325e-08;2.0420053622470144e-08;3.1718208759718124e-08;5.196018201787082e-08;6.80533108328683e-08;6.891160151697164e-08;5.44032255660324e-08;3.163594436130316e-08;1.0252841126784824e-08;4.15657562420785e-09;3.5392317631572036e-09;6.212290147195015e-09;1.345190802911972e-08;2.6429796397902452e-08;3.8037276613779986e-08;4.225644747626021e-08;4.5302524407395914e-08;5.341578042849904e-08;7.762192857171109e-08;9.986036033304985e-08;1.0683487320862042e-07;9.699694583153046e-08;9.435235290079504e-08;1.2993778922254254e-07;1.783273666792367e-07;1.955733716670818e-07;1.760431534351344e-07;1.4233941719161078e-07;1.387930598501069e-07;1.673369220951174e-07;1.893044125223847e-07;1.7273139146499078e-07;1.2523677264204448e-07;7.193079796783733e-08;6.188338624015738e-08;2.4003288397469525e-07;9.027287295433322e-07;2.4187612144333808e-06;4.932650493236759e-06;8.251637353929355e-06;1.192285466652206e-05;1.5649373095886243e-05;1.9386542891609035e-05;2.312397904529502e-05;2.6912564888451505e-05;3.077112615850433e-05;3.398015815327388e-05;3.608452347748527e-05;3.6922662101850895e-05;3.666406682406037e-05;3.577826764290079e-05;3.4716658595358734e-05;3.3666396681824364e-05;3.2703257343129176e-05;3.180417668260294e-05;3.0836123421154184e-05;2.983410699384492e-05;2.8829739511899614e-05;2.78868706895811e-05;2.7066982389467614e-05;2.6393423527522934e-05;2.5870234895836643e-05;2.5626436650380287e-05;2.5485095719236117e-05;2.536800833368562e-05;2.509655124898025e-05;2.464345106600676e-05;2.400244614493716e-05;2.3327423474329373e-05;2.2832492415926777e-05;2.263649433805371e-05;2.2650728923440052e-05;2.2690932982514685e-05;2.2572132681265192e-05;2.216711793582952e-05;2.161965886002763e-05;2.111491192586039e-05;2.0881081534900656e-05;2.0936729119215464e-05;2.11505959908274e-05;2.121899426960356e-05;2.1077395756863738e-05;2.081482604407147e-05;2.061346340132122e-05;2.061152132774831e-05;2.075551484090873e-05;2.084399488197524e-05;2.071425728305045e-05;2.0366242620418667e-05;1.990883755713613e-05;1.956070408914392e-05;1.9359899966935284e-05
1783.5180419956196;4.419384697862793e-09;1.5586530406547927e-08;4.155714792030476e-08;7.20194669239593e-08;8.718273737641e-08;7.949929422669988e-08;5.384206693504528e-08;2.8086778008996705e-08;1.3455919215833683e-08;6.5118458486875005e-09;4.064631488921845e-09;4.617436050657029e-09;8.324593503420368e-09;1.3339228912224416e-08;1.2771957257205113e-08;9.579286702464146e-09;5.329280624523107e-09;2.4521132467021566e-09;2.69273208335099e-09;7.855119198496091e-09;2.407869160452076e-08;5.1236068103245744e-08;7.378357683664102e-08;7.789348280473189e-08;6.092760449469454e-08;3.5524131569154855e-08;1.841471785380993e-08;1.060512207372118e-08;8.953262031867552e-09;1.4144507941959657e-08;3.006876507595248e-08;6.81075807571882e-08;1.1961584909505752e-07;1.4861113477471808e-07;1.3474266943280818e-07;8.955499488801685e-08;4.209173269756964e-08;2.8845329494345273e-08;3.2504771912038824e-08;4.031770579391247e-08;4.761543748569117e-08;4.321013568095509e-08;4.842205015812911e-08;1.769039985961461e-07;7.789235309636098e-07;2.2148937113993857e-06;4.603483353371816e-06;7.76055036845516e-06;1.1233495791071652e-05;1.4788802542813302e-05;1.839656761240412e-05;2.2160834155317564e-05;2.619584120342782e-05;3.035781225743393e-05;3.416929949427775e-05;3.690213825515673e-05;3.8037018529671614e-05;3.768108810777445e-05;3.638089325098701e-05;3.485688118371685e-05;3.341788250990318e-05;3.22348733129322e-05;3.141186801799834e-05;3.069388668570122e-05;3.006047000935468e-05;2.9382522902894173e-05;2.8581949047062057e-05;2.758785725085044e-05;2.6466433999447268e-05;2.5374214283878955e-05;2.4630134928796143e-05;2.432382951423141e-05;2.434671678762363e-05;2.438590817776588e-05;2.427848946246229e-05;2.3881235276908803e-05;2.3337387616263733e-05;2.2837100435769983e-05;2.254254156302094e-05;2.2351319030976184e-05;2.2207407176334207e-05;2.194405436222768e-05;2.1533753101686724e-05;2.113223359170796e-05;2.088690053054412e-05;2.086158641700515e-05;2.10034205543398e-05;2.1171506658245e-05;2.1164523642019237e-05;2.091507770547296e-05;2.0387301316306507e-05;1.9714237617834373e-05;1.924800320003068e-05;1.911031926436793e-05;1.915940235683402e-05;1.9472005573614903e-05;1.990965375226297e-05;2.032429697458804e-05;2.061920964964369e-05;2.076640847999447e-05
1785.0672595543983;7.792904036065291e-09;2.4114050944744682e-08;5.8257572982786495e-08;8.86832775035676e-08;9.57688404070452e-08;7.701771406438251e-08;4.6537654311687874e-08;2.194355578724579e-08;9.589824548079175e-09;5.6364455106286394e-09;4.093754407176201e-09;5.018264514672946e-09;1.0475818340045996e-08;2.021919368460596e-08;2.7831504293390383e-08;2.808345126283629e-08;2.070660102778413e-08;1.1096327647366541e-08;5.561532753793301e-09;6.825043570026565e-09;1.5559818538143232e-08;3.092109823242128e-08;4.6457065239827983e-08;6.060649671727149e-08;6.162099765703191e-08;5.5657487661586346e-08;4.5680744833880393e-08;3.517210417658118e-08;2.3106174061674333e-08;1.9117988259368707e-08;1.5691718945055897e-08;1.5608835173423423e-08;3.0953379072531045e-08;4.380271547336228e-08;4.7258484388790016e-08;3.2033173464188824e-08;1.6831329196701577e-08;1.9204880752633084e-08;4.048994346421915e-08;7.086917205141581e-08;9.981751361095229e-08;1.1644892462175098e-07;1.2552710574864186e-07;1.9321663825446e-07;6.198867499966745e-07;1.801635782224963e-06;3.997571993998323e-06;7.1802385877294485e-06;1.1035875511327377e-05;1.4963066083106932e-05;1.8746804865988605e-05;2.241192783050594e-05;2.608552761375655e-05;2.98034376544916e-05;3.3495705527242724e-05;3.617647413027594e-05;3.752397307419884e-05;3.7493661430496e-05;3.634882327104703e-05;3.469610954128344e-05;3.296117423156171e-05;3.160841096141942e-05;3.075845095009671e-05;3.0456783576675765e-05;3.041476525731098e-05;3.0195997933846725e-05;2.9483730540256156e-05;2.818214939500577e-05;2.650900818992826e-05;2.485636296853078e-05;2.372512705394744e-05;2.334861839476516e-05;2.363705521787336e-05;2.41655919896068e-05;2.45348389268932e-05;2.4495747737771272e-05;2.40900092543459e-05;2.3512540114822822e-05;2.295504374584068e-05;2.257844197191909e-05;2.2437305664628576e-05;2.250248718123989e-05;2.26953712888843e-05;2.288040991182923e-05;2.29663496461523e-05;2.2881095669662957e-05;2.26622005142698e-05;2.233425422765392e-05;2.196628934504309e-05;2.136167769830774e-05;2.056194001313553e-05;1.97226385322392e-05;1.9198826192495906e-05;1.916899364098164e-05;1.959989176381181e-05;2.024201235936512e-05;2.0805834619296917e-05;2.114530002363848e-05;2.1329377626074577e-05;2.12849956923984e-05
1786.615835226221;1.1499897172134177e-08;3.5377590973389354e-08;6.862954810611994e-08;9.8813822691987e-08;1.1318178289232556e-07;1.0794752885595505e-07;9.357364105615325e-08;7.227918028815073e-08;4.8115878418451924e-08;2.7303161115133974e-08;1.3873685707887018e-08;9.227507416539892e-09;1.076811462130416e-08;1.955541947102997e-08;5.3676414125877464e-08;1.2648957839046336e-07;2.0406734708297097e-07;2.409573927482544e-07;2.1033264938123013e-07;1.357457908250832e-07;7.082519325306967e-08;3.4107562588817444e-08;2.8048805398496923e-08;4.4117722075732424e-08;6.893384761397919e-08;9.16303582366749e-08;1.1299243681184303e-07;1.427086815632208e-07;1.633282020128811e-07;1.482511283123555e-07;1.0156216518798897e-07;4.9449042661373015e-08;2.3238291517338653e-08;1.9551229031580106e-08;1.879874541361794e-08;1.6983257830896983e-08;1.9839334659552723e-08;3.4582847800114204e-08;6.177584594337985e-08;9.221065363033925e-08;1.1906514166970089e-07;1.4872435980421666e-07;1.7890879936013113e-07;2.996864031224588e-07;7.324480411222403e-07;1.833294630729028e-06;3.959762344620948e-06;7.14482583517869e-06;1.1024190926556449e-05;1.5118578372417543e-05;1.893383257098098e-05;2.22967356370135e-05;2.5361565012953664e-05;2.8300075079639358e-05;3.120152132829688e-05;3.3713457808553634e-05;3.5433624826869766e-05;3.6047528383374735e-05;3.548655685437181e-05;3.407420262794456e-05;3.2334065317390635e-05;3.1077772195189946e-05;3.052598087696864e-05;3.059607303389552e-05;3.0900296496869204e-05;3.090158701185509e-05;3.0311102200662536e-05;2.9108208600988415e-05;2.759839439807417e-05;2.6176545921072523e-05;2.5132272653529223e-05;2.4556259612116384e-05;2.438000814530204e-05;2.4404625130281265e-05;2.4543109159216665e-05;2.4689641992488183e-05;2.464029799641635e-05;2.442371665341047e-05;2.394943882662265e-05;2.345712622625261e-05;2.309451898571785e-05;2.3011640904801016e-05;2.315419206743268e-05;2.2905411565875908e-05;2.2527699381379744e-05;2.192251689526616e-05;2.1305464974339468e-05;2.094382388459784e-05;2.105316534850636e-05;2.106448107176043e-05;2.078984386114652e-05;2.0517734221549885e-05;2.028140521543301e-05;2.022059628221068e-05;2.040612494263764e-05;2.0744128656432984e-05;2.1038012307513072e-05;2.1210353731877023e-05;2.1235453759110475e-05;2.119600305599161e-05
1788.163769082148;1.1142436470216767e-07;8.88585773688333e-08;6.934209582290904e-08;7.414951327287286e-08;9.031090876607565e-08;1.1240256406267058e-07;1.2844049799154556e-07;1.219069619222243e-07;9.282826826866492e-08;5.65440709072917e-08;2.9012922396173944e-08;1.6135865115612685e-08;1.159458199062906e-08;1.5478575370110523e-08;6.670767475842667e-08;2.043595481175539e-07;3.675466255662584e-07;4.5800670652779917e-07;4.1024446743365626e-07;2.655938135766091e-07;1.3540113552954678e-07;6.04162544464608e-08;3.913250150516792e-08;4.2719639223254163e-08;5.6796312074324575e-08;7.671595160214028e-08;1.2804616489314557e-07;2.252499207817105e-07;3.110212540919492e-07;3.110076159736735e-07;2.2888772181630378e-07;1.1915419006157561e-07;5.200694229434584e-08;2.9649720207438664e-08;1.9734591637137733e-08;1.7615070185676112e-08;2.8324360184109627e-08;5.236938496442544e-08;7.743732603730584e-08;9.291264000668313e-08;9.403625094820403e-08;8.995421142907736e-08;1.205211140121177e-07;3.7451854842429714e-07;1.0794042003162673e-06;2.521012672911477e-06;4.807234685811818e-06;7.72655668918238e-06;1.0958241946115062e-05;1.4169976101892549e-05;1.68772761860513e-05;1.9480705272102783e-05;2.212202033136452e-05;2.478225505847226e-05;2.759371240028416e-05;3.0476379573416614e-05;3.2856402768005456e-05;3.424931314756558e-05;3.430351332597034e-05;3.330478511516101e-05;3.197088254365833e-05;3.073233239665146e-05;2.9841970485554123e-05;2.9336690815630487e-05;2.9043176601670204e-05;2.8885764008320627e-05;2.878081028210036e-05;2.863914910262224e-05;2.847247707602185e-05;2.8104505896483377e-05;2.7545951027500117e-05;2.672038030025645e-05;2.572585972424672e-05;2.47932521965847e-05;2.4138969576794735e-05;2.396539973456851e-05;2.41398647065903e-05;2.440752634901368e-05;2.43923697764132e-05;2.39768860009886e-05;2.320252659760709e-05;2.2195525917355397e-05;2.123454943031204e-05;2.039663165105228e-05;1.9781064162277283e-05;1.9447315565496797e-05;1.943978219017804e-05;1.966621517884349e-05;2.0019117057813843e-05;2.044852385184915e-05;2.072877287848406e-05;2.080173255520166e-05;2.072731311752685e-05;2.055459827440884e-05;2.03291742772217e-05;2.0065331235251116e-05;1.9815118268843123e-05;1.9617710028501955e-05;1.949239525045145e-05;1.943223135097735e-05
1789.7110611933203;2.094124481295221e-07;1.36785453040914e-07;7.113706476154058e-08;3.619924056795972e-08;3.3953532599877664e-08;4.6665781505886724e-08;6.159205714387267e-08;6.742359625469456e-08;5.932587986689184e-08;4.229209045960807e-08;2.572251752068835e-08;1.5504186299136962e-08;1.0571295451638742e-08;1.0275674896699764e-08;3.360027202324712e-08;9.974895789300997e-08;1.805643459394577e-07;2.267167062656976e-07;2.041822748734068e-07;1.3271807864312006e-07;6.82185285976117e-08;3.3676431634707554e-08;2.6647650360586835e-08;2.7597562338999764e-08;2.64499188033274e-08;3.031192463127866e-08;6.01340608505017e-08;1.292774124316183e-07;1.9846897366537118e-07;2.181372876823543e-07;1.779538481028255e-07;1.064390711918166e-07;5.2159765602593016e-08;2.493539235719887e-08;1.2832569019117724e-08;1.0086409601405405e-08;1.5213452191855332e-08;2.723305059737621e-08;3.9288025380581114e-08;4.360348881172071e-08;3.576564798297053e-08;2.097371791297501e-08;5.7363661108617633e-08;3.401470737973527e-07;1.128216000202183e-06;2.644843737495952e-06;4.8191065187044446e-06;7.32170003866292e-06;9.811872311575047e-06;1.2045353314338107e-05;1.4160607599420125e-05;1.639427733160658e-05;1.8914694584856203e-05;2.1764147794284983e-05;2.480934036275113e-05;2.7829401341664425e-05;3.04218134864086e-05;3.2245295127890795e-05;3.303949089898969e-05;3.278976608126383e-05;3.1869999178183066e-05;3.052119396372207e-05;2.8984363202607847e-05;2.762635302878888e-05;2.672401758276798e-05;2.6610483853590414e-05;2.6957477459973305e-05;2.7529175337065173e-05;2.8020937714322308e-05;2.8087576514999836e-05;2.766846239088437e-05;2.6915706743582178e-05;2.5999959196376745e-05;2.509591287623537e-05;2.445313832784069e-05;2.407119376541369e-05;2.388558213733483e-05;2.375350126298231e-05;2.3391299910584865e-05;2.2689894955943083e-05;2.161775816265016e-05;2.032177558908651e-05;1.9251911866056465e-05;1.9062897074476465e-05;1.947482546113489e-05;2.015998383000475e-05;2.0589253655576885e-05;2.0431408656085352e-05;1.969756843239165e-05;1.9114898467104264e-05;1.90897400534607e-05;1.9268992124381943e-05;1.961598815789091e-05;1.9875078514403975e-05;1.9858098832275384e-05;1.9473799697702984e-05;1.887699877339929e-05;1.8169299923002715e-05;1.7594834480830073e-05;1.7280676220660346e-05
1791.2577116309294;1.0467371413555129e-07;6.837331044341619e-08;3.544063861060168e-08;1.0938935716191356e-08;5.165240562839792e-09;3.571708677840475e-09;3.706611361995064e-09;7.0086316417712215e-09;1.0034805861515296e-08;1.0281839464592353e-08;8.49746074103438e-09;6.053952816927488e-09;4.5183977622154225e-09;3.6151128600847755e-09;1.8048173267533141e-09;8.204294121406434e-10;7.026587392838173e-10;1.0728724485200426e-09;1.5288436621515603e-09;1.5573635981086031e-09;1.5947941425460326e-09;3.2153188191078966e-09;6.9878279509799344e-09;9.350467994413652e-09;1.2966252673348022e-08;1.5610050822396053e-08;1.9130287209976727e-08;2.786563278289664e-08;3.9753378343310666e-08;4.6620082467064955e-08;4.434635836153232e-08;3.2775374524068424e-08;1.9271714507887186e-08;9.731959767966433e-09;8.450638998733131e-09;1.4354342302020996e-08;2.0164239580152345e-08;1.8319433703937242e-08;1.1372158510212344e-08;5.6222499769265985e-09;2.7899333981012304e-09;4.89858754448372e-09;5.34473200349102e-08;2.818359360188592e-07;9.106797201523196e-07;2.1012165291808115e-06;3.86886586798906e-06;6.008338416672421e-06;8.204639046431706e-06;1.052211168957547e-05;1.3214543106906537e-05;1.6057360268810734e-05;1.9040825591225705e-05;2.1994734856624942e-05;2.477004180851756e-05;2.7251407905724244e-05;2.935084026913484e-05;3.096783367419657e-05;3.2115714442276424e-05;3.249702810693044e-05;3.199396576901383e-05;3.068834967893781e-05;2.8919391298931115e-05;2.7339723055625766e-05;2.6435272216892413e-05;2.644511407065232e-05;2.7008289857322304e-05;2.740447535840679e-05;2.7309609907003664e-05;2.6692540015123836e-05;2.581253514716614e-05;2.5214071240793974e-05;2.5001169956217316e-05;2.5077157638025345e-05;2.5147660917683142e-05;2.498817776907287e-05;2.4514264829441e-05;2.3719254240278405e-05;2.265704686875979e-05;2.1436019829231816e-05;2.0182628014562586e-05;1.919438969177869e-05;1.8846817286281893e-05;1.9453691527994903e-05;2.0862730519659133e-05;2.206609895802242e-05;2.220031606056775e-05;2.1232888070128543e-05;1.963260049524208e-05;1.8436064449672227e-05;1.8071915045362368e-05;1.852575636427252e-05;1.9237315134864895e-05;1.972471292298702e-05;1.9744191476652228e-05;1.9372921272814536e-05;1.873003308457825e-05;1.8052489330668104e-05;1.7562806569302344e-05;1.7305189776440447e-05
1792.8037204662287;6.750833606531026e-09;7.352055602045582e-09;1.8680786299531928e-08;3.5316090510952064e-08;4.140561094878333e-08;3.18621484809472e-08;1.555602949909841e-08;6.853386975221606e-09;6.916746941650688e-09;8.607933053866215e-09;8.423211081001885e-09;5.91700607920563e-09;2.964274605267656e-09;1.3338335571019703e-09;7.35412431459028e-10;5.067842793705692e-10;7.769284791435164e-10;1.8415647501545701e-09;4.831942995225228e-09;1.1291737310182904e-08;1.7433460387803135e-08;1.7793252103225675e-08;1.2582297321953362e-08;8.554995733397609e-09;1.2335637302459711e-08;1.992094682557017e-08;2.3583682727817367e-08;2.0375183549100547e-08;1.2539996451665626e-08;5.541103960832411e-09;3.1180775088749474e-09;6.986796613297185e-09;1.8413025603183493e-08;3.866121720999172e-08;6.471482807670911e-08;8.522221213601125e-08;9.005638150859249e-08;8.102873054241441e-08;6.425077455344976e-08;4.367900984641466e-08;2.5333175998067063e-08;1.8600655108219042e-08;5.671713770414407e-08;2.4465082950495017e-07;7.377517720552775e-07;1.7203055871525215e-06;3.314975900475513e-06;5.354178398163451e-06;7.639571549733796e-06;1.02326534573584e-05;1.3245362641686892e-05;1.6674164879786822e-05;2.024207014512481e-05;2.348455334178699e-05;2.611889420197707e-05;2.807438252979903e-05;2.9501446469074836e-05;3.056029927786304e-05;3.1373194897494545e-05;3.191829796969371e-05;3.182218599969424e-05;3.0895855242975806e-05;2.944919901122103e-05;2.794584413212394e-05;2.6909984323934823e-05;2.643243919652893e-05;2.6393267025277903e-05;2.6296241813554376e-05;2.573777847715608e-05;2.4806691066207845e-05;2.3896827956444835e-05;2.337889613784702e-05;2.343392633342211e-05;2.3993029380584417e-05;2.4519197401799026e-05;2.482207295027745e-05;2.468733746816117e-05;2.4042134176833928e-05;2.2967621259594074e-05;2.1803846803773567e-05;2.0874165583519305e-05;2.032648034691309e-05;2.030631934771083e-05;2.0761420711180815e-05;2.139747575716808e-05;2.154716050799389e-05;2.110143545379864e-05;2.0316790939954604e-05;1.9690454720796264e-05;1.978778463834732e-05;2.0360600639464308e-05;2.0991987700411367e-05;2.124672397911195e-05;2.0931731408981656e-05;2.0190520767574552e-05;1.9340227919657947e-05;1.8655869015261352e-05;1.8305516383219e-05;1.821531300747884e-05;1.8234269777087803e-05
1794.34908777053;5.10879808164536e-08;9.437872310557117e-08;1.5745289704025693e-07;2.106053235660139e-07;2.1323709868819265e-07;1.6649714853490733e-07;1.0440169808561908e-07;6.63229667609819e-08;5.5642165101894986e-08;5.1384978575250375e-08;4.2825274048220384e-08;2.8382704766419318e-08;1.4192983703441816e-08;6.656501126401265e-09;4.071729317025823e-09;2.854948830139996e-09;2.178720972744792e-09;2.3656526864759812e-09;6.6244431607708165e-09;1.900960059027627e-08;3.2350566661389024e-08;3.5622670359692854e-08;3.104175379595953e-08;2.6728925250550863e-08;3.3237991730438693e-08;4.523958577586291e-08;5.092376245711188e-08;4.610664970109285e-08;3.4477723260311046e-08;2.1075385217040833e-08;1.2305406059362706e-08;1.6068325971512393e-08;3.752135224513622e-08;7.572052708608656e-08;1.167352196535628e-07;1.377347723153459e-07;1.3806336003842217e-07;1.323460138313571e-07;1.2925492504603586e-07;1.1397550296578877e-07;8.195626262822637e-08;5.048391905241128e-08;5.5955736498912666e-08;2.0333348894131802e-07;6.348488477239015e-07;1.625392284204408e-06;3.3274430482621618e-06;5.623739956832108e-06;8.195545138580763e-06;1.0837162921751192e-05;1.3601107286278888e-05;1.6751964924191082e-05;2.01896050100534e-05;2.3587450975392165e-05;2.650831802909086e-05;2.8535078705406782e-05;2.9761683644700907e-05;3.03166550657598e-05;3.049093016704346e-05;3.0648296195237894e-05;3.058907237977768e-05;3.019113487463831e-05;2.9425031483126423e-05;2.834376141649848e-05;2.732592897864752e-05;2.636286601535998e-05;2.5549944047223823e-05;2.496726363939216e-05;2.43628238136749e-05;2.3792500474926108e-05;2.3352513013142705e-05;2.3115639280867377e-05;2.3123582422638037e-05;2.3293492020044287e-05;2.352357260547797e-05;2.345377870613681e-05;2.315085643686528e-05;2.2637980161714163e-05;2.2095098642778737e-05;2.167470501500043e-05;2.150491880816131e-05;2.155693871093313e-05;2.175350491780838e-05;2.174842864502895e-05;2.1262795631290453e-05;2.035883695626805e-05;1.9322529544470216e-05;1.8769962894531493e-05;1.9105802421895423e-05;2.020982892553489e-05;2.1595378088966194e-05;2.250753022592698e-05;2.2602919859601817e-05;2.192211290086326e-05;2.087258645405259e-05;1.9840081501173933e-05;1.9171307068870504e-05;1.8900891575918337e-05;1.878060544582544e-05;1.8762403192102576e-05
1795.89381361521;8.190507575524168e-08;1.666639657825007e-07;2.58837091291287e-07;3.15275883008661e-07;3.023036040012209e-07;2.374578880214603e-07;1.6215951367815988e-07;1.1208402129844812e-07;9.056402472378293e-08;7.71714064684762e-08;6.096555891269081e-08;3.9889462517822954e-08;2.039408768143711e-08;9.972162176841871e-09;6.265253820890331e-09;4.440497673901208e-09;3.1401992333858757e-09;2.361178567452716e-09;3.786283769846384e-09;9.640648651903677e-09;1.6728630027746776e-08;2.1577939664864956e-08;2.6130942843359186e-08;3.503999308513339e-08;5.08735227375169e-08;6.669132126334487e-08;7.483912434180368e-08;7.142160605573387e-08;5.639776425414705e-08;3.6658127196549225e-08;1.9934826579171285e-08;1.3934250595765e-08;2.1874884836499545e-08;4.015995161223357e-08;5.988619166693397e-08;7.064806364936603e-08;8.053719730560337e-08;9.843214561489961e-08;1.1738540466888385e-07;1.2233943020295078e-07;1.0093545705644773e-07;7.11747125751765e-08;8.99859727157912e-08;2.791178739319922e-07;7.686880501602377e-07;1.7467446436362331e-06;3.3422819736868547e-06;5.443355602135097e-06;7.952844068040767e-06;1.05871572193395e-05;1.3322404313003948e-05;1.6270822124067166e-05;1.945864817536281e-05;2.2845751598232025e-05;2.606408489314964e-05;2.8481457594878937e-05;2.979597608163766e-05;3.01159036468622e-05;2.991530950523553e-05;2.9576267587506467e-05;2.926750272719077e-05;2.9019673517620982e-05;2.865578612718815e-05;2.809613828306165e-05;2.7304864224064892e-05;2.636270070174861e-05;2.557973607498534e-05;2.501714191742997e-05;2.4750263663809487e-05;2.474018847684587e-05;2.482654844305779e-05;2.4873561734321056e-05;2.477098836509529e-05;2.4416256428263912e-05;2.3908677518003044e-05;2.317308020025627e-05;2.238702905199016e-05;2.1793199046874963e-05;2.1545235402534465e-05;2.1485771830112493e-05;2.148993988797662e-05;2.1619750476811545e-05;2.1678714867567707e-05;2.1513518634358403e-05;2.098093556382542e-05;2.027634770165834e-05;1.9350602140336937e-05;1.8751420143371025e-05;1.8771922924000204e-05;1.9360544187649435e-05;2.026560671859133e-05;2.099488477813889e-05;2.1273703344881547e-05;2.109197090105159e-05;2.0647909527865567e-05;2.0135292706482075e-05;1.965251023664518e-05;1.9277893306273888e-05;1.903588311792771e-05;1.887617817799814e-05
1797.437898071701;3.7568031591136375e-08;8.007031360837854e-08;1.233578936477913e-07;1.5024798611382398e-07;1.5546606511776786e-07;1.410579710395616e-07;1.1721303920339785e-07;9.57478618634656e-08;8.082795316362138e-08;6.618046031677456e-08;4.6586065053581897e-08;2.7531249595517224e-08;1.3220380517605011e-08;6.806728962557696e-09;4.466138525938882e-09;3.224241413689373e-09;2.9627906691737634e-09;4.227959172117883e-09;7.354197709089422e-09;9.894210896894238e-09;9.9482517960775e-09;9.938518250817716e-09;1.1410646668460125e-08;1.6647901862659417e-08;2.5828134388037633e-08;3.4564558954373036e-08;3.936473299670293e-08;3.8040780416945264e-08;3.026021919659149e-08;1.9652111438383505e-08;1.0197306904683512e-08;4.490503048716232e-09;2.520248342875134e-09;2.7953564818255402e-09;4.487292384489123e-09;7.869017740446941e-09;1.5911899120584485e-08;3.1499322086590226e-08;4.315355269994304e-08;4.78984044975864e-08;4.42772380495348e-08;4.7344680888950836e-08;1.2623831205128852e-07;3.926264891089048e-07;9.43215177721666e-07;1.8162498946294097e-06;3.031761783463752e-06;4.62319931505014e-06;6.67067143937593e-06;9.182655826430524e-06;1.2167819562608558e-05;1.5384286251255444e-05;1.872231046251841e-05;2.2059652241442957e-05;2.526197325413553e-05;2.7855346451594603e-05;2.938593490047984e-05;2.990038965026628e-05;2.9717148212167583e-05;2.9142213170738355e-05;2.845360708575133e-05;2.794701082863893e-05;2.764115795281749e-05;2.7405487541506067e-05;2.6943148202854668e-05;2.6298199886136226e-05;2.5678208598625963e-05;2.52084166555355e-05;2.5045738413281663e-05;2.5153593226732648e-05;2.525473935786783e-05;2.5133239687736335e-05;2.484641603849609e-05;2.4541732324100952e-05;2.4156263522178936e-05;2.385539497457431e-05;2.369191049989808e-05;2.349133607764323e-05;2.3095386533122e-05;2.252389987633001e-05;2.193742159037204e-05;2.1590827849533003e-05;2.1433979952890244e-05;2.134420339939655e-05;2.104514438897042e-05;2.0507693203249e-05;1.9911181991335887e-05;1.940060410424337e-05;1.92485793950452e-05;1.957545685355796e-05;1.9995984498858624e-05;2.031729670074308e-05;2.034062060087269e-05;2.0085700548490394e-05;1.9734212987383048e-05;1.944311927927912e-05;1.9278639399551237e-05;1.9176633640578498e-05;1.911416779108229e-05;1.905374065027466e-05
1798.9813412114927;1.8558397382078399e-13;8.694284816929573e-10;6.602234756528819e-09;2.055580232413193e-08;3.967768813772199e-08;5.7910916412311936e-08;7.027402845548554e-08;7.601243963379621e-08;7.377800573712577e-08;6.053100770494964e-08;4.0331483453319815e-08;2.0649270526308205e-08;8.552774905278393e-09;4.629076204668765e-09;3.2196403590926373e-09;2.375738952710202e-09;3.0428790926527517e-09;8.679018649117019e-09;1.933588003749572e-08;2.7205825401061103e-08;2.670523223791453e-08;1.837861290259986e-08;8.276184582227585e-09;3.14937520718401e-09;2.441702300442173e-09;3.335320216610069e-09;4.309733615384091e-09;4.424326066285797e-09;3.4672198896759326e-09;1.9879559774203766e-09;9.670273148242738e-10;7.56550904146431e-10;8.102876330456914e-10;1.533489193563149e-09;1.985652736390117e-09;2.295447418200904e-09;2.3378897262634634e-09;2.016903838138597e-09;2.35818395328499e-09;4.170136212009366e-09;1.2842307381635992e-08;3.870449576575252e-08;1.3104956042249288e-07;3.69242668423042e-07;8.232642564379662e-07;1.564332642857111e-06;2.632238354120742e-06;4.173520801603366e-06;6.151213495432103e-06;8.650607826766099e-06;1.151152163561086e-05;1.4643040375603204e-05;1.7968938984232438e-05;2.125580935630627e-05;2.42719295421706e-05;2.6848508601859536e-05;2.872663233883516e-05;2.964249628390022e-05;2.956250650760097e-05;2.875304344811268e-05;2.782642417653292e-05;2.727700752106523e-05;2.714208989231203e-05;2.7269871915051884e-05;2.7120345215764454e-05;2.649640332856389e-05;2.559241394614353e-05;2.464226863330884e-05;2.409061512790776e-05;2.392574243146726e-05;2.395072487593449e-05;2.395369007046711e-05;2.3782521579268488e-05;2.3689997694824457e-05;2.364632031391783e-05;2.381418849120059e-05;2.371786336336004e-05;2.3457373314098956e-05;2.287186301021327e-05;2.213431443151841e-05;2.153007341156071e-05;2.119746339145048e-05;2.125182578740124e-05;2.1438787224017334e-05;2.144707609010824e-05;2.1073275534702916e-05;2.050615381034863e-05;1.9945253193196328e-05;1.969453766089949e-05;1.9851318669997203e-05;2.018147479958e-05;2.039402001101074e-05;2.027206927126856e-05;1.980268196771485e-05;1.925218385883217e-05;1.887253745178829e-05;1.884614262419296e-05;1.9093868441013118e-05;1.9305679597853472e-05;1.9472286164267212e-05
1800.524143106144;4.7001421181216826e-08;4.0703268080568216e-08;3.267252055584881e-08;2.765152981647056e-08;2.55252369795563e-08;2.5574970748854393e-08;3.0376688687296484e-08;3.8405913122192406e-08;4.730002150873749e-08;4.9033767163395305e-08;4.11381833259584e-08;2.9961302511187034e-08;1.7614237633215223e-08;8.574027970169546e-09;4.033435941910435e-09;2.8964632687349286e-09;6.238628405526384e-09;2.03994279009736e-08;4.1641078896620937e-08;5.6186564237689885e-08;5.53667593115745e-08;3.9409725390127416e-08;1.664723141122326e-08;6.1727614048912415e-09;3.868952657182574e-09;5.793522347602116e-09;1.7610516151244105e-08;3.264908382138572e-08;4.4267232281260046e-08;4.71717597279651e-08;3.969416170233479e-08;2.273526115254485e-08;1.1790107106081804e-08;6.361064438877053e-09;3.4912495456380303e-09;2.1327337212305622e-09;2.438074746736541e-09;6.974552242816637e-09;1.625886569904076e-08;2.8698577617208893e-08;5.0144699885050794e-08;9.168933282431382e-08;1.737835451883901e-07;3.481939867253952e-07;6.829825720019797e-07;1.3371466898800644e-06;2.419570274459144e-06;3.986492993019839e-06;6.098927608593609e-06;8.708138113266373e-06;1.1609644132968062e-05;1.478466203842836e-05;1.7901929360090584e-05;2.0822120140491544e-05;2.3499420362872905e-05;2.5934973612420512e-05;2.792976999660148e-05;2.9160603802104627e-05;2.9430938208544404e-05;2.909050362722056e-05;2.8618619153993933e-05;2.836515277186551e-05;2.8376571607907292e-05;2.8380463719107587e-05;2.7999827754328603e-05;2.7083867939452742e-05;2.5801520077903333e-05;2.459756455035662e-05;2.3788255629035568e-05;2.3565863672284232e-05;2.368597677396038e-05;2.3807508198764796e-05;2.3771014395502236e-05;2.339421269706447e-05;2.2937485127102506e-05;2.252395078792875e-05;2.1902203395940577e-05;2.1260995120174512e-05;2.069996433031017e-05;2.033961078158074e-05;2.0248552234753904e-05;2.0419658111436856e-05;2.0799175197562894e-05;2.125143820453471e-05;2.1628028511063428e-05;2.172876796630713e-05;2.1325281324317367e-05;2.0676812867981652e-05;2.0023011951967347e-05;1.9617868864069958e-05;1.9683080972242028e-05;1.9856228609857103e-05;1.9937118828911496e-05;1.9738333267975956e-05;1.938175955072209e-05;1.8963614759345228e-05;1.8725327217917643e-05;1.874585800529669e-05;1.8965218990760945e-05;1.91556006058278e-05
1802.0663038272612;9.40446026508192e-08;8.055484013036292e-08;5.8745444663501055e-08;3.4759815647932584e-08;1.69765549547631e-08;8.546567930058241e-09;5.893543591881289e-09;8.042381690591052e-09;1.846407515934303e-08;3.330035703594938e-08;4.208853988115176e-08;4.0877906189379124e-08;3.294257964611081e-08;2.8635058738171045e-08;3.360778244663048e-08;3.955451128268604e-08;4.051496103336695e-08;4.623076455108472e-08;6.521320095906756e-08;8.20923461189586e-08;8.450627702769586e-08;6.452379204924094e-08;3.6784476135056505e-08;1.71345933210381e-08;8.969417535035296e-09;1.2352414745030675e-08;3.2034524705440063e-08;6.130124038639893e-08;8.57074392240801e-08;9.40038975275616e-08;8.295668989525383e-08;6.180817692829526e-08;4.1179682519504914e-08;2.4133351799345106e-08;1.2139957551886937e-08;5.512219176888483e-09;5.253046469735744e-09;1.3265891975916109e-08;3.018444494349324e-08;4.8057911909171464e-08;6.986543217460817e-08;1.1208494578175574e-07;2.0748344594393146e-07;3.934237796333618e-07;7.67689526320296e-07;1.44745375620838e-06;2.524796450872968e-06;4.090462439422765e-06;6.243048615909108e-06;8.93198313063727e-06;1.2042878874744565e-05;1.526264651917319e-05;1.815341858535232e-05;2.0526020296075906e-05;2.240863667028839e-05;2.425731340762009e-05;2.615159306205056e-05;2.789657852507598e-05;2.920021206665981e-05;2.9903768206758725e-05;3.018334396243006e-05;3.008698481012081e-05;2.9772083599625017e-05;2.9149763628945e-05;2.816509335894833e-05;2.7008704832818937e-05;2.585612999992995e-05;2.5053928169535017e-05;2.4506741467499174e-05;2.423810430333421e-05;2.4038847009587647e-05;2.3572392450711293e-05;2.299704502986188e-05;2.2283708703860588e-05;2.1655299088151596e-05;2.1136101733114638e-05;2.097115452218884e-05;2.0797384693765847e-05;2.0703377173732583e-05;2.069312690886949e-05;2.075963018869386e-05;2.0877776054766826e-05;2.102081640663592e-05;2.1171342243434708e-05;2.133534647521868e-05;2.125088056056033e-05;2.0974767807035432e-05;2.0503931036317795e-05;1.9985463644097926e-05;1.9638241455386173e-05;1.958496663178512e-05;1.9873147166326615e-05;2.0187182649969207e-05;2.0348675176968936e-05;2.0310258735864836e-05;2.0069325929799114e-05;1.9724497896683527e-05;1.9386616349459823e-05;1.91955015732982e-05;1.9064500894883377e-05
1803.6078234465203;4.7272091585550323e-08;4.0426906728519034e-08;2.943910927190993e-08;1.743474419964692e-08;6.344868358854553e-09;3.300517405942745e-09;2.941799892620725e-09;3.6148703188228712e-09;6.715638552843503e-09;1.3328875783004726e-08;2.153741740087616e-08;2.289098119492733e-08;2.607321168994728e-08;3.8974023479067964e-08;6.064140220269089e-08;7.467546563110793e-08;7.048696064102438e-08;5.7746439569925553e-08;5.0696801253737454e-08;5.393203165408153e-08;5.818116335477632e-08;5.577213194193685e-08;5.2698520950975093e-08;5.1029298213037993e-08;4.756217906782385e-08;3.9835100450244034e-08;3.3723870598926035e-08;3.8796914270232666e-08;5.1547318774064844e-08;6.88693905504556e-08;8.147276238738603e-08;8.835510581935838e-08;8.02464942810811e-08;5.5952899004303764e-08;2.9241172714281023e-08;1.3043197202865974e-08;7.843402980795191e-09;1.0854380021418248e-08;1.9288843159045025e-08;2.8460325627168e-08;3.718838313742823e-08;5.8349993568642094e-08;1.319312933826864e-07;3.117142141753007e-07;6.873509497435402e-07;1.4165925535016406e-06;2.6331842727878475e-06;4.431986768949746e-06;6.760881783463175e-06;9.473917578738904e-06;1.236350378077287e-05;1.5148146854580374e-05;1.74592310955616e-05;1.921560330762555e-05;2.0787395725226408e-05;2.243533747010889e-05;2.437014985589285e-05;2.6541512758891305e-05;2.865886346691096e-05;3.01861558108083e-05;3.08689664314816e-05;3.065006625904869e-05;2.9671282580323915e-05;2.8249742055314856e-05;2.6823332032287587e-05;2.583189861468696e-05;2.533531492873385e-05;2.511163163885704e-05;2.5256245520020025e-05;2.519807436259541e-05;2.4710134938635263e-05;2.383563233999928e-05;2.2884907263892343e-05;2.2297003789100337e-05;2.2028630223328243e-05;2.2106205720589464e-05;2.233490829659508e-05;2.244665723041335e-05;2.242549447402944e-05;2.233480812988922e-05;2.222714025717369e-05;2.209931170421421e-05;2.186581233419949e-05;2.1502250448334867e-05;2.1056609558276104e-05;2.048040473448728e-05;2.0005996031725165e-05;1.956532672920316e-05;1.92938328692506e-05;1.929432495415936e-05;1.952818257955288e-05;1.99981830599724e-05;2.0470728762471988e-05;2.082411134327166e-05;2.0969066387297097e-05;2.093721187671414e-05;2.0713021750714927e-05;2.0372721913100975e-05;1.999406927672542e-05;1.970467688028423e-05
1805.1487020356471;3.350968764061846e-09;1.7237144708973147e-09;4.618658145330899e-10;2.33020972725687e-10;5.699629595015141e-10;3.1783508567860915e-09;8.471262885552389e-09;1.2172974846460284e-08;9.165440331363684e-09;4.673574565887085e-09;2.108168521090478e-09;2.7834888859815997e-09;8.111876588545246e-09;2.103938071542201e-08;4.372289907493869e-08;6.547068486932248e-08;7.113275012775038e-08;6.486826854619494e-08;4.4259000940428586e-08;2.7293949951282268e-08;2.2190231379360226e-08;3.2375918510086654e-08;5.679477860831189e-08;7.914473061594327e-08;8.201696373779702e-08;6.316979533840618e-08;3.445183160070763e-08;1.593765650977548e-08;1.5140639245981138e-08;3.345380175975726e-08;6.55692811586946e-08;8.978467172262725e-08;9.073199316901004e-08;6.702807616967623e-08;3.8078697167098655e-08;2.2064637388223363e-08;2.5035200918110162e-08;4.17089855132654e-08;4.730287845268931e-08;4.170342800305517e-08;2.8677405507290463e-08;2.2552697844607173e-08;4.6363290534632826e-08;1.544614710140791e-07;4.448369668272756e-07;1.1833397062932492e-06;2.5456985203055144e-06;4.548543732524809e-06;7.007052497546159e-06;9.549600671246173e-06;1.1939320086799434e-05;1.406165733099776e-05;1.5947817161114072e-05;1.7817636674243642e-05;1.9902110421846366e-05;2.207125113004532e-05;2.4339956929072588e-05;2.663618604340861e-05;2.8741416476986376e-05;3.045742169971044e-05;3.122378845339606e-05;3.092956660785016e-05;2.974040679460584e-05;2.8073158814759917e-05;2.669677209990832e-05;2.5812744320687143e-05;2.5497000538505736e-05;2.5508997213990376e-05;2.588193727372528e-05;2.619851445477617e-05;2.609684381552379e-05;2.5737374446729687e-05;2.513865730080366e-05;2.451689434587519e-05;2.403552084749983e-05;2.364044192940705e-05;2.351053084935813e-05;2.325158602699289e-05;2.297670934573556e-05;2.2707743023069637e-05;2.243029211364038e-05;2.2128451455484604e-05;2.1849356390765143e-05;2.149794761291961e-05;2.102661080403783e-05;2.0539408689218773e-05;1.99640744707622e-05;1.9467457193245897e-05;1.914152868816552e-05;1.914280974895541e-05;1.93870530195638e-05;1.969616742314384e-05;2.004255692182104e-05;2.0353088489755664e-05;2.054929014285161e-05;2.061807602042666e-05;2.0537797529453343e-05;2.030465499502146e-05;2.000774403775838e-05;1.9751341325231684e-05
1806.68893966643;1.0228087630396673e-08;5.523820559499769e-09;2.230379078723899e-09;1.218591659156255e-09;2.420206788672595e-09;9.760668990144776e-09;2.232752384816667e-08;3.093368145285163e-08;2.900790816822641e-08;1.9091475142868986e-08;1.4290026390024171e-08;2.2799475148953024e-08;3.87553048093433e-08;5.575562187773838e-08;7.033095679630268e-08;8.528082476219724e-08;9.443375968010497e-08;8.684709933316753e-08;6.247974425090197e-08;3.6706819570949425e-08;2.4294105698821957e-08;3.3894856486865545e-08;6.469440251693924e-08;8.421193790842106e-08;8.126930220092972e-08;6.126549024276941e-08;3.3235519469078564e-08;1.5684947127901162e-08;1.1877178964962563e-08;1.620282178021672e-08;3.1041413130546825e-08;4.459175336800529e-08;4.414210194258844e-08;3.320435728734614e-08;2.2713777962513183e-08;2.4937081380686722e-08;4.639631506785408e-08;7.455632616390356e-08;8.673079253767343e-08;8.023974768166127e-08;6.980588589607809e-08;7.611353938541723e-08;1.1042620793537377e-07;2.2014574996225093e-07;5.249112229862601e-07;1.2663137290943787e-06;2.559133539217049e-06;4.334255730148559e-06;6.369349598022655e-06;8.42640637462292e-06;1.0463350416248216e-05;1.2441061340073476e-05;1.4797485864608236e-05;1.766849750474721e-05;2.0804859382137456e-05;2.395157196642356e-05;2.671550680553164e-05;2.887540094196165e-05;3.0396365791272277e-05;3.133021023697747e-05;3.164487834061626e-05;3.128732369097206e-05;3.035545451077671e-05;2.90902140433612e-05;2.7697382054543312e-05;2.638031250516249e-05;2.5351962234384045e-05;2.5098824440176643e-05;2.54820118312956e-05;2.6256830629887877e-05;2.7030794961430556e-05;2.7319599383704383e-05;2.6843803896397245e-05;2.5744885336937344e-05;2.45460461768799e-05;2.360991881632952e-05;2.3028807517887844e-05;2.273043520104667e-05;2.2502604587569884e-05;2.2153581760145567e-05;2.1718140892783196e-05;2.118934637639193e-05;2.0685536075501267e-05;2.027247614066928e-05;1.998025909092177e-05;1.9781204386680743e-05;1.9558108161884707e-05;1.942477301460837e-05;1.937137101093821e-05;1.9365483384416724e-05;1.93582371439765e-05;1.935198944749824e-05;1.9373975792598767e-05;1.954199339001671e-05;1.977805669022529e-05;2.0028771312644263e-05;2.016015561336577e-05;2.003309182210097e-05;1.9779722080104065e-05;1.953276449533169e-05
1808.2285364107229;1.4353566621586146e-08;8.86470528663878e-09;5.625520517360205e-09;5.2841749645437475e-09;7.4024667890630574e-09;1.4595302309573654e-08;2.551075891018566e-08;3.6345623440585136e-08;4.4548131397485446e-08;4.9661580217643326e-08;5.9428732794775166e-08;7.366729142304628e-08;9.167464478006297e-08;1.0760379387179359e-07;1.083988474396946e-07;9.52940018355638e-08;8.127510216977975e-08;5.921257186982449e-08;3.939584377330728e-08;2.7085884427963848e-08;2.8348698363191896e-08;4.876618241337175e-08;7.67859133774483e-08;9.142237342049092e-08;8.292360005523306e-08;5.703577614626136e-08;2.9781544837499474e-08;1.4500454872510557e-08;8.631868811979314e-09;6.323312287102721e-09;5.380333457029816e-09;6.219692807576745e-09;8.983831329995502e-09;1.863020318970389e-08;3.3367636985596435e-08;4.99054957630799e-08;6.26675287817333e-08;6.676497353306762e-08;6.441080356027617e-08;6.58614012139917e-08;9.138185598946608e-08;1.5172068673542665e-07;2.600284432593204e-07;4.4707675746434266e-07;7.931842069175662e-07;1.4787684113323277e-06;2.5750486800974947e-06;4.032759597162192e-06;5.685520104698084e-06;7.433747290220769e-06;9.363702295661314e-06;1.1634122648468371e-05;1.448467270885606e-05;1.7895210725570135e-05;2.1705689777239768e-05;2.5404421331179977e-05;2.831903488665528e-05;3.026852983170271e-05;3.123882857118298e-05;3.1460031061184814e-05;3.110078093945431e-05;3.015170192426997e-05;2.8988026372931665e-05;2.7652254456632006e-05;2.635545577917792e-05;2.524529067587252e-05;2.4514534455338885e-05;2.4350957421555288e-05;2.47325229825343e-05;2.5399759501592035e-05;2.5934612795716727e-05;2.601366569294403e-05;2.559935481541009e-05;2.483917734378494e-05;2.401809754433345e-05;2.340947461596168e-05;2.285369433977101e-05;2.24878953930241e-05;2.215298684263767e-05;2.165354051610827e-05;2.113115236694348e-05;2.065118686243466e-05;2.01626973130164e-05;1.982131601413156e-05;1.956341847646781e-05;1.9411262529986263e-05;1.936748038871979e-05;1.9405018944058664e-05;1.9501292889172505e-05;1.95712888245865e-05;1.950318842549519e-05;1.927082414286179e-05;1.90013070264316e-05;1.876549887194284e-05;1.8692799011884457e-05;1.8891750126137945e-05;1.916263323721057e-05;1.929871469368298e-05;1.927987404537101e-05;1.920122138129677e-05
1809.7674923404304;2.0383132277501838e-08;1.4486433737766085e-08;1.0501594737991357e-08;9.655501507382614e-09;1.0471348412126286e-08;1.2188530517665036e-08;1.4409152689326913e-08;2.487119553969785e-08;4.97690024595398e-08;7.647771678561765e-08;9.401349756572637e-08;9.720896400829753e-08;8.638021353417114e-08;7.301230702516443e-08;5.8865215854309474e-08;4.251192240745695e-08;2.8044262521967583e-08;1.9386817558065283e-08;2.340408571011719e-08;3.8241226312157764e-08;5.64830526249243e-08;7.191607046814993e-08;7.761195958381992e-08;7.387062923712125e-08;5.57316383500771e-08;3.3703915007423123e-08;1.7392135332044335e-08;9.361715614540264e-09;5.701497387822259e-09;4.476567246778463e-09;4.1130457099973965e-09;5.156939065410076e-09;1.0708238835550849e-08;2.9045907701368226e-08;5.6823074870597956e-08;7.525366537431096e-08;7.312256053828605e-08;5.213998674168298e-08;2.997335475243432e-08;2.6075710626797418e-08;5.216585950797779e-08;1.1816450913146529e-07;2.48849679167958e-07;4.744116531003868e-07;8.454515973486066e-07;1.5133024216628272e-06;2.540744043823576e-06;3.953702509376971e-06;5.647121879335605e-06;7.525898698849518e-06;9.54791251465228e-06;1.1897335373878526e-05;1.4737444609034008e-05;1.805377912592752e-05;2.144614728949457e-05;2.4777825166380856e-05;2.7402873644158925e-05;2.900002390521172e-05;2.9487033529633792e-05;2.9120870725305126e-05;2.837046485878333e-05;2.739322670799072e-05;2.6401092389210225e-05;2.5678001314089185e-05;2.5108629331391058e-05;2.472642702340785e-05;2.4562405870793174e-05;2.454911964338944e-05;2.457901584897881e-05;2.474525841055185e-05;2.4803794374926982e-05;2.47553117631653e-05;2.452112673298837e-05;2.411892311982019e-05;2.36192889706112e-05;2.304885397582529e-05;2.252711625544164e-05;2.2136233626115533e-05;2.1830549400013865e-05;2.147618709777092e-05;2.1244856884185185e-05;2.1110027899254663e-05;2.1006174209950205e-05;2.084492388532991e-05;2.061911955981056e-05;2.0388963442830383e-05;2.0270548411492936e-05;2.030206624565734e-05;2.041737841534773e-05;2.0465386760724075e-05;2.0256886567923717e-05;1.973261046069365e-05;1.897098931827305e-05;1.819606110956993e-05;1.7709926384297546e-05;1.7604086339326486e-05;1.780287841808565e-05;1.810001121110641e-05;1.8310987635102708e-05;1.8417202644584666e-05
1811.3058075275148;3.158354624474414e-08;2.188261275872933e-08;1.333099326200051e-08;9.032155565284203e-09;1.0040261989925921e-08;1.7814961468398528e-08;3.0702379107408963e-08;4.9446135139512896e-08;7.417022185975734e-08;8.885011378109105e-08;8.885491041092472e-08;7.313589459432686e-08;4.664599906704459e-08;2.402251341507618e-08;1.0473445394259162e-08;1.01253904411222e-08;2.3954588743703715e-08;4.5539660878430765e-08;6.88408995937147e-08;8.894058838162154e-08;9.529842021000553e-08;8.75340966949958e-08;6.662834889732894e-08;3.867188597394238e-08;1.87095247952254e-08;9.282386053200314e-09;6.993508194040926e-09;1.1510045455413755e-08;2.031559108695584e-08;2.6156396633136657e-08;2.4267497824346938e-08;1.6840267581847882e-08;1.1574880853660973e-08;1.7561076579687768e-08;3.1717331464383367e-08;4.2525349279093684e-08;4.208101766961363e-08;2.6959028436251037e-08;1.18557828390308e-08;5.5199545310140555e-09;9.411257882970854e-09;3.232519372925284e-08;9.538137885132422e-08;2.622654764421273e-07;6.238115089109423e-07;1.3478739454674968e-06;2.5365103084319427e-06;4.167072315961601e-06;6.132606177643954e-06;8.320012808830451e-06;1.0709161277102674e-05;1.3318070007359144e-05;1.6104526532109495e-05;1.8992971311453764e-05;2.1830292990318028e-05;2.4459815070556723e-05;2.6493899794251683e-05;2.7568952183983225e-05;2.7604380273058995e-05;2.6896478647862574e-05;2.612810572022656e-05;2.587327052808169e-05;2.5978261909634257e-05;2.638412896298537e-05;2.663258236033012e-05;2.639707188493009e-05;2.5712591450858803e-05;2.5068550660145382e-05;2.4752927919653e-05;2.491586750394469e-05;2.5448614459355587e-05;2.5756140122025123e-05;2.55343792327107e-05;2.4776083512055257e-05;2.3663701052658213e-05;2.268388341361557e-05;2.20512938003638e-05;2.1870207528780767e-05;2.189254920473143e-05;2.200977793306795e-05;2.2031897221292223e-05;2.1943363652515235e-05;2.177122592798718e-05;2.145870802239952e-05;2.113394537787545e-05;2.0888761889184477e-05;2.0758732300473075e-05;2.072202193081671e-05;2.069591348885429e-05;2.055024647106316e-05;2.0153518952702258e-05;1.94852362636228e-05;1.86317060606052e-05;1.7888623710923707e-05;1.7466082449781552e-05;1.7314826824096437e-05;1.743379475700518e-05;1.7707233498773232e-05;1.7995773687505717e-05;1.8211784846718952e-05
1812.8434820440048;2.379734975912293e-08;1.5478819270183255e-08;7.941811842643317e-09;4.252918607123921e-09;8.734454375835328e-09;2.5508910703513e-08;5.349303226996077e-08;8.181227407877026e-08;9.553478532074533e-08;8.899837813225007e-08;6.685654239470137e-08;3.930120667256869e-08;1.935974254908673e-08;9.521527078394883e-09;5.749242929501003e-09;1.1915507030883004e-08;3.717872331648943e-08;6.891936886487966e-08;8.844494969326524e-08;8.656440423889867e-08;6.758189911317217e-08;4.8772686853720896e-08;3.106241869130481e-08;1.362399367654828e-08;6.080466173449301e-09;3.6114164171558165e-09;5.759871130076728e-09;1.6770681787375152e-08;3.4886154487970614e-08;4.6998556369461386e-08;4.3785337572039065e-08;2.8033124226659872e-08;1.2026958500303062e-08;5.2476277125712326e-09;5.752088218960711e-09;8.527854377755004e-09;1.007279816782606e-08;8.712512713911254e-09;4.917158974943883e-09;2.1294369014930042e-09;1.9042883398182733e-09;6.403377907281048e-09;3.3736677942558834e-08;1.5728229252419777e-07;4.845182985686613e-07;1.1679999455324337e-06;2.313719757970854e-06;3.927289728825028e-06;6.054526056529016e-06;8.673414965958617e-06;1.1713206584036047e-05;1.501755773640327e-05;1.7993001275397812e-05;2.049636641360332e-05;2.2598966328730453e-05;2.4380227001464396e-05;2.570651346611005e-05;2.6502929222735275e-05;2.6792138395894693e-05;2.669990357475045e-05;2.655594585445279e-05;2.652454581351765e-05;2.67904363226439e-05;2.709654313157193e-05;2.713506059783193e-05;2.6633712202985024e-05;2.584225627406545e-05;2.5130459184946243e-05;2.4892379614663344e-05;2.513217267723848e-05;2.566306887956697e-05;2.5992498443955003e-05;2.5885889626600706e-05;2.5127085692521992e-05;2.4013978497036e-05;2.2948744115559475e-05;2.220885566986808e-05;2.1885048655540474e-05;2.1774776298931583e-05;2.1914732395467723e-05;2.193083777911346e-05;2.184635403116423e-05;2.1603063966915752e-05;2.123403562230816e-05;2.0869660823174528e-05;2.059306470451697e-05;2.0408668750161725e-05;2.0267863380512457e-05;2.0074911984041604e-05;1.9727892210699943e-05;1.9303504788906944e-05;1.8778879649500425e-05;1.830249554833009e-05;1.7949864147255747e-05;1.7955035780154627e-05;1.819083043403824e-05;1.854652247743752e-05;1.8991856878422236e-05;1.9410981102966856e-05;1.9714889664777888e-05
1814.3805159619808;5.351719820140178e-09;3.160438874694723e-09;1.322222534206523e-09;6.300505184433886e-10;3.8389762554803705e-09;1.2531429588698881e-08;2.6598006132495643e-08;4.075033818628448e-08;4.7189635279652375e-08;4.1746907400881235e-08;2.5199185157583458e-08;1.1379132491614708e-08;4.5369079492440404e-09;2.2338305972614318e-09;1.8281397154131758e-09;5.667316493984122e-09;1.7950593487456373e-08;3.1848352515724475e-08;3.624999477827205e-08;2.8381719821888495e-08;1.4117067033374873e-08;4.9982615768689755e-09;1.6924065737409152e-09;1.0317109713156756e-09;6.979048714737421e-10;7.311932832772352e-10;2.458912779735024e-09;8.232553184094423e-09;1.743994531166227e-08;2.3522569490083668e-08;2.1897759394011948e-08;1.4020648631667532e-08;6.0382325991506184e-09;2.0367230743489726e-09;3.489449037841794e-09;6.193442569035059e-09;7.78349738592845e-09;7.003192118648867e-09;4.299271753732367e-09;2.1023205579266803e-09;3.473081706785838e-09;1.6783623851681228e-08;7.518162990399645e-08;2.3318816372376778e-07;5.603725538459192e-07;1.144230581469743e-06;2.0686722517621272e-06;3.426184110055553e-06;5.401390669968592e-06;8.074632168505773e-06;1.132442725901427e-05;1.4694020174889754e-05;1.7607691792642566e-05;1.9822303758466657e-05;2.141735565293544e-05;2.270757120721766e-05;2.391103161290036e-05;2.498346277549544e-05;2.596012487786661e-05;2.6738102185265343e-05;2.71817524303312e-05;2.7252689693831247e-05;2.698927583503792e-05;2.649594141593186e-05;2.58543477696872e-05;2.517015273719776e-05;2.463514686319752e-05;2.439317708524521e-05;2.4451919702309427e-05;2.4698673176529294e-05;2.492613366500284e-05;2.503226658568311e-05;2.4846107419580723e-05;2.431669104614105e-05;2.348952281955111e-05;2.2514733128853894e-05;2.156993427692236e-05;2.087392469336317e-05;2.0522190463566496e-05;2.047185878149734e-05;2.060091460632585e-05;2.07053484271535e-05;2.0672898892229817e-05;2.0511020633937895e-05;2.0326554587066983e-05;2.0197077162530844e-05;2.03175028730338e-05;2.056462630560601e-05;2.0771367193291637e-05;2.07853803545087e-05;2.0481997952794067e-05;1.987624375636423e-05;1.9173146999824843e-05;1.8644670311742845e-05;1.8451231664180965e-05;1.860827092841491e-05;1.9044548578159335e-05;1.968468169721005e-05;2.02827182508234e-05;2.0695018562568845e-05
1815.916909353582;4.8664817206924335e-09;1.4908018903619085e-08;3.0151976004202134e-08;4.092724194672314e-08;4.0251354751688286e-08;2.249803738412041e-08;9.369501857818208e-09;3.661216692203533e-09;1.7340882554779951e-09;1.0657861614056534e-09;8.983731883032561e-10;9.245243624113103e-10;9.74163447059232e-10;8.35402724148538e-10;5.17453098622811e-10;2.675645765595354e-10;1.538809161053016e-10;1.4243699071647002e-10;1.8641747113588394e-10;2.1295251251450996e-10;2.298253626246412e-10;2.2721937160540087e-10;1.9290113928846543e-10;1.3703220475702318e-10;1.050668672859806e-10;1.9574916744090943e-10;4.5774196104729343e-10;7.667642162149321e-10;1.0134968438022755e-09;1.0409805933954844e-09;7.817107542955552e-10;5.772857091685012e-10;7.973785103809256e-10;2.057746373262177e-09;4.608416043853327e-09;6.6360351818551285e-09;6.743517913885564e-09;5.393236286732913e-09;4.472852319946733e-09;8.496152980294355e-09;3.1224989889416904e-08;1.0590547896173625e-07;2.736106634850896e-07;5.440022968472208e-07;9.393633765870168e-07;1.5109150236634635e-06;2.391592990901998e-06;3.731750844975809e-06;5.640042231052234e-06;8.102389749417578e-06;1.09499695177622e-05;1.370687900076681e-05;1.6156571552546962e-05;1.8009709511605724e-05;1.9601754621200872e-05;2.0927472850126423e-05;2.231107951839596e-05;2.370394134131669e-05;2.5059393594181263e-05;2.62555396990526e-05;2.70628639671286e-05;2.753132197744586e-05;2.751586728199186e-05;2.7071377187725503e-05;2.6578259313596124e-05;2.609525594059845e-05;2.577949156349045e-05;2.5681017854130697e-05;2.570370584372029e-05;2.5625760003459643e-05;2.527265076510213e-05;2.4613360001711136e-05;2.3678260540667107e-05;2.300667669379654e-05;2.247663098118458e-05;2.207633962317631e-05;2.161978527651358e-05;2.10898490745462e-05;2.0681947011527378e-05;2.034351328315797e-05;2.0092474937461036e-05;1.999256322585485e-05;1.9852826484862552e-05;1.974205756757865e-05;1.967226034100254e-05;1.97496466879846e-05;2.0076882024163744e-05;2.0686919007274853e-05;2.1481318552285163e-05;2.2170127167403235e-05;2.2338685066067183e-05;2.180544904872343e-05;2.074601690843371e-05;1.9595637615540337e-05;1.8588902012475663e-05;1.799870907219915e-05;1.7875650325041208e-05;1.8092985948554125e-05;1.8468493801012277e-05;1.87962787498187e-05
1817.4526622910123;9.729031469152364e-09;2.9806040415403945e-08;6.028470348967342e-08;8.18644662487002e-08;8.084134741424708e-08;5.8856634189265374e-08;3.2177352650705074e-08;1.5970087359153393e-08;9.005465353575786e-09;5.072190620123097e-09;3.601842542072251e-09;3.6494612294197244e-09;4.1598315302733825e-09;4.372905395539126e-09;3.771004737726954e-09;2.585543061937007e-09;1.3791744819536476e-09;8.197419675962845e-10;1.529551606967381e-09;4.684031730442608e-09;8.88999551037447e-09;1.1095222564514772e-08;9.902555238492186e-09;6.9946166493335995e-09;8.418571163314146e-09;2.2512368305645752e-08;3.5537207481908125e-08;3.979392973411156e-08;3.2050916154211784e-08;1.8242586439921838e-08;7.915026974487792e-09;4.0148645103522925e-09;4.308910513130283e-09;8.392170669398504e-09;1.5116642021874084e-08;2.0322725660199328e-08;2.0066337601551203e-08;1.4593713634418697e-08;8.987507297421123e-09;1.5922073372137697e-08;5.843899919459537e-08;1.8971575577381437e-07;4.416303798932751e-07;7.959056430725778e-07;1.248813386697366e-06;1.8472693149372976e-06;2.72694099445683e-06;4.099338142105592e-06;6.069490282422899e-06;8.54289111588445e-06;1.1191220980068837e-05;1.3752305349735527e-05;1.6109598313054694e-05;1.8038765145044084e-05;1.970405338487863e-05;2.118433669217857e-05;2.253174023295795e-05;2.378162123118067e-05;2.496992416202993e-05;2.608732542989997e-05;2.7058915705115376e-05;2.7731688554157585e-05;2.803522088495769e-05;2.793862380251446e-05;2.759280889429023e-05;2.7220527354082325e-05;2.7005070628932773e-05;2.7035927597393368e-05;2.7159688299090435e-05;2.684555997272133e-05;2.6020442104881555e-05;2.480001498473601e-05;2.365122130142385e-05;2.298747191115174e-05;2.287729324263564e-05;2.3130397952222327e-05;2.325980619065181e-05;2.303641112664194e-05;2.244522932376417e-05;2.164580923485475e-05;2.0935168146740257e-05;2.0429671482591044e-05;2.0137182186392844e-05;1.9983192261054443e-05;1.987013694607844e-05;1.981087811280167e-05;1.9722371027378863e-05;1.9837542403433796e-05;2.0290362150324768e-05;2.0941010930561247e-05;2.1438640134369083e-05;2.141523582288364e-05;2.0785916970385787e-05;1.9787209271023232e-05;1.8648786145537545e-05;1.7724105972442188e-05;1.7103150528752598e-05;1.6758750037006235e-05;1.6676397999374994e-05;1.671430769878864e-05
1818.9877748465224;5.067669704089084e-09;1.6420772231968604e-08;3.7691964214066454e-08;6.254373955368462e-08;7.983577034674776e-08;9.074668977121009e-08;8.64085550549594e-08;7.4808395118936e-08;5.973412453756034e-08;3.391904677335724e-08;1.7535182009329432e-08;1.07549886233254e-08;9.84731446401798e-09;1.1202089165791078e-08;1.0882118128305464e-08;7.987506006285904e-09;4.242270607971461e-09;2.173429507733873e-09;3.979866856552877e-09;1.396119807842934e-08;3.0645218300835455e-08;4.54586835687561e-08;5.2854078979976254e-08;5.455486827150916e-08;6.097087964926683e-08;8.175564869653041e-08;1.0832049778298081e-07;1.256228079148885e-07;1.1369854535974447e-07;8.90677205108796e-08;6.508375756747424e-08;4.5583305533024685e-08;2.2561861098640893e-08;1.7670143899776185e-08;2.4460678637834358e-08;3.30069769901944e-08;3.3770770916206844e-08;2.5070570271157903e-08;1.4647294866150515e-08;1.2539017994399122e-08;3.2790513495378384e-08;1.0609203152853907e-07;2.79881790298612e-07;5.709437276467663e-07;9.917755478656095e-07;1.58620434960968e-06;2.416804722144167e-06;3.7021638642938583e-06;5.521000532695055e-06;7.885453395557697e-06;1.0631549927818703e-05;1.341744532258448e-05;1.605904438452946e-05;1.858773761665609e-05;2.075151538045834e-05;2.258139797874812e-05;2.4024112453471196e-05;2.5107797691391885e-05;2.5936851593763443e-05;2.6556432918138e-05;2.709451943144549e-05;2.7415053961838525e-05;2.748015143367913e-05;2.7308685577612872e-05;2.6935800783145823e-05;2.648116112813237e-05;2.609297139515273e-05;2.576992215785702e-05;2.5508385776743318e-05;2.5200085139372236e-05;2.4899791994593456e-05;2.4471372125947214e-05;2.415900157489496e-05;2.384964789710408e-05;2.3681362868774585e-05;2.348736659394559e-05;2.298375785119612e-05;2.236165309061354e-05;2.1939408896497392e-05;2.1729967336331332e-05;2.1760932048859088e-05;2.166311652711913e-05;2.1530885909100777e-05;2.129749850612421e-05;2.0951966354655266e-05;2.0627409542437653e-05;2.0326218202855207e-05;2.0009915299091092e-05;1.9755600489789976e-05;1.964522586832697e-05;1.962819232992279e-05;1.9410927913747977e-05;1.918007585788181e-05;1.888145391510728e-05;1.855391452160521e-05;1.8041075976336027e-05;1.7547179064964597e-05;1.7068689969401796e-05;1.666825719754934e-05;1.6423286713643585e-05
1820.5222470924275;4.0931526252716014e-10;3.044139195969549e-09;1.5396687987033215e-08;4.3080441599607554e-08;8.118043926978578e-08;1.1760095528969959e-07;1.3604586749212577e-07;1.2965416487659801e-07;1.0567898786322126e-07;7.541448896487344e-08;5.357829566032956e-08;4.8932103539575016e-08;5.849118239798637e-08;6.715875114544413e-08;5.9228014760548095e-08;3.88215653263221e-08;1.9373266218578384e-08;8.359850027769833e-09;9.028570282847296e-09;3.215870023254144e-08;8.470318032027539e-08;1.4200422456214858e-07;1.729110773643154e-07;1.6857029212709542e-07;1.4816653772410718e-07;1.3665348163166746e-07;1.3669656681448476e-07;1.3881627576521804e-07;1.3594043608360136e-07;1.269320666050308e-07;1.0878274460790373e-07;8.123215203712224e-08;5.0710374985535046e-08;2.7566434282625096e-08;2.0077831690952143e-08;2.262543803582877e-08;2.4939409491576825e-08;2.4092752418921723e-08;1.7802834517199182e-08;1.1896922462358732e-08;8.107821374423241e-09;2.0033413306096413e-08;8.316225297915067e-08;2.503636325796602e-07;5.75415728295141e-07;1.144971193559087e-06;2.0586432561403054e-06;3.401500862999137e-06;5.3065304726027575e-06;7.728397879179158e-06;1.0468374092117605e-05;1.32323567898905e-05;1.5759068883263605e-05;1.8192187616792773e-05;2.0489914498547347e-05;2.252811106140958e-05;2.416765407118856e-05;2.533858245703996e-05;2.6212022310570945e-05;2.6703146248473586e-05;2.6968999011829617e-05;2.713496582806305e-05;2.726928477068894e-05;2.7324089786191243e-05;2.719938562791217e-05;2.671050820760409e-05;2.571153572182225e-05;2.455334286019068e-05;2.322182824403628e-05;2.2481053117989743e-05;2.2456111220174255e-05;2.293106497172629e-05;2.363290541225745e-05;2.393833192814987e-05;2.364085361900647e-05;2.2772586288206085e-05;2.1526695353900887e-05;2.0512265870584557e-05;2.010915646267205e-05;2.0408021581341557e-05;2.110906436667264e-05;2.1667735545923077e-05;2.181992424452808e-05;2.1547060453974504e-05;2.1151498193995668e-05;2.0892719737919457e-05;2.0762246044343728e-05;2.066762342662131e-05;2.050002457840068e-05;2.009929117383345e-05;1.945766565608542e-05;1.874316010317805e-05;1.828220469151971e-05;1.8121961165413893e-05;1.8330763392418838e-05;1.8503145247456764e-05;1.842772683687192e-05;1.806730479680688e-05;1.7595948795415908e-05;1.7250477854452655e-05
1822.0560791011048;1.0051089414908524e-07;6.927106999588849e-08;4.3246818697928e-08;4.5191676704701847e-08;6.590478203842412e-08;8.841602970407565e-08;9.615726311648232e-08;9.243011117189597e-08;9.244592164365397e-08;1.1137050302988413e-07;1.3778462388445046e-07;1.5680863320784537e-07;1.6190197586464065e-07;1.466206517622364e-07;1.1527919530470508e-07;8.67879337143757e-08;9.17661134476697e-08;1.3934310942150038e-07;2.041879038659798e-07;2.6964230620899884e-07;3.285300758806545e-07;3.60777657955878e-07;3.509980065144984e-07;3.012430978342857e-07;2.4014128883784004e-07;1.913006451344553e-07;1.493140456749692e-07;1.0566516045767928e-07;8.104095537945035e-08;7.041524494560819e-08;6.798502104732534e-08;7.424938223881142e-08;9.525373834854657e-08;1.1419100783868559e-07;1.3094974984367945e-07;1.3757900428379286e-07;1.2692281147500102e-07;1.0219634262306467e-07;7.074656758538817e-08;4.2623925810071074e-08;2.4196883489693564e-08;1.9025401469047163e-08;3.096895031179523e-08;1.0079589714802432e-07;3.241597796083775e-07;8.559835707773592e-07;1.9378715470334658e-06;3.6477849758027673e-06;5.963377524592183e-06;8.659125988251886e-06;1.1340811583543352e-05;1.3772838354663427e-05;1.5886291464827706e-05;1.7775020591873443e-05;1.965071731424764e-05;2.143851170457245e-05;2.308040436832027e-05;2.4459452186231795e-05;2.550915262918985e-05;2.6413783425322976e-05;2.7134168137994828e-05;2.7765252180053745e-05;2.8220007471341096e-05;2.841492022150624e-05;2.8144215358182774e-05;2.7446145315305874e-05;2.592336751372204e-05;2.397875822833237e-05;2.2219352023700647e-05;2.132522102938009e-05;2.136037592201003e-05;2.2248103288796544e-05;2.3208542888154264e-05;2.368567759573901e-05;2.3354578087424413e-05;2.232783131030235e-05;2.1104273721209594e-05;2.011959311342323e-05;1.9537141681506635e-05;1.9621638554998995e-05;2.01064349764657e-05;2.065550536623605e-05;2.1016376196927868e-05;2.103922058485244e-05;2.088615017206703e-05;2.067016855398047e-05;2.0502342258375227e-05;2.046169375786425e-05;2.036047378417802e-05;2.010920150196631e-05;1.9614722119086223e-05;1.9180421083625067e-05;1.885720527067912e-05;1.8754434206491963e-05;1.889423805769165e-05;1.9144975218775057e-05;1.909155383951937e-05;1.870546053473819e-05;1.829540160685276e-05;1.7994982923406287e-05
1823.589270944984;2.078357734578945e-07;1.5560686717780478e-07;1.0948680383482923e-07;8.531143364732166e-08;7.544280974795478e-08;6.211451534942024e-08;4.6751870826641554e-08;4.17600932411602e-08;6.655463624368831e-08;1.327816035149182e-07;1.970896000497362e-07;2.2067443899674621e-07;1.896930345996143e-07;1.285916805527128e-07;8.378152802972029e-08;7.820160596009857e-08;1.36801334455277e-07;2.5963384481217026e-07;3.904909478960414e-07;4.7411679352691926e-07;4.801887248911888e-07;4.299924647152559e-07;3.689538825895831e-07;3.1288081478403484e-07;2.699175762730658e-07;2.2484144066266779e-07;1.7675606324318966e-07;1.3048890554831034e-07;9.336762408213625e-08;6.90805115791422e-08;6.02879616099e-08;8.060903431034417e-08;1.3563513277731153e-07;2.0520364379973515e-07;2.567897712825192e-07;2.695874051091219e-07;2.384573326766237e-07;1.7825671232409537e-07;1.1488286411067799e-07;6.405770877286946e-08;4.2598344993636066e-08;4.663559536663569e-08;7.168322094263206e-08;1.26670957806617e-07;2.736575046567977e-07;7.423053274831619e-07;1.756538880214964e-06;3.548629319944442e-06;5.927013322151368e-06;8.71711308366294e-06;1.1395272507319116e-05;1.3817954884058509e-05;1.6005187230355613e-05;1.7955915644804932e-05;1.975652728689785e-05;2.138346037695049e-05;2.2820715944290928e-05;2.403808487494926e-05;2.4735158714528177e-05;2.529152403823193e-05;2.5805175405900167e-05;2.640106112093055e-05;2.702691560563193e-05;2.761184941050295e-05;2.789492828517605e-05;2.755307476450098e-05;2.6511147610944407e-05;2.4723564761756025e-05;2.311466005650488e-05;2.206184764087237e-05;2.192044285848185e-05;2.256753569950167e-05;2.300386631111381e-05;2.3099140818804795e-05;2.265666889319209e-05;2.18179554719785e-05;2.100559696687792e-05;2.0335554401136e-05;2.002438352767146e-05;2.007140740303264e-05;2.0357853031167335e-05;2.0757849297660395e-05;2.111967547815046e-05;2.115462165379121e-05;2.095825145434825e-05;2.0568098011606935e-05;2.0125982527220555e-05;1.9893135897117524e-05;1.973837887036984e-05;1.962776007383427e-05;1.9557739743244517e-05;1.956752509678799e-05;1.956031603180485e-05;1.9572605999368574e-05;1.958176094170122e-05;1.9465144132166364e-05;1.913984304006565e-05;1.8656390809639887e-05;1.8174426764782847e-05;1.784306911105626e-05
1825.1218226965464;1.7115934164303837e-07;1.6275281789050765e-07;1.5157514877847057e-07;1.3539234157407533e-07;1.1040713412177506e-07;7.575763085967981e-08;4.4748887339030416e-08;2.6273429492245667e-08;3.225482632201325e-08;7.182153160146147e-08;1.0560901024233585e-07;1.1389720375397009e-07;9.094551764801732e-08;5.2038879725985134e-08;2.8191961332532962e-08;3.5904989896241355e-08;7.883571317234028e-08;1.4641601995084318e-07;2.0833786188046454e-07;2.40244782429192e-07;2.3643665304217083e-07;2.1716523831543921e-07;1.9816485471952185e-07;1.7865526187287873e-07;1.5601155119245798e-07;1.2711836358858057e-07;1.1036173064151325e-07;1.2474075786421158e-07;1.396100622934792e-07;1.3949112631091916e-07;1.1475396479081645e-07;9.05661658933741e-08;1.0090594091237125e-07;1.2624809380890156e-07;1.4682474396326489e-07;1.4778251373010926e-07;1.2501474490718688e-07;9.001935056766572e-08;5.57188863707644e-08;3.23552280002705e-08;3.7837736695635456e-08;9.165182168374154e-08;1.9549887818383122e-07;3.334309154259165e-07;5.096223437339923e-07;8.249887720519946e-07;1.572484559052789e-06;2.9578786273244413e-06;4.989905472582192e-06;7.459207491482371e-06;1.0090501911885642e-05;1.2738455826773666e-05;1.5326330040554933e-05;1.7795429604036334e-05;1.9763251889010986e-05;2.123386927947089e-05;2.226169164594427e-05;2.2815174787239747e-05;2.299019174378474e-05;2.2882924441901896e-05;2.274766129323173e-05;2.3119243240092087e-05;2.427875711677945e-05;2.601993946759041e-05;2.7795485565725524e-05;2.86997600846362e-05;2.844974071761698e-05;2.710653151687158e-05;2.5307955096713503e-05;2.3809452838317996e-05;2.29868916621649e-05;2.2595983785380335e-05;2.24781100741418e-05;2.2310336453122183e-05;2.189919683225109e-05;2.1350562275028865e-05;2.0969334942477205e-05;2.09077806980686e-05;2.1262081204868124e-05;2.173567662162336e-05;2.213065121349984e-05;2.2251192518176986e-05;2.2044879001556988e-05;2.155401844981688e-05;2.0979340487214812e-05;2.0503323759591947e-05;2.018207222948779e-05;2.0108190576977645e-05;2.016090145904925e-05;2.0195086181873865e-05;2.0066787107554377e-05;1.9788908059095132e-05;1.936834447140221e-05;1.8967778128590973e-05;1.869422603772997e-05;1.861201098708095e-05;1.858544164415298e-05;1.858779090265376e-05;1.859058592197429e-05;1.858623669680585e-05
1826.6537344283424;9.798138739115349e-08;1.1989788501997882e-07;1.331621544427619e-07;1.2547888126860002e-07;1.0255822231619533e-07;6.690477607583851e-08;3.383503562619431e-08;1.511654048109866e-08;7.911787163536032e-09;6.911095120289159e-09;8.936928140883108e-09;1.0805087330314333e-08;2.1667191714759315e-08;4.037439221926335e-08;6.960075005598575e-08;1.064073174574439e-07;1.27889495702728e-07;1.1541461810114625e-07;8.018043542945003e-08;4.9102373087915735e-08;4.870721027072489e-08;8.094514223338668e-08;9.772161497447556e-08;8.758426118259585e-08;5.7260552582580766e-08;2.9540793463670633e-08;2.8068993262140953e-08;6.06602690449954e-08;1.0703607566023189e-07;1.3055814655574353e-07;1.1539149306769776e-07;7.356835845246695e-08;3.79257051303096e-08;2.26579791269875e-08;1.7643032149216188e-08;1.5226045158108207e-08;1.1967202989709176e-08;7.878597935123776e-09;5.4778191036248665e-09;6.088060997553864e-09;2.126658635910881e-08;8.538879082661792e-08;2.2634016299660878e-07;4.632228368730414e-07;8.390630049020541e-07;1.2972194897072398e-06;1.963374813253174e-06;2.9728024033152674e-06;4.433051710508363e-06;6.3891630775292825e-06;8.876695902363168e-06;1.1809618887462394e-05;1.484789405256154e-05;1.7727908924944927e-05;1.9962490899813827e-05;2.1421522578213514e-05;2.2187477009386485e-05;2.238560573307944e-05;2.240961408187721e-05;2.2422024869700405e-05;2.270048134255792e-05;2.3541084298787745e-05;2.5045305677059624e-05;2.6992926832143018e-05;2.881351413161465e-05;2.9739888318399143e-05;2.940292888484483e-05;2.7909384024516044e-05;2.615105555844459e-05;2.494676994254199e-05;2.4447981685798062e-05;2.4076689796545903e-05;2.3853863788441423e-05;2.339087929511193e-05;2.271338054863089e-05;2.20458543831807e-05;2.180381983475373e-05;2.228508572777177e-05;2.3173664188503167e-05;2.4009009379264797e-05;2.4211185904757824e-05;2.3637280847361613e-05;2.2595948182303733e-05;2.15869784309458e-05;2.0792782289702404e-05;2.042583112489128e-05;2.0481038065131877e-05;2.062847346566677e-05;2.0584511031581392e-05;2.032089371836834e-05;1.9806129935524305e-05;1.9128925803200555e-05;1.8509862705339023e-05;1.800580284016833e-05;1.768370388229573e-05;1.7560408695477168e-05;1.7707152335009497e-05;1.8115765986719662e-05;1.8586574894705464e-05;1.8951210051453372e-05
1828.185006212967;4.56659247137826e-08;5.4934783520607184e-08;7.076168941809328e-08;7.455107753989597e-08;6.612672356418073e-08;5.025253870861295e-08;4.426856701056045e-08;6.509461730290048e-08;1.0729274721283e-07;1.4299651377494634e-07;1.501178825563446e-07;1.2750641143788714e-07;1.0231496968329827e-07;1.1203007476491945e-07;1.608789384549258e-07;2.314575195851905e-07;2.825587564157185e-07;2.86794310284533e-07;2.5317773695092534e-07;2.037850756259665e-07;1.673594738315644e-07;1.446923956430773e-07;1.220643840503891e-07;9.424625712783061e-08;6.325844632481686e-08;3.7216998900236577e-08;2.2626654081916133e-08;2.260214897513945e-08;3.9929219827733434e-08;5.008173054091822e-08;4.7595446609422325e-08;3.0923665858261833e-08;1.0613816405126828e-08;6.088622781871346e-09;1.4822009660267172e-08;4.6234228164054025e-08;8.690019402063185e-08;1.07469099545348e-07;9.449788846362697e-08;5.9148832921969e-08;3.445654827121217e-08;5.545618896744164e-08;1.559441173833425e-07;4.2374603248037554e-07;9.459392854217548e-07;1.6828146754527338e-06;2.513878601220921e-06;3.4544399742455352e-06;4.636805083510087e-06;6.362390307747915e-06;8.78130116534103e-06;1.1794508085814328e-05;1.503902694129448e-05;1.795263017325759e-05;2.0358391855104995e-05;2.2151362383926478e-05;2.341661401895868e-05;2.4265426032389948e-05;2.4766906010139924e-05;2.500584969168237e-05;2.5246183947177825e-05;2.567774157104147e-05;2.667176737990025e-05;2.796374254517121e-05;2.9268944387974565e-05;2.947880731898529e-05;2.8475515349191077e-05;2.685733059412092e-05;2.527126743063188e-05;2.4561656381809383e-05;2.476014945554512e-05;2.5315247202975423e-05;2.564045146700216e-05;2.5463825645770296e-05;2.469160841731097e-05;2.379435136301361e-05;2.3200434748465643e-05;2.332133939470929e-05;2.3695011381246107e-05;2.386767469964584e-05;2.349057290463736e-05;2.2638572251072343e-05;2.1715434111609983e-05;2.105205166696215e-05;2.060790231520726e-05;2.0327566706588226e-05;2.005636896228148e-05;1.9667049095713185e-05;1.9236104872550192e-05;1.880195437693566e-05;1.84364309580494e-05;1.820846967616488e-05;1.802056160054952e-05;1.7841636041432387e-05;1.75589139155344e-05;1.7214375350716086e-05;1.704161207805293e-05;1.726909861057782e-05;1.7627830677840938e-05;1.79829699971596e-05
1829.7156381230889;1.4604104068313566e-07;1.15119548680792e-07;8.176461511521416e-08;5.600606615366653e-08;4.088907396588484e-08;3.8651062841372914e-08;6.45993282012195e-08;1.2327659251808545e-07;2.125319126548784e-07;2.8443796727253164e-07;2.984696211910015e-07;2.516481327893714e-07;1.7743623173112286e-07;1.3564499031293146e-07;1.402453486845581e-07;1.87099587831959e-07;2.503698388410159e-07;3.038245322598578e-07;3.287845849488145e-07;3.229454227627273e-07;2.9798639854951855e-07;2.741914044470268e-07;2.583904457975224e-07;2.007833929436992e-07;1.2871663847197442e-07;6.873725065872464e-08;3.544439857709096e-08;1.954133201922619e-08;1.2121040931984144e-08;8.126342146501623e-09;5.739471252669991e-09;4.148420843395262e-09;5.697494800423363e-09;1.7914363590822333e-08;5.329318870675881e-08;1.2479890629657629e-07;2.0304849717700578e-07;2.340807859933628e-07;1.9747784061435466e-07;1.1720163416391149e-07;5.693671054020205e-08;4.405443415813509e-08;1.0855094327825425e-07;3.503915085901785e-07;8.646704049447894e-07;1.6051118297922927e-06;2.4663795300424222e-06;3.4244349412157666e-06;4.654777844196943e-06;6.451803910426724e-06;8.942622200432913e-06;1.1820772774260785e-05;1.4741000937786497e-05;1.7347402335757018e-05;1.962933645372788e-05;2.1672428555186115e-05;2.349594957852869e-05;2.5017358836207643e-05;2.5995224525572272e-05;2.6250119668813092e-05;2.5933943602795483e-05;2.5462705628249104e-05;2.554664559749885e-05;2.635839372818604e-05;2.747447784424377e-05;2.7986608044580305e-05;2.7234544507061205e-05;2.5795447938867696e-05;2.4194840353181924e-05;2.3348016499832453e-05;2.3552789553576996e-05;2.4400109043912392e-05;2.5397961837872208e-05;2.5855005076155244e-05;2.5552236532719347e-05;2.465170664620476e-05;2.3646270436947637e-05;2.282523508032688e-05;2.21385128080526e-05;2.144705527314114e-05;2.073618880953501e-05;2.031447716126197e-05;2.022630485977051e-05;2.03429368055688e-05;2.0464459721612536e-05;2.0260416948275896e-05;1.962343817664257e-05;1.8872319092880084e-05;1.835595131179201e-05;1.823536796812838e-05;1.8504167028903537e-05;1.870206671548108e-05;1.8763540538059814e-05;1.857351575822872e-05;1.816753993002034e-05;1.7691102285693042e-05;1.7366382540350172e-05;1.73053629775587e-05;1.7517762055409114e-05;1.778312470242878e-05
1831.2456302314204;2.6487176599860945e-07;2.0810271968560155e-07;1.3248933135241756e-07;6.585848408487548e-08;3.0953887922853746e-08;2.4889249218778044e-08;4.1832673677441784e-08;7.585487149109576e-08;1.1978747168603017e-07;1.5111987501269333e-07;1.534144505619221e-07;1.272204448531346e-07;8.628956821335322e-08;5.3989753826120934e-08;4.1433287462621047e-08;5.1547479300975154e-08;7.94538393792131e-08;1.144756820985193e-07;1.4204666997201728e-07;1.666266407781349e-07;2.1251467095528525e-07;2.75280684718344e-07;3.0036771425509604e-07;2.528987807978808e-07;1.5755175857511497e-07;7.383279921713574e-08;3.4253976241368764e-08;1.69370436825869e-08;9.964707470689382e-09;6.587504420743077e-09;4.5406625957372065e-09;4.605142369075099e-09;1.3348696016852468e-08;3.620959540925174e-08;7.596796912359009e-08;1.3109019516812644e-07;1.714790070196871e-07;1.703991619137505e-07;1.300128426019224e-07;7.352473447754233e-08;3.6106638462526765e-08;3.0427059902405345e-08;9.187068657530917e-08;3.067874716185377e-07;7.273806204130303e-07;1.3374291354443137e-06;2.0722594244106507e-06;3.005699174207693e-06;4.382417620930702e-06;6.4035494527271846e-06;9.03870799502714e-06;1.187000566019498e-05;1.448897012882556e-05;1.6760026329542322e-05;1.8701182227370237e-05;2.05396491089079e-05;2.224522172269473e-05;2.3764486118215887e-05;2.4863708203276183e-05;2.536124044949259e-05;2.5291494449948276e-05;2.4916772919453812e-05;2.4688947053086227e-05;2.5044924596612844e-05;2.5498112712809594e-05;2.5809086522806843e-05;2.548197353021968e-05;2.4621964128727863e-05;2.3725317029018347e-05;2.317745127166244e-05;2.329224883364578e-05;2.396222016188708e-05;2.4886160989431854e-05;2.5387181677788488e-05;2.5252785724940065e-05;2.4407987044586546e-05;2.3359421563462237e-05;2.2328708716907786e-05;2.150055823807945e-05;2.0869201175557708e-05;2.034692179156421e-05;1.998090695258493e-05;1.976413889851831e-05;1.9779088440576045e-05;1.990885433489733e-05;1.987515529393493e-05;1.9643974044939685e-05;1.930259775517356e-05;1.9106616852970684e-05;1.918401969789284e-05;1.931164255451884e-05;1.9380399885781885e-05;1.9343381653038963e-05;1.8991509680533464e-05;1.843815837461194e-05;1.7893122644138456e-05;1.754281450090422e-05;1.745838477775612e-05;1.7550956818307483e-05;1.7688047971525248e-05
1832.774982610732;1.3305599711432884e-07;1.0804083074668184e-07;7.227835233319056e-08;3.7450744875608974e-08;1.498804844557822e-08;1.6190995322290568e-08;3.21087256607078e-08;5.409917833103915e-08;6.252554395389037e-08;5.1499467945558235e-08;3.1352001198986574e-08;1.5528499965526208e-08;1.1991615658041736e-08;2.3646046778160963e-08;4.1059616802506134e-08;5.1067053850697824e-08;5.01601192668306e-08;5.24147603796204e-08;8.16492917889179e-08;1.3934382774040366e-07;2.1293181391115927e-07;2.486856763182201e-07;2.218935466211764e-07;1.7169278368197728e-07;1.0315509214230617e-07;4.999183162391624e-08;2.3806171880505065e-08;1.2765426259521646e-08;8.641955493994531e-09;1.1561034168539333e-08;2.5008161548228142e-08;4.039600727524547e-08;4.610839831666048e-08;4.35198553059065e-08;4.3322816877482794e-08;5.072688383359439e-08;5.1849403748110473e-08;4.2166322312001064e-08;3.078541119627456e-08;2.8959253671343848e-08;4.311367953004717e-08;7.547002221368276e-08;1.430120637753719e-07;2.959823241160242e-07;5.685297617003528e-07;1.001194600139877e-06;1.620941847973187e-06;2.633947515352065e-06;4.276036546905194e-06;6.51225778369859e-06;9.245907468150771e-06;1.2068852913026422e-05;1.4650036930892384e-05;1.6934762300620018e-05;1.897526943429405e-05;2.0843358199369604e-05;2.2545503700455272e-05;2.4013181255253155e-05;2.5048178001654355e-05;2.551838108040477e-05;2.549670956543352e-05;2.523588140756493e-05;2.5138508013100708e-05;2.536010862547388e-05;2.5778166740310703e-05;2.6053355183466503e-05;2.586288560648735e-05;2.521003173246572e-05;2.4206286071377136e-05;2.368063572427968e-05;2.347727171958307e-05;2.3907569384602408e-05;2.462289010795721e-05;2.501666794786428e-05;2.4724759752997794e-05;2.381805418523536e-05;2.2652663033819264e-05;2.1742626998688937e-05;2.1288130064213384e-05;2.121147634149896e-05;2.119569709232594e-05;2.081956949908664e-05;2.030449892148832e-05;1.9864558308103543e-05;1.967941963687505e-05;1.972760941148241e-05;1.9945815076175197e-05;2.020990587041197e-05;2.028571750687816e-05;2.00347775156905e-05;1.942076573476321e-05;1.8787851055815645e-05;1.8187869217442883e-05;1.7721095661034228e-05;1.7430976148779183e-05;1.728623462767851e-05;1.723287489306844e-05;1.726097206702169e-05;1.7302122551130286e-05;1.735600383701266e-05
1834.3036953338524;6.2312431759443126e-09;1.045963851657829e-08;1.1162809197194413e-08;8.448138905997323e-09;8.181078824392146e-09;2.806393890786531e-08;7.664051577755068e-08;1.2752446931991077e-07;1.4699272155414665e-07;1.2174737375800845e-07;7.372462669796678e-08;3.643481038222754e-08;2.5200238318034664e-08;4.766930533184168e-08;8.228441261294162e-08;1.0208540052153113e-07;9.929245156666325e-08;1.0322254521362637e-07;1.6001839362077498e-07;2.559765940536628e-07;3.1551396916869497e-07;2.866045904675922e-07;1.9476973625808807e-07;1.1335714944440393e-07;7.957428920761398e-08;6.833910048533376e-08;5.928593150148827e-08;4.5025126560727336e-08;2.9761675289234988e-08;3.059243489209895e-08;5.494543202363318e-08;8.158621407743686e-08;8.025718905294255e-08;5.1315092243492064e-08;2.0553844320835543e-08;7.793027738819807e-09;5.8720662272870845e-09;6.9779261695815945e-09;1.3869083373232545e-08;3.303458561999671e-08;7.206362047346898e-08;1.2509499608463845e-07;1.7683945088121814e-07;2.5833265929534696e-07;4.803007377157371e-07;9.377775828141982e-07;1.7132471989543388e-06;2.9426262649144216e-06;4.702681307039279e-06;6.945906610571796e-06;9.431401539242957e-06;1.198334149184928e-05;1.4546144398738456e-05;1.7100541593739896e-05;1.9609957935561208e-05;2.200253381872688e-05;2.4109975432144564e-05;2.587360223674748e-05;2.704821523292129e-05;2.7379893148324847e-05;2.695259807419622e-05;2.622386467354616e-05;2.5775868593281352e-05;2.5906896786345185e-05;2.6629789068249477e-05;2.735838940871414e-05;2.73739110236172e-05;2.6454124990373013e-05;2.48491759424779e-05;2.3343293071765295e-05;2.2631076805072868e-05;2.28771138820081e-05;2.3849990107506204e-05;2.45091083595462e-05;2.434395899304097e-05;2.342607726453114e-05;2.221309935318193e-05;2.116942191525717e-05;2.0643818734873526e-05;2.056491925738925e-05;2.0669894981882192e-05;2.084860096420397e-05;2.102149831729088e-05;2.1076295317238314e-05;2.123598383707415e-05;2.145798195981325e-05;2.1654429809383657e-05;2.177083221793385e-05;2.140382688504038e-05;2.0390265335735367e-05;1.909293769899085e-05;1.772334106691975e-05;1.6792094282911154e-05;1.6535868866459358e-05;1.6824948830865162e-05;1.7245296373755346e-05;1.7536587765654076e-05;1.7598023749129135e-05;1.751373933125058e-05;1.7426773010038513e-05
1835.831768473672;1.5674043938121976e-08;1.2908791605985052e-08;9.017221618602066e-09;6.681060381104658e-09;1.1171575196194571e-08;3.552061019450117e-08;8.56640825214633e-08;1.305355037878842e-07;1.4449583576971412e-07;1.212532441785923e-07;7.758715563898863e-08;4.214999466159371e-08;2.7582504807555432e-08;3.2213058540331996e-08;4.5856929237568686e-08;5.51235890913986e-08;5.3853345328859926e-08;5.558292874162416e-08;8.439810626138056e-08;1.353218785517708e-07;1.6986711565913866e-07;1.584912130491503e-07;1.0559357469080341e-07;6.697419719012774e-08;7.093934715937708e-08;8.759933121985378e-08;9.169355039814253e-08;7.605793399257859e-08;5.28953323946854e-08;4.9247748583528175e-08;7.095675487119596e-08;9.30701290757061e-08;9.167305567403735e-08;6.576200776006584e-08;3.3930709702528026e-08;1.561162226996461e-08;8.719123698215492e-09;8.504136832031947e-09;1.2910221255892052e-08;2.436411081554064e-08;4.1675233791854944e-08;6.48459874604927e-08;8.957075619718722e-08;1.7494282223476293e-07;4.716842175619941e-07;1.1645064229602036e-06;2.312572648626352e-06;3.847175332403743e-06;5.628416330823099e-06;7.575394512923326e-06;9.54369147231122e-06;1.1618248594541704e-05;1.392868012486605e-05;1.6461993404764177e-05;1.921101845070989e-05;2.186520699764899e-05;2.4238915893126377e-05;2.6153098707749312e-05;2.7354838913175048e-05;2.775795498408673e-05;2.7373139305931137e-05;2.656688159205057e-05;2.5961957142011883e-05;2.592307107620923e-05;2.6377441714097328e-05;2.701534216355309e-05;2.7123060768665163e-05;2.643610422412436e-05;2.53205815693855e-05;2.3999923835221937e-05;2.3317453587090543e-05;2.3311759982884944e-05;2.376148844515628e-05;2.4160029376626307e-05;2.4141673598195053e-05;2.3622979307138958e-05;2.274934283734638e-05;2.1842602993829238e-05;2.1146580158669438e-05;2.079673344904925e-05;2.081574404154829e-05;2.1253723956565785e-05;2.1920934044586048e-05;2.260145403151512e-05;2.3143310400616345e-05;2.3421436107982763e-05;2.3328393797553043e-05;2.276737473458912e-05;2.179553406059245e-05;2.0441663416189998e-05;1.896981500540496e-05;1.7751272731118915e-05;1.7125551730572175e-05;1.711188289896552e-05;1.7516522672265047e-05;1.7968201143364485e-05;1.823287747986155e-05;1.8324964489002837e-05;1.8234857249913815e-05;1.8124136861966877e-05
1837.3592021031327;2.4353603471867063e-08;1.4981133166981024e-08;7.297136226985638e-09;4.588517741663586e-09;7.12354363189528e-09;1.6836863262023713e-08;3.305197362970522e-08;4.563705690475978e-08;4.998874371349836e-08;4.8312172902144337e-08;4.344228725785555e-08;3.63913078074523e-08;2.7639952649102532e-08;1.5321073757871042e-08;8.048592013342546e-09;5.425236879790325e-09;4.651158213774817e-09;4.3910300092366965e-09;5.446904998117531e-09;1.0217488604622826e-08;1.8253657078173725e-08;2.6800091198748953e-08;3.277008929647794e-08;4.0104210274739736e-08;4.874710608675461e-08;5.2036811250595055e-08;4.851904054105096e-08;4.0499003786129785e-08;3.7952549117303225e-08;5.3996468153023986e-08;8.859282254451213e-08;1.2321606324821538e-07;1.3785255778689656e-07;1.2355560980886298e-07;8.95812728708861e-08;5.2057802814290285e-08;2.4074659923663088e-08;1.2951012156855813e-08;1.2975030124555869e-08;1.4625649745234422e-08;1.553903471926375e-08;1.8870219459159716e-08;4.407907561483057e-08;1.4048513859515076e-07;4.37211428258752e-07;1.1222139432859222e-06;2.276916150654192e-06;3.867615199716212e-06;5.7060675716723244e-06;7.634465447017967e-06;9.584185238962944e-06;1.1617794798083924e-05;1.3796012786928415e-05;1.612637509753917e-05;1.854069764799804e-05;2.0809014178156208e-05;2.274464074920668e-05;2.429141850329949e-05;2.541112456277568e-05;2.6100937985099576e-05;2.635054042167722e-05;2.6138206624720303e-05;2.5756046076158533e-05;2.5386314007192383e-05;2.522507747491068e-05;2.5412878628186537e-05;2.580702425084532e-05;2.618436854675906e-05;2.613342053671753e-05;2.591712538094212e-05;2.539006554922895e-05;2.4699927296839892e-05;2.400472018403022e-05;2.3353795720523846e-05;2.2826657696091885e-05;2.235334156992181e-05;2.181058174316314e-05;2.140309212793154e-05;2.117176069079195e-05;2.1239664843564924e-05;2.157457044441132e-05;2.197160712153404e-05;2.243671103541555e-05;2.297024025042968e-05;2.329923652779156e-05;2.3330601449288097e-05;2.3061516529280172e-05;2.2523340378925188e-05;2.1704929510111544e-05;2.0859756093892504e-05;1.9942202751448924e-05;1.9188973689976723e-05;1.868692033620516e-05;1.844891893226128e-05;1.8489930313687413e-05;1.8684008916360373e-05;1.897132814762688e-05;1.927279475892613e-05;1.9483548603128247e-05;1.9594338456081804e-05
1838.88599629523;1.1983420282277509e-08;7.4172542175510234e-09;3.172755154206565e-09;2.243849373292686e-09;2.835404768991573e-09;2.956294259573831e-09;2.404459033866199e-09;1.494693794197151e-09;1.876390620262286e-09;5.983846037262481e-09;1.4779839473301244e-08;2.3802693545128573e-08;2.4005933451360536e-08;1.723961186669838e-08;9.472163835211578e-09;3.958584015545398e-09;1.8710138353663504e-09;1.3737648041691647e-09;1.7839819734034635e-09;3.855826770354491e-09;9.529653255026756e-09;2.2363900794324683e-08;3.8204870258320216e-08;4.48499046749321e-08;3.840360767523699e-08;2.3564542823062364e-08;1.0794315119675331e-08;1.0106040244047431e-08;2.672071900509933e-08;6.02386269263302e-08;1.026018130412119e-07;1.4051836448479246e-07;1.572484930273752e-07;1.4547030257547705e-07;1.1528164841204359e-07;7.458312174914429e-08;4.0173070731674955e-08;1.9653843022428362e-08;1.2392990814942213e-08;1.3875022018617872e-08;2.6104899904513945e-08;4.7399370942588883e-08;1.0860377682299962e-07;2.6913908792554825e-07;5.295933029917839e-07;9.561873357291774e-07;1.7090633671057155e-06;2.852455237364676e-06;4.558303906462471e-06;6.750368141578864e-06;9.242241533617933e-06;1.179391594156317e-05;1.4207209340760357e-05;1.640429699719744e-05;1.8331252683063226e-05;1.996469742092907e-05;2.1440083522225585e-05;2.2927732492797008e-05;2.434726161863215e-05;2.5519052570190823e-05;2.637449563729042e-05;2.6624561849471758e-05;2.620494831533308e-05;2.5323414572286583e-05;2.449025353151577e-05;2.417647476315749e-05;2.462595856397428e-05;2.5617110445103786e-05;2.649063121227773e-05;2.6665182162783287e-05;2.606780688370043e-05;2.4911763346249684e-05;2.3629838894945213e-05;2.2447083421336432e-05;2.1455066661071923e-05;2.0691544780576752e-05;2.0206356405503108e-05;2.012359971119709e-05;2.046877447745954e-05;2.10729816611367e-05;2.174364110342562e-05;2.222575578653365e-05;2.237409134418513e-05;2.23904385546171e-05;2.2231234783139725e-05;2.2008815946880266e-05;2.1759574491093067e-05;2.1456190745029397e-05;2.106005183334336e-05;2.057419853777307e-05;1.992056945363644e-05;1.918932758048853e-05;1.859050249000704e-05;1.8288067616383912e-05;1.8372343498109235e-05;1.878611992746295e-05;1.932099749491398e-05;1.9746699541578707e-05;1.9958302818671076e-05;2.000386921663155e-05
1840.4121511230223;1.0391759891470532e-09;3.665824279001754e-09;7.201030668299833e-09;9.36589104611083e-09;8.515943844044302e-09;5.192395167845032e-09;2.520289466015186e-09;1.367622042706154e-09;9.776708072837056e-10;1.787884607171955e-09;4.157185732374977e-09;1.1900121444293546e-08;2.0648473750452023e-08;2.4356407719977265e-08;1.9405537412782002e-08;1.1046349427134747e-08;4.934137169757211e-09;1.9761756392183926e-09;1.3945045676471588e-09;2.259295737550473e-09;8.170739331049793e-09;2.9632452910010193e-08;7.062352841397993e-08;1.213842445861346e-07;1.540776790677473e-07;1.481331429678395e-07;1.0843141047240029e-07;6.79607232120404e-08;6.108713767727598e-08;8.40424171407383e-08;1.0412795877938933e-07;1.0469431221035565e-07;9.013374951932537e-08;7.27403433982133e-08;5.7719646843790985e-08;4.868000779255963e-08;4.7718251815199545e-08;5.8109225882211546e-08;7.108812479149745e-08;8.055715617356587e-08;8.618151458708595e-08;1.0361255567732417e-07;1.8830959518729522e-07;3.8436567559806485e-07;6.870905801971078e-07;1.0924126948330508e-06;1.6593778262471225e-06;2.5684521569780128e-06;4.070613979692979e-06;6.252934167439707e-06;8.927326924190354e-06;1.1674102949364886e-05;1.412565551165391e-05;1.6178307530794724e-05;1.7894176178485786e-05;1.9457270375703665e-05;2.108555246411467e-05;2.2763977785964387e-05;2.437568115500238e-05;2.56524738312897e-05;2.648761395745459e-05;2.6792606421561052e-05;2.655790711339813e-05;2.601379000435179e-05;2.5550678058042525e-05;2.541849239010352e-05;2.564913211190393e-05;2.60936357498192e-05;2.653218262805677e-05;2.6392151888853248e-05;2.5806476980666183e-05;2.4846114605711432e-05;2.3577732433669157e-05;2.246605923506285e-05;2.165724868162799e-05;2.130890539684513e-05;2.1166067256552304e-05;2.1304544335173495e-05;2.1543578803357595e-05;2.1695525133875493e-05;2.1649213511372654e-05;2.1435577904498365e-05;2.1166601910816596e-05;2.0861719574934285e-05;2.0691546557581138e-05;2.061376562142277e-05;2.0540907343231812e-05;2.039348072927168e-05;2.011491378153727e-05;1.9500743251929064e-05;1.8677975352390817e-05;1.7807051835021695e-05;1.7269395641128332e-05;1.7162025430960346e-05;1.750044726697128e-05;1.8065982541618688e-05;1.84856366687666e-05;1.869809119295105e-05;1.865759128482052e-05;1.852342826884477e-05
1841.937666659618;2.110588164932408e-08;2.1304995227410208e-08;2.5020491638011536e-08;2.6321844578049607e-08;2.147418488724864e-08;2.2738313779298448e-08;4.6609572586495335e-08;8.089874198740776e-08;9.082890981105677e-08;6.730320614968946e-08;3.2660809885695494e-08;1.7624970936530506e-08;2.760427110967932e-08;4.03319995647941e-08;4.2323872503492995e-08;3.265726002922487e-08;2.8466995879298524e-08;4.9691347349135294e-08;9.101892573251325e-08;1.1594461965734981e-07;1.218995069219679e-07;1.2218949849502534e-07;1.4491931406881354e-07;2.1041387458695666e-07;2.779829130982825e-07;2.887070356974133e-07;2.72052841023741e-07;2.382570366055884e-07;2.015146404608797e-07;1.6124991600818097e-07;1.0719568619625128e-07;6.466989050214774e-08;3.757911588124189e-08;2.9472140750404768e-08;3.4273487810734844e-08;5.4348741876404575e-08;8.1952193466336e-08;1.1111847889372716e-07;1.3797790250933484e-07;1.5115488439376826e-07;1.6202863833158633e-07;2.0081435718355877e-07;2.8120755549912384e-07;3.828574595843628e-07;6.238209333543852e-07;1.0882481965257372e-06;1.916685836808074e-06;3.221501849829178e-06;4.9533226135384125e-06;6.97645869019225e-06;9.09784383136139e-06;1.1153528352270024e-05;1.3133603041472689e-05;1.5144252735525871e-05;1.712692921618601e-05;1.921899123328325e-05;2.114758657588655e-05;2.276791387777688e-05;2.4109673996432076e-05;2.501788406659628e-05;2.555548170469396e-05;2.582133246402249e-05;2.603692698464424e-05;2.633687420755802e-05;2.664099282389693e-05;2.6895202641210323e-05;2.7037448093374104e-05;2.700741601172888e-05;2.668339063661956e-05;2.614955512743747e-05;2.538336517025137e-05;2.4337547338170536e-05;2.2965584399451694e-05;2.177607350753713e-05;2.108962532644499e-05;2.100906252875909e-05;2.1425201672801552e-05;2.1969540477552893e-05;2.2139769041034853e-05;2.1719316975785585e-05;2.080565444450572e-05;1.9878538001704915e-05;1.937434170336945e-05;1.929043297193428e-05;1.9607686992032195e-05;1.9900160446316812e-05;2.006862303082787e-05;2.0100507702655484e-05;1.9946472565373177e-05;1.955427481848155e-05;1.8920609233946947e-05;1.815581857783941e-05;1.7491094419135703e-05;1.715156414791445e-05;1.716538584636353e-05;1.7526222098302173e-05;1.7984804160928503e-05;1.822015074861112e-05;1.8201544920437157e-05;1.807605786898812e-05
1843.462542978188;8.736152532823323e-08;7.577416114945707e-08;6.37534878335006e-08;4.95726843247296e-08;3.4094782410623254e-08;3.9257492240371794e-08;9.13388866421611e-08;1.609837111203375e-07;1.806891913128969e-07;1.3315931483589177e-07;6.252068771516982e-08;2.484518846081536e-08;3.492011199962868e-08;7.204117991930188e-08;1.134840385849313e-07;1.393384725415494e-07;1.5436739425271233e-07;1.6924098268392298e-07;2.222625966278623e-07;2.853056724659605e-07;3.065425693225912e-07;2.682390150237285e-07;2.006637635370166e-07;1.6326243900747385e-07;1.651966764525954e-07;1.9166029794562774e-07;2.5023459276000896e-07;3.04584288503773e-07;2.965658613533466e-07;2.1449194530711522e-07;1.1005697366233245e-07;5.084618955303388e-08;3.03872070125038e-08;3.826168432547364e-08;7.098101454237825e-08;1.011017697770688e-07;1.1839553072788147e-07;1.200793635667329e-07;1.2754975416768622e-07;1.4685658166563205e-07;1.7841445431644214e-07;2.523087763195416e-07;3.290275936041839e-07;3.846026914452293e-07;5.258553020253003e-07;1.011535762730451e-06;2.074748240490609e-06;3.708236637605887e-06;5.682720763335096e-06;7.604612827594363e-06;9.264281429782112e-06;1.077459108733808e-05;1.2478456602678086e-05;1.4616323944900397e-05;1.7072588949519187e-05;1.9501610608703813e-05;2.150559722544872e-05;2.291716391197301e-05;2.3789181949651047e-05;2.433772128309928e-05;2.4723145923500504e-05;2.510353545820247e-05;2.5556695629639148e-05;2.6050236083803497e-05;2.642832227756709e-05;2.66264209483821e-05;2.654234370642332e-05;2.617565172176006e-05;2.5569280753724687e-05;2.483319525997451e-05;2.409041042220152e-05;2.3256338084703573e-05;2.2333568313711667e-05;2.134050198877579e-05;2.0407511999067136e-05;1.9781489594831107e-05;1.9691275400680032e-05;2.008622038732591e-05;2.0570071707054236e-05;2.0857149840468423e-05;2.06781713141652e-05;2.0274196038295456e-05;1.980075953638859e-05;1.9433443907053824e-05;1.9482290600830025e-05;1.973994778926347e-05;2.0118115206679645e-05;2.050653180293542e-05;2.0700496310977967e-05;2.050151342324276e-05;1.986575381388932e-05;1.8991671129404747e-05;1.7984498042269778e-05;1.7269585170954668e-05;1.7093019767540714e-05;1.754356383894105e-05;1.842680416801881e-05;1.922558791153267e-05;1.964072857451373e-05;1.9744649852070145e-05
1844.9867801519504;1.2396699625398288e-07;1.110780068871581e-07;8.977694998542943e-08;6.283897442840266e-08;3.780172681950449e-08;2.9942106615593296e-08;5.1242541924684825e-08;8.410082464878997e-08;9.268346009677253e-08;6.805758011697224e-08;3.2012802618531754e-08;1.4321925495070282e-08;3.476445426747233e-08;9.216173484723617e-08;1.679554470819489e-07;2.294536086885994e-07;2.5222086055874e-07;2.645122331345635e-07;3.0268013569730253e-07;3.973790124293812e-07;4.706731611008849e-07;4.340381477142039e-07;3.1822364614339245e-07;2.147141902069776e-07;1.6906339956649026e-07;1.6909939879353544e-07;1.6793604710792326e-07;1.7512928322883484e-07;1.5955782938484642e-07;1.180745629184487e-07;6.996741362619852e-08;4.855276807158742e-08;6.072493284183484e-08;9.854278766023813e-08;1.5109917507030918e-07;1.746960299240699e-07;1.600692583533155e-07;1.3137821299976318e-07;1.207807238002745e-07;1.3654063620924817e-07;1.640911252788209e-07;2.153923132063533e-07;2.646073034673334e-07;3.359760682493399e-07;5.339097563188134e-07;1.0862086787020423e-06;2.080469557754613e-06;3.5583817038899783e-06;5.324904189447127e-06;7.196211818419852e-06;9.0838178358203e-06;1.1053404994083351e-05;1.3227626979454558e-05;1.5641006271113757e-05;1.8071450971272387e-05;2.017491520310573e-05;2.182863099557878e-05;2.287253640447104e-05;2.3451083594213267e-05;2.3881177182287272e-05;2.4349463361193565e-05;2.495278475205584e-05;2.5534601308068912e-05;2.608461692001404e-05;2.647984887459616e-05;2.6520759919932306e-05;2.5929612360210145e-05;2.475022822597939e-05;2.320717284394972e-05;2.189707890873483e-05;2.1319754249055557e-05;2.150749281304413e-05;2.228706858103904e-05;2.276383464122431e-05;2.25269094903403e-05;2.1717580320460925e-05;2.0790319115640223e-05;2.039276269685665e-05;2.0758897149126036e-05;2.161643163472427e-05;2.230828900918305e-05;2.23118308225468e-05;2.158975791446918e-05;2.0535435020367865e-05;1.9754851872857063e-05;1.9527213119757483e-05;2.003125092017008e-05;2.071937218158427e-05;2.0984803347552497e-05;2.0567686286360692e-05;1.9578067272428453e-05;1.84307403140268e-05;1.7474785757908337e-05;1.6974898637505782e-05;1.7039975097787227e-05;1.766684987727532e-05;1.862135883555228e-05;1.957555709385136e-05;2.0246175001199813e-05;2.0579966972009152e-05
1846.5103782541885;6.411804260141368e-08;5.659592079628654e-08;4.5313137718363465e-08;3.1515727036278294e-08;2.0048574490799324e-08;2.1540888492855823e-08;5.201636810244261e-08;1.0098256184117777e-07;1.5524870286130066e-07;1.8650078236718e-07;1.7847567933403553e-07;1.4115474109051729e-07;1.0394032464629609e-07;9.265133450093693e-08;1.1863373125180597e-07;1.6236635680711399e-07;2.2237240902148955e-07;3.127414702520906e-07;4.300697267496747e-07;5.553995203758337e-07;6.32083593858048e-07;5.891442286260606e-07;5.07209616346337e-07;4.6451484477839444e-07;4.495695461853477e-07;3.9449001716206153e-07;2.5724431279941224e-07;1.1841574540280467e-07;5.094179649467565e-08;3.147048049252546e-08;3.364811872821961e-08;7.546090673686299e-08;1.885478267992863e-07;3.6226976450064736e-07;5.061266572737401e-07;5.217979087397402e-07;4.041428040731925e-07;2.411766792569153e-07;1.3673789910073225e-07;1.134705946417632e-07;1.2760115306708422e-07;1.5735086749364417e-07;2.006421232519057e-07;3.124569336965597e-07;5.934317169578097e-07;1.1232106267292603e-06;1.966713704770678e-06;3.1448899441577253e-06;4.691642384126005e-06;6.641516609879951e-06;8.901123378888193e-06;1.136703429378313e-05;1.3791954146072087e-05;1.597712831749555e-05;1.7942510891486687e-05;1.961865092133385e-05;2.0967003924497816e-05;2.2081881221421125e-05;2.292565579052446e-05;2.3570952333222704e-05;2.421976726514847e-05;2.4890949341608323e-05;2.548340793553158e-05;2.5955030901803907e-05;2.6176018159440123e-05;2.595824149231861e-05;2.504012741044441e-05;2.342693491933224e-05;2.1490574732546635e-05;1.9934147525723943e-05;1.941194998723313e-05;2.0043650721182285e-05;2.151940098196782e-05;2.296473693228232e-05;2.3729026591281283e-05;2.355922986665125e-05;2.28529422e-05;2.225421431445088e-05;2.216508963002828e-05;2.2576448120333974e-05;2.30527987709596e-05;2.299519896079646e-05;2.239140182901035e-05;2.150314207799097e-05;2.0618413328701985e-05;2.025584847093384e-05;2.049702002519884e-05;2.089966725542901e-05;2.0912405620545723e-05;2.028135600621172e-05;1.913535877313952e-05;1.788742366449573e-05;1.7120815216182115e-05;1.695122728772254e-05;1.7327562872281193e-05;1.8032718950451767e-05;1.880745492348488e-05;1.936509437482965e-05;1.973357065145812e-05;1.993075426732336e-05
1848.0333373582323;1.6089206566687437e-08;2.448012033237617e-08;3.6734568910293344e-08;4.3323245128645616e-08;4.1356760670271e-08;5.239738156247289e-08;1.0522328865388429e-07;2.004246620164193e-07;3.084973844648433e-07;3.7153117385619044e-07;3.561561050976269e-07;2.781857053867235e-07;1.7518102712578196e-07;9.469428001547285e-08;6.142259459864746e-08;8.727358485169944e-08;1.796175722254615e-07;3.156967446915355e-07;4.36737602380631e-07;4.87604966174309e-07;4.5975093184724006e-07;3.970141517667457e-07;4.04670144013917e-07;4.808069904406564e-07;5.247123572900185e-07;4.650815868570622e-07;3.0084791019044973e-07;1.3513312778314372e-07;6.099342847439623e-08;3.3446217831473945e-08;3.2884304557414465e-08;8.8212898658983e-08;2.508355256581087e-07;5.090942106764046e-07;7.102984409474931e-07;7.172661755218531e-07;5.29815656430491e-07;2.7869559672160297e-07;1.1659831180590216e-07;6.214579857083161e-08;6.049749226109817e-08;8.180626350330786e-08;1.531090794364655e-07;3.20719538783081e-07;6.952721117229502e-07;1.3418218391481854e-06;2.261149156080267e-06;3.4629853734944465e-06;4.992365558445711e-06;6.896453116157009e-06;9.12021078706116e-06;1.1406927040074468e-05;1.3548708380186511e-05;1.5435521040961526e-05;1.7136872250386377e-05;1.883382269659549e-05;2.0440347229910407e-05;2.190645746458731e-05;2.308830845630476e-05;2.3773803685694097e-05;2.428335191391674e-05;2.455985696480891e-05;2.4780087332499627e-05;2.4854777393497567e-05;2.4726241553632125e-05;2.4278463773353942e-05;2.356050055747653e-05;2.256399683131345e-05;2.1551368038084008e-05;2.0754837818060457e-05;2.0394836090539272e-05;2.0473018293329395e-05;2.092410952317155e-05;2.1348407811392325e-05;2.1789590299770955e-05;2.2063468473675104e-05;2.2110557603420865e-05;2.2037440991982988e-05;2.199827625664519e-05;2.1992794752218065e-05;2.19367064383047e-05;2.1735547862028165e-05;2.141523095435477e-05;2.1156950106306895e-05;2.103147830115336e-05;2.1182879759659025e-05;2.132952731841185e-05;2.144123252598758e-05;2.121082460504663e-05;2.0466667807004797e-05;1.929458296635392e-05;1.8053158955951695e-05;1.7231553681746e-05;1.694206938449312e-05;1.7320945662268744e-05;1.804214093033836e-05;1.888853682301419e-05;1.944013445672041e-05;1.977731658204173e-05;1.992244261327428e-05
1849.555657537472;1.6967135699114127e-08;4.192303542997002e-08;7.64130766281112e-08;1.0575203846764121e-07;1.133391153380359e-07;1.069831760137794e-07;1.0778368857456306e-07;1.259346201036267e-07;1.648336019547334e-07;1.909239964243836e-07;1.8149006809767558e-07;1.417357086830396e-07;9.039252687494764e-08;5.572681622479161e-08;4.702962577575495e-08;7.405690657649793e-08;1.2511621812955365e-07;1.8537505083632613e-07;1.9795386674795322e-07;1.6622831697001774e-07;1.1272756324002108e-07;8.140803983451723e-08;1.2012025371141904e-07;2.0312145368944362e-07;2.54709865193853e-07;2.35347520828064e-07;1.571027818093725e-07;7.914930050833926e-08;3.9630584692544976e-08;2.701251158747458e-08;2.8604509107065963e-08;5.5921191865152696e-08;1.245355118053462e-07;2.348099472940448e-07;3.18278847073087e-07;3.147213024750997e-07;2.287797499557153e-07;1.2098860734460654e-07;5.4727989176222166e-08;2.396136681941445e-08;1.5708850236881062e-08;1.9694461073629357e-08;6.64485490677621e-08;2.0282654920399298e-07;5.701300182019839e-07;1.303960303756546e-06;2.3879915451782966e-06;3.763644368639702e-06;5.313688275071715e-06;6.9909985754019655e-06;8.915437379288974e-06;1.1033933505209669e-05;1.3209505454462295e-05;1.538638729760611e-05;1.736156775146359e-05;1.9140101722524348e-05;2.085039403890031e-05;2.2230066423953983e-05;2.3229812126434974e-05;2.3849163138291235e-05;2.412193224660801e-05;2.4247539286704083e-05;2.432743064739793e-05;2.4361492500646777e-05;2.4219951256395963e-05;2.3843704295972405e-05;2.339525217154527e-05;2.302057874548705e-05;2.280602446236365e-05;2.2645497355332385e-05;2.229908594797388e-05;2.1786876173927e-05;2.119700552503964e-05;2.0783302125389408e-05;2.064131262944047e-05;2.074451167218541e-05;2.1020490688418217e-05;2.119320331882981e-05;2.128207189216379e-05;2.1149172065159596e-05;2.087984796617401e-05;2.053405335718466e-05;2.028127444224188e-05;2.0287257713495225e-05;2.0463667380751523e-05;2.061750905480813e-05;2.0531370797462617e-05;2.0211708013927837e-05;1.9969264170719067e-05;1.962138451724289e-05;1.915270633112698e-05;1.8528507845810648e-05;1.799700501788522e-05;1.7642711825916392e-05;1.769260956142797e-05;1.8144774097399422e-05;1.8810864089847564e-05;1.9485676392986197e-05;1.988026771253519e-05;2.008866266603792e-05
1851.077338865358;8.32319232749299e-09;2.1656441179362552e-08;4.664722225763897e-08;8.365525847148359e-08;1.1124665120807217e-07;1.0938484652910088e-07;8.023276469401162e-08;4.1223657620419896e-08;1.6170099111575058e-08;7.466044570364893e-09;4.85606646261164e-09;3.5182511340226403e-09;3.5544615312622294e-09;1.1201997764443272e-08;3.459681950049914e-08;6.156302730636046e-08;7.011065105839035e-08;5.5433988242028324e-08;2.8501491768476153e-08;9.954579683848204e-09;4.999661279985348e-09;5.265628940061585e-09;1.0382674776056842e-08;2.2374256392877837e-08;3.431830749636888e-08;3.5933212827588243e-08;2.6870755824006304e-08;1.525011705624916e-08;1.1047645167256292e-08;1.6514289736788222e-08;2.5970866841806623e-08;3.0741532275709973e-08;2.737062055281167e-08;1.8795507762987496e-08;1.1394382499092034e-08;7.4180270449248195e-09;7.1125569637380364e-09;1.0669386256140174e-08;1.5492556914620647e-08;2.3416488884510376e-08;3.6546580930980194e-08;4.7975026675088044e-08;5.23387705388502e-08;1.1232216980278534e-07;3.530082116464082e-07;9.504573015550552e-07;1.971846186036197e-06;3.3147508474907558e-06;4.825889414775818e-06;6.407634619236034e-06;8.236547055755764e-06;1.0416411233904195e-05;1.2850096729192e-05;1.5344872272716534e-05;1.7542373590212323e-05;1.932394991161363e-05;2.076790954349009e-05;2.1905057812694517e-05;2.28771055515492e-05;2.3905642651165454e-05;2.4746070729061256e-05;2.54522396223897e-05;2.587263433316694e-05;2.5814039679343467e-05;2.5275486774154877e-05;2.4498966587071465e-05;2.3841611302755605e-05;2.3574243529173947e-05;2.371354429730693e-05;2.3919549134084764e-05;2.375783177685922e-05;2.3071676292772804e-05;2.199134155731749e-05;2.1158404172901795e-05;2.063607956750457e-05;2.0464212477115508e-05;2.0611523315154045e-05;2.0809577586647235e-05;2.0857364864942215e-05;2.068381831089914e-05;2.041961560469076e-05;2.0196886434736057e-05;2.013383408660971e-05;2.0133109990640655e-05;2.0093643283116637e-05;1.9880704798163244e-05;1.9533566651113507e-05;1.92024887779454e-05;1.9126417603295368e-05;1.9343337678335917e-05;1.9699493974598705e-05;1.987252429080746e-05;1.97040705381169e-05;1.9319559322608407e-05;1.8845834949502888e-05;1.846644482689531e-05;1.8276695416193637e-05;1.8422429806065133e-05;1.859530323006657e-05;1.8744027729156935e-05
1852.5983814153808;1.125550531027434e-13;5.789431619832206e-10;5.676635311525241e-09;2.07921014080174e-08;3.972358203856096e-08;5.2571711661772243e-08;4.848286186275646e-08;3.7102983738469776e-08;1.8238561986806133e-08;8.38218310687533e-09;4.094459379004589e-09;2.4565377601076412e-09;1.938901084654421e-09;3.724926028799846e-09;1.3659145892566651e-08;2.6240820209318413e-08;2.460360495136425e-08;1.661126978193003e-08;7.824061760586056e-09;2.6610630690357747e-09;1.26782583626397e-09;1.0097351362856595e-09;1.097155019320334e-09;1.2921967798895704e-09;1.3051880228766906e-09;1.0266755409035042e-09;5.99335071027821e-10;3.767816701905583e-10;1.1736436557230207e-09;5.7313797126272525e-09;1.4249822903136532e-08;1.7235608080064893e-08;1.942030743317767e-08;1.555408523295538e-08;7.799588149703213e-09;3.5929042902660893e-09;2.694932288566033e-09;4.419666841628956e-09;1.0131151941455184e-08;2.8013232930538592e-08;6.154588281536917e-08;9.305116911586469e-08;1.1569158172084305e-07;1.9081024997395464e-07;4.644149801286663e-07;1.079183871199069e-06;2.011300217208364e-06;3.1889758336047004e-06;4.555655789742207e-06;6.107273342622126e-06;7.979596102351248e-06;1.010804814666261e-05;1.251061705766122e-05;1.5078411479192144e-05;1.7536071102587972e-05;1.974192082940768e-05;2.1420201195898275e-05;2.2717819605734385e-05;2.3835017051885e-05;2.485625746797944e-05;2.582270428162268e-05;2.659148890236257e-05;2.695635029387973e-05;2.669654511775699e-05;2.5856623374608e-05;2.46678519945996e-05;2.3697638573790858e-05;2.3380702642505174e-05;2.369580617298024e-05;2.426968355907149e-05;2.4526042258733888e-05;2.4014266795481165e-05;2.2828870847727865e-05;2.1386055204951804e-05;2.0379410012376135e-05;2.003919099850969e-05;2.0224951378850247e-05;2.056638840954011e-05;2.068261412305333e-05;2.049491130390838e-05;2.0003196583337023e-05;1.9495100882589177e-05;1.9122637571469518e-05;1.8952033288232855e-05;1.889614959880029e-05;1.8938591472964777e-05;1.9201777545451955e-05;1.9693779559665785e-05;2.0236925552218394e-05;2.0685740253690515e-05;2.0947018272583954e-05;2.0967565114980077e-05;2.06072537039832e-05;2.00879721405614e-05;1.9342331269424048e-05;1.8479738088422307e-05;1.787419869104912e-05;1.7545807524370155e-05;1.7519765257402253e-05;1.7590458592440284e-05
1854.1187852611076;2.5753921650296624e-11;2.0537240963795475e-11;1.3119150866979184e-11;4.945094699471457e-10;5.445165001052625e-09;1.9529348622806512e-08;3.5480658598099475e-08;4.03429199734183e-08;3.0969160101567346e-08;1.513232756254552e-08;4.978903790267337e-09;2.401157070877676e-09;1.7062650777314155e-09;1.3413022960604235e-09;1.212971935406422e-09;1.1485694185802094e-09;9.146099521464973e-10;5.452102139374533e-10;2.8167116665359685e-10;4.027117574699205e-10;1.4331043680038243e-09;8.009272637564164e-09;2.183912909374529e-08;3.7182598817291914e-08;4.418795034192336e-08;3.854608102890545e-08;2.476559100002212e-08;1.2646588843066181e-08;5.904323406292725e-09;3.2422807100371062e-09;5.397802754399855e-09;1.4819471471217212e-08;2.5833054155615465e-08;2.921221479269e-08;2.1825124141740622e-08;1.056556524575357e-08;3.881954436461786e-09;2.512975358249324e-09;4.567559625964146e-09;1.3280876982434982e-08;3.277110718991783e-08;7.417994634562395e-08;1.7667694726111792e-07;3.9650647615788363e-07;8.119323176327046e-07;1.4697030370265689e-06;2.337835850673828e-06;3.372687944880564e-06;4.620076664722513e-06;6.197574775778726e-06;8.143704252732042e-06;1.0409197621004794e-05;1.2882093494180173e-05;1.5433097428378603e-05;1.793471141850571e-05;2.021160220925453e-05;2.2031618529112754e-05;2.3464519119412026e-05;2.458923111705749e-05;2.5445105661114296e-05;2.6086951216746592e-05;2.6502805893851955e-05;2.663154908623111e-05;2.6334044887432003e-05;2.552553698739676e-05;2.4403780308029485e-05;2.3310647044606997e-05;2.2818331174723235e-05;2.3089898722075955e-05;2.3837863311237357e-05;2.4401464321398827e-05;2.419504948812921e-05;2.3125680715848665e-05;2.162486262324656e-05;2.0372920016547924e-05;1.9881535551848557e-05;1.9984798940141028e-05;2.037245695262113e-05;2.0613005169638295e-05;2.049733356516429e-05;1.9937770063802383e-05;1.918155397655272e-05;1.8450195065038637e-05;1.7936805337429745e-05;1.7709940758747815e-05;1.793931774447631e-05;1.8617276086413783e-05;1.960352535100553e-05;2.0550623494842996e-05;2.1011526992964023e-05;2.0951769239583916e-05;2.0435966984647404e-05;1.9771720031415443e-05;1.9196205710572705e-05;1.8784495938777887e-05;1.8516641088919984e-05;1.834765187315404e-05;1.837361637091692e-05;1.83747248523954e-05;1.838209263259667e-05
1855.6385504761383;5.137913433792033e-11;4.060379555899949e-11;4.4143066911295455e-10;8.674190184518638e-09;4.31818107680235e-08;1.0762439905824213e-07;1.6382162065122388e-07;1.750982858561247e-07;1.3431722050880748e-07;7.862104572476487e-08;4.566930245325674e-08;2.548876590362711e-08;1.3671783326665651e-08;7.787416180731987e-09;5.747784743988545e-09;4.467135539988691e-09;2.572788886649495e-09;1.453316720570152e-09;9.496988606202095e-10;3.268447816985198e-09;2.70333773475538e-08;7.617351329670603e-08;1.367840664314045e-07;1.761305391876083e-07;1.680722388328683e-07;1.2394947174487006e-07;7.290609474169028e-08;3.6118872125717497e-08;1.5626494910051202e-08;8.33495576810916e-09;1.022710186519976e-08;2.1984050018533795e-08;3.6934455388964565e-08;5.638665754245744e-08;8.138891791590434e-08;1.0687578091477073e-07;1.2558628868478816e-07;1.2060468976642789e-07;8.974341594861523e-08;5.256362810669187e-08;3.0804704152119046e-08;7.266718232426963e-08;2.4403237737507544e-07;5.825624381191122e-07;1.0348629177457057e-06;1.582102505493984e-06;2.25520785166265e-06;3.090255745445076e-06;4.427625839559287e-06;6.437820838309576e-06;9.028720840134713e-06;1.1915666544153764e-05;1.452947844050149e-05;1.6509668885689052e-05;1.7848007455788024e-05;1.8897710209673077e-05;2.008511168306025e-05;2.1594494858695142e-05;2.332589176907777e-05;2.495731321454141e-05;2.6118019257766968e-05;2.669850981664879e-05;2.6667927964297916e-05;2.6190718087430757e-05;2.5127642006048643e-05;2.3815691637860816e-05;2.2625324577393003e-05;2.209804555384093e-05;2.2428658353093588e-05;2.33705364615058e-05;2.4080783034547786e-05;2.400397648464271e-05;2.31030079837508e-05;2.1788870524179328e-05;2.0748180736768832e-05;2.029619874428131e-05;2.0401602654254025e-05;2.0732474876090278e-05;2.0877757980913407e-05;2.060953200000629e-05;2.004366492150896e-05;1.937146075357705e-05;1.880619914447544e-05;1.8392978599567916e-05;1.8248721180816792e-05;1.836411259978368e-05;1.8747025525262725e-05;1.939796350195286e-05;2.0023731565179323e-05;2.0347141682946374e-05;2.030184142966228e-05;1.9791021589692583e-05;1.907511170107529e-05;1.840998689577738e-05;1.7850882493705608e-05;1.7759892768043832e-05;1.7968166220463678e-05;1.840492075018748e-05;1.8863931254173556e-05;1.9144852769173464e-05
1857.1576771341388;3.96623348128076e-11;2.7842156817852185e-11;1.226804090972571e-09;1.6846102218965098e-08;8.091373253015096e-08;1.95689012168653e-07;2.920719425330126e-07;3.076222354092464e-07;2.399153369466292e-07;1.48462763168802e-07;8.574845075444723e-08;4.8681610622982224e-08;2.5903182472597085e-08;1.4395095446876405e-08;1.0057251782018862e-08;7.301070660783094e-09;4.892604368187411e-09;3.2141791205259983e-09;2.977317440654009e-09;1.122315166128298e-08;5.5891045845277185e-08;1.3668285660040585e-07;2.1579869534397242e-07;2.4399168018570293e-07;2.0495766006038118e-07;1.332296468680855e-07;7.218747582379354e-08;3.4670838417337846e-08;1.73001300428353e-08;1.3179386680944645e-08;1.9312166528020978e-08;3.071473678551403e-08;4.2296878452944634e-08;6.865519098216435e-08;1.23588539063798e-07;1.9320843471686977e-07;2.4483571844600466e-07;2.409096311708621e-07;1.873117349975751e-07;1.2819626481023905e-07;9.467865214872517e-08;1.1761157338666041e-07;2.506994773158735e-07;5.279551539926626e-07;9.159731463487e-07;1.3728760748069914e-06;1.927539337401087e-06;2.754632889276936e-06;4.206238249527473e-06;6.519357509139633e-06;9.55614748287362e-06;1.2731529732663944e-05;1.52619352026672e-05;1.6785552311779512e-05;1.740542492784708e-05;1.793301684827221e-05;1.8984400453463145e-05;2.0731332483151395e-05;2.290282244976786e-05;2.4871200182701744e-05;2.6203906247607258e-05;2.6811369147676092e-05;2.664454266623736e-05;2.5979158580272947e-05;2.4934013405442015e-05;2.3679917087691383e-05;2.2707987983894808e-05;2.2408273236668462e-05;2.27832072668707e-05;2.344790993276418e-05;2.3796267313835327e-05;2.351163458642453e-05;2.269903814041029e-05;2.170589456029993e-05;2.102167542737244e-05;2.0800532590656267e-05;2.101583694717172e-05;2.126058861317305e-05;2.116851348622069e-05;2.0586150776822328e-05;1.9749960166249328e-05;1.902181846430499e-05;1.8602363875378023e-05;1.8518568536298133e-05;1.8605365983482305e-05;1.876183606901024e-05;1.90042062082061e-05;1.93130350391392e-05;1.9689718243739797e-05;2.008475308875493e-05;2.031095643508849e-05;2.0290379287191543e-05;1.987427434703691e-05;1.9085835977001617e-05;1.812769379086085e-05;1.7437480985974542e-05;1.730914707789332e-05;1.7632254215744694e-05;1.8239858534967757e-05;1.8667148099003604e-05
1858.676165308836;7.768819359302158e-09;4.119907717946428e-09;2.4162811023256127e-09;1.0106179302491636e-08;4.980120045695284e-08;1.442469241466971e-07;2.541094845482969e-07;2.9667912481422014e-07;2.5663823491632225e-07;1.6659458120824359e-07;8.218110410693008e-08;4.0566517917266765e-08;2.2966917443617237e-08;1.4647736489679891e-08;1.0484933306395184e-08;7.631015968470038e-09;1.0143980151040925e-08;1.876137188018937e-08;2.8842974353930924e-08;3.9552139540855786e-08;5.8083992879168136e-08;8.836988935155787e-08;1.101139592190728e-07;1.10441625589886e-07;8.46137845229062e-08;5.052860344950432e-08;2.696930332404295e-08;1.6260236147778047e-08;1.8797506978184626e-08;3.872964287958028e-08;6.915437402173082e-08;7.900480831689361e-08;6.893638288966295e-08;5.842091683025983e-08;7.035262043875963e-08;1.0549994019377405e-07;1.3496965856161e-07;1.3576252034103656e-07;1.1613907227955405e-07;1.0487726125422565e-07;1.0892385843019629e-07;1.198443104210738e-07;1.5342619917140722e-07;2.559334833432986e-07;4.993860177097135e-07;9.410127870949294e-07;1.662787817724908e-06;2.7481054693097403e-06;4.243283458449987e-06;6.306926153805755e-06;8.729151078087204e-06;1.1293715220676956e-05;1.3663542577611476e-05;1.5714042771588584e-05;1.7416348325045847e-05;1.89382235992022e-05;2.0593946373263925e-05;2.2246886767064445e-05;2.380531563797745e-05;2.512560241523108e-05;2.605677469694581e-05;2.6648359512316943e-05;2.701801562714665e-05;2.6972082014327772e-05;2.6575182749907244e-05;2.58112835421408e-05;2.4936973339823257e-05;2.4201491880248684e-05;2.3597918829313312e-05;2.31601519806672e-05;2.2612729232959065e-05;2.200288477267053e-05;2.1447715028879896e-05;2.1095288831932357e-05;2.092858857303676e-05;2.090940885826948e-05;2.092835166579904e-05;2.080758659744117e-05;2.0485403701457074e-05;1.9987467845920835e-05;1.938848357081986e-05;1.8882043230391943e-05;1.8599009137581143e-05;1.8499018693094104e-05;1.8500115757266778e-05;1.864352960176625e-05;1.898997724804932e-05;1.9455312278445747e-05;1.9887109375854525e-05;2.026315514594235e-05;2.0387959677739237e-05;2.030551150511107e-05;1.9959850641948065e-05;1.9390204759931825e-05;1.8910996739693088e-05;1.860024877340735e-05;1.85346297186306e-05;1.862594360575638e-05;1.8753869194824664e-05;1.8817136331847527e-05
1860.1940150739972;1.5497092300500353e-08;8.218617882640594e-09;3.234468407252888e-09;2.4396743897047454e-09;1.472833242829104e-08;7.516304847256873e-08;1.896694949859744e-07;2.7691599613412857e-07;2.687224400877276e-07;1.7649392177566253e-07;7.403144431616282e-08;2.797482444063754e-08;2.3099241668457446e-08;3.703320469123252e-08;7.979196756455183e-08;1.3469371320002666e-07;1.4795089925368822e-07;1.3211248952976917e-07;1.0108384324071929e-07;7.024701993865594e-08;5.1834052916928686e-08;2.9816732045839275e-08;1.4391182449356893e-08;9.013927848259865e-09;6.606505656864273e-09;6.260473111332271e-09;7.362796033514406e-09;1.3869429847190768e-08;3.5282989399311745e-08;7.449382222315044e-08;1.1026505195869415e-07;1.1208661022558417e-07;8.094621466182775e-08;3.9118935550722046e-08;1.963964941096873e-08;2.0732896967785545e-08;2.4780049829550032e-08;2.5072211718028174e-08;2.4756947688007647e-08;3.2077798759259376e-08;5.103320096640665e-08;8.742416312391754e-08;1.3211296083840586e-07;2.0378125275661097e-07;3.796511440657119e-07;8.291357808288247e-07;1.6868664424314993e-06;2.9311154347826102e-06;4.453282889214692e-06;6.188769520013672e-06;8.017817953386898e-06;1.0020351741023714e-05;1.221496561870443e-05;1.4622764364320704e-05;1.7224704951390228e-05;1.9593956053754092e-05;2.14677353316599e-05;2.2774543412981337e-05;2.36422770419894e-05;2.4390760859567016e-05;2.532962319213553e-05;2.6408524754903588e-05;2.748329600303459e-05;2.817661049002814e-05;2.8090042643240525e-05;2.7209516697051606e-05;2.5870851580211768e-05;2.4516338326813543e-05;2.3381134223656077e-05;2.2577475853665388e-05;2.185420854639233e-05;2.144693943061562e-05;2.1326025392884503e-05;2.1398002850200803e-05;2.1551919786429158e-05;2.1595761439905383e-05;2.144838210525824e-05;2.112690449617135e-05;2.0688042831641838e-05;2.0256309516618272e-05;1.9828042519711345e-05;1.951154907666377e-05;1.9390482018148983e-05;1.946501023184619e-05;1.968301030929977e-05;1.9934973890011546e-05;2.0163184069213373e-05;2.031072533056283e-05;2.0307619601786623e-05;2.017516615511324e-05;1.9769388949760305e-05;1.918767815714153e-05;1.8604162844267276e-05;1.828837807304061e-05;1.8323984346851775e-05;1.8637275294162346e-05;1.8990283052614577e-05;1.912671166924601e-05;1.908384803440344e-05;1.9003402725763065e-05
1861.711226503452;7.742248367695598e-09;4.107014743002689e-09;1.6218734825132711e-09;9.74799583688071e-10;6.987980824569891e-09;3.379037236125388e-08;8.971122272394757e-08;1.424876611348961e-07;1.430466824293177e-07;9.200109441906325e-08;3.616507800750116e-08;1.6399831161178277e-08;2.984378913199024e-08;7.812964310416135e-08;1.7111678166009744e-07;2.5849984666239826e-07;2.7496011973184285e-07;2.1495732765075265e-07;1.2450448630958356e-07;6.288665819493513e-08;3.376120402626938e-08;1.567576073753058e-08;8.78570184822103e-09;6.087550863213234e-09;6.187667808249156e-09;9.451581136194862e-09;2.2259279383662436e-08;4.7893806661835754e-08;7.96263957248776e-08;1.0117144528467439e-07;9.743937911886203e-08;7.13683460249887e-08;4.375836955966741e-08;2.2013139824161623e-08;2.1962668633945795e-08;4.765996945360805e-08;7.873933624536055e-08;9.664304011331763e-08;8.92447461781248e-08;6.358376873161449e-08;4.6464742925697655e-08;8.598393385265308e-08;1.9960206362181685e-07;3.7443157667146763e-07;6.732794217929572e-07;1.2384743619723186e-06;2.17367227302875e-06;3.477322010591421e-06;4.984394953819973e-06;6.578614019173655e-06;8.408485491903222e-06;1.0483457303373074e-05;1.2802211204253116e-05;1.5256438981628564e-05;1.771994378573136e-05;1.9958998497525067e-05;2.154339994703077e-05;2.261796064532464e-05;2.337785133581828e-05;2.406435654291081e-05;2.505323740192449e-05;2.614708126740999e-05;2.7086625613897822e-05;2.733173952594543e-05;2.6709535146785627e-05;2.5467605424592785e-05;2.427502309656553e-05;2.3441503411935565e-05;2.314569608924205e-05;2.317221825407224e-05;2.312603473755259e-05;2.292311575003628e-05;2.2728603808313292e-05;2.25885122945305e-05;2.255915154490769e-05;2.270083903840644e-05;2.2705836689594287e-05;2.254600929727377e-05;2.208373249112004e-05;2.1354641908992136e-05;2.055816789678177e-05;2.0039048291495808e-05;1.9936235175392934e-05;2.022952975886574e-05;2.070872632271401e-05;2.1029173035120982e-05;2.0996693644020545e-05;2.0632510854545933e-05;2.011392624583093e-05;1.9643230294431743e-05;1.9231120652049664e-05;1.873445682137158e-05;1.8226086379316997e-05;1.7844253717384044e-05;1.7716578544963243e-05;1.7683005373385574e-05;1.7763778617570184e-05;1.7952076006697525e-05;1.814800394420992e-05;1.8238208414429856e-05
1863.2277996710875;1.0036024563762724e-08;5.484510578019259e-09;2.299669198020067e-09;1.2642300902873062e-09;3.150121455053012e-09;7.214669270348094e-09;1.0930020699244441e-08;1.1319966957859182e-08;7.775333895679898e-09;3.589810796273476e-09;3.6660516108553963e-09;2.0819493159394492e-08;7.171522344562269e-08;1.493515323329236e-07;2.1727011751314163e-07;2.3730244478611334e-07;2.018557108484691e-07;1.2787135255376253e-07;7.017764756035107e-08;7.399663705266253e-08;1.206981558742935e-07;1.5924657877004956e-07;1.5229499029857262e-07;1.0101417855096567e-07;4.9637067687637647e-08;2.9295040501132374e-08;4.199717011787985e-08;7.917279402910705e-08;1.1098565476301089e-07;1.286135767387454e-07;1.509527418931776e-07;1.921865336473637e-07;2.1830971930534883e-07;1.987752851031431e-07;1.4863280360743724e-07;1.259709077428941e-07;1.4859782617627864e-07;1.776317021231542e-07;1.6777512421517345e-07;1.2200604702251162e-07;7.36788067978159e-08;6.6205087645887e-08;1.3435210635147346e-07;2.889847626841492e-07;6.552462950312587e-07;1.3954230814365985e-06;2.5033547943496774e-06;3.891338062288881e-06;5.455682661802458e-06;7.136006423879873e-06;9.072652395822353e-06;1.1326582064653302e-05;1.3763459811988735e-05;1.618420792762876e-05;1.825746912811294e-05;1.9989637071284e-05;2.134960869137022e-05;2.246885202154679e-05;2.347094112923084e-05;2.4392646542008665e-05;2.521082372220176e-05;2.593897588664862e-05;2.643054277832104e-05;2.629266926940749e-05;2.5698012790059603e-05;2.4918708051298837e-05;2.4226267007381616e-05;2.380505113195056e-05;2.360864622216861e-05;2.34430942580905e-05;2.323902719414872e-05;2.286832293147671e-05;2.2525749355785918e-05;2.2349982278710915e-05;2.2480182490034543e-05;2.2741789721903084e-05;2.286011530560399e-05;2.267400665690547e-05;2.2088162750231544e-05;2.123645907989231e-05;2.050431700525205e-05;2.004090560462908e-05;1.992886686700915e-05;2.0108091981249692e-05;2.0338443170938844e-05;2.0347492147310145e-05;2.0172276022595303e-05;1.997040423210769e-05;1.9791092007115303e-05;1.9743100970092957e-05;1.972481733434708e-05;1.9628233776781817e-05;1.936985000506324e-05;1.8962174444070936e-05;1.8521116587011978e-05;1.817264473614007e-05;1.7880444856486485e-05;1.779193825394253e-05;1.7836855117041538e-05;1.7904992898990684e-05
1864.743734650834;3.111118510688517e-08;1.8882372933025353e-08;1.3925881612321608e-08;4.137006338515189e-08;9.278819977357326e-08;1.2693624898843294e-07;1.1729785910271036e-07;7.166822647858639e-08;2.984604264097969e-08;1.2043913707464811e-08;1.0782728472450128e-08;3.6526928676051125e-08;1.1297305864545385e-07;2.0394079165885489e-07;2.433826684089761e-07;2.036592710708828e-07;1.1707554775420889e-07;5.0195229279715046e-08;3.481489965865018e-08;1.006343247957484e-07;2.217760258767054e-07;3.069077812347666e-07;2.971438868254664e-07;1.9680563301285377e-07;9.2030331669209e-08;4.2358912178399896e-08;3.339575045696343e-08;4.61508336355685e-08;6.376515669549753e-08;1.0283655528902773e-07;2.045707379901061e-07;3.610727868760757e-07;4.561472707892561e-07;4.242827823014467e-07;2.9699328340736066e-07;1.745294786566493e-07;1.3306420607429417e-07;1.169367532312578e-07;9.949015959298837e-08;7.11124839090072e-08;4.158989932781273e-08;3.0368999860806486e-08;4.7037702384993685e-08;1.348910597590233e-07;3.9944666171900043e-07;9.854164870342272e-07;1.9340950226752333e-06;3.231932854430568e-06;4.804782545567078e-06;6.624086980609078e-06;8.664044385324492e-06;1.0835874503936785e-05;1.3007516212203464e-05;1.5044176571371692e-05;1.6850767693990276e-05;1.8446056727899385e-05;1.9914725053610683e-05;2.1337480753232643e-05;2.2733619371708737e-05;2.402559889980231e-05;2.5110965998480183e-05;2.58928177177859e-05;2.629050470926656e-05;2.6361920996783646e-05;2.614738852060902e-05;2.575949273210806e-05;2.5121603823051464e-05;2.4275783111888765e-05;2.3472290163295706e-05;2.2807355666779245e-05;2.2595060917127157e-05;2.284541193344237e-05;2.3068470839551172e-05;2.3005696888231564e-05;2.257991831686604e-05;2.184834575514674e-05;2.1065083526577787e-05;2.046416275936756e-05;2.007293660238948e-05;1.9882516254433432e-05;1.9786585137841548e-05;1.973153648169261e-05;1.9672173805968943e-05;1.957960363987199e-05;1.944815725770733e-05;1.931710888242468e-05;1.9348592754238924e-05;1.9523120731533236e-05;1.984446295051548e-05;2.0238458334493997e-05;2.058115136850672e-05;2.083709105336363e-05;2.0832638217396357e-05;2.0568017339460028e-05;2.0080429592318703e-05;1.9564942724507024e-05;1.906474082303632e-05;1.853385772140247e-05;1.808404472899801e-05;1.782306862092766e-05
1866.259031516689;7.4464675699071e-08;6.557906052432263e-08;5.8911570048690915e-08;1.0402192371163621e-07;1.936771626962701e-07;2.526116946525509e-07;2.291784573306586e-07;1.3756971398371206e-07;5.629343366088784e-08;2.3190526647006564e-08;1.746559782722439e-08;3.3381471887127345e-08;8.651743985734418e-08;1.533874468154968e-07;1.846091293829077e-07;1.488552586404616e-07;8.417803159670028e-08;3.879585400246218e-08;2.3904308830139873e-08;6.085029777734144e-08;1.38931120703961e-07;2.072734817131733e-07;2.1373080023580533e-07;1.5267074211526278e-07;7.517487548649302e-08;2.9118334252970324e-08;1.3911002864778432e-08;8.858188146580939e-09;1.2310341825704145e-08;4.2101032810547226e-08;1.2021185031472796e-07;2.271833537336204e-07;2.953089446582131e-07;2.868983327241343e-07;2.1831698474930682e-07;1.4532180847692076e-07;1.1235776636260193e-07;9.791047651645568e-08;9.51934097107605e-08;1.0131214167302673e-07;1.1415878518249249e-07;1.3817398493522766e-07;1.7477250804219155e-07;2.3864811820739177e-07;3.7835253267201765e-07;6.546255652830167e-07;1.2314190738182442e-06;2.314708307045301e-06;3.905794815358602e-06;5.918507054525918e-06;8.065212137635439e-06;1.0094407145300017e-05;1.195426136693474e-05;1.3709296182233606e-05;1.563945261814629e-05;1.7704376641170887e-05;2.017220201407273e-05;2.2426320987028524e-05;2.416347307300576e-05;2.520512323298286e-05;2.565643702956854e-05;2.5858233168410377e-05;2.598003326266117e-05;2.6208828990001652e-05;2.6263079851832892e-05;2.5970311446039555e-05;2.531737220786178e-05;2.4352171919763077e-05;2.342548833194345e-05;2.314455767845654e-05;2.3676762760835208e-05;2.4532197222574e-05;2.4982240629544216e-05;2.4470149699845945e-05;2.295105319072016e-05;2.082584567045692e-05;1.9140354090960085e-05;1.8322034180585013e-05;1.840596219408324e-05;1.900913455965974e-05;1.936987645684827e-05;1.944446129696108e-05;1.914668264341634e-05;1.8734546292174434e-05;1.855577107639328e-05;1.879106603247912e-05;1.9250393217566852e-05;1.9692366880637534e-05;2.009177183064173e-05;2.0319927085781936e-05;2.051619213645581e-05;2.0559765573153345e-05;2.0601486367587448e-05;2.055674057379358e-05;2.0380048606614666e-05;2.0061078298969728e-05;1.9754743848773085e-05;1.936213047697054e-05;1.898266889656076e-05;1.870373205852268e-05
1867.773690342692;1.0673368555532474e-07;1.040549852403991e-07;8.894278774572742e-08;8.966439421962291e-08;1.1520476204006581e-07;1.3321901320151045e-07;1.1775592690346117e-07;7.116916132617625e-08;3.075771183308612e-08;1.4445604666085116e-08;1.1767135160584525e-08;1.820053084727612e-08;4.199827913296706e-08;7.55450219316846e-08;9.315649073684192e-08;8.212361160119036e-08;5.1441171386475295e-08;2.4527352010861757e-08;1.4025217161066143e-08;1.68777059197857e-08;4.2211896583620717e-08;8.006281577570782e-08;9.839112148466779e-08;8.521042148196979e-08;4.919180051250356e-08;2.0116789373077653e-08;9.183275097468576e-09;5.4512721854438466e-09;7.484435712925307e-09;2.024194161575484e-08;4.5623364397836785e-08;7.684907469071424e-08;9.67517170253257e-08;1.0185621269870809e-07;9.986988292102028e-08;1.028982558957933e-07;1.184104539179767e-07;1.4540898726842025e-07;1.647621661061046e-07;1.861258232641787e-07;2.171163462661618e-07;2.5107388973783066e-07;2.877255675712813e-07;3.322160386310111e-07;4.587059964515541e-07;7.435914377342545e-07;1.4174485342530514e-06;2.6744833698341425e-06;4.405268463431484e-06;6.464352216011454e-06;8.51567809776008e-06;1.03291051663325e-05;1.19853694620752e-05;1.3646548494712691e-05;1.5764715746099006e-05;1.8496002218078084e-05;2.1610254894427232e-05;2.4474076719057275e-05;2.6264752512028745e-05;2.6699338167802883e-05;2.613767036556161e-05;2.5343455321053523e-05;2.4855673658925936e-05;2.4985615939236103e-05;2.538733288244344e-05;2.5534809198781637e-05;2.5165958255396383e-05;2.453077442735709e-05;2.3887284242821727e-05;2.3532994481014883e-05;2.3671038660875707e-05;2.386447829653321e-05;2.3797009604907767e-05;2.3149700909150145e-05;2.190742796517628e-05;2.026686462232802e-05;1.9213982503843773e-05;1.8915045858688182e-05;1.9266016927734003e-05;1.9845267205884396e-05;2.0087590419598035e-05;1.9828708911548205e-05;1.917867858324232e-05;1.8563863061330145e-05;1.8380957382952267e-05;1.869942034534618e-05;1.924316042350217e-05;1.9716595220993864e-05;1.9919557621744817e-05;1.98186407143092e-05;1.953143147372281e-05;1.937323042067321e-05;1.9248732918531044e-05;1.920794978417212e-05;1.9259826755656377e-05;1.9413567702916837e-05;1.9696577135491865e-05;1.998810267008973e-05;2.0215919241630523e-05;2.030848916911564e-05
1869.287711202949;9.934346012460045e-08;8.040796298024228e-08;5.3716499997699257e-08;3.1653011716408713e-08;1.580576030295223e-08;7.368437494583505e-09;4.688693580858561e-09;4.005921856238706e-09;3.933522705230094e-09;3.5316102807420327e-09;3.6560870309061637e-09;5.700662490869042e-09;1.3819357503606972e-08;2.550706787351268e-08;3.1649134335973095e-08;2.767286860788024e-08;1.7296744861851938e-08;9.688480543047912e-09;9.202375559127002e-09;1.1809759987218308e-08;1.902992039113128e-08;2.978376990128457e-08;3.566064408720643e-08;3.3263121332038385e-08;2.739115919930277e-08;2.8928102720918323e-08;5.547595234579481e-08;1.0891019307401466e-07;1.5250829101374361e-07;1.6031742925387892e-07;1.4274152226596274e-07;1.2241104968059464e-07;1.1375100122024393e-07;1.0653115242918209e-07;9.973443010812776e-08;1.0103045032472096e-07;1.1104250257241584e-07;1.1341215770864325e-07;1.0715071975374167e-07;1.0629342974046795e-07;1.1729343339887643e-07;1.3940013336130476e-07;1.7817055745676707e-07;2.529031023457886e-07;4.638144046185879e-07;9.86879351722614e-07;1.9599363949848246e-06;3.434811004233048e-06;5.259939516349704e-06;7.223809734811551e-06;9.182106550854082e-06;1.1019072961810985e-05;1.2855815748403917e-05;1.4741569842099809e-05;1.6812190338665843e-05;1.919899809779666e-05;2.1549835960377703e-05;2.369071791729519e-05;2.5001948065586303e-05;2.53767330642433e-05;2.505249832501714e-05;2.4408625484693893e-05;2.399738717225579e-05;2.3853101177245927e-05;2.4033295255861344e-05;2.4331217306263276e-05;2.453780116325975e-05;2.446064192194902e-05;2.4133055674974848e-05;2.3435509389007065e-05;2.253142529115474e-05;2.166465108654607e-05;2.1002596158860592e-05;2.062641492762021e-05;2.047488101105265e-05;2.0464267802381032e-05;2.066821762925076e-05;2.105409613700138e-05;2.1525889930340345e-05;2.180208087429722e-05;2.180515996893175e-05;2.13929668098768e-05;2.074478879551452e-05;1.998353121086466e-05;1.911054365713622e-05;1.8675816873533727e-05;1.83372440874249e-05;1.8246042689704552e-05;1.8383425027413374e-05;1.862844391345253e-05;1.884739494698969e-05;1.8946855932262385e-05;1.896286104889092e-05;1.899180247981511e-05;1.900548504621663e-05;1.9079700186363555e-05;1.930923982271683e-05;1.955794665216792e-05;1.9681402363270615e-05;1.97191129978834e-05
1870.8010941716057;8.329163736743659e-08;5.181167214814806e-08;2.970877615678317e-08;3.126653131594128e-08;5.615555146000685e-08;8.774965954032767e-08;1.0133442028376677e-07;8.197276381361493e-08;3.956159315021253e-08;1.6699614806417013e-08;8.598533098002405e-09;8.337164334998867e-09;1.2862180915577473e-08;1.694832140214387e-08;1.3217652803492393e-08;7.544469188373565e-09;4.268186123265962e-09;5.095152644575697e-09;8.559970928210743e-09;1.1281649805335871e-08;1.6215297566693052e-08;3.4755586502197964e-08;5.1046622015123534e-08;5.6211287231715546e-08;4.722849720550929e-08;5.0786387708600496e-08;1.067508866489532e-07;2.1455728341605962e-07;2.981873955322608e-07;2.956014867173758e-07;2.212499437703654e-07;1.303415955531983e-07;8.373085389358293e-08;7.761414545078182e-08;9.160331178716817e-08;1.0576205240376917e-07;1.0269103731165365e-07;7.620627824142484e-08;4.1964159316575075e-08;2.103445079019363e-08;1.630251050348569e-08;3.9320578102756654e-08;1.3186247939150473e-07;3.223647131099945e-07;6.570489092291767e-07;1.2771633383141783e-06;2.220765252247108e-06;3.5500861609497788e-06;5.181217459111703e-06;6.987231626795728e-06;8.893593488096735e-06;1.0973969331132296e-05;1.3290981864123577e-05;1.5809512487502286e-05;1.8279236471931265e-05;2.0399669535089557e-05;2.1971635981580425e-05;2.2911136462034792e-05;2.3269201015078352e-05;2.3429045602290734e-05;2.3493727171911644e-05;2.365135082624764e-05;2.3938984294085125e-05;2.4140662646670048e-05;2.438833231032968e-05;2.474719263577513e-05;2.514185815668096e-05;2.533668739617477e-05;2.4988132367023523e-05;2.399918201288136e-05;2.2530336222646488e-05;2.098066417116153e-05;1.986952849347895e-05;1.9384172220919582e-05;1.964171466024972e-05;2.0437315858945066e-05;2.1290597420070307e-05;2.1969439284907857e-05;2.243358335363568e-05;2.268375703163033e-05;2.262668414409242e-05;2.2249675698256187e-05;2.151453276473296e-05;2.0621478991393324e-05;1.957537906279204e-05;1.857283212059361e-05;1.779777742332204e-05;1.7738982413689738e-05;1.8026810319728523e-05;1.848618668465673e-05;1.8789472453930408e-05;1.884215244707478e-05;1.8861754351011413e-05;1.895026531220792e-05;1.910502946054746e-05;1.9209669923588248e-05;1.908744988043583e-05;1.8838504813672003e-05;1.8559786212161174e-05;1.834383184628036e-05
1872.3138393228728;4.7231315982622467e-08;4.411507534814236e-08;4.796403475575988e-08;6.93292503620001e-08;1.1474363789545093e-07;1.7401652081404837e-07;1.9975263377281946e-07;1.703490250796298e-07;1.0514309706630028e-07;5.01909470593802e-08;2.679346616926745e-08;2.9114842483111924e-08;4.1838333717197286e-08;4.80694590109407e-08;4.0273302816935375e-08;2.3615939598429493e-08;1.0684924999408594e-08;6.4246466313905955e-09;8.451144946865093e-09;1.5193406076835523e-08;3.4768466688292945e-08;7.207633495155751e-08;1.0513873035262357e-07;1.1051900946436345e-07;8.676818599298197e-08;6.271450648592747e-08;7.014830892342602e-08;1.1524112202961453e-07;1.524272426505096e-07;1.485003850453706e-07;1.0945282751569555e-07;6.069327963353e-08;3.2312873471244526e-08;3.0664856913997933e-08;4.226846701641556e-08;6.065562852060086e-08;7.95941381859481e-08;8.943412373392665e-08;8.955081307414958e-08;8.562323437816274e-08;9.022599378148238e-08;1.2939005754191092e-07;2.592191761221753e-07;5.121625564999996e-07;8.833567724035469e-07;1.4290718539486342e-06;2.15275794552101e-06;3.1368265898148008e-06;4.4748285786940665e-06;6.140124582559044e-06;8.081476867957031e-06;1.0340552658015074e-05;1.296898363490988e-05;1.5857750567917803e-05;1.8713423288564053e-05;2.099017184077704e-05;2.218847532595872e-05;2.257043987466175e-05;2.251930479660352e-05;2.2511238616759837e-05;2.278334001621019e-05;2.3377225694490647e-05;2.4078256343967157e-05;2.4777857415554555e-05;2.5410175735851573e-05;2.5898830776204363e-05;2.610355092239271e-05;2.602412713824808e-05;2.546259918260934e-05;2.43999393830284e-05;2.2995263104715246e-05;2.1624724665435974e-05;2.0514398714808267e-05;1.9886210824386112e-05;1.987299937315754e-05;2.048063008814444e-05;2.122908101869151e-05;2.182187881606645e-05;2.204433030821893e-05;2.1898708415509684e-05;2.1298532101864467e-05;2.071984856172084e-05;2.028029682455592e-05;2.000774881047853e-05;1.9876654548548897e-05;1.9579428535175664e-05;1.9549180767265965e-05;1.9638479573006765e-05;1.9758095273680492e-05;1.9728061135918293e-05;1.94579421432784e-05;1.9101968748921965e-05;1.873460753463876e-05;1.8539843048777316e-05;1.8700906915321176e-05;1.8894702861979527e-05;1.8824595287304708e-05;1.857997669987356e-05;1.832323264082448e-05;1.8124232003142546e-05
1873.8259467310052;1.4095843656926916e-08;3.513645259414861e-08;5.641076151405012e-08;7.883731380429483e-08;1.1375045739326705e-07;1.554813122056899e-07;1.825876139479235e-07;1.861331240448807e-07;1.882844454394741e-07;1.628120413918338e-07;1.2494295344441722e-07;8.899192320171643e-08;6.79031919299064e-08;6.034376125729664e-08;5.055039030232592e-08;3.110343317449772e-08;1.422384592797286e-08;7.982323809423111e-09;1.3727092853324854e-08;3.1726167784866777e-08;5.6410753008535695e-08;7.636083319340059e-08;8.487388713239254e-08;8.991447142610132e-08;1.0261019131758982e-07;1.2115843896936717e-07;1.2168842985364006e-07;1.0108665860959295e-07;6.553261184833612e-08;3.783189056005937e-08;2.6354251618688816e-08;2.7862328633720177e-08;3.0129434594895813e-08;2.6083029782140812e-08;2.6995225243644733e-08;5.658235066959544e-08;1.1062107252926997e-07;1.6017036431681585e-07;1.811362077885311e-07;1.740554902427864e-07;1.7337714440891264e-07;2.0717800862036853e-07;2.939017471500309e-07;4.640188885407904e-07;7.585525593990231e-07;1.2008478287341604e-06;1.7991584372963035e-06;2.651502270460851e-06;3.996826191234822e-06;5.828129107890221e-06;8.066364839244113e-06;1.044106999720875e-05;1.2829881120259753e-05;1.5205329958540194e-05;1.745613093842238e-05;1.942681862488579e-05;2.095510990583348e-05;2.20385712928572e-05;2.260747616207645e-05;2.297618129667369e-05;2.3259763437407227e-05;2.350780976907785e-05;2.386828306262568e-05;2.431503060916758e-05;2.4773289371225337e-05;2.5106986730350144e-05;2.5137230203260588e-05;2.482461422230356e-05;2.426539822192176e-05;2.3572781793496e-05;2.2940903258508503e-05;2.2501182225597103e-05;2.2162931815956026e-05;2.204123074760907e-05;2.215748541795141e-05;2.247175263699568e-05;2.2815073102694468e-05;2.2797127114330836e-05;2.2158898858415007e-05;2.106874694841023e-05;1.9833982249398576e-05;1.918461062625837e-05;1.9441461258591624e-05;2.0091145777336696e-05;2.090283261794279e-05;2.1321191322180105e-05;2.13076633008584e-05;2.078634975025553e-05;2.0457497999320012e-05;2.0345060441023045e-05;2.0509128860736995e-05;2.0551869652110545e-05;2.0336229631813893e-05;1.9848610775824818e-05;1.9223452462957047e-05;1.8732745627547853e-05;1.847621456842024e-05;1.847004779982643e-05;1.8541595265481368e-05;1.86278666651376e-05
1875.337416470324;4.444909078823513e-09;1.6433510745867894e-08;3.5523931602002405e-08;6.265697945449389e-08;1.08596645377453e-07;1.495561079480973e-07;1.732054822719395e-07;2.0809307534510305e-07;2.489158594544429e-07;2.58516713387853e-07;2.1251953650094117e-07;1.32388100034271e-07;6.738434489094268e-08;4.0174259749903996e-08;2.9418668155921822e-08;1.9441052594165424e-08;1.1456162273377606e-08;8.931487497376928e-09;1.823767378321408e-08;3.9336958050660984e-08;5.4781813650419385e-08;5.281203847336842e-08;3.970170784358173e-08;5.4218505801232686e-08;1.1905133284982152e-07;1.920179718817168e-07;2.2409608286973997e-07;1.9327820997318253e-07;1.262916277956415e-07;6.877169287574643e-08;3.4001500369390534e-08;2.3222890369057232e-08;3.145288405818751e-08;4.165923329070804e-08;7.351845315402594e-08;1.1965420493755898e-07;1.624307679482721e-07;1.770546717060092e-07;1.5670348129481325e-07;1.2102166612849772e-07;1.0372786132709245e-07;1.290551891694062e-07;2.1052391599720558e-07;3.311172598055149e-07;5.704948712349375e-07;9.545991703983368e-07;1.5524484613823918e-06;2.52877296595053e-06;3.927580300804708e-06;5.7873895708670245e-06;7.994960737153198e-06;1.0233806801536683e-05;1.2286797797733054e-05;1.410713551667474e-05;1.5882379762143995e-05;1.7827640834629483e-05;2.006605716436078e-05;2.2306148005393693e-05;2.4179837445683383e-05;2.5291584988131048e-05;2.54716558196815e-05;2.4944629414206705e-05;2.4133118665734656e-05;2.3746892543082824e-05;2.37968484111848e-05;2.401859622919759e-05;2.4093345152314947e-05;2.3835039491685453e-05;2.328208607841981e-05;2.269589985813469e-05;2.2300486727620576e-05;2.234106159379177e-05;2.2751507623149064e-05;2.3285345400992297e-05;2.3725520698679172e-05;2.392844641411598e-05;2.39165521552601e-05;2.336262384100813e-05;2.2214759336648743e-05;2.071053813848379e-05;1.9531611992448133e-05;1.90123798504376e-05;1.9344863590228628e-05;2.0030610174963503e-05;2.0850285824183358e-05;2.0984342687255635e-05;2.0526358351750783e-05;1.987306127202239e-05;1.955818316577524e-05;1.988899543679113e-05;2.0504860841342832e-05;2.0925331075651863e-05;2.0848197355597408e-05;2.022234160057786e-05;1.912182456451542e-05;1.8220483493976147e-05;1.7874327375010197e-05;1.807789857142284e-05;1.8559450783257117e-05;1.8977608284539144e-05
1876.848248615188;3.864251052965808e-10;2.988842500572992e-09;1.4129287387428292e-08;4.5540433671075734e-08;9.265479519924133e-08;1.2879120851127024e-07;1.4092858781230514e-07;1.4693119851767928e-07;1.4501458757965362e-07;1.3778010376833044e-07;1.0979058515404216e-07;6.64199010738333e-08;3.02917344348121e-08;1.2565292724064334e-08;7.273895645877684e-09;5.616048873937538e-09;5.428998183832291e-09;5.991696758389713e-09;1.0769615917444547e-08;1.9050830554893062e-08;2.444014246980233e-08;1.972332679859808e-08;1.3540118179980746e-08;2.6351869308979075e-08;7.399342899621195e-08;1.1786231698203129e-07;1.383657694762588e-07;1.2232548218455512e-07;8.363021100884437e-08;4.574678181632225e-08;2.0238128666045836e-08;1.2948744107414889e-08;2.66333671552628e-08;6.043978088293514e-08;1.0075427535267069e-07;1.2737618923131065e-07;1.2934301422599262e-07;1.1165654616520681e-07;8.098699192977834e-08;4.6851006082411166e-08;2.6613955811932257e-08;5.0728413559276226e-08;1.4526550173610518e-07;2.92534192398284e-07;4.928289232240694e-07;8.653277532132534e-07;1.5231703633927963e-06;2.540531534114368e-06;3.935937120058537e-06;5.663633863628088e-06;7.643231629090687e-06;9.76884471917416e-06;1.18680764107274e-05;1.3791413611920405e-05;1.576594022209563e-05;1.79619194124812e-05;2.0521246736739088e-05;2.3199827905439747e-05;2.5672169483063743e-05;2.707809977064773e-05;2.715950289538521e-05;2.6171008703668148e-05;2.4812998392704067e-05;2.3788240089015112e-05;2.339820316955934e-05;2.35320847565355e-05;2.385182331314242e-05;2.3852146202265485e-05;2.3491368259944192e-05;2.276405224243427e-05;2.1994817843914085e-05;2.1580613054797685e-05;2.1620164710042405e-05;2.207137429725314e-05;2.2640692230129724e-05;2.3175213273635908e-05;2.320026369152544e-05;2.269623945481465e-05;2.196544751504237e-05;2.0984494869907064e-05;2.03413379652932e-05;2.0105446053611488e-05;2.016285995620059e-05;2.0399904093224628e-05;2.020834025039544e-05;1.96721795111906e-05;1.904788262585118e-05;1.8647138423742588e-05;1.8678856951528063e-05;1.9076655311893147e-05;1.9629679184144887e-05;1.980444637437893e-05;1.9450810834462363e-05;1.86260652331742e-05;1.7781801497015185e-05;1.7285734532646907e-05;1.7326726226735232e-05;1.7971479489805812e-05;1.8685275658453568e-05;1.919287479910058e-05
1878.3584432400169;1.0483368508528672e-10;9.68229762243536e-10;6.166417022858333e-09;2.528388477202719e-08;5.9544934701827876e-08;9.397399086405285e-08;1.2931224322110638e-07;1.2600190127651322e-07;9.440994405014582e-08;6.307768554996903e-08;5.157075949836406e-08;5.345830701017616e-08;5.135515241387833e-08;3.9510764736547174e-08;2.3352713632253654e-08;1.1595127385094414e-08;6.580806915622981e-09;5.120059295918874e-09;4.981781423291688e-09;4.848410719762283e-09;4.611673554746973e-09;3.886809632930583e-09;3.260147646989244e-09;5.971314438180369e-09;1.082118139382132e-08;1.7988200691892103e-08;2.6203849805260964e-08;3.0449685451636274e-08;2.7745487848101748e-08;2.3595652127360823e-08;2.9880812627150375e-08;5.035920511772389e-08;7.298216923803353e-08;9.285377538213689e-08;9.855509294283481e-08;1.1017586480948866e-07;1.324769909025077e-07;1.5258292101876285e-07;1.4789823541470288e-07;1.1089572907074873e-07;6.13698115351965e-08;4.29903381537833e-08;7.41066544974066e-08;1.733878426876543e-07;3.433348233224944e-07;7.383803757968931e-07;1.519367834225403e-06;2.7348407058624475e-06;4.350742696685848e-06;6.279236880854346e-06;8.439040243714999e-06;1.069713287431346e-05;1.2890595622970228e-05;1.49633650838577e-05;1.6949284783800237e-05;1.892249420203109e-05;2.0944299571873948e-05;2.2863217977080648e-05;2.4506936832771527e-05;2.5573408633589383e-05;2.592308588024178e-05;2.5688382014170712e-05;2.5350789759166856e-05;2.472416178075433e-05;2.3996597384494684e-05;2.333972424602088e-05;2.2936970360495564e-05;2.2747540094606887e-05;2.2640930184959616e-05;2.24104057887898e-05;2.2126284804255867e-05;2.170616026919528e-05;2.1685997034593124e-05;2.194111262188427e-05;2.2295891924629544e-05;2.244721971112687e-05;2.1973980854503197e-05;2.1215714212146316e-05;2.065939933817514e-05;2.0621295136888715e-05;2.114432594612665e-05;2.169689407478636e-05;2.1705666250980177e-05;2.113802708644913e-05;1.9862448822942262e-05;1.8623873446519912e-05;1.792218546650741e-05;1.7965808158231635e-05;1.854672761471368e-05;1.907782738810512e-05;1.940868057105952e-05;1.930803540675984e-05;1.8739928457439167e-05;1.779006806809194e-05;1.685069735702399e-05;1.660292754469753e-05;1.710351732907824e-05;1.8126485623917505e-05;1.910462426670513e-05;1.9699141835289308e-05
1879.868000419283;3.92934471207236e-09;4.395124579650206e-09;6.205762059172329e-09;1.3760495841860669e-08;4.375149019782286e-08;1.1651633335717117e-07;2.269075568384204e-07;3.228442186170167e-07;3.374346613724448e-07;2.7969908201035344e-07;2.0330955598894997e-07;1.4505901689207618e-07;1.1253610332376901e-07;8.450656593514719e-08;5.10577607887599e-08;2.5864793185486584e-08;1.4126205789328217e-08;9.350563808851814e-09;7.117055320133227e-09;5.585469251267657e-09;4.016523645887703e-09;2.744389552134148e-09;1.8026795442491654e-09;1.0749087614164194e-09;8.288327001571577e-10;1.9361546535112804e-09;4.66352611200713e-09;7.306897828904716e-09;8.744018262494112e-09;2.230338919046421e-08;6.3962381923306e-08;1.27791407276544e-07;1.6858236515303182e-07;1.596124298163774e-07;1.2548765419209946e-07;1.209964021987008e-07;1.6907930555966632e-07;2.146611859697181e-07;2.13077641464319e-07;1.60325341618608e-07;8.643271624547759e-08;3.6877357145209344e-08;2.875175377822979e-08;6.766497128282331e-08;2.090552167180705e-07;5.886753103191211e-07;1.3452099644927743e-06;2.57938897569538e-06;4.277471383523238e-06;6.4001804458204575e-06;8.84898839296539e-06;1.1409671635225936e-05;1.386223460605424e-05;1.6129973126736088e-05;1.8093661537004373e-05;1.968558692999876e-05;2.0807461202872367e-05;2.1791849317434787e-05;2.2540883420590903e-05;2.3279548450919474e-05;2.4344142260929195e-05;2.5467731958217587e-05;2.6391109809536245e-05;2.672613095275433e-05;2.6087285789331087e-05;2.4567198522244505e-05;2.297555022936527e-05;2.195685831302299e-05;2.1547073984088203e-05;2.172683829517468e-05;2.2162585852614805e-05;2.266274616140337e-05;2.31169246638551e-05;2.3347912857523003e-05;2.307225025731275e-05;2.2154922991514688e-05;2.075617316028965e-05;1.9470314404876267e-05;1.899295251059296e-05;1.9684290667169428e-05;2.106091778755367e-05;2.203617911530428e-05;2.180776518326852e-05;2.0418324552076417e-05;1.8500251912413668e-05;1.7155421038173728e-05;1.6915998450155145e-05;1.7671922921905055e-05;1.8746527969411263e-05;1.9494686417140467e-05;1.941611239536703e-05;1.8870351453765227e-05;1.8301925854131405e-05;1.768094131037899e-05;1.7168658790874076e-05;1.6981892340073936e-05;1.726252407238654e-05;1.7795434695180613e-05;1.8315721836061982e-05;1.8574078452302545e-05
1881.376920227518;8.144216887566954e-09;9.076597692919493e-09;9.4459076642726e-09;1.0075540188356456e-08;2.685918148779784e-08;9.062864994869377e-08;2.1705299543318479e-07;3.7484113044816964e-07;4.491583702255936e-07;4.0073456641640347e-07;2.702451430554476e-07;1.4519213483858798e-07;8.510258444483783e-08;5.8074430231068887e-08;3.5906692549126165e-08;2.0176957086337147e-08;1.2132310134685376e-08;8.364355211056062e-09;7.905375812913281e-09;8.583534163168079e-09;9.637572794827833e-09;9.443795757098385e-09;6.727304801491733e-09;3.250664279805941e-09;1.3778341429849015e-09;9.81490643518147e-10;1.4865440756543346e-09;1.9937843245884204e-09;2.7768095881369e-09;1.4554368741127489e-08;5.584595496228922e-08;1.1688342882651903e-07;1.5351397563705281e-07;1.426491567805081e-07;1.027068945434329e-07;7.786974670350426e-08;8.816326463902714e-08;1.0597317792397219e-07;1.057024143671679e-07;9.29097343231849e-08;7.369799427521676e-08;6.597552071756683e-08;7.089591982175215e-08;8.371612032848225e-08;1.6646697722652657e-07;4.318235027840901e-07;1.0256230158298337e-06;2.083509176520067e-06;3.724315260828065e-06;5.873890322988866e-06;8.401897232493214e-06;1.1036073286735954e-05;1.3572294391377542e-05;1.5840104463651695e-05;1.7730181843719574e-05;1.9238982235366784e-05;2.034245149172117e-05;2.1317586980949736e-05;2.2118988548486946e-05;2.3365452950633195e-05;2.477735019334748e-05;2.625445665882757e-05;2.739352702227513e-05;2.7728974229566438e-05;2.7009756629877003e-05;2.554058979574388e-05;2.3996150448371997e-05;2.2849432422752456e-05;2.2360490064530005e-05;2.2428913175717493e-05;2.2777608488605283e-05;2.328097777618221e-05;2.3498633585166863e-05;2.337124177589092e-05;2.277107085231117e-05;2.1768915030385323e-05;2.0477628706831744e-05;1.954832284760024e-05;1.92745682476876e-05;1.968593630165122e-05;2.039639978790926e-05;2.0706379423854573e-05;2.0410129401176538e-05;1.962245626406548e-05;1.868659792393873e-05;1.8211805160942915e-05;1.8207912662340657e-05;1.8583732582501848e-05;1.9102100997834453e-05;1.893630697154608e-05;1.8316739410197935e-05;1.7689663867258054e-05;1.7395472365863305e-05;1.752398103696466e-05;1.786113293100981e-05;1.7910476150713533e-05;1.7829896232046498e-05;1.7660546333358704e-05;1.7553730056712823e-05;1.7510801768070413e-05
1882.8852027392927;5.1005547989710105e-09;6.4073282269495744e-09;6.020237940331858e-09;4.678909385388459e-09;7.022456734490479e-09;2.216289737523433e-08;7.481121312225888e-08;1.6810628767599496e-07;2.4485413819496644e-07;2.586900218031211e-07;1.975599419993399e-07;1.0670214861361056e-07;5.4867411435839367e-08;2.6298455307302658e-08;1.3326087521170304e-08;8.640379106732562e-09;6.022678398446953e-09;4.285439937372684e-09;6.901788560536725e-09;1.529418391160197e-08;2.3269070013516132e-08;2.4471814604605364e-08;1.7670281253199478e-08;8.944148533559707e-09;4.4075436518316225e-09;3.1433851046929463e-09;3.222193438607932e-09;3.901360342038743e-09;4.167781075126458e-09;5.4419517513631725e-09;1.8111103843036284e-08;3.614486749596716e-08;4.6920428951807975e-08;4.781382829805303e-08;6.150857159524875e-08;9.217830837529937e-08;1.0918780131321685e-07;9.825055975521792e-08;6.707709955189537e-08;5.01929343458336e-08;7.037345097354393e-08;1.0085367239255513e-07;1.1842944161657817e-07;1.3065146733797737e-07;2.14465902147862e-07;5.121013513756865e-07;1.1692133295090995e-06;2.371417956032882e-06;4.09544211941214e-06;6.274886107927962e-06;8.718377325191698e-06;1.1112479056781824e-05;1.325142878466149e-05;1.5025166155888686e-05;1.646679731098943e-05;1.7728661730130724e-05;1.898628814373384e-05;2.026349600520091e-05;2.190765797173361e-05;2.400358758597561e-05;2.6006699764589465e-05;2.765861460130174e-05;2.821022133297312e-05;2.7346857469759705e-05;2.5694848156604077e-05;2.417365069108678e-05;2.3238989825698897e-05;2.2964651069983143e-05;2.31836118780885e-05;2.3353362738527995e-05;2.3403838444359405e-05;2.3111418077581316e-05;2.2613894665599392e-05;2.203525247517581e-05;2.1494317321418576e-05;2.0966649955029625e-05;2.0681854525083148e-05;2.061853718197949e-05;2.0553003894201382e-05;2.0462583608204875e-05;2.0392511622847844e-05;2.0441798499065903e-05;2.0673956081896328e-05;2.108183223611284e-05;2.1517695929553965e-05;2.1792276194081858e-05;2.1784486031748268e-05;2.141540833566441e-05;2.0633809912380635e-05;1.9329412388824977e-05;1.793619218378727e-05;1.7004047726400023e-05;1.657582776256529e-05;1.677758687974253e-05;1.7234294610042516e-05;1.7611328484456972e-05;1.7816121455952893e-05;1.7752299645343703e-05;1.7723957367471282e-05;1.7746862654684688e-05
1884.3928480292416;7.841190562750239e-08;1.151583871851223e-07;1.396879138735508e-07;1.2665954610295944e-07;8.51179205285832e-08;4.4764783032547676e-08;3.693509030303632e-08;6.983740214910106e-08;1.2946161758827114e-07;1.8575874690584678e-07;2.0455116421839403e-07;1.7271359621562376e-07;1.1249832597016461e-07;5.6216284983171394e-08;2.3349716942394073e-08;1.2492823297648874e-08;1.3311990237089598e-08;2.6153265516301278e-08;4.782610777473164e-08;6.804701957513533e-08;7.152896987134459e-08;5.6820010352193916e-08;3.626671959659075e-08;1.966409973589769e-08;1.113885413571018e-08;7.300223236729655e-09;4.52048618514055e-09;3.5828933393327397e-09;3.008881906086615e-09;1.6367822144191662e-09;2.347128748138973e-09;1.2969570227226832e-08;4.384105211648637e-08;9.349329047094098e-08;1.7112428752149457e-07;2.525880582942841e-07;2.7754040018351774e-07;2.2661587425304047e-07;1.320614231208593e-07;6.345401686293526e-08;5.2620716111435814e-08;6.283923716846262e-08;9.827388367626537e-08;1.9150666267137326e-07;4.291058010413563e-07;9.131528155740622e-07;1.7008307741229802e-06;2.8703387748824844e-06;4.529909168085458e-06;6.642728247074894e-06;9.04830640659266e-06;1.1428683901724206e-05;1.3472420012827275e-05;1.511138314551187e-05;1.6409494599613535e-05;1.7467946679947186e-05;1.8614956300463203e-05;1.9997099542273504e-05;2.184767817371174e-05;2.3821979801613027e-05;2.576077678613889e-05;2.6966906232771075e-05;2.6829533166814484e-05;2.5470905925569853e-05;2.375603795669881e-05;2.265467922028217e-05;2.23399849691508e-05;2.272036930810012e-05;2.3273244252083368e-05;2.3547281051853377e-05;2.34511829395895e-05;2.3027223392176497e-05;2.2410232598274e-05;2.192782741678932e-05;2.156106671886898e-05;2.13118176457915e-05;2.13449248593617e-05;2.1434452660151392e-05;2.160723556612913e-05;2.175844584588971e-05;2.1880524947602e-05;2.214131131474421e-05;2.244774044239892e-05;2.2858129298073727e-05;2.3283758308562855e-05;2.3647801769024388e-05;2.3973609843877517e-05;2.392738404206552e-05;2.3050455204146164e-05;2.1682331062000784e-05;1.9970865587146617e-05;1.845758414146975e-05;1.751213083419138e-05;1.7404874483412463e-05;1.7788581918930384e-05;1.822999995918509e-05;1.842742621314444e-05;1.8351710315489696e-05;1.81205372755911e-05;1.789614939218249e-05
1885.899856172044;1.5894118284597169e-07;2.353210850960806e-07;2.873544280315341e-07;2.6031114985827055e-07;1.7437422720441547e-07;9.025842681820037e-08;6.126210928043488e-08;8.091493800557892e-08;1.2578053319570146e-07;1.7173732955821793e-07;1.979583755525389e-07;1.9010780281246534e-07;1.3636735186442745e-07;7.561054302095878e-08;3.3358883081880326e-08;1.7086145167149192e-08;2.061929262709369e-08;4.9660343675640975e-08;1.0725564707749407e-07;1.921736295820977e-07;2.390012410788857e-07;2.175501611876657e-07;1.4621107782314537e-07;6.886751977218044e-08;2.683739946861761e-08;1.501262865540919e-08;9.53107163422236e-09;5.413507654589882e-09;4.071693824488647e-09;9.117348251909911e-09;2.4051733206307216e-08;5.8224058495963246e-08;1.2080071919752648e-07;1.9435360833594973e-07;2.584441118260399e-07;2.7744498542411724e-07;2.452879631263545e-07;1.7683063406591917e-07;1.069974239509454e-07;7.622544638273738e-08;7.629743730148672e-08;7.066562373287633e-08;1.0271326641465476e-07;2.638371288385985e-07;6.382595579345882e-07;1.215522659585325e-06;1.9684661274752583e-06;2.956803389278044e-06;4.304198204163609e-06;6.125202187991131e-06;8.387899365078738e-06;1.0980938338452993e-05;1.3579723014781808e-05;1.5909909625846698e-05;1.7992408800746563e-05;1.964493296711925e-05;2.085317998365469e-05;2.1731698924485503e-05;2.2445618998941107e-05;2.3168078256946542e-05;2.384743606948431e-05;2.416010127360107e-05;2.410772260192673e-05;2.3636997009064587e-05;2.305886486889229e-05;2.2757857124141898e-05;2.272279025389479e-05;2.298956720899165e-05;2.3224974043440577e-05;2.336423160297425e-05;2.33142054924833e-05;2.322539016880708e-05;2.3052269690231395e-05;2.290911120016244e-05;2.266902731212583e-05;2.2321237311750083e-05;2.199151453942741e-05;2.181538562477816e-05;2.1930615282893582e-05;2.218925999847252e-05;2.2481524784674718e-05;2.250252076466296e-05;2.2260825192754745e-05;2.1903902357372668e-05;2.180411012776016e-05;2.2210072349049067e-05;2.3004611551124803e-05;2.376897591246948e-05;2.3884174710077907e-05;2.311712708141091e-05;2.177425410870256e-05;2.003646451745796e-05;1.891539181109185e-05;1.8634899448578367e-05;1.8721636747397372e-05;1.89247247279766e-05;1.8927050251008768e-05;1.865941224831703e-05;1.8258318858973778e-05;1.795189314386714e-05
1887.4062272424344;8.594993318900286e-08;1.3054198036826032e-07;1.596903717376169e-07;1.4387713347087357e-07;9.508243480129375e-08;4.8023237271068594e-08;3.0597636177984324e-08;3.6598096649452155e-08;5.2584229505425234e-08;6.80727559253755e-08;7.609713418983588e-08;7.339034145132368e-08;5.86129888888185e-08;3.807090938921832e-08;2.02467661496916e-08;1.0478039258786828e-08;1.0762933912789032e-08;2.8881400253326906e-08;9.211281104173568e-08;2.100658880439758e-07;3.108161109862617e-07;3.141949584799357e-07;2.2110102027471773e-07;1.0155690351167143e-07;3.4776322701325714e-08;1.834158662241916e-08;1.2481676833194344e-08;8.32159455435253e-09;7.068641450975818e-09;1.7186661722406993e-08;4.466901695895868e-08;8.096675473653945e-08;1.1414481267330241e-07;1.3179418640472254e-07;1.2792724628552048e-07;1.0661037014316412e-07;7.852514143819156e-08;6.102332162625631e-08;6.939023584550301e-08;9.960638249523795e-08;1.228226784409071e-07;1.1976846269988937e-07;1.1923755413127838e-07;2.2408475226043885e-07;5.20038538840903e-07;1.0754366216952051e-06;1.9286713636438783e-06;3.083084473178869e-06;4.460450373058129e-06;6.050903976532879e-06;7.864838011712223e-06;1.014483153543685e-05;1.2911911782682098e-05;1.602095911603434e-05;1.899301302973091e-05;2.137835530529515e-05;2.27452326509381e-05;2.3219858193154635e-05;2.3207335293041117e-05;2.3160400950454036e-05;2.339718029380094e-05;2.381426363373993e-05;2.4176642257907973e-05;2.42360494788454e-05;2.3922964123937294e-05;2.3288367669139527e-05;2.2731300354074335e-05;2.2376128628466708e-05;2.2314594023102825e-05;2.2426168569893235e-05;2.2518630463123e-05;2.248641138552649e-05;2.2354448053847005e-05;2.215947161129664e-05;2.192510618064709e-05;2.1680704550306957e-05;2.151788644461836e-05;2.149059117684932e-05;2.1524302909597727e-05;2.1638893780890192e-05;2.163357161650131e-05;2.1310035563909447e-05;2.0698988452706747e-05;1.999006520677861e-05;1.967380850297073e-05;1.9930099148599155e-05;2.07106997562943e-05;2.1739826253566746e-05;2.247999195793587e-05;2.2481850234778846e-05;2.172385612898358e-05;2.0499975655395506e-05;1.9513562017009623e-05;1.8713574183124256e-05;1.8251670768063488e-05;1.799071560555305e-05;1.778975476619992e-05;1.7609221205896736e-05;1.7504695320738402e-05;1.7425727125059765e-05
1888.9119613152036;9.49108137270513e-09;1.7789799411515054e-08;2.087413729781804e-08;1.6597268066888252e-08;8.571193498101951e-09;3.1157277930434992e-09;1.2649366536974861e-09;7.555225969023506e-10;5.188001641441342e-10;3.8324940637339747e-10;5.235916955689122e-10;1.283602303254663e-09;2.616066160928554e-09;7.489025604416334e-09;2.076155948794604e-08;4.999949641159033e-08;6.786151397493395e-08;6.743658924092571e-08;7.357030348588849e-08;1.012063625142343e-07;1.3983638081136644e-07;1.4268840924142402e-07;1.0255067818739537e-07;4.825742871981322e-08;1.733497651334231e-08;1.0562264531800185e-08;9.997972175378068e-09;1.0044606675858013e-08;8.399423595737835e-09;1.1953854556350391e-08;2.4501177235663564e-08;3.7083816133303184e-08;3.7926781905906554e-08;2.625173640404371e-08;8.363430646202041e-09;8.949833890475021e-09;2.55356612419945e-08;5.9347610198596845e-08;9.090164272337336e-08;1.197823336877181e-07;1.1852351896400873e-07;9.487673805310245e-08;7.283692075594344e-08;1.134406745384239e-07;3.269318201510293e-07;8.958478104649561e-07;1.999026575933636e-06;3.499013141984542e-06;5.170181455400711e-06;6.721582092070019e-06;8.15647477548836e-06;9.76803522232725e-06;1.191495855966366e-05;1.468606732181816e-05;1.7586689557374895e-05;2.0115071462308716e-05;2.1934403661691635e-05;2.3041194552255025e-05;2.3605431857892283e-05;2.3961816810172877e-05;2.431005439873533e-05;2.47854730120359e-05;2.4980653535180137e-05;2.484322243152732e-05;2.431664646684669e-05;2.3418500370525604e-05;2.2726002852713656e-05;2.2285653591829263e-05;2.2222562334877717e-05;2.2380709441918995e-05;2.2429724758856765e-05;2.2287969607444687e-05;2.2049916394438386e-05;2.179162238561845e-05;2.1686659510027125e-05;2.175238628234457e-05;2.1844969686118297e-05;2.1823549224451045e-05;2.1613294068898333e-05;2.1227480908740336e-05;2.077622206178211e-05;2.023097641816225e-05;1.9727931341509884e-05;1.9343662173452468e-05;1.909452278868216e-05;1.91293556387688e-05;1.9462455926935204e-05;2.004837601905981e-05;2.0671727499814723e-05;2.1123464089041703e-05;2.1107638826300547e-05;2.0949704766893647e-05;2.052196825817773e-05;1.981661435441225e-05;1.910121932851244e-05;1.8425305427615444e-05;1.7870128016075093e-05;1.74723134154918e-05;1.7189929544391513e-05;1.7029934904875964e-05
1890.417058465191;1.0654932240275469e-08;1.841248128898419e-08;1.9573281134443276e-08;1.3009256582239378e-08;5.350082031645164e-09;1.8151989098210918e-09;1.1644519534150539e-09;8.25926496322526e-10;5.513806374078612e-10;3.4992290558101444e-10;2.2546334099651796e-10;1.5414322881997602e-10;3.9226192993309134e-10;6.547426310971431e-09;4.023713599380818e-08;9.552314468882345e-08;1.3386274889115137e-07;1.2747022016760224e-07;8.802794943942829e-08;5.004087188922247e-08;2.4384156148889465e-08;1.105903995306804e-08;6.151406730796744e-09;4.087419402189521e-09;3.084990574859153e-09;4.5279142563542725e-09;8.894130930154018e-09;1.2190049930822333e-08;1.1128154217200253e-08;7.166306682420772e-09;4.3132857169000415e-09;2.5415675964616204e-09;1.745664625208012e-09;2.4668144036969992e-09;4.921147649292442e-09;1.7018989759574822e-08;4.689079424205806e-08;8.707547349227608e-08;1.1878361221613517e-07;1.2428475589874824e-07;1.0124060190867799e-07;6.641238729589545e-08;3.8371993190836724e-08;8.355925488332916e-08;3.318780298475533e-07;1.0122709772637983e-06;2.248837379568373e-06;3.853274493999548e-06;5.471396061483857e-06;6.956381520474734e-06;8.392439361409007e-06;9.921577049377972e-06;1.165525756650585e-05;1.3602164360287156e-05;1.576818528827099e-05;1.794226320759943e-05;2.009320949939362e-05;2.1978746682125152e-05;2.340798271922834e-05;2.430663364889714e-05;2.470268374573445e-05;2.4812311657154666e-05;2.472991811321216e-05;2.4456229362012785e-05;2.405521169117439e-05;2.3662666934818344e-05;2.33411457923582e-05;2.3159394048232137e-05;2.3095273582514084e-05;2.3070348058400797e-05;2.298054719139393e-05;2.2860425793159823e-05;2.2825354451174587e-05;2.2868120017597984e-05;2.294253887016056e-05;2.292575848452477e-05;2.262229162019589e-05;2.196623372919046e-05;2.1156904428684315e-05;2.03052612071586e-05;1.967040227805405e-05;1.935420313026769e-05;1.9287577409536173e-05;1.9319893346121988e-05;1.9277551217948444e-05;1.920898848284604e-05;1.9157502163838e-05;1.921019191280906e-05;1.937143838391293e-05;1.981523764375557e-05;2.046062600989148e-05;2.111432527671873e-05;2.1273785594754703e-05;2.1023843295201022e-05;2.0345909783491194e-05;1.955123302006156e-05;1.8767196831017344e-05;1.806472136148878e-05;1.7481955910461326e-05;1.701943883824342e-05
1891.9215187672853;7.651692093147625e-09;1.0446246366195048e-08;9.795435641551677e-09;5.806008921670149e-09;2.3333417656555564e-09;1.160184205368849e-09;1.102142156672389e-09;1.2798541726289343e-09;4.5665477683739895e-09;3.917096241112565e-08;9.899570668673114e-08;1.4005169297062901e-07;1.3212225256282884e-07;8.564524596127572e-08;5.0510970776991295e-08;6.002720279710188e-08;7.625771203283655e-08;7.717824919969014e-08;7.526858213870486e-08;9.175982971777009e-08;1.0917839032131557e-07;1.0391331149496009e-07;7.366108424746684e-08;3.6490558120544856e-08;1.5320930596282154e-08;9.431912505217372e-09;9.617869588827904e-09;1.463901851347259e-08;2.366479902696923e-08;3.022517729884612e-08;2.965980021367872e-08;2.121497525880811e-08;1.0423260040395064e-08;6.648610011913343e-09;1.3405442983712773e-08;2.6831824909032303e-08;5.12887513888553e-08;8.698850117015338e-08;1.368704192956683e-07;1.676022001290657e-07;1.6334118919375577e-07;1.3940502042783413e-07;1.341507293421529e-07;2.2394534350099117e-07;5.253942065088843e-07;1.1836294355248931e-06;2.190555252362133e-06;3.341832376587481e-06;4.642151631372821e-06;6.144416467827877e-06;8.003640010953446e-06;1.014753218371866e-05;1.2250471974981038e-05;1.429728543252252e-05;1.606737303574081e-05;1.771067498086574e-05;1.948178337731356e-05;2.1352780623640525e-05;2.305691224852428e-05;2.4325943867146125e-05;2.50201156856708e-05;2.501547595635328e-05;2.4625984003991108e-05;2.409005550876119e-05;2.3645952710061732e-05;2.3486955992134137e-05;2.341491715432473e-05;2.3374358890618972e-05;2.3252281481159155e-05;2.307729733975336e-05;2.2866740136753075e-05;2.2798428050457494e-05;2.2926158110954624e-05;2.3158743069110574e-05;2.319241332287184e-05;2.284354669973632e-05;2.1991706802149245e-05;2.079267610895104e-05;1.9624069144437165e-05;1.884223858929261e-05;1.8547130947992227e-05;1.884069006908236e-05;1.932774561809938e-05;1.959397508486562e-05;1.949195806743903e-05;1.8968925657531625e-05;1.830303160902554e-05;1.781718385644186e-05;1.77355590848648e-05;1.8110357469361072e-05;1.8836881609958116e-05;1.9578868972206723e-05;2.002353880134665e-05;2.009871925267698e-05;1.983377259093584e-05;1.934396264724485e-05;1.873479635408129e-05;1.8034458138136088e-05;1.743786194420597e-05;1.7011978111100557e-05
1893.425342296436;1.36021096803075e-08;2.76341530507902e-08;4.366848084561965e-08;5.3550861242730334e-08;5.078213505216213e-08;3.754503124499233e-08;2.148173438179428e-08;1.058325221898735e-08;1.7704686856499048e-08;8.014124352950881e-08;1.9956152837921978e-07;2.829583556203373e-07;2.7307843288413525e-07;1.8974530615949883e-07;1.0869832296666489e-07;8.016951071585097e-08;6.896519998276308e-08;5.489912904836792e-08;7.547933811202186e-08;1.3849136803507754e-07;1.9598231160851385e-07;1.979059644635883e-07;1.4203201629273397e-07;6.965523465669109e-08;2.9031140523953626e-08;2.0790444116617705e-08;2.8568750215244312e-08;5.0526589993836235e-08;8.169995992068473e-08;1.0163440708554341e-07;9.287649786931868e-08;6.210779536203206e-08;3.094422327401593e-08;1.9773235819091984e-08;2.5510278739670844e-08;3.0477553142080615e-08;4.2834133479049487e-08;8.427820273274582e-08;1.491382060265291e-07;2.114935388958419e-07;2.3351112384191237e-07;2.154286767690651e-07;2.3111032663868407e-07;3.8539633853119723e-07;7.504402638454012e-07;1.3087174432268207e-06;1.9714116951833674e-06;2.779641619853513e-06;3.862012970050147e-06;5.410577503083881e-06;7.52152854795182e-06;9.985300588594058e-06;1.256665970486643e-05;1.4884924748534958e-05;1.680798074284456e-05;1.8509010007218712e-05;2.0086974672283875e-05;2.1725867928866404e-05;2.3224712600120032e-05;2.428847240773551e-05;2.4628846163126792e-05;2.4325435222583967e-05;2.373725935484696e-05;2.3231010647290106e-05;2.3085876027294637e-05;2.3275199814923816e-05;2.3679526376685828e-05;2.4055949749543387e-05;2.417917329014952e-05;2.3970222714695904e-05;2.353027822044788e-05;2.298184472083625e-05;2.2660745945077364e-05;2.2459071469926937e-05;2.245135851224431e-05;2.215551674702848e-05;2.1439850738384517e-05;2.070498545528126e-05;2.001472905023389e-05;1.9679734760854697e-05;1.9767640401682495e-05;2.008617919703488e-05;2.025923961222117e-05;1.9868505664020635e-05;1.899380303459453e-05;1.7881115399911842e-05;1.7020211849750988e-05;1.666092353522964e-05;1.6786629842788254e-05;1.7176565853929305e-05;1.7575933826388856e-05;1.779478171282986e-05;1.788719196884727e-05;1.7718153729555157e-05;1.746113172181031e-05;1.7265197478041825e-05;1.719385649055845e-05;1.7201732100433448e-05;1.7187794494935265e-05;1.7188845789120515e-05
1894.9285291276285;2.330089678017617e-08;5.330208442158008e-08;8.943901716609238e-08;1.1763195822002935e-07;1.2750562508755604e-07;1.2168609550062484e-07;1.0148552899174264e-07;7.309145261334908e-08;5.2835808985293344e-08;6.086378875367061e-08;1.092438289679674e-07;1.564548130924091e-07;1.873720153515275e-07;2.0223773920181078e-07;2.330890520691171e-07;2.606501083555833e-07;2.414365318907428e-07;1.7544882103546893e-07;1.1754370772903113e-07;1.0960662531172737e-07;1.1479948126010844e-07;1.0919082914070796e-07;7.848565551406404e-08;4.068533933828614e-08;2.007905306206913e-08;2.200952955025734e-08;4.3090690318512233e-08;7.892113216896151e-08;1.150442849214549e-07;1.265874020130705e-07;1.0451324624978944e-07;6.419511613287219e-08;3.281490180733317e-08;2.6062239219147956e-08;3.120360440715906e-08;3.0774912634144736e-08;2.8687792859334458e-08;4.529712534298743e-08;7.685144097470418e-08;1.0747616488111521e-07;1.1778200089166844e-07;1.0988855217792823e-07;1.356119757425587e-07;2.9405838358077204e-07;6.573128860382766e-07;1.2223933882879684e-06;1.9066679400837068e-06;2.873842273906869e-06;4.21207204581412e-06;5.9924818181757175e-06;8.117124514611695e-06;1.0372576981069922e-05;1.2714738917578546e-05;1.4834759872718844e-05;1.6884252841663794e-05;1.894682871429393e-05;2.0909745829613448e-05;2.261871193178798e-05;2.3752161270223516e-05;2.4044074379195344e-05;2.3514599232499737e-05;2.271395850605177e-05;2.2403442788729275e-05;2.266220423725588e-05;2.356426772711865e-05;2.449717411401417e-05;2.513951139195085e-05;2.537700964798249e-05;2.5241369950697177e-05;2.481562575080033e-05;2.4088057719419143e-05;2.316850258828112e-05;2.232349936181767e-05;2.1817647102257295e-05;2.169501139026869e-05;2.1780009671650807e-05;2.1936691279519184e-05;2.206930610190391e-05;2.212084096169741e-05;2.2147235347136443e-05;2.204523989161253e-05;2.1651729405245093e-05;2.090897230894484e-05;1.969201090504293e-05;1.835692710612841e-05;1.7388475695503716e-05;1.7088142192861743e-05;1.7301044382882653e-05;1.764378682704822e-05;1.7900118693375673e-05;1.787547543363443e-05;1.7574874824863367e-05;1.7054440269100795e-05;1.6381938210426806e-05;1.575320086641e-05;1.5455890720246293e-05;1.5583811397256384e-05;1.606202296308144e-05;1.6580454804662973e-05;1.6945863425526207e-05
1896.4310793359184;1.1663128145599361e-08;2.7136604343589948e-08;4.90822427811751e-08;7.530375650990548e-08;1.0355642669908845e-07;1.32307330478365e-07;1.408225243374993e-07;1.18171066983197e-07;7.543390327736675e-08;3.4148420305167294e-08;1.5454770663886032e-08;2.184801129083905e-08;6.443149967145523e-08;1.5333573122871604e-07;2.739091444328705e-07;3.6611729009156777e-07;3.635966686297137e-07;2.772014585507412e-07;1.5594148138767666e-07;6.930966696741684e-08;3.3438946409299133e-08;1.984675870185485e-08;1.4149692034183128e-08;1.0464970692063462e-08;7.948506845545338e-09;1.060192794080554e-08;2.2197378359165284e-08;4.193503223334112e-08;6.166456075667258e-08;6.719363298337444e-08;5.421757811646376e-08;3.187378926805957e-08;1.577683124828246e-08;1.2987354364239448e-08;1.5602097937390658e-08;1.5231378099810022e-08;1.0234535873918954e-08;5.8756215982320074e-09;6.260851184943977e-09;8.951099828260974e-09;1.0247249938694486e-08;1.221843827645811e-08;4.078415742746449e-08;1.6162153709036754e-07;4.808450263512444e-07;1.0721415021737062e-06;1.913242796868215e-06;3.04196010635508e-06;4.549010571225051e-06;6.451689047046459e-06;8.765184741977685e-06;1.125346643719041e-05;1.367551057598134e-05;1.5730722173500454e-05;1.7387965497312035e-05;1.8885224336805967e-05;2.0238368258288157e-05;2.1691999527698496e-05;2.282049403290852e-05;2.3341316176011536e-05;2.310112326363571e-05;2.2889229928269015e-05;2.3147205767172893e-05;2.3743797335702535e-05;2.453408783988248e-05;2.51171540583865e-05;2.513447308086512e-05;2.473646209893825e-05;2.426966243418687e-05;2.3858011867556157e-05;2.3521212122853564e-05;2.306953075295907e-05;2.2320783037372905e-05;2.1637106539625063e-05;2.09763059185681e-05;2.081143930797624e-05;2.1187802836485072e-05;2.1664472128407653e-05;2.215273718359167e-05;2.2394148083829276e-05;2.228044088795013e-05;2.1689858801246065e-05;2.065519036760257e-05;1.960528088187889e-05;1.87226107311718e-05;1.81534937736653e-05;1.8043130724219952e-05;1.821807939370984e-05;1.83290107828781e-05;1.827495615742764e-05;1.807846770507328e-05;1.7804215166066687e-05;1.7448222264500387e-05;1.7087878682437338e-05;1.6833281131683457e-05;1.6718175983079615e-05;1.679856237040436e-05;1.70126531226654e-05;1.7209193678756464e-05;1.73858597757919e-05
1897.932992996397;4.5153945951967814e-10;1.301505100736615e-09;4.566955493277383e-09;1.2261067760961758e-08;2.7238144431272693e-08;4.8299041883434014e-08;6.179990240794672e-08;5.938969984474021e-08;4.508859058861158e-08;2.6493858266681928e-08;1.6076568154847523e-08;1.5711903691686543e-08;2.231730523617749e-08;6.369292882852917e-08;1.390199713322353e-07;2.1013564676204974e-07;2.325183064386704e-07;1.9078675579032664e-07;1.1563882373673013e-07;5.367522219354927e-08;3.6329301473490485e-08;2.4252422268735456e-08;1.6139558754443543e-08;9.792969878373789e-09;5.214493480486805e-09;3.903978900314381e-09;5.316806528103021e-09;1.1865184886818677e-08;2.3794664743575927e-08;3.244743898475953e-08;3.0067383783026526e-08;1.8783769935066756e-08;7.93422156383337e-09;3.0163984154615764e-09;1.790365887148577e-09;1.4331786819013281e-09;1.3225806685333574e-09;2.496042836211826e-09;7.105988916871983e-09;1.398327485574942e-08;1.8243078194578696e-08;1.9643920785088053e-08;3.9481021114396304e-08;1.3473065369447244e-07;4.410413581454573e-07;1.05135321374346e-06;1.9386763680008737e-06;3.066601391604541e-06;4.3554607256604585e-06;6.026166169072546e-06;8.341530470836312e-06;1.113940864717808e-05;1.3918273770197374e-05;1.6016008629713877e-05;1.721805419158924e-05;1.7756840964673025e-05;1.8257465901306174e-05;1.9199162266239494e-05;2.057821307851752e-05;2.2050890006912123e-05;2.3180394833463184e-05;2.382509287089672e-05;2.400351901499085e-05;2.4049484802651792e-05;2.395684709923573e-05;2.37654873393504e-05;2.3400545984603828e-05;2.2931614420748703e-05;2.2597405613519403e-05;2.2499103422747487e-05;2.2731473509743262e-05;2.290895983408752e-05;2.2482619763411414e-05;2.1542689052930645e-05;2.0457172551999037e-05;1.9734192896683047e-05;1.9602289718793254e-05;1.9956399409349724e-05;2.0456954889213065e-05;2.063200695929558e-05;2.041525800240537e-05;1.999837809169117e-05;1.9534827873468763e-05;1.923810768305517e-05;1.908124501578754e-05;1.8858924450502024e-05;1.8573950191329352e-05;1.82756873360171e-05;1.8077724232232697e-05;1.7985187237419686e-05;1.800050805026837e-05;1.806093209414463e-05;1.8111852736053424e-05;1.821713726746569e-05;1.8418990095572584e-05;1.8668265485886128e-05;1.886343435055556e-05;1.8857098910635293e-05;1.866671941296667e-05;1.84415060455945e-05
1899.434270184218;3.7123589202886715e-09;1.3156166411420157e-08;2.904920433511835e-08;4.660719407059773e-08;5.6218441780312095e-08;5.0940153345504485e-08;3.140484182807819e-08;1.8892565892982324e-08;2.151709862469698e-08;2.5757010447854444e-08;2.4581636070163466e-08;2.206542884641965e-08;3.58309516391865e-08;6.809315874296054e-08;1.0742596407763226e-07;1.3054567742614966e-07;1.201402128172087e-07;8.860488328497402e-08;5.520966716941513e-08;3.9719737244500176e-08;3.715829921577404e-08;3.198562591669616e-08;2.223364054154252e-08;1.6200795480267444e-08;1.6744193524377593e-08;1.7444523066653375e-08;1.5338870420172746e-08;1.4565899809653945e-08;2.6169596098755736e-08;4.825702374830975e-08;6.39377987686941e-08;5.948972682821924e-08;3.8389104612827603e-08;1.798529744750854e-08;1.0783372674639211e-08;1.1650584290729164e-08;1.1847196131907197e-08;9.581613480359104e-09;7.998216711769759e-09;8.530267625238162e-09;9.935614736274312e-09;1.089554229403411e-08;2.616435571072213e-08;9.58436171300846e-08;3.62897003577528e-07;9.807537763607522e-07;1.9291068498933877e-06;3.137112413409036e-06;4.429552731238049e-06;5.9425274119034384e-06;7.747340011208942e-06;9.827483868154306e-06;1.1968359805826312e-05;1.3879024104553396e-05;1.54280078778957e-05;1.6605833626806248e-05;1.7837441304006405e-05;1.9422670592710208e-05;2.1118574918850804e-05;2.2720900397669488e-05;2.395741929111712e-05;2.420348571562649e-05;2.373214974946061e-05;2.3228387359453085e-05;2.296017866698661e-05;2.277432680339324e-05;2.262019208868631e-05;2.2351976513188348e-05;2.206806170789659e-05;2.2030451777634014e-05;2.2217750882207053e-05;2.22532579534868e-05;2.18984666039496e-05;2.1106910624132124e-05;2.026285759163623e-05;1.9677436237371308e-05;1.972870256984148e-05;2.0174760211782773e-05;2.0224760351066497e-05;1.97594238100789e-05;1.8930646258852863e-05;1.81897412582482e-05;1.8081900809209213e-05;1.838996681507106e-05;1.885510288381871e-05;1.9217477922288003e-05;1.918972633981593e-05;1.8821081947653844e-05;1.845061970009624e-05;1.8223092245735395e-05;1.815095552265707e-05;1.82296217511265e-05;1.836289473863109e-05;1.868942544663691e-05;1.912393596402095e-05;1.961321741315268e-05;1.994127231657947e-05;1.9829727004608437e-05;1.9413409495188865e-05;1.8973320073966923e-05
1900.9349109745815;5.373654386695959e-08;8.501465929753962e-08;1.1549796460301057e-07;1.345754676584256e-07;1.361194799772443e-07;1.2284799996795546e-07;1.2788637680110473e-07;1.6024338515154304e-07;1.8323608996369598e-07;1.6439308653058258e-07;1.1009217370367841e-07;6.514030234357039e-08;7.724803092231098e-08;1.413050388799085e-07;2.112534373057895e-07;2.3555472348014025e-07;1.9991901633035813e-07;1.3356920811762448e-07;8.031399514143573e-08;4.9981000756296934e-08;3.947089635119622e-08;4.7081840950521785e-08;6.225484540092877e-08;8.044467475619324e-08;9.020804361892298e-08;7.867092442892906e-08;5.286630855348903e-08;2.8688618569425698e-08;3.0645337014320984e-08;6.457021920732406e-08;9.89844566387942e-08;1.0149465310143142e-07;6.975385838467648e-08;3.3384396427156164e-08;1.9775199493972185e-08;2.1737497183459e-08;2.258484383784281e-08;1.88630430232392e-08;1.4988806984799025e-08;1.400656504724819e-08;1.3160862937431862e-08;1.0201744943117683e-08;1.5550192817142255e-08;5.7675471350436363e-08;2.665793289702164e-07;8.277767965559006e-07;1.8000391499318652e-06;3.0986372549077005e-06;4.5820486281524085e-06;6.177070717012895e-06;7.774232217769682e-06;9.420718839240456e-06;1.1106428688278948e-05;1.285648101681626e-05;1.4692629602348912e-05;1.6639622767935644e-05;1.8726071536966556e-05;2.0882151748150555e-05;2.2867793859892705e-05;2.438768231636733e-05;2.5119674727333705e-05;2.503852311197616e-05;2.4357690918814587e-05;2.3775701469376192e-05;2.352026806744605e-05;2.349687953066344e-05;2.3539761405866395e-05;2.341975289848348e-05;2.3075674849037368e-05;2.2587094231270376e-05;2.202083401213767e-05;2.135967325285673e-05;2.080049602735992e-05;2.0235369206287964e-05;1.988121809376928e-05;1.996631234705678e-05;2.043838421315557e-05;2.097778722166474e-05;2.09647253503656e-05;2.039258530110958e-05;1.945571118482198e-05;1.859014627258082e-05;1.8205008990895237e-05;1.838718121286606e-05;1.892390658509402e-05;1.9432632619612585e-05;1.957813644813931e-05;1.935689029568359e-05;1.895543465696393e-05;1.8601271919263172e-05;1.8425965457208677e-05;1.846623018827342e-05;1.8702944718281643e-05;1.918186304326926e-05;1.982924376468928e-05;2.0469481027871188e-05;2.079272358958746e-05;2.0578357938910836e-05;2.0010079361769736e-05;1.943283708222236e-05
1902.4349154427364;9.95396472159346e-08;1.3558960248335122e-07;1.5057336730247278e-07;1.3526348751172204e-07;1.1058816359353457e-07;1.1229423345522417e-07;2.0157397493400546e-07;3.5598834622725786e-07;4.347768273493909e-07;3.803107011472926e-07;2.3073866876575545e-07;1.087341930815801e-07;7.28876008571819e-08;1.0078191451242285e-07;1.5616094521949859e-07;2.011049308258227e-07;2.0913786322231e-07;1.6627957620176373e-07;1.1211508823028497e-07;6.319895055862859e-08;4.002704609114574e-08;5.650010006831658e-08;9.531567628353505e-08;1.3079889444952162e-07;1.383604676397158e-07;1.1320523467797869e-07;7.694598352675732e-08;4.780972825420558e-08;3.7741540801378434e-08;4.9950805500257e-08;5.8847532699795495e-08;5.484720640535602e-08;3.723121744556765e-08;1.8342689085447097e-08;1.1304815004464783e-08;1.2245229157217878e-08;1.3012431820259818e-08;1.460030500639146e-08;2.0727454931979043e-08;2.6238654990978093e-08;2.5959199568436014e-08;1.8472915586860172e-08;1.4872168390549964e-08;4.919956804927766e-08;2.274865290292081e-07;7.011720130102354e-07;1.5986698924260644e-06;2.8515258761065224e-06;4.3770456380134885e-06;6.115137800180121e-06;8.041512757269095e-06;1.0098606219638493e-05;1.2166903556772832e-05;1.423628263461884e-05;1.6208680139179925e-05;1.7853736747437905e-05;1.9404554780677377e-05;2.061223315116563e-05;2.1830237583725445e-05;2.293255306299189e-05;2.3814432695219863e-05;2.443173704501368e-05;2.4785344587065e-05;2.4752615220270727e-05;2.465450071394696e-05;2.447982827954589e-05;2.449768603973329e-05;2.425789368647353e-05;2.3645692089425108e-05;2.2659293391834605e-05;2.1593366185814982e-05;2.0987557398117934e-05;2.080792817192985e-05;2.0881889070790688e-05;2.092753764198164e-05;2.1036804935241504e-05;2.1004288740946514e-05;2.093273986153254e-05;2.0875407363675997e-05;2.070993229671799e-05;2.0293444777130396e-05;1.9846082470299035e-05;1.9561397880989428e-05;1.9477831065721703e-05;1.9521784019080243e-05;1.9529399029931827e-05;1.941571262582959e-05;1.906890100977393e-05;1.8652391633258623e-05;1.8375637110215577e-05;1.836478586734831e-05;1.8621432241178505e-05;1.907824287876368e-05;1.9543245290341464e-05;1.9979096729121904e-05;2.0280320989065025e-05;2.025100375549811e-05;1.9854556330005416e-05;1.926992093663751e-05;1.876198869537388e-05
1903.9342836639955;4.9778079614435496e-08;6.318977448285853e-08;6.263931773594208e-08;4.6942550563594767e-08;3.433632628702215e-08;5.7275027737965346e-08;1.5807533625574613e-07;2.987903907866165e-07;3.679150061074536e-07;3.140495967797814e-07;1.8341051658993845e-07;7.895716936191967e-08;3.54104591406775e-08;2.6290408281039348e-08;3.883552949079304e-08;6.387613398467903e-08;8.643748460441483e-08;8.704486459616032e-08;6.43827797699869e-08;3.57201577900729e-08;2.0732689113213204e-08;2.8233432108364486e-08;4.6835653400764476e-08;6.20695513375126e-08;6.306271806561232e-08;5.2148460707870224e-08;4.367305616267864e-08;4.0426699801114975e-08;3.5626262722459105e-08;2.4925289546229607e-08;1.2040422192446462e-08;4.8263925636725104e-09;2.702672934086308e-09;2.1097137386697317e-09;2.204420359514029e-09;2.464510089705301e-09;3.024288614997601e-09;6.483658407483883e-09;1.3801960550236828e-08;1.9482846916630733e-08;1.843931131745104e-08;1.2019846790635649e-08;9.817547578208668e-09;4.5255159140449e-08;2.008984577210009e-07;6.275089902774965e-07;1.4553590782187715e-06;2.675472978091773e-06;4.214558417715433e-06;6.042050651665052e-06;8.120603510572876e-06;1.0445004331484675e-05;1.2917555215362176e-05;1.5387412101802478e-05;1.7569951020067483e-05;1.906986157666732e-05;1.983717359439574e-05;2.018360041594513e-05;2.0399742445772097e-05;2.0920622200577095e-05;2.1920488012725337e-05;2.330086286938602e-05;2.461473822118123e-05;2.510183742402492e-05;2.479858032308349e-05;2.3884163564066517e-05;2.2836563234485028e-05;2.2167835152004064e-05;2.1764034734860472e-05;2.1547073554968508e-05;2.149389807407321e-05;2.185045411722784e-05;2.2543016897283243e-05;2.3214427267581523e-05;2.3401981412962757e-05;2.289709025713728e-05;2.2072704797484068e-05;2.135832285408557e-05;2.0996991264491236e-05;2.0854669003172105e-05;2.078973259628977e-05;2.0775212816348715e-05;2.084785222874472e-05;2.097925359906667e-05;2.104182899402725e-05;2.083250890985125e-05;2.023957721983982e-05;1.9281400981477843e-05;1.834193462736481e-05;1.782884432443129e-05;1.7688303639728802e-05;1.797504339058683e-05;1.847630529071837e-05;1.9008530467431383e-05;1.936743530052784e-05;1.942400483831677e-05;1.9177094511268863e-05;1.8638642286770143e-05;1.803255600971968e-05;1.757622356664545e-05
1905.4330157136972;1.6807441071467268e-08;3.716617220115244e-08;7.138485516831794e-08;1.114662219531934e-07;1.3532993947455034e-07;1.317625391725158e-07;1.267853088745503e-07;1.3123814631714676e-07;1.2509414277985244e-07;1.0375178919679253e-07;6.599896804177463e-08;3.419322694665224e-08;1.5431788795809034e-08;7.422035327262745e-09;4.4771029980837334e-09;5.465552131270483e-09;9.139238248913496e-09;2.598102124112183e-08;5.478316543516924e-08;9.885983486628523e-08;1.3368029821676106e-07;1.3330675408094337e-07;9.880779291842637e-08;5.8048875946685813e-08;3.2660387961738424e-08;2.4363406027164322e-08;2.3328768197733593e-08;2.364249954495809e-08;2.021091709982077e-08;1.072531004311036e-08;5.166296986769286e-09;2.490979414262782e-09;1.526370045614065e-09;2.142234883720458e-09;5.320063025301351e-09;9.420525916545536e-09;1.1046946819733313e-08;1.0254201803938009e-08;1.1321026214143221e-08;2.37781612280994e-08;4.3039643359725756e-08;5.260059092536484e-08;4.706413605194796e-08;4.662115398286926e-08;1.6785047234476777e-07;5.559560856327935e-07;1.3404975969230172e-06;2.54505487111576e-06;4.156394799827433e-06;6.164503787278977e-06;8.511218940417193e-06;1.1106264643951844e-05;1.36304659261802e-05;1.5898686999780617e-05;1.7803651535629087e-05;1.9187508605653583e-05;2.0007404456163954e-05;2.034434480588184e-05;2.0633996179049465e-05;2.131341557359057e-05;2.247263049462801e-05;2.363356660282116e-05;2.454551423961756e-05;2.4874816767808155e-05;2.424143246761e-05;2.315643388942349e-05;2.203244792060839e-05;2.14683867026124e-05;2.1446519928653656e-05;2.1804500358095407e-05;2.2316374948847044e-05;2.2830473010008654e-05;2.325054944190436e-05;2.335884532747071e-05;2.3138124231250437e-05;2.2655880059785388e-05;2.2100754701008405e-05;2.163535554952025e-05;2.1353415397701937e-05;2.101741398218747e-05;2.0673306165042612e-05;2.04585032317666e-05;2.048108976074951e-05;2.081681577388107e-05;2.125476113571466e-05;2.1347409158699977e-05;2.073339238651993e-05;1.9615304664367933e-05;1.837189735555157e-05;1.7530384564796016e-05;1.7251673212269376e-05;1.7490123562093846e-05;1.8029732800576424e-05;1.8607742002864414e-05;1.9079903560872717e-05;1.930316416380184e-05;1.921713754426162e-05;1.8806595211899736e-05;1.824915269266638e-05;1.7808642460025053e-05
1906.9311116672616;7.485238041780996e-08;1.603848609334847e-07;2.538403171763727e-07;3.1896128408603546e-07;3.209478409081912e-07;2.537346485268662e-07;1.550262130934112e-07;6.899205962581105e-08;3.210589839332926e-08;2.8862984227717062e-08;2.8578963696821172e-08;2.2681105350583e-08;1.3309376352226352e-08;6.5236209669734965e-09;7.374416476463033e-09;2.017751105918228e-08;3.18477064782387e-08;5.542060642123717e-08;1.1214522088759843e-07;1.99881050595367e-07;2.756709767106884e-07;2.871221185502111e-07;2.3473933924889754e-07;1.6583865677792824e-07;1.1529444777401407e-07;8.51695783761966e-08;5.439798751562167e-08;2.6081960461479136e-08;1.1816811313327905e-08;6.441211492805515e-09;4.129219749868485e-09;2.735721563185326e-09;1.9339848687310768e-09;3.510962601251158e-09;1.2271525346961581e-08;2.860594614564065e-08;4.956078985545175e-08;7.455939698393296e-08;7.885217132358397e-08;9.001967138654668e-08;1.1202225931276433e-07;1.1921389150634592e-07;1.0827930117104228e-07;1.0742882041292045e-07;2.230935530868717e-07;5.868527436888348e-07;1.2914735109841467e-06;2.481977782051866e-06;4.210809093338613e-06;6.602928184731735e-06;9.324040139888108e-06;1.204116394315398e-05;1.4413819385459738e-05;1.6294875891708305e-05;1.7768114506646115e-05;1.9064108744560265e-05;2.0282258690068143e-05;2.1386317090323428e-05;2.254077013389259e-05;2.353271716365533e-05;2.412219686393175e-05;2.4239975358541643e-05;2.3992681816869643e-05;2.362775372955303e-05;2.32420083142549e-05;2.31183896152594e-05;2.326939849298231e-05;2.328360433977744e-05;2.329763612789353e-05;2.3241665318779595e-05;2.322805675572286e-05;2.311395018239428e-05;2.2856546718700144e-05;2.233268733652187e-05;2.159938567432822e-05;2.0966716410128607e-05;2.053528117127179e-05;2.039640879942949e-05;2.032273282827081e-05;2.0103929052000093e-05;1.9700645611492365e-05;1.9274290515112325e-05;1.9109403796898472e-05;1.926658684476714e-05;1.9610085464529426e-05;1.999930602464865e-05;1.9967752025756555e-05;1.9550731077388552e-05;1.9085238444066237e-05;1.856524729776793e-05;1.831942736881641e-05;1.8294393615215845e-05;1.8407471373353844e-05;1.8710786735923298e-05;1.907190268848423e-05;1.9332868246908944e-05;1.936238311464304e-05;1.913397923405448e-05;1.878521873288403e-05;1.845053638536098e-05
1908.4285716001325;1.0223570095525545e-07;2.107333674517188e-07;2.941531079353627e-07;3.064516191289571e-07;2.493727130798678e-07;1.6524794996216897e-07;9.388065486095407e-08;3.4608772474357624e-08;1.7071096714754596e-08;1.4029850921670292e-08;1.3107027658795556e-08;1.1192573389120556e-08;7.290363281231174e-09;5.0558655170800935e-09;1.5454939454713583e-08;4.14550191812454e-08;7.188992257738886e-08;1.0208467273464552e-07;1.3590014207086974e-07;1.6608572404445218e-07;2.0130975848496479e-07;2.219601370204834e-07;2.2578097201815761e-07;2.1188925383961666e-07;1.729229938199034e-07;1.186187217527836e-07;6.402246511449218e-08;2.7822582591824e-08;1.4149477635882776e-08;9.367304467497796e-09;6.186008737457272e-09;4.078093087528459e-09;2.9352254486423334e-09;4.547168598302566e-09;1.8909062506701284e-08;5.21206682949964e-08;9.344050642158883e-08;1.263025624521278e-07;1.354103112747816e-07;1.2567182491940213e-07;1.1145204671210017e-07;1.0252278087114237e-07;1.2776386250649254e-07;2.404119745163068e-07;4.4885810566983547e-07;8.136588913445126e-07;1.4076358408995211e-06;2.507948074667943e-06;4.320877816987246e-06;6.8651847825743154e-06;9.73477688976876e-06;1.2463093393617612e-05;1.4878998318720443e-05;1.6870740999876062e-05;1.853349536684636e-05;2.0195418356195693e-05;2.1855709682364544e-05;2.358245966142343e-05;2.4991386416094203e-05;2.5542175189724686e-05;2.496467539519092e-05;2.387674091118708e-05;2.2664342540213688e-05;2.2069142591062664e-05;2.242036384758162e-05;2.3214422977742192e-05;2.406384042554704e-05;2.4506515836004827e-05;2.443632306691216e-05;2.402563198136109e-05;2.3566386889095435e-05;2.323595651200927e-05;2.289035578918517e-05;2.237350241167989e-05;2.157144833928135e-05;2.064803232606696e-05;1.9848236264675603e-05;1.9423700329745327e-05;1.929278461070437e-05;1.927881511422814e-05;1.929721499831611e-05;1.9249355023908812e-05;1.9212212844547995e-05;1.9194398632160457e-05;1.919005555879296e-05;1.934563292635433e-05;1.95912629441934e-05;1.9848221942722583e-05;2.002774877474826e-05;1.995155354006338e-05;1.96527207407001e-05;1.926396899266944e-05;1.896889190343992e-05;1.8872677438561944e-05;1.8935228286793465e-05;1.9046437183684213e-05;1.8992192044545777e-05;1.8750591529089283e-05;1.841728592503689e-05;1.814323975133074e-05
1909.925395587823;4.4437197701048125e-08;8.76244344407025e-08;1.11707533964737e-07;9.825714770484721e-08;5.986881374765588e-08;2.667227370777284e-08;1.4597241909546312e-08;1.936298367865408e-08;4.5473509468024964e-08;8.086082616762745e-08;1.0939344568192077e-07;1.079134274340129e-07;7.790735947362361e-08;3.515908441873643e-08;2.2640404735712045e-08;3.6312742255156856e-08;6.631916568430659e-08;1.0180912677593597e-07;1.1974317400407924e-07;1.12965872449043e-07;1.324195320833425e-07;2.137518280615923e-07;3.077607755298849e-07;3.2636108209290255e-07;2.417916829207668e-07;1.1799506025912677e-07;5.212950731696088e-08;2.590341069416704e-08;2.0274018969799642e-08;3.3662051657538694e-08;6.833264441349197e-08;1.243998896620006e-07;1.832660527538636e-07;2.136269101352865e-07;2.074986563835577e-07;1.7826048480522313e-07;1.415168281189167e-07;1.1007736387035797e-07;9.16867276034549e-08;6.868626481894347e-08;4.867285598493483e-08;4.592684432465923e-08;1.1101839057084788e-07;2.76606253555091e-07;5.418488699219066e-07;9.650580974120195e-07;1.6724751580574836e-06;2.836164908815284e-06;4.538001225715492e-06;6.564619772240097e-06;8.833724427967495e-06;1.1217402867201472e-05;1.3670887312722729e-05;1.6169002573433956e-05;1.862446432984106e-05;2.0888637641114643e-05;2.285432317176024e-05;2.4428623872280524e-05;2.539637907288188e-05;2.544537882808379e-05;2.456903998783112e-05;2.317468973723976e-05;2.207928386498124e-05;2.2048170448903008e-05;2.2858908014395336e-05;2.4130083961622026e-05;2.5139479924166205e-05;2.554280592287143e-05;2.5149528169281347e-05;2.4354484910923943e-05;2.360730998565366e-05;2.3001857059761545e-05;2.2600489810145264e-05;2.2220761253574165e-05;2.17447178137348e-05;2.1286921940703497e-05;2.081167050482028e-05;2.0388437625781278e-05;1.998185121744757e-05;1.9740392135325653e-05;1.970694559684073e-05;1.978578579248081e-05;1.9873162001216726e-05;1.9925036447376848e-05;1.9799896339148057e-05;1.9287277824121307e-05;1.8785431478932835e-05;1.852798212443912e-05;1.8413762688819182e-05;1.8632865720340468e-05;1.907429633424309e-05;1.9440273909833055e-05;1.9539250700120383e-05;1.9175803857129744e-05;1.863114970982832e-05;1.8168948954990223e-05;1.7905791166117272e-05;1.7813072083939648e-05;1.7808847264093357e-05;1.779639299586513e-05
1911.4215837058875;2.2215120621104523e-08;1.0798728953281497e-08;4.537856608724899e-09;4.495052570414393e-09;6.031221464473374e-09;5.7693432028959515e-09;8.889158681033761e-09;2.933047380796861e-08;7.859972599386977e-08;1.5261350996889794e-07;2.123383446428175e-07;2.115856731559775e-07;1.5299222898010125e-07;7.85402832975079e-08;3.469321713695729e-08;3.564637654550533e-08;6.396401467690863e-08;9.906415962355833e-08;1.1309588061436509e-07;1.062234638148856e-07;1.4761036300513297e-07;2.9110678818381304e-07;4.366960186473368e-07;4.501453867691671e-07;3.300600922307414e-07;1.9582099702779317e-07;1.4942263900976146e-07;1.5161353235387278e-07;1.4920554594955446e-07;1.499920382384344e-07;1.8416028762182453e-07;2.6767267920982445e-07;3.722845692028131e-07;4.26732544884498e-07;3.945459348116966e-07;2.9328437794593695e-07;1.7651847442602466e-07;9.123506817692328e-08;4.388046970699394e-08;2.3211317971479425e-08;1.667188270139392e-08;1.6515533146620206e-08;5.2636835893801515e-08;1.345260207888341e-07;3.382108895033914e-07;8.364005010100678e-07;1.782908696782412e-06;3.147132722839696e-06;4.728237151663266e-06;6.264481033598868e-06;7.84237404171594e-06;9.775021118229238e-06;1.2143900964170052e-05;1.480437207422611e-05;1.736333374780447e-05;1.946053104763867e-05;2.1041882162561903e-05;2.22743752006478e-05;2.3324727220935345e-05;2.4156153281489895e-05;2.4600919053417976e-05;2.4426001321319525e-05;2.3916915575805448e-05;2.337036091027034e-05;2.3269840135247863e-05;2.3733206017358207e-05;2.4379791853472676e-05;2.4953809260335223e-05;2.5027245089116617e-05;2.4453360255406596e-05;2.3446776798870896e-05;2.2359346903061385e-05;2.186225383036727e-05;2.1796515642982383e-05;2.1874999111773472e-05;2.1998571719793044e-05;2.189530848097762e-05;2.156283925623517e-05;2.105873061659055e-05;2.0516761951712355e-05;2.0059760570529885e-05;1.9816509524827916e-05;1.987887793176846e-05;2.0224477773596325e-05;2.047027072285697e-05;2.010802274647099e-05;1.906557441859161e-05;1.7669117463535395e-05;1.660729330281463e-05;1.6450388675411182e-05;1.7268108622924885e-05;1.841858862752693e-05;1.915206682924428e-05;1.910698970526944e-05;1.8410308595331422e-05;1.7600981645358764e-05;1.719306813725025e-05;1.7231060867967796e-05;1.7523313857834434e-05;1.780431931375169e-05
1912.9171360299297;6.127000019621496e-08;3.1639376200133746e-08;1.4748909660826822e-08;1.6042593114372225e-08;3.1979389090292607e-08;5.214600545552903e-08;6.380301840840778e-08;6.902807751812586e-08;7.176319946099588e-08;9.158754028199836e-08;1.1903839099297865e-07;1.2930585696747316e-07;1.209318701818103e-07;1.0302677102428105e-07;8.25991454487117e-08;7.809150878275254e-08;9.547008752943645e-08;1.1870251801780603e-07;1.2532961039798437e-07;1.0762560500452845e-07;1.202247819622081e-07;2.112661154397419e-07;3.295632101233679e-07;3.856078504959566e-07;3.521734689607357e-07;3.056071429851055e-07;2.880500441004612e-07;2.953419689423496e-07;2.7626514125110337e-07;2.3222137731735986e-07;2.031342930656899e-07;2.2394196046379778e-07;2.733630142843534e-07;2.873695429999242e-07;2.3991250855967737e-07;1.664567237446867e-07;9.891791772596629e-08;4.9435087054053444e-08;2.389034390693612e-08;1.358902870256206e-08;8.010014228371622e-09;6.150642463966943e-09;1.6542394776524174e-08;6.462849853089372e-08;2.400504408749981e-07;7.277281278874671e-07;1.6776531754019096e-06;3.067799274483414e-06;4.631601977652981e-06;6.1919348756988525e-06;7.901350132679466e-06;9.968701920648644e-06;1.244511927367383e-05;1.5026339687940606e-05;1.7237572714753075e-05;1.8749459470563867e-05;1.982116533953922e-05;2.0926375718841e-05;2.239775479976737e-05;2.4152572237829087e-05;2.5669601596314825e-05;2.6268973080084375e-05;2.561372297537428e-05;2.4104095923877733e-05;2.267358412731813e-05;2.2043568063197e-05;2.246569014975964e-05;2.3661277196298022e-05;2.468625195912714e-05;2.461922755242369e-05;2.3443497011181064e-05;2.206432586494976e-05;2.131963652653062e-05;2.12380443791282e-05;2.152714264011965e-05;2.17183606385479e-05;2.1794251640083914e-05;2.1732966864984978e-05;2.158074672079352e-05;2.1254955518153075e-05;2.0736125066069737e-05;2.0273242845806954e-05;2.0119961218177748e-05;2.040008411994272e-05;2.091968737765526e-05;2.1253425614178048e-05;2.0824891163877707e-05;1.956096643307314e-05;1.806554559170416e-05;1.7043384267537853e-05;1.6930839944072048e-05;1.7509855315822577e-05;1.8241438364680625e-05;1.86235674249082e-05;1.8418804940329105e-05;1.7970332266220033e-05;1.747542106514811e-05;1.7229530812454315e-05;1.719304231372757e-05;1.7297483453147104e-05
1914.4120526356128;1.214360979838377e-07;7.506638533765519e-08;4.05445252191646e-08;3.483285191873621e-08;5.568838979256124e-08;9.374285657567837e-08;1.1645163061616343e-07;1.0396714508354321e-07;6.516748934475639e-08;3.0850327172966864e-08;2.6130648539250064e-08;4.8031306336650856e-08;8.629975231364354e-08;1.1946505005253885e-07;1.22497134862592e-07;1.0186521582246979e-07;8.357754822008315e-08;8.796447385325962e-08;1.0638775184588295e-07;1.1990053697384174e-07;1.384173917901596e-07;1.9370614165064818e-07;2.781377470193125e-07;3.44492342039403e-07;3.4545191488071534e-07;2.962567796809743e-07;2.397903585975559e-07;1.957434678654781e-07;1.582673816990308e-07;1.2299134685920833e-07;1.055291382769567e-07;1.2018049560821881e-07;1.3884213673793398e-07;1.267367713953889e-07;8.219199934207617e-08;3.7709393875896124e-08;2.2345406806589718e-08;3.9538270173197895e-08;9.191747379332012e-08;1.690706986632385e-07;2.1280678273764715e-07;1.881733349378156e-07;1.3144915097642026e-07;1.2196368891873288e-07;2.684273090870801e-07;6.66515380799854e-07;1.476211244516882e-06;2.7578790323664604e-06;4.4082614696495655e-06;6.290464011679488e-06;8.427520892473487e-06;1.0829704861744397e-05;1.3422730824755393e-05;1.5946099732577455e-05;1.8048722728657744e-05;1.975743302835682e-05;2.124789782292253e-05;2.270600987687502e-05;2.416560498410279e-05;2.536974132472072e-05;2.6167399132263043e-05;2.591439161365928e-05;2.501999256967641e-05;2.3951253843850008e-05;2.318275564906791e-05;2.3180410063931597e-05;2.3747310281146145e-05;2.447062242823051e-05;2.4715617558013343e-05;2.4162661850894955e-05;2.319081187921425e-05;2.229253456807599e-05;2.165899395472217e-05;2.1333092466543947e-05;2.1115417072647666e-05;2.0852305602119067e-05;2.0592935796410728e-05;2.0502828428217526e-05;2.06134918670069e-05;2.0814112309349714e-05;2.0912427422996165e-05;2.078456832823799e-05;2.054348087666913e-05;2.0392925608559333e-05;2.044500931049949e-05;2.0594019076783752e-05;2.0566238540150417e-05;2.028313417175811e-05;1.964789439001602e-05;1.9029496558426312e-05;1.870733057677752e-05;1.866617045125731e-05;1.8813083215917173e-05;1.895673536141324e-05;1.8967224254942527e-05;1.8790373898461205e-05;1.836207722243109e-05;1.7842140242361523e-05;1.7384693674498435e-05;1.7083688510842627e-05
1915.906333598636;1.8748927248511522e-07;1.541996412931406e-07;1.1363804458960364e-07;8.01335523171114e-08;6.029259953597873e-08;6.305227469573893e-08;8.357236644597958e-08;1.0760295584033197e-07;1.3209947048336526e-07;1.3894281387741878e-07;1.2326798621982656e-07;9.661801183477997e-08;8.46928320745796e-08;8.944639976213156e-08;7.758434051008769e-08;5.4646100581661334e-08;3.602933529473134e-08;4.6601213241631765e-08;8.432502348615187e-08;1.3218183564115605e-07;1.840712191074345e-07;2.59024847838784e-07;3.486920770791468e-07;3.948470559193528e-07;3.532600201184601e-07;2.454860297155126e-07;1.3518710503343225e-07;6.29014182608946e-08;3.189553225805349e-08;2.338521844988285e-08;3.895138713129161e-08;7.416429415316867e-08;1.0254339527166797e-07;1.0619340856971543e-07;9.238630466328681e-08;8.830237133558167e-08;1.1871509828805997e-07;1.799102865015165e-07;2.818996128908954e-07;4.09505417217925e-07;4.63978785618459e-07;3.83278994055567e-07;2.4134849549080024e-07;1.554756386068528e-07;2.265271339166301e-07;5.386289870946091e-07;1.226579897761764e-06;2.392105577327105e-06;4.124053300552365e-06;6.348791737140808e-06;8.903962497604891e-06;1.1641467503093129e-05;1.426693416402531e-05;1.6566044838621785e-05;1.8468197357344128e-05;2.0233541264158837e-05;2.1977311625267417e-05;2.3729743449883435e-05;2.5196473697700803e-05;2.595499921907269e-05;2.5850797473474177e-05;2.4923113038998136e-05;2.3994473665187525e-05;2.325200936806384e-05;2.3446140227847877e-05;2.447130247557035e-05;2.5477113477839183e-05;2.554416863540669e-05;2.464162415382019e-05;2.3340920341136685e-05;2.2231526649196093e-05;2.1636555872855145e-05;2.1493574392683427e-05;2.132567747425486e-05;2.0966499875287948e-05;2.038176444654136e-05;1.973634563093184e-05;1.9320341237454795e-05;1.932684403128889e-05;1.9653486481323625e-05;2.005982592889621e-05;2.0274933137889024e-05;2.022770751679705e-05;2.0022439313981476e-05;1.9778534708583684e-05;1.9589335852098477e-05;1.9562997697129577e-05;1.972500391654624e-05;1.992612653664615e-05;2.005630842262247e-05;2.003063048967316e-05;1.983813772062465e-05;1.9577994257389025e-05;1.936600968735185e-05;1.9286026823049937e-05;1.9189368125465663e-05;1.8994808578307545e-05;1.857440107589959e-05;1.813700605325858e-05;1.790938480752554e-05
1917.3999789947595;1.3813968956342948e-07;1.5277320181116216e-07;1.4069206209507324e-07;1.018070895243716e-07;5.564836620858317e-08;2.738796626054186e-08;3.8814851447517234e-08;1.0946344159957378e-07;2.0744184795730082e-07;2.661526401823366e-07;2.38591563365171e-07;1.535787693048677e-07;8.15730694585689e-08;4.4557363190405734e-08;3.966369130370289e-08;5.55651886145374e-08;7.167860712039896e-08;8.221573471573302e-08;8.735287292635255e-08;1.0443556061191869e-07;1.281458392065472e-07;1.942659968449657e-07;3.035638318903049e-07;3.770434139364517e-07;3.556877454031338e-07;2.6344434700085765e-07;1.8278321199155884e-07;1.66699320481969e-07;1.6863349018110716e-07;1.396651175319172e-07;9.794591692023083e-08;7.850516214083175e-08;8.388010544962321e-08;9.835542496281585e-08;1.2512214191795804e-07;1.7106837937126521e-07;2.337731181698376e-07;2.894011614279655e-07;3.2075067194136934e-07;3.314260420540897e-07;2.999013505975941e-07;2.238776340264965e-07;1.5486668338470658e-07;1.9850110939667398e-07;4.042136665881385e-07;8.381383954373183e-07;1.4946379625828767e-06;2.440967648221292e-06;3.833783575074558e-06;5.8562332788707056e-06;8.42029569209982e-06;1.1321145979651458e-05;1.4172653219284506e-05;1.662709589734201e-05;1.859141331249615e-05;2.0058734871876357e-05;2.136695786888488e-05;2.267580607669044e-05;2.3761634425533943e-05;2.4752620681878066e-05;2.5033238363122604e-05;2.466203416468687e-05;2.3695202705904077e-05;2.284569819451665e-05;2.2680733318448503e-05;2.3335913561873942e-05;2.413649837721825e-05;2.443139516440289e-05;2.390018388484079e-05;2.2886582425468217e-05;2.1870883601065453e-05;2.1293539524560595e-05;2.112758244963541e-05;2.108352402710452e-05;2.1069747900915005e-05;2.085644503976333e-05;2.0628690239472546e-05;2.021461269258976e-05;1.9813375047018217e-05;1.9593504436984872e-05;1.947869581047323e-05;1.9407869061389143e-05;1.949781991663365e-05;1.9666241709957037e-05;1.982403184473646e-05;1.986125195802228e-05;1.977946337164288e-05;1.9634443629743305e-05;1.9633798784886136e-05;1.968035263463255e-05;1.9668487547422517e-05;1.9476214367841665e-05;1.9038671635962534e-05;1.843580862241517e-05;1.776499209894703e-05;1.737008328487246e-05;1.7224502289720182e-05;1.73369531195644e-05;1.758975746750816e-05;1.7815957393653025e-05
1918.892988899792;7.061216750789647e-08;1.0811554136909127e-07;1.1507789770212741e-07;8.704596040137492e-08;4.619710020092359e-08;2.028915285556584e-08;1.8028715056002183e-08;5.992373385874966e-08;1.2003365370710621e-07;1.653089686291298e-07;1.596319108252313e-07;1.0732061716613518e-07;5.076797604583464e-08;2.6549270654291892e-08;4.787957721263335e-08;9.051121560524962e-08;1.258427100688008e-07;1.3019300030791718e-07;1.1743895867341445e-07;1.0976058241032725e-07;9.747726541585936e-08;1.0894412659271839e-07;1.4594130360321894e-07;1.79478556660314e-07;1.9262915061459748e-07;1.912014922658341e-07;2.1299690239161165e-07;2.754607388503447e-07;3.053447690933094e-07;2.539384718772252e-07;1.558357898411646e-07;7.880657848229487e-08;5.1485166180901046e-08;6.042079495002489e-08;9.64763762389482e-08;1.3268828872058248e-07;1.554044860860249e-07;1.5442889382947498e-07;1.392465471057678e-07;1.2201113633341936e-07;9.330408737199281e-08;8.724493348165277e-08;1.0924893632137061e-07;2.461612623788925e-07;5.757887864901009e-07;1.0873812709109195e-06;1.7175575930574848e-06;2.5031948670926147e-06;3.632980259624619e-06;5.295308002214948e-06;7.483215845147238e-06;1.00741392879206e-05;1.3048631144267452e-05;1.599020662774346e-05;1.8574245534846265e-05;2.057958660046021e-05;2.1792880116542417e-05;2.2291429485168384e-05;2.243802444853787e-05;2.2679769081827016e-05;2.302568589035545e-05;2.3250485012430164e-05;2.3127586170256072e-05;2.2948568588527204e-05;2.262635929692479e-05;2.2337670085121992e-05;2.2170059910730348e-05;2.2205195222857328e-05;2.215279893360482e-05;2.199371998724926e-05;2.1875053019913343e-05;2.1757807769488497e-05;2.155743807993268e-05;2.144884480075475e-05;2.143633716250894e-05;2.151451522745069e-05;2.1574302506259663e-05;2.142947685536733e-05;2.095160849316961e-05;2.021166252070852e-05;1.948218122642837e-05;1.9099954920857213e-05;1.919242739067444e-05;1.9550569627346635e-05;1.985472876675894e-05;1.981804617319736e-05;1.9370102911160905e-05;1.8649416787357652e-05;1.8152058124745965e-05;1.803859289148833e-05;1.823571684222823e-05;1.85073644670399e-05;1.849236535422759e-05;1.814752726444669e-05;1.7552559419239973e-05;1.7006430918223013e-05;1.678037438322305e-05;1.6918965728203796e-05;1.7154575089681265e-05;1.7239676991338652e-05
1920.385363389585;1.2508550222952224e-07;1.6360283224977854e-07;1.637308167253312e-07;1.193086318729497e-07;6.16671442288766e-08;2.6903446180007074e-08;1.3030633459925781e-08;1.0170348285139336e-08;2.07138804337617e-08;4.374487266899146e-08;6.841713881316925e-08;7.799030106548727e-08;6.861829610249776e-08;5.6660159424721696e-08;5.2625506360268086e-08;5.988958804705158e-08;7.426250093091996e-08;9.136912898047182e-08;1.1775761916411626e-07;1.2925830200216106e-07;1.203061579328083e-07;8.199123945223575e-08;3.850566775275392e-08;2.0629916741131892e-08;2.857804628697971e-08;5.940224652177123e-08;9.92292814198128e-08;1.3854434717790721e-07;1.523461631899868e-07;1.2597011515129038e-07;7.552844941045782e-08;3.3195289220826866e-08;1.4701123791195733e-08;1.4082738277125391e-08;2.3917017879410613e-08;3.2133102014078654e-08;2.8631105728791678e-08;1.5860485127747564e-08;2.3602588771113937e-08;5.927655095682686e-08;1.1053342971182275e-07;1.5477192866879038e-07;1.8312470365817946e-07;2.439273011240155e-07;3.926507779049728e-07;7.020566255325209e-07;1.3018747556841163e-06;2.285280582840389e-06;3.703171645421153e-06;5.55409263058475e-06;7.69759481780148e-06;1.009352373414398e-05;1.264026886586861e-05;1.5301038960324074e-05;1.8032717210980072e-05;2.0312689315339744e-05;2.1711479994931357e-05;2.2252111919333613e-05;2.2299786904295063e-05;2.2143491937861155e-05;2.203170873495414e-05;2.217208051222401e-05;2.2531616390560238e-05;2.263693791870574e-05;2.2401994957846565e-05;2.1903595831229343e-05;2.138798038356182e-05;2.1062635884006403e-05;2.1057087768275583e-05;2.1317726625004767e-05;2.164175273250139e-05;2.176621815769921e-05;2.160514755211983e-05;2.125034796338553e-05;2.097068290019882e-05;2.100505863038852e-05;2.134722415972316e-05;2.190847583393509e-05;2.2149556113323195e-05;2.177788830657897e-05;2.0988880215774783e-05;2.0304566956258234e-05;1.9786968869833293e-05;1.942880206130617e-05;1.908214626109618e-05;1.859419165216933e-05;1.7953083344341024e-05;1.7188337635355145e-05;1.6609603762368344e-05;1.643513095728811e-05;1.6698858342777864e-05;1.7303365710949656e-05;1.7939735530065584e-05;1.8423529228279465e-05;1.878621509534583e-05;1.891110679957768e-05;1.8907123160703536e-05;1.855664588381844e-05;1.8005995352624583e-05;1.7529086139999963e-05
1921.8771025400456;1.4225972144249398e-07;1.6825755527584996e-07;1.767136414619355e-07;1.5986966443727746e-07;1.559205904026697e-07;1.653669680391706e-07;1.5742318025078248e-07;1.1897000474374927e-07;7.730135667244452e-08;6.737877917144077e-08;9.091655446295449e-08;1.188910808560975e-07;1.2245396125007002e-07;9.602909083507992e-08;6.041864682241202e-08;3.954070395616187e-08;4.522123823094853e-08;7.478769451595603e-08;1.0905961200128693e-07;1.1475303943516613e-07;1.0277731667505757e-07;5.88672546830626e-08;2.5029729170758682e-08;1.9835897085066318e-08;3.429692124089702e-08;5.7505508977966745e-08;6.822824625547567e-08;5.6458738939947577e-08;3.261632777209172e-08;1.4884257345477201e-08;7.195273139759498e-09;4.145431606706069e-09;3.327170553344765e-09;3.937020600876252e-09;6.8757586643389235e-09;1.0180563594134512e-08;1.0444392016857602e-08;8.848869359376072e-09;1.2655850870992911e-08;3.0855998753021066e-08;8.268667368781089e-08;1.297116983812441e-07;1.5988135612126528e-07;1.7505838231971654e-07;2.174865796654951e-07;4.369207736642655e-07;1.0742912540817985e-06;2.360579227355608e-06;4.2613878276467134e-06;6.452564499647607e-06;8.590814253117742e-06;1.0715954149716432e-05;1.2717184256149537e-05;1.478913377686943e-05;1.691210113187826e-05;1.887175482009383e-05;2.0361142489517358e-05;2.139399408364643e-05;2.209293248844408e-05;2.25446698901429e-05;2.274130449510337e-05;2.272876986850428e-05;2.2585980822941123e-05;2.2329217940239863e-05;2.209419829124607e-05;2.1803907721140835e-05;2.1576073876873265e-05;2.156141661979432e-05;2.1811866829495937e-05;2.2191579411824636e-05;2.234222799358529e-05;2.2216103850777918e-05;2.1739577191674484e-05;2.108944128178209e-05;2.0727834946741168e-05;2.0983569326942224e-05;2.1815209627382612e-05;2.276088297445452e-05;2.336396368644853e-05;2.3267216185827824e-05;2.2569129787049316e-05;2.1678446433225255e-05;2.0835251416220518e-05;2.015756932512704e-05;1.9511249141795644e-05;1.8737827373165385e-05;1.7746869839944796e-05;1.681201135195708e-05;1.6060049548598743e-05;1.56696130169906e-05;1.5883210465386428e-05;1.6539695837438215e-05;1.7306486221998854e-05;1.7956548091708696e-05;1.8395476581124255e-05;1.8641678221479866e-05;1.862897934426359e-05;1.822975301589506e-05;1.772333864464241e-05;1.7278509579002336e-05
1923.368206427138;1.1582535925178247e-07;1.2196099176155457e-07;1.318079291652629e-07;1.6529982763477272e-07;2.3056040189042546e-07;2.949351905275228e-07;2.976485482802275e-07;2.270607031794841e-07;1.365673171085718e-07;9.46445901597605e-08;1.1652377177707723e-07;1.436086394256907e-07;1.3653597898607356e-07;9.72141298639022e-08;6.122154623778974e-08;4.7153901082453375e-08;6.77252778761581e-08;1.0462335676333597e-07;1.3043068828533932e-07;1.2761900305648138e-07;1.0469714028739154e-07;8.206641186782498e-08;7.433090828556604e-08;8.237836598583085e-08;1.1106961239536677e-07;1.5441641327686292e-07;1.743750016452093e-07;1.464399268300875e-07;8.820686127983843e-08;3.7048062160132884e-08;1.5634146762411398e-08;8.017080631198866e-09;5.593547845411403e-09;6.5273702144194315e-09;1.2694105842582942e-08;2.0039225174985708e-08;2.1513115534432777e-08;1.64151197758042e-08;1.1436049329895113e-08;1.2706430417861744e-08;2.1484560796880555e-08;3.655717232946727e-08;5.330566399750909e-08;7.774977405680902e-08;1.7989722379225797e-07;4.803944241201464e-07;1.1828502418615036e-06;2.6505554513234056e-06;4.818036997390667e-06;7.144723797015695e-06;9.131902575819056e-06;1.0730667682998348e-05;1.2361485303675382e-05;1.409494783438586e-05;1.5872251546705225e-05;1.761868482605254e-05;1.9087922913307357e-05;2.0299627782086613e-05;2.1463984520667208e-05;2.2568763318735813e-05;2.346614347487732e-05;2.3988204875749745e-05;2.392376639609459e-05;2.355690753026211e-05;2.3014502928439644e-05;2.258337300593035e-05;2.2480868292255304e-05;2.2702270043821367e-05;2.3063976640451622e-05;2.325236815613252e-05;2.322457514362277e-05;2.2870116808424478e-05;2.233929741808534e-05;2.1864143576290887e-05;2.175865164509807e-05;2.21513093511674e-05;2.282868238136511e-05;2.344902464325269e-05;2.346264254387692e-05;2.2886898086340244e-05;2.2073175803732148e-05;2.1438874050707893e-05;2.1134235189559632e-05;2.0966769064790173e-05;2.0616758593852083e-05;1.9782608890966667e-05;1.855578402295708e-05;1.719544282482743e-05;1.6245797084497416e-05;1.6157964994778693e-05;1.6758297202203377e-05;1.7407451139755833e-05;1.7664572997884183e-05;1.763079290149595e-05;1.7351237765091345e-05;1.7107703614802114e-05;1.7092876823922366e-05;1.7220143928407242e-05;1.7421231998767902e-05;1.7426716956145794e-05
1924.858675126856;1.2007457700530253e-07;1.2191969724737638e-07;1.1245269197821844e-07;1.1598763968021113e-07;1.307470852184921e-07;1.532208800717689e-07;1.5158721955274805e-07;1.1538261963180992e-07;7.3320477556935e-08;7.248372229945546e-08;1.1385753970034513e-07;1.4695738312449746e-07;1.370255815525388e-07;9.229423227477006e-08;5.041016771269439e-08;3.157104411073216e-08;3.716114902966205e-08;5.5695203288764615e-08;7.317973806150825e-08;8.43046323536064e-08;8.865067904045968e-08;1.0422821909912613e-07;1.2137712700784956e-07;1.3490789055178517e-07;1.4905405141424613e-07;1.6799886641689578e-07;1.704992434991223e-07;1.3944420052968461e-07;8.579247804791973e-08;4.011741079220549e-08;1.688708874140217e-08;8.558362684388661e-09;5.411821959828932e-09;4.748887613755229e-09;7.269019882005566e-09;1.1354932979037327e-08;1.4708646019795616e-08;1.590164459244549e-08;1.3106454939223493e-08;9.385252991213953e-09;4.676900271211751e-09;1.8560930400809597e-09;3.4418985305766637e-09;5.1529417172202144e-08;2.482589046538949e-07;7.276871642148638e-07;1.6120846213147564e-06;3.1257658398614444e-06;5.185118504637706e-06;7.430857323033817e-06;9.469256754628e-06;1.106334234864603e-05;1.2514510865121462e-05;1.39547619343243e-05;1.5471403518659934e-05;1.690044123610517e-05;1.8307593845748705e-05;1.9713497262027947e-05;2.1147828751677523e-05;2.2786323853173044e-05;2.4399935479539127e-05;2.561615875170284e-05;2.611266145408548e-05;2.577416324546139e-05;2.491499438694776e-05;2.4144996699191518e-05;2.380152437955681e-05;2.377101880884159e-05;2.372768235292788e-05;2.3461188130749075e-05;2.2986232644682337e-05;2.2375741822971e-05;2.179269607813545e-05;2.1517171063203286e-05;2.1759334065816208e-05;2.243406233072256e-05;2.316424493441917e-05;2.359716818844767e-05;2.328884728298692e-05;2.2406728390203264e-05;2.1360475424964417e-05;2.064254297061107e-05;2.047623196229067e-05;2.050818781731262e-05;2.0404536676320104e-05;1.978494845931743e-05;1.8925426261493424e-05;1.8093136553897324e-05;1.765419539700461e-05;1.7956407163623e-05;1.857128735692536e-05;1.888987459007306e-05;1.851661571930586e-05;1.7581826130340528e-05;1.6593580181264653e-05;1.6102538657827956e-05;1.6411286669928405e-05;1.7300997173976404e-05;1.8093124705544157e-05;1.860453687365046e-05
1926.3485087152585;6.188006301370592e-08;6.372269221724533e-08;5.4850712013934215e-08;3.5605650576692134e-08;1.6748285163298953e-08;6.566429906132274e-09;5.6950847408994495e-09;1.2192219538641616e-08;2.928797352903671e-08;6.438916785205141e-08;1.0224975014389009e-07;1.268874465044397e-07;1.1002165018591797e-07;6.777383809507376e-08;3.121315979467003e-08;1.2672627026482611e-08;5.831025520227027e-09;4.789515814555244e-09;6.990735373085125e-09;1.4780258548971032e-08;2.930970124456784e-08;4.743228449539025e-08;6.463421005983953e-08;7.620273082160957e-08;7.856910445930903e-08;7.286133701322443e-08;6.158377805592058e-08;5.017606842250426e-08;4.335577512363572e-08;4.5572468792080794e-08;6.097505413626497e-08;8.579337706683194e-08;1.1076851220620593e-07;1.2507043337265937e-07;1.2034760214685132e-07;9.426298495149065e-08;5.8928496116463254e-08;3.1486444385903e-08;1.6593160810565892e-08;9.772937083593729e-09;5.517548091097782e-09;5.407400872300054e-09;1.976226314264214e-08;1.2215045151409274e-07;4.710966703827234e-07;1.2027149264973348e-06;2.3132629087973063e-06;3.7449222606914815e-06;5.417040410997394e-06;7.239394414438953e-06;9.098421208593424e-06;1.094331642108646e-05;1.2810279536003177e-05;1.4635317348494864e-05;1.6448655854010758e-05;1.7959726620327975e-05;1.923182726427797e-05;2.0373623985010552e-05;2.1649383224240484e-05;2.3219425657677863e-05;2.4966540709958945e-05;2.631073058422753e-05;2.685066361880272e-05;2.6376850303382236e-05;2.534765855713279e-05;2.433771936747126e-05;2.3834107271682e-05;2.377775547055092e-05;2.384739447640574e-05;2.3643966605803584e-05;2.300115384209784e-05;2.203863568379397e-05;2.0999393457565475e-05;2.0443407634128564e-05;2.063225299743244e-05;2.1589097420466808e-05;2.281054235454053e-05;2.352165556775593e-05;2.3405264956449312e-05;2.2406551420878816e-05;2.1009880078520936e-05;1.985834807125448e-05;1.9385249099742998e-05;1.953544445099524e-05;1.9852876558671743e-05;1.996941315125476e-05;1.970228191290585e-05;1.927562768266372e-05;1.902499715132738e-05;1.9077793067887973e-05;1.930074591537653e-05;1.946438866929847e-05;1.9260266457027973e-05;1.8505654910671897e-05;1.769865042730983e-05;1.7178468886494485e-05;1.7121443665818874e-05;1.7585337355143988e-05;1.822118871666696e-05;1.871051272659932e-05
1927.8377072684448;2.612232031811344e-09;4.509062916780287e-09;4.559908560707443e-09;2.7850141134624304e-09;1.028219316262261e-09;5.241343494238555e-10;4.7818630443601846e-09;2.0189450638887333e-08;4.790551000719992e-08;8.064378568217187e-08;1.0259759710868135e-07;9.892080614147057e-08;7.079200791097041e-08;3.6715945018670944e-08;1.4976978389013882e-08;6.630824983089864e-09;3.847017316205839e-09;2.418441761361217e-09;1.52854571540675e-09;9.812157162988031e-10;8.7995161921238e-10;2.978066176293605e-09;1.0275354152597725e-08;2.005548372113016e-08;2.349018351867952e-08;1.7446262179794562e-08;8.411164317709041e-09;9.16009994987244e-09;3.00873203542153e-08;6.956524508089038e-08;1.211787516414078e-07;1.747344682648963e-07;2.2208553168436685e-07;2.491384405658914e-07;2.39345442342987e-07;1.8638259784845213e-07;1.1124894764538897e-07;5.0395802309354736e-08;2.1266110797139873e-08;1.537053343536193e-08;1.6451682101084583e-08;1.9977122419355636e-08;3.9156481198066394e-08;1.787030194978873e-07;6.14193005479141e-07;1.4220424781324315e-06;2.4670816268482918e-06;3.579930191250246e-06;4.74213085232049e-06;6.075655834536408e-06;7.700118695929337e-06;9.742691916586532e-06;1.2204352609494927e-05;1.4850850428227053e-05;1.7324255795073205e-05;1.9263153123645957e-05;2.0603079088940565e-05;2.1434147419572845e-05;2.227511735155648e-05;2.346285439782531e-05;2.493161756836283e-05;2.6165735646760804e-05;2.648894224936252e-05;2.5778634410760995e-05;2.4330014921135968e-05;2.2915417268583167e-05;2.226230386946696e-05;2.245293893003705e-05;2.3160714168545247e-05;2.3711328989083308e-05;2.3694733160637236e-05;2.308322315586409e-05;2.205562195121724e-05;2.11187673682966e-05;2.0682991782209787e-05;2.081678373375849e-05;2.121133468701572e-05;2.135694986829628e-05;2.09970717544615e-05;2.0204904063026527e-05;1.929533150793808e-05;1.8703887604709364e-05;1.8529367933676854e-05;1.867754779839741e-05;1.8980401839862225e-05;1.9190989197854848e-05;1.917435198708308e-05;1.8959684691891623e-05;1.8848018978334414e-05;1.899417949182455e-05;1.918499257200394e-05;1.9397612819473807e-05;1.946087136144438e-05;1.926234052098146e-05;1.8992724990278603e-05;1.8601857012501127e-05;1.8133577912286914e-05;1.7744365871196876e-05;1.7586717651433008e-05;1.7531735627670275e-05
1929.3262708625696;6.798930047286266e-10;1.179096462917437e-09;1.1962956840488939e-09;7.27569064123048e-10;2.671750653656709e-10;1.4874838691592028e-10;2.1317727784992007e-09;1.0158166071618764e-08;2.4013435945010768e-08;4.0352856529070395e-08;5.1301475171023846e-08;4.2169777372441775e-08;2.7170868647598e-08;1.3129798737638137e-08;5.3664916159017915e-09;2.7742594565484073e-09;1.875371594979781e-09;1.077713859651022e-09;5.481269854449986e-10;3.59955929838836e-10;9.248574252499555e-10;2.943798152985026e-09;6.255063482684397e-09;9.131190779426588e-09;8.987916431567097e-09;5.865593096720324e-09;2.859910897835402e-09;5.240595581155782e-09;2.0455153020443464e-08;5.282075009947901e-08;8.240780134396941e-08;1.0401761485078415e-07;1.1930831283377232e-07;1.2806302164131434e-07;1.2203933443734716e-07;9.479370028721413e-08;5.65621512634124e-08;2.6257898799548333e-08;1.6352564179405526e-08;2.320469325650192e-08;3.0504413863654006e-08;3.087893781820719e-08;3.5698324312313744e-08;1.2634535125373024e-07;4.2709828705534644e-07;9.838570465379689e-07;1.769795983303677e-06;2.759261864942407e-06;4.02086530201585e-06;5.625196791778902e-06;7.594040518833002e-06;9.863880716085442e-06;1.2300102302065932e-05;1.4783428279522226e-05;1.6899759205231795e-05;1.8668122504045365e-05;1.997002258397689e-05;2.0915772622899577e-05;2.1796280401030577e-05;2.2836877362873524e-05;2.419205024791641e-05;2.540541955979185e-05;2.590393682786973e-05;2.5525006535098584e-05;2.4722163723979003e-05;2.3682674662796927e-05;2.2842049247722195e-05;2.2405281071771875e-05;2.2450878917154477e-05;2.28265511977782e-05;2.2975078648763787e-05;2.2975403977725823e-05;2.2566456774416306e-05;2.180270355789732e-05;2.0963462063459227e-05;2.011888084464903e-05;1.9405963800745865e-05;1.88306937321872e-05;1.8464487859842525e-05;1.8320120268290645e-05;1.837597623492466e-05;1.8552038194057144e-05;1.8660647450638026e-05;1.86425240903998e-05;1.8483214123907454e-05;1.8220024916616864e-05;1.809730935432689e-05;1.8298382599176563e-05;1.8639077373292563e-05;1.8919640774051057e-05;1.896391230713932e-05;1.8841794366180952e-05;1.83256654139147e-05;1.7825470904025507e-05;1.748493329358852e-05;1.7255255213487296e-05;1.7037928409762696e-05;1.6784926510892666e-05;1.6463944237401075e-05;1.6308750953193547e-05
1930.814199573833;6.535851071551602e-10;4.567089550556027e-10;3.050338345829072e-09;1.7976760857611776e-08;5.232808732107466e-08;6.315526684791743e-08;4.833084732121017e-08;2.3930516820723554e-08;6.512047899087456e-09;2.7110157678434715e-09;1.538263680581767e-09;3.797328413735931e-09;1.4329889341450324e-08;3.4291561058609614e-08;6.254861846215145e-08;9.338700701791669e-08;1.2165354091631808e-07;1.4157958895511246e-07;1.4892367498485476e-07;1.3791003244757873e-07;1.0514076230538907e-07;6.291795409570408e-08;3.008289154362972e-08;1.7225562255619523e-08;1.7426460583553897e-08;1.7753049698035216e-08;1.4169498462309654e-08;9.749844484522273e-09;9.79212136329438e-09;1.4148908599817784e-08;1.5955437754860264e-08;1.2183625611861772e-08;6.7652793472167914e-09;5.2861210189816285e-09;2.135393822582477e-08;6.657182930317171e-08;1.1737426515138257e-07;1.296986131138929e-07;9.766399422716576e-08;5.9520152350960394e-08;3.9548470744468066e-08;3.127927973415311e-08;3.198276096632837e-08;9.794548302869173e-08;3.1269209604576615e-07;7.344720366212709e-07;1.4812214577391062e-06;2.6378726439045784e-06;4.25373420596787e-06;6.261712630836281e-06;8.508188231166438e-06;1.0809593577904864e-05;1.2968759366161657e-05;1.4909921069636346e-05;1.659332757030081e-05;1.8008771394460472e-05;1.908454319822641e-05;1.9876974756451564e-05;2.058341703302096e-05;2.1412356988031476e-05;2.2473758888273972e-05;2.367046421264114e-05;2.4834809033546265e-05;2.565717670556428e-05;2.59598943612703e-05;2.5586466134478044e-05;2.462119926057611e-05;2.3362016436110076e-05;2.22400480358977e-05;2.142413593256864e-05;2.1150811920200064e-05;2.107387897360968e-05;2.0939902327228253e-05;2.0578203753414624e-05;1.996869277425448e-05;1.9286282766910277e-05;1.8833865430136223e-05;1.86428990784683e-05;1.874577982227206e-05;1.896295532458737e-05;1.915597413607002e-05;1.921112812125589e-05;1.915890518459308e-05;1.924109120468329e-05;1.9270292198499307e-05;1.924546186567497e-05;1.9110994377443794e-05;1.886886986051756e-05;1.884645688178178e-05;1.8634071030266512e-05;1.836154856845868e-05;1.7896226436340706e-05;1.717960339223521e-05;1.643807639387599e-05;1.590188242429107e-05;1.5591836288896037e-05;1.542617346843733e-05;1.5336100793900394e-05;1.527266456274795e-05;1.5261400307599546e-05
1932.301493478488;2.2524765121771084e-09;1.7295718324743246e-09;1.0957001393294309e-08;5.041913898652756e-08;1.1227103256439725e-07;1.6269823764846545e-07;1.539317380180611e-07;1.012082713717447e-07;4.2578564424844006e-08;1.6119933058634052e-08;8.250325597211439e-09;1.0751927195930272e-08;2.9616640482324093e-08;7.150718167603376e-08;1.338463076712416e-07;2.0190740732295945e-07;2.590641957053951e-07;2.9019387785757985e-07;2.998569770593532e-07;2.762913433649005e-07;2.0998306899437067e-07;1.251855707679705e-07;6.438336101898496e-08;5.3814242271277924e-08;7.120074919741072e-08;7.54949691013404e-08;5.5188220873662924e-08;2.713871248340489e-08;1.0938641655225686e-08;5.1837527694008215e-09;3.110114212934908e-09;2.3500133495103824e-09;2.7706358760731326e-09;6.630114013963845e-09;3.98799481649757e-08;1.3096519326814656e-07;2.3327699256055346e-07;2.575742435048068e-07;1.855088880851535e-07;9.338018772549393e-08;5.3171128965574164e-08;7.359843506509473e-08;1.2554233576003774e-07;2.479812475817428e-07;5.31979394237628e-07;1.0122420703546876e-06;1.8098113709744703e-06;2.9666627302565007e-06;4.480434640579158e-06;6.289460928028718e-06;8.290351071036915e-06;1.0411294837280129e-05;1.2575133563539473e-05;1.4762951581708028e-05;1.682529034253047e-05;1.8673722274894657e-05;2.005279835038461e-05;2.0766782462607657e-05;2.0922977601414622e-05;2.0973824474749676e-05;2.1178771627112998e-05;2.1706804720702697e-05;2.2740585020357484e-05;2.413339897902486e-05;2.471900226331589e-05;2.443090808634651e-05;2.3640768802931857e-05;2.252825459406418e-05;2.143770848054344e-05;2.062344189027247e-05;2.036658288106734e-05;2.02733129063906e-05;2.032225240354023e-05;2.027522268168336e-05;2.0119570740978528e-05;1.9962585617306977e-05;1.9935339358605403e-05;2.0040847838762506e-05;2.011714790638885e-05;2.003435503188225e-05;1.9712833797441624e-05;1.941438128734888e-05;1.947704477527618e-05;1.992075243596357e-05;2.0427769554536048e-05;2.0654341072611546e-05;2.0333979303904845e-05;1.9464992677966285e-05;1.8467528012421896e-05;1.754074369315551e-05;1.704961339855136e-05;1.6769726755421896e-05;1.679566681538245e-05;1.6750085172139012e-05;1.6534990846994474e-05;1.6177402414921594e-05;1.5742223775607473e-05;1.5264382722870555e-05;1.498218252013344e-05;1.4849090067952506e-05
1933.788152652829;9.791129077812685e-09;2.8788745750645398e-08;5.726897047666148e-08;9.11805855778274e-08;1.237126563317372e-07;1.7256004494193977e-07;1.8731448497450253e-07;1.5331994703505032e-07;1.0055287342934165e-07;5.552175208402612e-08;3.0801476263448275e-08;1.7885028429124216e-08;2.152702027021252e-08;4.326968125547644e-08;8.277954842453056e-08;1.2635398144688278e-07;1.5774494289864305e-07;1.7749747819282446e-07;1.9454727961120585e-07;1.9372858751034186e-07;1.5716401458470617e-07;1.0120538583129722e-07;7.059933834477694e-08;9.298746998505583e-08;1.3069809433558566e-07;1.316779985773444e-07;9.167733636484002e-08;4.5388229416204415e-08;1.917972297106436e-08;8.914095304359042e-09;4.9476624904565185e-09;3.8288621123997325e-09;4.866649225541455e-09;8.241346523232164e-09;2.5408771283507836e-08;7.316413751171804e-08;1.3021496860527365e-07;1.4819497615875616e-07;1.1238773352654613e-07;6.328041929442167e-08;5.515198791430126e-08;1.1227616593124337e-07;2.1910356725362866e-07;3.701893054549395e-07;6.144162069254319e-07;1.0282730297278836e-06;1.743357472599516e-06;2.849951447224437e-06;4.33544412331089e-06;6.165068782972112e-06;8.225452700452967e-06;1.0496479533857686e-05;1.2948566873870495e-05;1.5484352507468226e-05;1.793937402665955e-05;2.011189771222213e-05;2.170911634014525e-05;2.25252276328574e-05;2.2515015559880035e-05;2.2010538762463507e-05;2.1571555620967483e-05;2.161937338929598e-05;2.2186182864291164e-05;2.309063965809725e-05;2.3739810888082773e-05;2.3748241441104943e-05;2.312414610703138e-05;2.2166554979171865e-05;2.134236243473028e-05;2.1049849057481357e-05;2.11886584446644e-05;2.152083719357279e-05;2.17348766436676e-05;2.1704705900192585e-05;2.1463665444283906e-05;2.121142289448624e-05;2.113118031355502e-05;2.1302128761021004e-05;2.1474007002265106e-05;2.1357744920606294e-05;2.0879423616600404e-05;2.020111338041325e-05;1.9924623581658414e-05;2.006115305260146e-05;2.0404796897540194e-05;2.0716932593923062e-05;2.060006717502773e-05;1.9901256954230508e-05;1.850882494458797e-05;1.711743310151579e-05;1.6274839577253877e-05;1.608011743017072e-05;1.6522898542896276e-05;1.722754863078693e-05;1.765990094806843e-05;1.7705302862206262e-05;1.7393256915968603e-05;1.685911872132009e-05;1.623151716604152e-05;1.580653490368568e-05
1935.2741771732071;1.1770655067485093e-07;1.6722212343754933e-07;1.9597441978323119e-07;1.762039764678277e-07;1.300113367081858e-07;1.039843768788594e-07;1.0711360242243053e-07;1.3244355422439304e-07;1.476353417439701e-07;1.260660744951035e-07;7.881887698988088e-08;3.0158422785700886e-08;1.269660783516416e-08;1.0235663546031648e-08;1.3763361063266992e-08;2.104360002523405e-08;3.29619591740508e-08;5.830967825457763e-08;8.88686802767161e-08;9.994787572103887e-08;8.692848425130695e-08;7.001847195223691e-08;1.0067269900556221e-07;1.6645780257606884e-07;2.1034340364838535e-07;1.890326370297717e-07;1.278888050279591e-07;7.656916096228573e-08;5.781065726591688e-08;6.239230157090992e-08;6.882014429252224e-08;6.1198169061683e-08;4.0580326371237635e-08;2.0667183936927903e-08;1.2313335145034791e-08;2.0010849542865277e-08;4.8172556555633776e-08;8.38851742202846e-08;9.252951083453195e-08;6.428793123501698e-08;4.8509651813432024e-08;6.914431231893471e-08;1.4458047004470918e-07;2.991317916978216e-07;5.405922862938352e-07;1.0045413451228609e-06;1.8191114720867984e-06;3.0759586775715988e-06;4.67149608609186e-06;6.603101667395832e-06;8.808663963060516e-06;1.1279790772759108e-05;1.3955416622257722e-05;1.667188927950974e-05;1.930067383421998e-05;2.1561301793459024e-05;2.3217121262501503e-05;2.4127780088773374e-05;2.430047400649183e-05;2.390692921980532e-05;2.323517946956399e-05;2.295356794365901e-05;2.3144960143414204e-05;2.3554590500877726e-05;2.418274714872265e-05;2.4693037814944653e-05;2.464359418804157e-05;2.3995492979942627e-05;2.3219878926838942e-05;2.2710866653709417e-05;2.256822414322721e-05;2.257966008915936e-05;2.2455225889527347e-05;2.194919233197005e-05;2.1092302245061512e-05;2.0502206804446385e-05;2.037984095681972e-05;2.07542272470026e-05;2.1392622264425132e-05;2.181860775123601e-05;2.173201540473201e-05;2.122033794293529e-05;2.046627445560387e-05;1.9821675448136037e-05;1.968789199157199e-05;1.979482663955032e-05;1.9781180599995695e-05;1.9494623129257893e-05;1.8786336752448883e-05;1.7742458039634935e-05;1.66874226133965e-05;1.6195900665666112e-05;1.639811981283058e-05;1.692803272186476e-05;1.7552343190638062e-05;1.8070367129956998e-05;1.829822093021632e-05;1.818199993443805e-05;1.774540153166311e-05;1.730196370803861e-05
1936.7595671160125;2.108065365320788e-07;2.518660794727701e-07;2.4383760544190734e-07;1.7687910054860066e-07;9.686107381956996e-08;4.106055081059742e-08;3.797675941860232e-08;8.645430005172824e-08;1.394723634019068e-07;1.4234411522591328e-07;9.298359402648909e-08;4.1320797121811757e-08;1.653854403111104e-08;8.020399754134822e-09;4.680978823970644e-09;6.887372984259417e-09;2.2831698185473767e-08;5.3704831621860646e-08;7.952076259366837e-08;7.737828974296445e-08;5.492918425799098e-08;5.888931339580254e-08;1.2819961250082098e-07;2.234321518219861e-07;2.688438532642657e-07;2.3034039082849367e-07;1.5402680520996508e-07;1.000943122645426e-07;9.077098129755465e-08;1.1326208544440142e-07;1.317387295202975e-07;1.1799031221470565e-07;7.516091731571194e-08;3.291046241417981e-08;1.503436828276867e-08;2.426362952958325e-08;6.64439817224338e-08;1.2594472197995068e-07;1.464270511269537e-07;1.098361679673612e-07;5.393082197960407e-08;2.56878346875676e-08;5.8629180556488966e-08;2.0348519104174745e-07;5.747830587842455e-07;1.3217808181315788e-06;2.5065893199399404e-06;4.003140417059877e-06;5.589680536378903e-06;7.155778832040959e-06;8.84390915134364e-06;1.081091481055003e-05;1.3236997598043147e-05;1.6069103158454355e-05;1.9058863464711928e-05;2.175508420229289e-05;2.374685580445353e-05;2.4834536335340065e-05;2.512747066618437e-05;2.485081751158301e-05;2.4239187774670958e-05;2.3421189295513707e-05;2.2678806544801106e-05;2.235167192818207e-05;2.2665752920483888e-05;2.341660621676976e-05;2.4110229099698225e-05;2.4230312521748603e-05;2.38056338529365e-05;2.3132608114679934e-05;2.254990934409787e-05;2.202227383666845e-05;2.143000507142613e-05;2.0759377117667357e-05;2.0071105592372863e-05;1.9547910188349245e-05;1.936153336368363e-05;1.957049387491208e-05;2.0081082155819423e-05;2.0717459764341106e-05;2.12747736488487e-05;2.171319596330697e-05;2.171550480726955e-05;2.129095311370953e-05;2.0600223570251023e-05;1.979846703679172e-05;1.9229252848346232e-05;1.891310489280125e-05;1.870647315385333e-05;1.833352637867164e-05;1.7607601457466564e-05;1.6889027440021738e-05;1.6416976964737696e-05;1.621935616823032e-05;1.647403072562549e-05;1.7167259640099195e-05;1.7964656859118597e-05;1.8420293954390543e-05;1.853876970788563e-05;1.8423254092730847e-05
1938.2443225576933;1.0128291411845369e-07;1.1226869091422873e-07;1.0329725130593009e-07;8.806955214248662e-08;8.833371792948403e-08;7.669742235888983e-08;6.174902425502964e-08;5.587708935447769e-08;6.853222543543378e-08;6.740290291849635e-08;6.23743137048348e-08;6.70658886051959e-08;5.9441215252638186e-08;3.721415590974314e-08;1.7629164157908092e-08;1.0418257665599382e-08;1.7536433619497347e-08;4.1425358544300166e-08;7.0240351134509e-08;8.68666464962205e-08;7.560415431442834e-08;6.908007799683355e-08;8.682297514447032e-08;1.229113503295365e-07;1.387329470187776e-07;1.1695648308594667e-07;7.779204882866807e-08;5.0434235655792375e-08;4.6061403900803086e-08;5.8244174418645853e-08;6.834294265790324e-08;6.125014822362353e-08;3.8910903766487395e-08;1.6948420427862582e-08;7.685263016472882e-09;1.6451173009907485e-08;5.348997449005418e-08;1.1338295267911879e-07;1.4538469593455848e-07;1.3723658832334534e-07;8.535273227151317e-08;4.0679835055083044e-08;4.734484015990264e-08;1.5403464856118197e-07;5.219259030662364e-07;1.3416837926354126e-06;2.672782942014857e-06;4.422151579069442e-06;6.150994606159482e-06;7.6028680622513215e-06;8.81371278953148e-06;1.0192844618221535e-05;1.2150630555648628e-05;1.4560524553501578e-05;1.7176774404868918e-05;1.971641350148672e-05;2.1830674241375536e-05;2.347326971629545e-05;2.439582968534146e-05;2.4570394429092103e-05;2.4436052289975966e-05;2.382170287893059e-05;2.2689601857022315e-05;2.183803987358171e-05;2.170409375898249e-05;2.220076272210244e-05;2.2739020819797763e-05;2.277220353594685e-05;2.2187412958816983e-05;2.1190132871077936e-05;2.0216705462960554e-05;1.961795077943235e-05;1.9339904798582654e-05;1.947821241467897e-05;1.9832601340644176e-05;2.001769844393279e-05;2.012729350323392e-05;2.020097139521963e-05;2.0299796892294472e-05;2.051849354977973e-05;2.0895088508444503e-05;2.1410973098026247e-05;2.1619444742740388e-05;2.144191483639165e-05;2.0663129525136017e-05;1.9827034915798065e-05;1.9433498863944415e-05;1.931897327191608e-05;1.937393163801716e-05;1.9379900672702864e-05;1.9085190181202544e-05;1.8473171401195585e-05;1.7663509080301525e-05;1.7099299758321626e-05;1.6901728394655294e-05;1.7205475372217144e-05;1.7880901237555967e-05;1.8571871463494997e-05;1.9013905317844107e-05;1.9224996582757003e-05
1939.7284435747351;3.2467266165384895e-13;2.3235687148067457e-10;1.2142969986847513e-08;5.7330421979480495e-08;1.1683197726859161e-07;1.3991664587078926e-07;1.1462538858413675e-07;7.218532905767807e-08;4.209769838048452e-08;2.8820120760979255e-08;5.2134636794225915e-08;9.919540121325129e-08;1.2149512193774838e-07;9.62705823527937e-08;5.1383233029500446e-08;2.2185101830781306e-08;1.596490852719436e-08;3.9378506920841896e-08;9.382965454738476e-08;1.4966142464936498e-07;1.7020276399212166e-07;1.4556346105313122e-07;9.631533775162403e-08;5.0147222999386775e-08;2.5656595683110677e-08;2.9902016749100795e-08;4.98005724616564e-08;6.20154524027176e-08;5.4977148163379094e-08;3.6012913301870494e-08;1.9783281469297393e-08;8.672650960806057e-09;3.8216215394333686e-09;2.021483274545012e-09;2.057369525500476e-09;1.2333234623374528e-08;4.375461585065913e-08;9.407440598902216e-08;1.3962395025696993e-07;1.4741234402897946e-07;1.1023201304306495e-07;5.925997985044077e-08;3.7913428844844155e-08;9.47901143551733e-08;3.121933942343485e-07;8.373869511021924e-07;1.852996394551316e-06;3.494192266819879e-06;5.500951755448524e-06;7.4125593079209474e-06;9.00443575602649e-06;1.0455869934763746e-05;1.2101241313713523e-05;1.3973899323665718e-05;1.595473159954685e-05;1.800711363194367e-05;2.004125002286796e-05;2.1927028280027488e-05;2.362062642554868e-05;2.484783931549532e-05;2.523979081597545e-05;2.4782149235440768e-05;2.383971659091554e-05;2.303096148463471e-05;2.271881027714473e-05;2.2885532589648234e-05;2.3095987219772115e-05;2.2715367498925573e-05;2.1544436069333918e-05;1.991850232683456e-05;1.837768215479105e-05;1.761051612404536e-05;1.7823487185905064e-05;1.868645607150933e-05;1.9665087144065376e-05;2.0502620387716332e-05;2.1084289743957417e-05;2.14179050428844e-05;2.151803924051401e-05;2.134308757193112e-05;2.09653141547255e-05;2.045757642227288e-05;1.975517790075054e-05;1.8837117911332343e-05;1.7938220037129325e-05;1.75173463821615e-05;1.7823351087358305e-05;1.866525794835806e-05;1.9685649951840976e-05;2.032577296439346e-05;2.067862577946344e-05;2.0630873906471843e-05;2.024857852358471e-05;1.9738900723579388e-05;1.9161855905039485e-05;1.8698397260565043e-05;1.8528096815219903e-05;1.869099870527374e-05;1.9094750108478468e-05;1.9411163087140893e-05
1941.211930243684;4.4557411640260836e-10;2.4262602799139483e-09;1.5844212511883293e-08;5.80676162486869e-08;1.156104174067546e-07;1.495537421681277e-07;1.4346579175721408e-07;1.0952365158374963e-07;7.243733913939023e-08;4.7622366472378216e-08;6.05327820781933e-08;1.1200248617784741e-07;1.7107736926117126e-07;1.90437265868869e-07;1.7761747080141917e-07;1.541269844956702e-07;1.251229088980533e-07;1.0575298951183373e-07;1.1888892321597893e-07;1.6056581604283997e-07;1.862946385858369e-07;1.793174960733061e-07;1.4622709118191445e-07;1.3260128380320765e-07;1.5548317410339558e-07;2.1469047674602234e-07;2.694179835690297e-07;2.646399978826314e-07;1.9529547737499839e-07;1.0768879173151057e-07;5.0304427796935295e-08;2.6818720747925388e-08;2.6964678471040928e-08;4.6172871313469365e-08;6.293327167709899e-08;5.7529214727488634e-08;5.23958916880311e-08;5.757098143153263e-08;7.481100195771654e-08;7.543583980769827e-08;5.653026207873713e-08;3.2077746948024384e-08;2.2928320535973565e-08;5.7314323584201264e-08;2.028764760940751e-07;5.600353864226582e-07;1.315881098510238e-06;2.5490210002162835e-06;4.27232602880223e-06;6.182114086801633e-06;8.117218516923728e-06;1.0057668323394788e-05;1.1935949649666255e-05;1.3921120958127088e-05;1.5881491142424384e-05;1.7855734096741864e-05;1.9669781952273024e-05;2.120093812416576e-05;2.2514983064656838e-05;2.382717554005322e-05;2.4580282267917917e-05;2.475304139762188e-05;2.470295318886958e-05;2.44712213750036e-05;2.417832849718682e-05;2.394709730506693e-05;2.375518051177481e-05;2.34541794701303e-05;2.2799145746596124e-05;2.1834482400600997e-05;2.0776506529573398e-05;1.989993432956702e-05;1.9326003664118174e-05;1.898827553690059e-05;1.90997965875768e-05;1.946620514488984e-05;2.007277629087499e-05;2.07033713191802e-05;2.1077718420253742e-05;2.105063743868743e-05;2.0637937045502307e-05;1.9848755428713785e-05;1.894281680908833e-05;1.771344126788759e-05;1.665035124415812e-05;1.618766276964577e-05;1.657986076755382e-05;1.7676763351720516e-05;1.896275480417804e-05;2.0021201020937398e-05;2.0576441124139703e-05;2.054825880874606e-05;2.0253457253437043e-05;1.970488996963053e-05;1.8974839115856475e-05;1.823434055683857e-05;1.7728338817170596e-05;1.7632294686848535e-05;1.7850157850469864e-05;1.8253136847411312e-05
1942.694782641127;5.983098350861458e-08;8.522507914534206e-08;1.22545960420909e-07;1.765052551499591e-07;2.315868405538021e-07;2.5200159442472936e-07;2.234959742870893e-07;1.6602968025661698e-07;1.0819924115441465e-07;6.963989106718784e-08;7.483749758411764e-08;1.282604702780305e-07;1.9994154772259158e-07;2.562106273865355e-07;2.8401386671297506e-07;2.78421150880526e-07;2.3372435829555577e-07;1.6332492468903576e-07;1.0505149807158038e-07;8.614702021117487e-08;9.587003045408045e-08;1.0631057782110915e-07;1.2102941388727324e-07;1.679360524885284e-07;2.5504645788068176e-07;3.500164278393872e-07;3.9569794359044526e-07;3.474164302343337e-07;2.293862870975161e-07;1.1368966662854716e-07;5.57061145451372e-08;4.4543443786859584e-08;6.264045634717879e-08;1.0208102158762537e-07;1.2760518225468892e-07;1.1126400125727042e-07;6.72862828978265e-08;2.9817148662445935e-08;1.4103110124059557e-08;7.599603963889468e-09;5.258169769342295e-09;6.5930019134032166e-09;1.791871556770609e-08;6.310554555791826e-08;2.187023124499617e-07;6.187514401073038e-07;1.372900208642997e-06;2.4995217378840194e-06;3.950890737622472e-06;5.64783169591959e-06;7.555329320151869e-06;9.671973484677192e-06;1.1748343731585812e-05;1.378716206413488e-05;1.564799412895106e-05;1.739339673090107e-05;1.891960694773054e-05;2.0160312878185403e-05;2.1073330580970428e-05;2.181404431164623e-05;2.2572343482607564e-05;2.3368694359256836e-05;2.404685082839755e-05;2.4352696275707195e-05;2.4270710301343404e-05;2.398626738129895e-05;2.3825348765181557e-05;2.3786855227382364e-05;2.392991334556093e-05;2.396218163805451e-05;2.3651943528486184e-05;2.278053330726818e-05;2.142311852515844e-05;1.993657222279341e-05;1.8919158024650697e-05;1.8657226484622256e-05;1.9114703189675065e-05;1.984795106664536e-05;2.037248017166629e-05;2.0530177956212952e-05;2.0351609400961855e-05;1.995016162035316e-05;1.945369439056125e-05;1.8939780309305377e-05;1.8476033569845963e-05;1.814675730773334e-05;1.802979494181599e-05;1.810600495432802e-05;1.828289744859494e-05;1.8538543139753392e-05;1.850878279442623e-05;1.826581871598345e-05;1.785091930408741e-05;1.734007464795397e-05;1.677965075033308e-05;1.6206971234469812e-05;1.5811200078601563e-05;1.5635589016753996e-05;1.5554499166832164e-05;1.558083469534634e-05
1944.177000843698;1.1831294687683719e-07;1.6475156996021464e-07;2.2250823697282685e-07;2.933240709238855e-07;3.7893418684327817e-07;4.389418550112498e-07;4.298339667575338e-07;3.5600181919903855e-07;2.620096913490084e-07;1.963672748162193e-07;1.7970293997162326e-07;1.9457312565877962e-07;1.996174557273623e-07;2.021166451023145e-07;1.815324591859693e-07;1.5457944957447449e-07;1.2369230065588262e-07;8.363042071928438e-08;4.724309251556876e-08;2.617550660948365e-08;3.27992916828188e-08;3.9871953977844404e-08;5.3197550493174895e-08;7.825029608614479e-08;1.2189184320847726e-07;1.636578114232087e-07;1.7517287824348649e-07;1.441547906014985e-07;8.833504596859449e-08;4.1617885882971194e-08;2.7359265784696757e-08;3.867440515651004e-08;6.350904132345559e-08;1.0152729308832241e-07;1.2908717771784057e-07;1.310236605382137e-07;9.572174135576956e-08;4.968954603844854e-08;2.434404836412913e-08;1.3019623194513434e-08;1.3968758932100802e-08;3.7107265300612844e-08;1.0303300829584446e-07;2.315741476221441e-07;4.675517786511284e-07;9.214298862266238e-07;1.6727358442327232e-06;2.78255332683328e-06;4.284606816707244e-06;6.181586779265333e-06;8.392743004812427e-06;1.0704965566730112e-05;1.2797736904730744e-05;1.4455217058740176e-05;1.5770574378318108e-05;1.6886353201086224e-05;1.814752748541541e-05;1.937930056118251e-05;2.0671281017862693e-05;2.171897462204279e-05;2.2358045888457725e-05;2.2721618627626544e-05;2.2996532960089454e-05;2.3118766470612976e-05;2.32576614524412e-05;2.3328416097422903e-05;2.34228865684697e-05;2.349145915056954e-05;2.3315716294932757e-05;2.2958508958175653e-05;2.2518914382227253e-05;2.188575670303242e-05;2.114056252106616e-05;2.053094803134968e-05;2.010330438758886e-05;2.0172735453012627e-05;2.0565054197275347e-05;2.10332614879292e-05;2.1333215933517e-05;2.139628901924789e-05;2.126720471599561e-05;2.1068628912760776e-05;2.088233759567197e-05;2.080995798608864e-05;2.063825368552412e-05;2.0241075418099112e-05;1.954987806306947e-05;1.8631182322480693e-05;1.769338530360724e-05;1.697836039482218e-05;1.6662421528239815e-05;1.6797810652997836e-05;1.6887496520615695e-05;1.7039782496124737e-05;1.7009753912468213e-05;1.6705522729087233e-05;1.6137214879897436e-05;1.5318826311231243e-05;1.4470955682290376e-05;1.370850261480347e-05
1945.6585849280816;5.987655549824008e-08;8.318417281001194e-08;1.1440086869892821e-07;1.7319570405988046e-07;2.855576441094774e-07;4.1060485217123074e-07;4.678358951297897e-07;4.254795530314037e-07;3.35962157606349e-07;2.76372454466655e-07;2.594959384606553e-07;2.425288716491124e-07;1.9167694809302505e-07;1.201587918164507e-07;6.455685274805363e-08;3.2219912751448513e-08;1.5155980570928867e-08;8.472512903261852e-09;6.230111017137586e-09;6.980554239040164e-09;1.0074450914438058e-08;1.1155838837825934e-08;1.0120458961892841e-08;1.153041541124214e-08;1.1891053234608449e-08;1.4463112493156672e-08;1.0889737069840446e-08;3.2022914707875353e-09;1.1577677370583376e-09;2.164197049110934e-09;5.786611613980244e-09;1.6630598296543746e-08;3.06979749466551e-08;6.394337474288249e-08;1.1169709735297884e-07;1.3721677359412842e-07;1.1695538659714081e-07;6.998876931361076e-08;3.3708175062866434e-08;1.6687489477164155e-08;2.032749678368366e-08;6.393566194504661e-08;1.7972144727744266e-07;3.8168891128647437e-07;6.923708313670002e-07;1.1854512461891686e-06;1.9415538306459407e-06;3.012335449317224e-06;4.43208807867346e-06;6.284397784051215e-06;8.560083573974878e-06;1.102921082221612e-05;1.3307101414579766e-05;1.506698393743086e-05;1.6355048684239452e-05;1.75470655247871e-05;1.887006723977184e-05;2.047475603015169e-05;2.2146890305350728e-05;2.3459838320629512e-05;2.4096805318864303e-05;2.40335645363257e-05;2.3600986471743343e-05;2.319593251517603e-05;2.2926179935425267e-05;2.2910581463784283e-05;2.2765054323398007e-05;2.2549714227114822e-05;2.2098119714765364e-05;2.1533737632530027e-05;2.100150522813232e-05;2.0679734444845127e-05;2.0600015703289017e-05;2.0753393827292825e-05;2.1045312614773948e-05;2.1320470960145288e-05;2.1491138614278928e-05;2.150122117970321e-05;2.134976688154642e-05;2.108179220093404e-05;2.078383574341385e-05;2.0614860065330925e-05;2.0664443083317e-05;2.0845765403735937e-05;2.090202876914392e-05;2.0540497717577462e-05;1.967151518806421e-05;1.8446173907530364e-05;1.7124603966206245e-05;1.618671496885268e-05;1.590528560821035e-05;1.626757430828803e-05;1.6982545804736633e-05;1.7665423500099743e-05;1.8037900278143325e-05;1.8057286106790084e-05;1.7676405652075713e-05;1.6980610552862703e-05;1.6118967001810047e-05;1.5440969149624062e-05
1947.1395349710076;2.2506726368829914e-09;2.194393900960367e-09;5.089392796156161e-09;2.9285805084975585e-08;9.198512034802303e-08;1.654824895581506e-07;2.0149871505286118e-07;1.832804073270736e-07;1.4383583596023472e-07;1.2301946918984616e-07;1.2278183172804098e-07;1.2028762381066988e-07;1.0019975433026605e-07;6.266014618989509e-08;4.6564142848430014e-08;4.062446304455413e-08;2.9732255268393496e-08;2.1370079196221076e-08;1.2473674672525461e-08;5.428285071476931e-09;2.739458099085552e-09;2.827953872995932e-09;6.812475989106621e-09;1.8680236458680704e-08;3.180492355061588e-08;3.377580930770104e-08;2.2828402602661163e-08;9.234071511699785e-09;3.210500537550276e-09;2.318132106942803e-09;3.263391594033575e-09;5.115974992088192e-09;8.721560750076938e-09;2.2386104011280758e-08;5.0439571067820227e-08;6.79194715411766e-08;5.8548022724725714e-08;3.536335659868111e-08;1.729190673159109e-08;8.645338871288696e-09;1.0060167847827668e-08;3.2229939778044776e-08;9.787669375582144e-08;2.525249759629849e-07;5.830998601361849e-07;1.1570872925826415e-06;1.98154043096676e-06;3.074049450149273e-06;4.426511760673239e-06;6.090720696863991e-06;8.084168212377134e-06;1.0236510685824215e-05;1.2247061469484172e-05;1.4215104407210352e-05;1.6033829199337127e-05;1.769795474181947e-05;1.9368663074057566e-05;2.120276038817022e-05;2.3061601665259893e-05;2.450649075171068e-05;2.5412939982005007e-05;2.5463112697494623e-05;2.466623881817331e-05;2.3534554160147067e-05;2.2363529015413977e-05;2.163310265106682e-05;2.1322997871270094e-05;2.1308182120021775e-05;2.158331517343256e-05;2.165447161733972e-05;2.1552318705987484e-05;2.1319382164816588e-05;2.1051027131925808e-05;2.0794650741482118e-05;2.0570388776728436e-05;2.0329407226548585e-05;2.008906006343845e-05;1.9842756934912574e-05;1.955767020463946e-05;1.922376131481576e-05;1.8907473300635867e-05;1.880264578438689e-05;1.904639494122582e-05;1.9548828303879217e-05;1.9953067196305517e-05;1.985075837017677e-05;1.9183884199948077e-05;1.8153747159603475e-05;1.7246129803960573e-05;1.66317796320617e-05;1.646201441421963e-05;1.672161267495709e-05;1.7335364557668015e-05;1.7838232615786965e-05;1.8172189362354727e-05;1.830765754743424e-05;1.828980699377024e-05;1.8182578418545906e-05;1.7987304192431636e-05;1.774854520280163e-05
1948.619851049254;3.685725230609052e-09;5.943968311767072e-09;9.146494905414238e-09;1.3477365316716266e-08;2.0965372723716583e-08;2.7571665209573424e-08;2.558650766524039e-08;1.5293021014144855e-08;6.1675016525749414e-09;3.643415668520248e-09;8.293335071074714e-09;2.6518329245712312e-08;6.940315356883137e-08;1.1994105282504072e-07;1.4084474687585705e-07;1.2404498352624422e-07;8.789184574743092e-08;5.512699817497446e-08;2.98030946699611e-08;1.5732029552279472e-08;1.8457495988072072e-08;3.5471788642841315e-08;5.8459412716560406e-08;7.339136499725229e-08;6.973906439409966e-08;4.643652160858514e-08;2.6301257957479725e-08;3.0058900816391497e-08;6.389955536293073e-08;1.0783943341405842e-07;1.2030544239299553e-07;8.90654043038625e-08;4.369045552810823e-08;1.8595229485368913e-08;1.8849708018204468e-08;4.255944855562613e-08;8.439512300200076e-08;1.1440388665691793e-07;1.0664961748013613e-07;6.941895155157854e-08;3.335760921726287e-08;1.627897826064192e-08;2.81692963592955e-08;1.489394154883676e-07;5.004706369828104e-07;1.1613493528057336e-06;2.1242107345233945e-06;3.332553490325944e-06;4.787586299905129e-06;6.541666417688336e-06;8.480997676401412e-06;1.0463945043065282e-05;1.2342772157598028e-05;1.3969721768116872e-05;1.5500739214215248e-05;1.6836130232045694e-05;1.8152577305346003e-05;1.960082371822413e-05;2.124003252601025e-05;2.289636737578561e-05;2.429905736905857e-05;2.499490113848115e-05;2.47048791278097e-05;2.347422842175338e-05;2.2051626560307567e-05;2.097655866706681e-05;2.0738932170842286e-05;2.1158565674711645e-05;2.180652806861369e-05;2.2226254220245492e-05;2.2249043988780192e-05;2.1861048292553712e-05;2.1216547693837868e-05;2.0519733972794958e-05;1.995391130353208e-05;1.959549121094196e-05;1.959924050767669e-05;1.962987412306404e-05;1.9576026322407704e-05;1.9350709045182603e-05;1.8856122003770036e-05;1.85081626335609e-05;1.8488963869244808e-05;1.8787166572509717e-05;1.9220375611840976e-05;1.9380061923549365e-05;1.9206114273481105e-05;1.8770577595212407e-05;1.831659543794453e-05;1.802209207601638e-05;1.7908477037940784e-05;1.7963734017020434e-05;1.8181088077425044e-05;1.846798673000048e-05;1.8682943060840823e-05;1.8653025392150045e-05;1.842039460190961e-05;1.8146854378717116e-05;1.787938992558376e-05;1.772139781782156e-05
1950.0995332396487;1.1507407079987448e-08;2.216091574281102e-08;3.2651773051295525e-08;3.442356101369468e-08;2.6161138055972625e-08;1.5745313708193908e-08;9.346507468245125e-09;5.3219381036774545e-09;2.6246772800271704e-09;5.106005108396445e-09;1.884129211520377e-08;5.978038438709542e-08;1.3431721955985998e-07;2.137360127173819e-07;2.3984500085769226e-07;1.931374002063317e-07;1.1781325664643504e-07;6.213855194091903e-08;3.3348280239625044e-08;2.356334016136612e-08;3.4069931942987084e-08;6.617485343031836e-08;1.0559780415986961e-07;1.198717707296063e-07;9.442161376201165e-08;5.1650857023860575e-08;2.743521871563028e-08;4.734035842400235e-08;1.231610308252549e-07;2.1281492211171179e-07;2.364261120279388e-07;1.722208115323002e-07;8.084721301305979e-08;3.217019572113838e-08;3.4947792061398576e-08;8.389776075697143e-08;1.678129047195754e-07;2.2730799738325017e-07;2.113421930961404e-07;1.3706221516774074e-07;6.567103792964573e-08;3.10288401936604e-08;4.5527121918335066e-08;1.76639786194647e-07;5.384900102418915e-07;1.1854924533358483e-06;2.048931855443536e-06;3.1085896445313653e-06;4.422206632088072e-06;6.077034873515232e-06;8.083848766290521e-06;1.0455540227142035e-05;1.30315943671238e-05;1.5287136187068947e-05;1.7046744226585787e-05;1.8265168767656912e-05;1.912390403623659e-05;1.9885952694824506e-05;2.075893260547592e-05;2.1652499620808405e-05;2.2697104355360985e-05;2.3495147239340757e-05;2.392557474343457e-05;2.3970485385163837e-05;2.3689403323088177e-05;2.32203846624271e-05;2.2686899390326936e-05;2.218679353636062e-05;2.177182935019341e-05;2.159724115291492e-05;2.1436055703786428e-05;2.117167583082672e-05;2.0696579632387816e-05;2.013979241774103e-05;1.972992594349642e-05;1.9642422072795116e-05;1.98484782155836e-05;2.007826227028396e-05;2.0081220023197835e-05;1.9752133351951053e-05;1.912583869027785e-05;1.8458991020508558e-05;1.798848359816638e-05;1.7914665763800933e-05;1.8274755256039503e-05;1.8788643077434037e-05;1.9161895822158788e-05;1.9221884451461123e-05;1.8825474757944218e-05;1.83676279037601e-05;1.7979956784472402e-05;1.7751040645491313e-05;1.7647574022882638e-05;1.762215984813494e-05;1.7604330794620648e-05;1.753875357934043e-05;1.760226227870871e-05;1.7456086769830687e-05;1.7195552605232306e-05;1.7229960689603905e-05
1951.5785816190617;2.926197466840396e-08;4.93007035074685e-08;7.79430870108453e-08;8.582620106655232e-08;7.006297060566215e-08;4.0807373760296336e-08;1.8236646261924312e-08;8.538676200894386e-09;4.585347727287446e-09;5.601317988508443e-09;1.7891013856173153e-08;4.7831996952420515e-08;9.184812029333341e-08;1.2632274873864478e-07;1.272531725208504e-07;9.56341305142913e-08;5.3386172675830464e-08;2.6146193217094683e-08;1.5643480367313863e-08;1.3963682187150374e-08;1.9434696005253352e-08;3.461477761304771e-08;5.596837502839845e-08;6.707822101440436e-08;5.6409825719129735e-08;3.314174020544153e-08;1.7267447283888934e-08;2.4983510352428912e-08;6.232588243929289e-08;1.0673010490372937e-07;1.1824063222659313e-07;8.621310973802403e-08;4.3734503831006506e-08;2.643796209956828e-08;3.2853957597554865e-08;6.077521808448379e-08;9.694716789171372e-08;1.1906415215289427e-07;1.0771769784584384e-07;7.006102056007937e-08;3.5425459094462675e-08;2.7571697459754674e-08;6.0235480467877e-08;2.124016096670632e-07;5.880255426077468e-07;1.1856017215626462e-06;1.8691035334107452e-06;2.5998777817752766e-06;3.415311549281108e-06;4.535478311995017e-06;6.3426430517657e-06;9.04739427488122e-06;1.256017814796214e-05;1.625773836398215e-05;1.9479949052172863e-05;2.1664118230419576e-05;2.292035973025984e-05;2.349104160397384e-05;2.367483706937533e-05;2.3550478865663123e-05;2.3202080409475196e-05;2.308511857612985e-05;2.338880450781782e-05;2.3932777618687392e-05;2.429384703985121e-05;2.4001437664432795e-05;2.295976615981268e-05;2.1546146720578703e-05;2.0390178030037347e-05;1.992733993058292e-05;2.014890800075501e-05;2.061211132225893e-05;2.0978989592020587e-05;2.085494206343364e-05;2.036980192681868e-05;1.9849492434054243e-05;1.947782542305632e-05;1.929188931614983e-05;1.923338299620042e-05;1.9217726625678185e-05;1.8996545073238236e-05;1.8564026365927945e-05;1.8082493768425992e-05;1.7654587943582143e-05;1.756862991664512e-05;1.7848751057119047e-05;1.8179197536422864e-05;1.8275231091563027e-05;1.8096579139431088e-05;1.7754182000878493e-05;1.7418839164138756e-05;1.714035699018719e-05;1.679404990149347e-05;1.6388160513809048e-05;1.6035441280673177e-05;1.5804592450218394e-05;1.5867332027467744e-05;1.6075118860493724e-05;1.6399874107959283e-05;1.664895769746178e-05
1953.0569962644183;9.746168139535683e-08;1.0209960263667265e-07;1.1947176641208542e-07;1.3412110125994878e-07;1.333948384182921e-07;1.1812450520357377e-07;9.34622683822667e-08;6.302003268862251e-08;3.273556401003095e-08;1.549278847727597e-08;1.343589950550604e-08;2.4748803149980358e-08;5.3186017814199514e-08;7.317294180402514e-08;6.707512012127723e-08;4.515682028692953e-08;2.4158340462767325e-08;1.2821564654353951e-08;7.494302173076986e-09;5.107798363235363e-09;5.232141578312732e-09;1.0070354419184877e-08;2.118486607056948e-08;3.0582278037643764e-08;2.9018714905822223e-08;1.865876885150896e-08;8.137841657303136e-09;2.932933503033265e-09;1.699051511890002e-09;1.0702156920465566e-09;7.100428703773008e-10;2.1890905755894383e-09;1.0485477224464205e-08;2.5807146460599372e-08;3.699626318223783e-08;3.4880186067044536e-08;2.6054610719312097e-08;2.860615103318789e-08;4.650708735644616e-08;5.834742474390128e-08;4.96768309927579e-08;4.0992338135753265e-08;6.588363418562607e-08;2.02724044483739e-07;5.50008654166983e-07;1.1484565658464042e-06;1.904963996458644e-06;2.624141165181275e-06;3.3543498340888016e-06;4.270653466212658e-06;5.732985314812707e-06;8.132179581574877e-06;1.132394849608446e-05;1.5070176165682609e-05;1.863898549322116e-05;2.1503863825355905e-05;2.348932351390758e-05;2.4850859931312188e-05;2.548123456033703e-05;2.5464664294044203e-05;2.4926832051698027e-05;2.422547671178257e-05;2.3578162665473305e-05;2.319788146407502e-05;2.277820572961623e-05;2.1995575513773792e-05;2.087469117240133e-05;1.9884015121762005e-05;1.9302973318858608e-05;1.9348645139218023e-05;2.005407900333259e-05;2.1024132894628615e-05;2.1776939342146655e-05;2.2007994739631447e-05;2.167484529422413e-05;2.09384463933117e-05;2.017895415822593e-05;1.9721466198030765e-05;1.966762347781865e-05;1.9934159608161742e-05;2.026581661033941e-05;2.041204008120579e-05;2.0209339055911357e-05;1.9667890828580512e-05;1.895928689846806e-05;1.825633570495702e-05;1.7718335384937767e-05;1.743321273737504e-05;1.756343567795926e-05;1.7906177580648423e-05;1.8297215524426964e-05;1.84385955565165e-05;1.816673675738633e-05;1.7478886677101995e-05;1.649087719158441e-05;1.546052828049404e-05;1.4578440263707484e-05;1.4378619819106197e-05;1.479530662360193e-05;1.516113006241276e-05
1954.53477725268;1.9639184238573e-07;1.6073032183846662e-07;1.2300117322667284e-07;1.038020401847248e-07;1.0992973849960709e-07;1.3591673759484912e-07;1.4010033792698205e-07;1.05752058137158e-07;5.6165455095108806e-08;2.4654437560071787e-08;1.3265089272991304e-08;2.3695285162040642e-08;6.638926880592263e-08;1.1299741411373705e-07;1.1982564024459452e-07;8.426000595808629e-08;4.757273153633909e-08;4.9673192446218696e-08;1.0154452926138003e-07;1.5414795085717825e-07;1.7441441760982637e-07;1.5064507325738402e-07;1.0726478724523789e-07;6.922713258772317e-08;4.541635513685935e-08;3.2932410242054744e-08;2.4414591121844663e-08;1.6519785115176294e-08;8.933248207203629e-09;3.8795948911064284e-09;2.018843745723339e-09;4.322902862762346e-09;1.3326482648868452e-08;2.4974431901411173e-08;3.101685494671474e-08;2.281946926492989e-08;2.1085545596485023e-08;4.449034680139957e-08;8.816420224898802e-08;1.1304403470660025e-07;9.326717765128073e-08;5.3932401306158975e-08;4.547417240059761e-08;1.04199918181501e-07;3.190357286166005e-07;7.93916341641198e-07;1.5603482797020836e-06;2.5210128057409474e-06;3.701913311804257e-06;4.98295319417966e-06;6.4677022500313074e-06;8.292464120475577e-06;1.045594965475902e-05;1.3023550770953652e-05;1.5785022907787435e-05;1.860928868034199e-05;2.1240487621324087e-05;2.340402465426609e-05;2.490360346567697e-05;2.5650630666011212e-05;2.5940733784522184e-05;2.559612108697064e-05;2.469007996687131e-05;2.3690480193702396e-05;2.270031126804572e-05;2.183405926282565e-05;2.116040174562024e-05;2.0789587068899757e-05;2.080938870392765e-05;2.1128421920799264e-05;2.1534852805621017e-05;2.183903236583324e-05;2.1840599568865253e-05;2.1449579934848056e-05;2.0956670333513748e-05;2.051781437116403e-05;2.026682429405036e-05;2.053883521589192e-05;2.1137492564207176e-05;2.172568444405485e-05;2.2247695701734755e-05;2.2343890957451472e-05;2.186557561217722e-05;2.11757910248581e-05;2.021054439123741e-05;1.9209549970480112e-05;1.8541085558622813e-05;1.8199159109693102e-05;1.813557357299493e-05;1.8328214244075468e-05;1.8511807641324637e-05;1.855640444414643e-05;1.8348695775731603e-05;1.7812413575314544e-05;1.685895129567571e-05;1.5689883878329263e-05;1.4577350446008792e-05;1.3970530807178458e-05;1.3982407286646208e-05;1.4263463937966271e-05
1956.0119246608592;1.6802926962370959e-07;1.3540075934808166e-07;8.290342861390584e-08;4.036202219616256e-08;3.5367797936373656e-08;5.5096433254654654e-08;6.519675081135173e-08;5.2360722282344396e-08;2.9337240182981818e-08;1.3715345367306164e-08;7.442720192368083e-09;1.2096503283229028e-08;3.318937381304312e-08;5.6403700992431755e-08;5.977725392773197e-08;4.237195511843511e-08;3.575292973851057e-08;8.257911034647843e-08;1.888116159235272e-07;3.009811209639827e-07;3.400186068795755e-07;2.775638220062326e-07;1.6774366635410898e-07;8.054543886599608e-08;4.4441744541065065e-08;4.5653893903592535e-08;5.03651419967137e-08;4.258001367219511e-08;2.4861122797971832e-08;1.0480611021849994e-08;4.8754718609188805e-09;4.42978551556519e-09;7.197473403217601e-09;1.0196270294775072e-08;9.904153602511234e-09;7.220619918297748e-09;8.494347069510068e-09;2.1632709371903476e-08;4.3927375184953215e-08;5.6360996814731276e-08;4.626877897377194e-08;2.493145034300536e-08;2.175782774783924e-08;5.9206789277760167e-08;2.037615949739082e-07;5.585562761626738e-07;1.2721878085907103e-06;2.42470990987792e-06;3.905246655756886e-06;5.5970021687993376e-06;7.374506628219917e-06;9.066834833733087e-06;1.0892367098018762e-05;1.2844268189503806e-05;1.5074324374926372e-05;1.751794795845248e-05;2.0058862936164765e-05;2.216024548544788e-05;2.3710858975215387e-05;2.4741197526350872e-05;2.514267114139045e-05;2.50196302802418e-05;2.4423318442067006e-05;2.3574527135681088e-05;2.283280475181542e-05;2.2402362220398542e-05;2.2335717890938856e-05;2.2398649910275903e-05;2.2789415397746326e-05;2.326184639397453e-05;2.318187992324716e-05;2.2603409904229625e-05;2.1677447024257813e-05;2.061226615919174e-05;1.9608243073719023e-05;1.8995422584065648e-05;1.9092736201999204e-05;1.9863384116855432e-05;2.100832948795309e-05;2.195320793364735e-05;2.2302843077955068e-05;2.1997317338710163e-05;2.116141271560808e-05;2.0111506234003597e-05;1.9235593741860563e-05;1.883960605838722e-05;1.891385216649953e-05;1.9022363190209768e-05;1.886809623802709e-05;1.8399688759821977e-05;1.7688950122360316e-05;1.70644643689156e-05;1.6668861143158992e-05;1.6512225880009914e-05;1.641849470614644e-05;1.621383639227687e-05;1.5881176831018208e-05;1.5576445926981885e-05;1.539189877518486e-05;1.532863785489809e-05
1957.4884385660264;5.0147419682576673e-08;4.524450260729053e-08;2.572479224703563e-08;8.392715649422327e-09;7.848899959260983e-09;1.8295817588215673e-08;3.756062138690761e-08;5.6059513340796494e-08;6.48023941806847e-08;6.389495979473339e-08;5.8767429176748136e-08;5.448369401745183e-08;5.423407479878275e-08;5.808210583091116e-08;6.492673349319754e-08;7.138876895046093e-08;8.10229940234587e-08;1.0318057152946545e-07;1.3906709482474328e-07;1.7258950378010552e-07;1.7806504362707614e-07;1.400949919891076e-07;8.062027730342339e-08;3.7661980512849575e-08;3.064156655585472e-08;5.247347249820261e-08;8.088656094924119e-08;8.943177775084455e-08;7.32299758768354e-08;4.657283245779196e-08;2.4651413641863326e-08;1.0949465214037484e-08;4.7349692421250156e-09;2.933154563225423e-09;2.126508819833192e-09;1.451373553157288e-09;1.1723513387059503e-09;8.099236558602206e-10;4.3552251578011274e-10;2.3964712721731017e-10;1.176883011076505e-09;7.140906714662433e-09;4.0049801196797985e-08;1.483325186571883e-07;3.725086045678837e-07;8.014677431119563e-07;1.510761910687017e-06;2.527187822438668e-06;3.808391359508612e-06;5.468763000529009e-06;7.346792052530561e-06;9.367944839242076e-06;1.135772679174782e-05;1.3395536678961964e-05;1.539309045349974e-05;1.731041526799813e-05;1.905956898209584e-05;2.0518397785525872e-05;2.1587459002970583e-05;2.2300413072955205e-05;2.257244983555081e-05;2.2586900911293636e-05;2.24474942163135e-05;2.2280957548511203e-05;2.2040319739320787e-05;2.182176721239824e-05;2.181169700372298e-05;2.1995241958838265e-05;2.228237077117809e-05;2.247594890282853e-05;2.2420568228768948e-05;2.2065213915661304e-05;2.1396112851556167e-05;2.0729211744844397e-05;1.989103657332e-05;1.928764708654886e-05;1.9118717096013096e-05;1.9387832347025822e-05;1.983498092256249e-05;2.019392424653527e-05;2.0169604484066463e-05;1.984914626387566e-05;1.9177558952383252e-05;1.833347283333368e-05;1.776594528695603e-05;1.769139136738213e-05;1.804946244675212e-05;1.8645447448508907e-05;1.9164203534989127e-05;1.910451646050132e-05;1.8536047642940262e-05;1.770110163098533e-05;1.695123139602862e-05;1.6603457738820836e-05;1.6660545631198463e-05;1.703079301371057e-05;1.727038468361858e-05;1.7115468841759837e-05;1.672520871454801e-05;1.634243988182052e-05
1958.9643190452844;2.45363098186694e-08;4.478071182220052e-08;5.6502199879158564e-08;4.272383321261167e-08;2.8562283322485853e-08;4.06513646277096e-08;7.88844283195036e-08;1.1786247052247157e-07;1.3440420245166733e-07;1.296582083129165e-07;1.1750434814014189e-07;1.086425140242742e-07;1.0829101227101709e-07;1.1604224303367155e-07;1.297565175840193e-07;1.420286128030672e-07;1.421036951408506e-07;1.2208141367387766e-07;8.51821113550147e-08;4.6887683799404924e-08;2.0705545432826412e-08;9.440832678673669e-09;5.5366129082631274e-09;8.30978791823758e-09;2.9668748407772644e-08;7.388533994606014e-08;1.1849384998957393e-07;1.3477999507588545e-07;1.1693137452777365e-07;8.00146701581942e-08;4.3600123182001985e-08;1.9402150573768193e-08;1.00315840120795e-08;7.569204355185838e-09;5.55152717208437e-09;3.6470700827477532e-09;2.34665268616642e-09;1.4786024564681872e-09;9.34123855101486e-10;9.570078733557435e-10;4.8807441307683605e-09;2.271030589794757e-08;7.28002229307639e-08;1.8706493134562018e-07;4.01423386758077e-07;8.033192902668199e-07;1.4847793133437192e-06;2.4627914882852942e-06;3.643399604857895e-06;5.130385353227503e-06;6.885977220609936e-06;8.896942171138956e-06;1.0919018332520702e-05;1.2946513359216543e-05;1.5058904499064537e-05;1.7198547272782966e-05;1.901240228274687e-05;2.0139165268981685e-05;2.0540205479879463e-05;2.0639830936026536e-05;2.0639960934935936e-05;2.094186265153258e-05;2.156804269450076e-05;2.2039077222453723e-05;2.2286232893492465e-05;2.226821519447793e-05;2.2073892741849484e-05;2.189220568867464e-05;2.155688242007273e-05;2.110799361933265e-05;2.0779631883381887e-05;2.0511641459121223e-05;2.0354196889797e-05;2.030561234719241e-05;2.040433012327121e-05;2.0433873932499345e-05;2.055434788364538e-05;2.0589346552288628e-05;2.0376911444246448e-05;1.9867648105182766e-05;1.9167410924224096e-05;1.8404074213041056e-05;1.769197257927181e-05;1.7229460712981373e-05;1.7058400057595756e-05;1.714198635078649e-05;1.763821265040268e-05;1.8535696396230204e-05;1.9457950906746184e-05;1.9829561484321856e-05;1.959673305687422e-05;1.891204152422526e-05;1.8167501543734943e-05;1.772824752695293e-05;1.7671956305203182e-05;1.795140391651265e-05;1.80943947495654e-05;1.7795068765129402e-05;1.7152428214815238e-05;1.656156985808852e-05
1960.4395661757844;1.2602236768888562e-07;1.6107419272581042e-07;1.5681976741796057e-07;1.0738655306102417e-07;5.967253279146612e-08;5.0378072692922164e-08;7.551989117190056e-08;1.0023588279708257e-07;9.96574363734164e-08;8.415116200133916e-08;6.683700481113907e-08;5.75323048695547e-08;5.60516547134788e-08;5.92404990828812e-08;6.585631133184475e-08;7.51692703816983e-08;8.625537026026807e-08;9.050087113691349e-08;6.984760056399388e-08;4.6400420023889936e-08;2.2094274027042722e-08;7.924013949230125e-09;3.8945866506434994e-09;6.898121859934531e-09;2.5860809796580165e-08;6.162532290020291e-08;8.596201412816045e-08;8.450974302381089e-08;6.492089974488136e-08;4.20798616138096e-08;2.321335359289453e-08;1.1856381609292514e-08;8.778314995231266e-09;8.646474374003021e-09;7.824235772469178e-09;6.047220933917916e-09;4.4203818242055565e-09;2.942642711804693e-09;2.817951207441728e-09;9.079411846034674e-09;4.012209866469729e-08;7.499777899027586e-08;1.0891807960429617e-07;1.4450431143746393e-07;2.252722957055968e-07;5.150669623379711e-07;1.233485940677899e-06;2.4117010382199947e-06;3.970205792019706e-06;5.823876872498452e-06;7.678731984901486e-06;9.489830329026171e-06;1.121589060713641e-05;1.302511927841672e-05;1.5146181428553637e-05;1.7566871187505556e-05;1.9827584404020654e-05;2.120260514367737e-05;2.157084287091952e-05;2.136572589089055e-05;2.1109938320311245e-05;2.1194728107236552e-05;2.1629639664241357e-05;2.220485681498692e-05;2.278037000596308e-05;2.3167773291557168e-05;2.327819436723741e-05;2.3145631607944388e-05;2.2588501423693028e-05;2.166333426631248e-05;2.067549496889204e-05;2.0074008407199607e-05;2.007406261786732e-05;2.0616237525510105e-05;2.145226689085992e-05;2.2056625017095107e-05;2.2259260899026373e-05;2.199156155203331e-05;2.1386730395543853e-05;2.04957155335736e-05;1.9609857401783125e-05;1.8822310639214364e-05;1.840608185403844e-05;1.839201650769819e-05;1.865773996244749e-05;1.897922765980762e-05;1.9207733429825456e-05;1.9275895649729777e-05;1.9283562829371804e-05;1.8861993286586385e-05;1.846591976449224e-05;1.8087034696530837e-05;1.7833377620529047e-05;1.7780025417305334e-05;1.7926348004994116e-05;1.818150962694652e-05;1.8344075915816103e-05;1.815142420902706e-05;1.7637252368042636e-05;1.7156642755823676e-05
1961.914180034728;2.3063825275465518e-07;2.432371360598779e-07;2.0004481177408405e-07;1.242306559529661e-07;6.294231208959736e-08;4.816994735198821e-08;5.5531014427422845e-08;6.80654001464739e-08;7.447520818747806e-08;7.524760109596508e-08;7.054285850920815e-08;5.754224566194716e-08;3.6613508759004785e-08;1.6699712163379554e-08;6.641312633378148e-09;9.011226909217356e-09;2.3988631792444578e-08;4.5013301263836814e-08;5.35183808177574e-08;4.129726277077844e-08;2.0235769463055465e-08;6.973743960552754e-09;3.2269555017096157e-09;3.932275335773204e-09;9.968781503918348e-09;1.7845610614999717e-08;1.9063315687202983e-08;1.2249264137626678e-08;4.718284484909067e-09;1.5865397006873907e-09;1.0783187922832518e-09;1.5649274872857972e-09;2.675968064879961e-09;3.845130191125663e-09;5.550827635205722e-09;7.694703449044399e-09;8.283801096363288e-09;6.2488398289092325e-09;7.360849269125743e-09;2.7523601045928092e-08;7.200506252526358e-08;1.1720528693622494e-07;1.333866778822944e-07;1.2197580340196357e-07;1.580711229182626e-07;4.308446836435734e-07;1.182331592184069e-06;2.4401090197565477e-06;4.145984378596102e-06;6.066158980856756e-06;8.01581134859669e-06;9.843393480221811e-06;1.1569435338286437e-05;1.3361317256702623e-05;1.5406673754009657e-05;1.7752218673959056e-05;2.000746721398156e-05;2.166826450599651e-05;2.25590727020848e-05;2.2581844648873203e-05;2.218471371136558e-05;2.1779235294925795e-05;2.1423505713756104e-05;2.142083027371605e-05;2.173165828369849e-05;2.2288355822247813e-05;2.2907035856968805e-05;2.3297232995721065e-05;2.326308370266293e-05;2.2735372099067103e-05;2.2104496879740983e-05;2.165669243828532e-05;2.1504010005045667e-05;2.166667135473164e-05;2.192570884480153e-05;2.195860472320048e-05;2.149300670117972e-05;2.070421409505513e-05;1.991019139534464e-05;1.939139308755609e-05;1.9288898132051375e-05;1.950368448064439e-05;2.006345500488749e-05;2.0732291684667363e-05;2.120517001173113e-05;2.1286610653135845e-05;2.079161749197508e-05;1.97823148503702e-05;1.855266895351252e-05;1.751948192590551e-05;1.68951323582349e-05;1.668021982808874e-05;1.6687071682013987e-05;1.678352385059461e-05;1.6958930481732655e-05;1.719763190077044e-05;1.740954291034873e-05;1.7402852987588583e-05;1.716086755931116e-05;1.6880966376154637e-05
1963.3881606993675;1.9484615092525545e-07;1.9817434989271495e-07;1.6119818040133155e-07;9.643339696753485e-08;4.6497323447654355e-08;3.097689679178196e-08;3.3641425510467294e-08;5.429335325664804e-08;9.191422823816599e-08;1.2373747698968518e-07;1.3607390383084654e-07;1.1533193833790305e-07;7.192038309500194e-08;3.169034488677403e-08;1.1605864284251702e-08;8.783158704032731e-09;1.3301607444238724e-08;2.2890369604115873e-08;2.9465775190505887e-08;2.5809494709736144e-08;1.5617108052955922e-08;7.2237606871214204e-09;3.6561638751884672e-09;2.065114083141055e-09;1.8139955992436118e-09;3.3469019985984354e-09;8.200133678339535e-09;2.5253475303737783e-08;7.303516746441427e-08;1.121644961994675e-07;1.1427728787974289e-07;7.59974212934756e-08;3.3276998113101755e-08;1.710342297407826e-08;2.7864665544854867e-08;6.913804675688993e-08;1.3969285437190136e-07;1.873364003870255e-07;1.6641247243790842e-07;1.097061004422667e-07;6.936541148162907e-08;7.22256730690541e-08;7.614112228408622e-08;8.239373575561139e-08;2.0947421842769138e-07;6.31141585548195e-07;1.469610001535163e-06;2.7056488805040704e-06;4.127486686463152e-06;5.5961055562571015e-06;7.160802409563912e-06;8.706815434292813e-06;1.041721115875137e-05;1.2404182024506193e-05;1.4743460986302576e-05;1.7343259469109128e-05;1.985201886298364e-05;2.1780374495182147e-05;2.285531628172318e-05;2.2966356433666768e-05;2.2459924756290352e-05;2.1683823818247776e-05;2.102132258436406e-05;2.074996544727101e-05;2.09274442823286e-05;2.1611361738881637e-05;2.228893228002788e-05;2.2808505226178248e-05;2.3202053143192272e-05;2.348230739579854e-05;2.349629429908399e-05;2.3055917176417566e-05;2.2192432126529763e-05;2.112133655265487e-05;2.019348209939677e-05;1.9564461207668185e-05;1.9198890529204965e-05;1.900537368301525e-05;1.8744286583166827e-05;1.8717780437907117e-05;1.890977860075582e-05;1.927148678468073e-05;1.9590139053976484e-05;1.9711879234190545e-05;1.960795574228286e-05;1.932701304543009e-05;1.892548312858321e-05;1.8409192825882715e-05;1.768913047235067e-05;1.723304373139993e-05;1.6690261386414857e-05;1.6389788365576666e-05;1.6226601977962585e-05;1.6169674713070927e-05;1.6247483665890957e-05;1.642658235739967e-05;1.6569356518888552e-05;1.646364297172043e-05;1.608083244393633e-05;1.568116906224453e-05
1964.8615082469917;6.846033025230975e-08;7.584591124193958e-08;6.866292467585803e-08;5.092198329480903e-08;3.6273094696639515e-08;2.9413734686851608e-08;2.7739036399858753e-08;3.3479625822806265e-08;5.6145344687371076e-08;8.524321941056046e-08;9.645146537800673e-08;7.900023968380072e-08;4.7810968514485364e-08;2.2664443961523806e-08;9.869305776558086e-09;5.901755852114213e-09;5.556659256972245e-09;7.375451734262648e-09;9.40559200415337e-09;1.3936165482371532e-08;2.6382425333933065e-08;4.5772129160400524e-08;6.515635889951346e-08;7.782869987459349e-08;8.04353247361325e-08;7.329915644804294e-08;6.696659813508152e-08;8.786213215569597e-08;1.5562992153150968e-07;2.289586755093891e-07;2.3099597177168665e-07;1.5327274483664464e-07;6.68416064517002e-08;3.39172387466046e-08;5.33990067703581e-08;1.306560802919257e-07;2.690848278618758e-07;3.663026504300741e-07;3.224072205232616e-07;1.810071130240269e-07;6.832406795329204e-08;3.624570566741249e-08;7.195583211544069e-08;1.9790859685232226e-07;5.242849601029575e-07;1.1977655384397455e-06;2.1887300207149534e-06;3.350468944866836e-06;4.525400183157576e-06;5.695586141326936e-06;6.872823669407493e-06;8.301005015250865e-06;1.0188262221059427e-05;1.2654786016330929e-05;1.5431492650593706e-05;1.7989842998929797e-05;2.0087318899792023e-05;2.1579159345217005e-05;2.2354198414885795e-05;2.2640740612168747e-05;2.25929941733212e-05;2.238220044622377e-05;2.22020294046578e-05;2.2282713504965903e-05;2.2534903347199064e-05;2.2816424951633127e-05;2.3098414397636257e-05;2.340375661605669e-05;2.3706501788154064e-05;2.403935089873939e-05;2.3938050409471004e-05;2.3210511239962575e-05;2.1956651156506083e-05;2.0494723325649645e-05;1.9276277359021743e-05;1.8861427027920936e-05;1.9084779252377583e-05;1.959473772245776e-05;1.987078258514422e-05;1.9867598816892453e-05;1.95907461070235e-05;1.9218370569657464e-05;1.8591762780071933e-05;1.784072871381665e-05;1.7232152127973285e-05;1.69862557049931e-05;1.7148489584990816e-05;1.7508367583537606e-05;1.7792871779553262e-05;1.7792983300862807e-05;1.7451931449051393e-05;1.6989216175524912e-05;1.6702130331473736e-05;1.6720937954830974e-05;1.699225556337575e-05;1.729634558150984e-05;1.7377195437165295e-05;1.7067778758373998e-05;1.650208239473496e-05;1.6015594772851228e-05
1966.3342227549365;2.155618126304263e-09;6.038758623216534e-09;1.2141210037170898e-08;2.2297339948936063e-08;3.5771423908340996e-08;4.2767232734705694e-08;3.510564926916201e-08;2.347036366890947e-08;3.225480651868968e-08;6.635914907740911e-08;9.351185111645107e-08;9.283344962934333e-08;6.947858072293961e-08;4.2862340497293056e-08;2.2027797959086405e-08;9.665600529414945e-09;5.607717849709532e-09;4.857465096166403e-09;5.350744483703581e-09;1.3534823820666112e-08;3.967133968268981e-08;8.2447375669639e-08;1.253720783300502e-07;1.5428733367188104e-07;1.6415074457514998e-07;1.5832825472378453e-07;1.476370755568249e-07;1.486163857157969e-07;1.611906000741335e-07;1.8377192128639986e-07;1.5646093450337234e-07;9.47332038964519e-08;4.135403388239863e-08;2.2829104628203933e-08;3.2707725197611555e-08;7.737664554757095e-08;1.6955036748313117e-07;2.509705764877101e-07;2.450920750739803e-07;1.5974424616590845e-07;7.5779633339165e-08;5.485860184737323e-08;1.254864162670747e-07;3.485138447949754e-07;8.135979601787564e-07;1.5544795448253023e-06;2.467877944240354e-06;3.437059336442198e-06;4.4433442505056665e-06;5.580860407419419e-06;7.005610284973312e-06;8.9164739133665e-06;1.1318689877869316e-05;1.4100556434890356e-05;1.6812553635965276e-05;1.8911055441814523e-05;2.021745075282254e-05;2.097019069573564e-05;2.156215323117145e-05;2.229338547824304e-05;2.314163702188844e-05;2.3960483792562592e-05;2.452220684450609e-05;2.471237637338418e-05;2.4446753424684264e-05;2.375050411405186e-05;2.3140135426326368e-05;2.267433529305237e-05;2.2697966837619567e-05;2.2879329792837606e-05;2.2878513190577287e-05;2.2556017352860846e-05;2.1930942264905948e-05;2.108637668015768e-05;2.0536880066119265e-05;2.020691737038797e-05;1.996861251429692e-05;1.9761864721151088e-05;1.9891986453892292e-05;2.0153992351143507e-05;2.0420811732725183e-05;2.0672592365659123e-05;2.065302152512537e-05;2.032665134849772e-05;1.9923085067254865e-05;1.9688513849978357e-05;1.971634391397116e-05;1.9851782686825328e-05;1.97857768146468e-05;1.935736996596368e-05;1.8669205419701933e-05;1.7864713126338766e-05;1.730874087663854e-05;1.735517538638475e-05;1.7783300745158007e-05;1.8214141335752427e-05;1.835784787654393e-05;1.814026575939811e-05;1.7709665246844857e-05;1.7360362682379385e-05
1967.8063043005968;3.094575313351964e-09;5.160832283787452e-09;8.893182126450577e-09;1.2541709088844473e-08;2.1008100269902728e-08;2.435808060022796e-08;2.4648706204994613e-08;2.8463953537247724e-08;5.19919121842037e-08;9.825149799488702e-08;1.4076916383363412e-07;1.4866296231764522e-07;1.1613827398468069e-07;7.08266598376486e-08;3.4577148138905985e-08;1.4946504846443242e-08;1.1329312092990968e-08;1.7196519806102066e-08;2.4233737015487583e-08;2.678898483733641e-08;3.320790195520945e-08;4.6300315683825576e-08;6.437683950950705e-08;7.9900956690381e-08;9.20380962018924e-08;1.101486751972958e-07;1.3432525297225297e-07;1.4994142622581672e-07;1.3994560122928137e-07;1.0162870726857646e-07;5.6753096241832985e-08;2.5790950966237872e-08;1.7057388939686165e-08;2.8153181786718612e-08;5.0600603322441124e-08;7.323019197110753e-08;9.61450296969897e-08;1.2193582346124997e-07;1.396464891417156e-07;1.2576495191602936e-07;9.25062176773424e-08;8.078287484869249e-08;1.222866189278298e-07;2.787144209445568e-07;5.689695724641813e-07;1.0572999157754686e-06;1.741909712113262e-06;2.6343691324053256e-06;3.805027634669783e-06;5.303941737194499e-06;7.274988959051871e-06;9.613633200805956e-06;1.2177908092014854e-05;1.465932881006838e-05;1.6847066332597767e-05;1.8503990855608763e-05;1.968697708344154e-05;2.052512643776174e-05;2.1385086403721745e-05;2.241249775058776e-05;2.3618168937929208e-05;2.4613256675074613e-05;2.5311601087085808e-05;2.544134283065637e-05;2.4852922376671053e-05;2.370211834810752e-05;2.23227398485888e-05;2.126979723861565e-05;2.076545793532711e-05;2.0738335214278566e-05;2.103159245859113e-05;2.148665392436956e-05;2.1783617659112453e-05;2.1938418406694758e-05;2.1869080248660327e-05;2.1290942578499008e-05;2.027878976232639e-05;1.9188881031589518e-05;1.867974107086559e-05;1.8885020198039164e-05;1.986865870961159e-05;2.1098905947580172e-05;2.210030395045946e-05;2.2498917745535156e-05;2.2391265016895432e-05;2.2076489080673865e-05;2.169808757557141e-05;2.113750126608088e-05;2.043268479665011e-05;1.9483042563043798e-05;1.8443331983059952e-05;1.759983037723759e-05;1.7162117056123976e-05;1.7160763002107457e-05;1.7519452145585698e-05;1.7970073157546314e-05;1.824857460648712e-05;1.823497062282277e-05;1.801516961999809e-05;1.7797905003351636e-05
1969.277752961396;4.908280621706922e-09;5.140972405837432e-09;4.844214313183094e-09;4.294705215911018e-09;3.4663902402684452e-09;4.2770080872996915e-09;1.3197651193723684e-08;2.9093753532950973e-08;4.584588946766651e-08;6.205241242019431e-08;7.470284402530587e-08;7.508361039466228e-08;5.7982206875149626e-08;3.487743578128442e-08;1.6756509411699833e-08;7.759269988439392e-09;1.0248562860920971e-08;2.4404101974844512e-08;3.917028403765464e-08;3.81491043896576e-08;2.2174554533815557e-08;8.092757505119337e-09;2.9398229767349878e-09;3.2127487515798717e-09;8.703770596022564e-09;2.5079443283179623e-08;4.90135460095516e-08;6.64368591096539e-08;6.246899736936169e-08;3.5205471807285064e-08;1.8001486237015422e-08;1.1009861312452537e-08;1.7047724140484308e-08;4.417903368977584e-08;8.92601642946333e-08;1.200677973863106e-07;1.130636372605992e-07;8.915229017473446e-08;7.978926995862179e-08;9.118534371270769e-08;1.1113585595657708e-07;1.3131526449724493e-07;1.49967469990799e-07;1.9346005489058306e-07;3.5546098118624745e-07;7.814722165664415e-07;1.5808405689645267e-06;2.736182871793717e-06;4.15296491493974e-06;5.7747334729600985e-06;7.597019259747912e-06;9.730760468624358e-06;1.2031175294812829e-05;1.4357505500920257e-05;1.64636766681665e-05;1.8142712301780137e-05;1.9437568281408463e-05;2.0522371940165845e-05;2.154714591918851e-05;2.251275075912821e-05;2.337433169337112e-05;2.412270412187696e-05;2.457559191845341e-05;2.4658023275429456e-05;2.4210722110985015e-05;2.311796928561413e-05;2.197043432134617e-05;2.129189656497311e-05;2.134897187310343e-05;2.1899350944311407e-05;2.2619533116274448e-05;2.316818820339107e-05;2.3353974905781746e-05;2.3349006691800484e-05;2.2767895721608505e-05;2.1697465478096744e-05;2.0438630047917968e-05;1.922330738020155e-05;1.849737568390516e-05;1.860053751736204e-05;1.9492052129989008e-05;2.0509100592948437e-05;2.1307031028670614e-05;2.1511371460261484e-05;2.106675376022949e-05;2.0526684385887317e-05;1.9891886875961047e-05;1.915598603684573e-05;1.833422973174998e-05;1.7546694104755027e-05;1.7082177629458885e-05;1.6830686563140148e-05;1.7036061722837657e-05;1.7287674595159246e-05;1.7499821675185665e-05;1.7708508172866472e-05;1.7860444359205226e-05;1.7875097122863863e-05;1.776916266509602e-05;1.763841708204537e-05
1970.748568814808;2.3744442960644182e-09;2.1068359887600363e-09;1.266622572092274e-09;3.433439301402049e-10;3.848965354103384e-10;2.567499999289783e-09;1.2125885871904311e-08;2.6813523135435944e-08;3.3610253661357276e-08;2.4819580532152362e-08;1.0810811098627396e-08;3.286954541189346e-09;1.6827043834100112e-09;1.6366656191749147e-09;2.348235226909121e-09;3.1841245842236972e-09;5.7422810282408184e-09;1.1829085026063811e-08;1.8729672919235195e-08;1.8371029398542123e-08;8.666577508266178e-09;2.384936104796634e-09;1.1005620944559003e-09;1.1553176143062342e-09;1.7452779324926795e-09;2.7369088422730564e-09;3.119265327972057e-09;2.272301913899053e-09;1.0106246415583931e-09;5.980278805647606e-10;1.6401994614933016e-09;4.7302930468625006e-09;1.3833798801975476e-08;3.839401216066811e-08;8.00321788086716e-08;1.1089001197095685e-07;1.0538676192909957e-07;8.1359955455362e-08;6.169615579964593e-08;7.664787134629201e-08;1.1781548201405132e-07;1.4691787565756937e-07;1.4614519347247689e-07;1.7815301174353498e-07;4.392723900948605e-07;1.1073839329263442e-06;2.189377353361437e-06;3.4957108830953145e-06;4.752581991228888e-06;5.967815802187371e-06;7.273317255000446e-06;8.903997865836318e-06;1.1030464963932044e-05;1.3528151166007824e-05;1.6031406436405964e-05;1.827188449080484e-05;1.995253956386213e-05;2.1254854208154616e-05;2.2263170010188307e-05;2.28754645053345e-05;2.323642336782552e-05;2.349623917453713e-05;2.3686306739557884e-05;2.3580884604698657e-05;2.315412295342465e-05;2.2533099343631773e-05;2.1952710553886897e-05;2.198070523447398e-05;2.28086643373012e-05;2.400398274962865e-05;2.482117530456501e-05;2.477664796391592e-05;2.4132108391210228e-05;2.30893522010724e-05;2.1815901650075464e-05;2.055023139724291e-05;1.944474079134797e-05;1.8692093248129863e-05;1.8618034053203464e-05;1.9181816640443302e-05;1.9994102423517705e-05;2.057466437287007e-05;2.0576206297998586e-05;2.012362245097285e-05;1.94305150525988e-05;1.8729914801770746e-05;1.8159366852377608e-05;1.7809098912765177e-05;1.7559009487041733e-05;1.753980544509398e-05;1.7707490358685702e-05;1.794357838444965e-05;1.8002366662122988e-05;1.788285468350287e-05;1.7696313340874475e-05;1.746593867382734e-05;1.7406054667459787e-05;1.7433599757830958e-05;1.7431778921129947e-05;1.738355267125829e-05
1972.2187519383697;2.314134323253031e-09;1.4507217572668916e-08;4.257000936247245e-08;7.25638940033035e-08;7.550224526397404e-08;5.79401526855585e-08;4.4313788737936415e-08;5.9683604327191e-08;1.2522210486590806e-07;2.2654591269210307e-07;3.1048767403560657e-07;3.215945626065825e-07;2.473841072205582e-07;1.4221806794693086e-07;6.319782619591173e-08;2.3057220723071363e-08;1.262202373385596e-08;7.3259523570109614e-09;4.028114142719314e-09;2.476122238817101e-09;1.7502837172684363e-09;1.42037636137437e-09;1.219607551674303e-09;1.1877768160432518e-09;6.159514456606993e-09;2.5423824154973763e-08;5.4346510653311734e-08;7.142378458964969e-08;6.44715679792962e-08;4.235483530994093e-08;2.3113836442222318e-08;1.2967623234149824e-08;1.4029473985149365e-08;3.3902315602933046e-08;7.985649357473206e-08;1.3547067207603673e-07;1.658122132309165e-07;1.544478718132097e-07;1.1677482959477633e-07;8.65311865280739e-08;7.65522644568472e-08;7.336433950056482e-08;8.323290537375952e-08;1.8575898223776408e-07;5.46604497820868e-07;1.270006351838637e-06;2.279159004590796e-06;3.373107180087865e-06;4.39993884879823e-06;5.489686802439141e-06;6.91470251508894e-06;8.746922840202332e-06;1.1055710284289931e-05;1.3618887867506115e-05;1.612303167086241e-05;1.853793277988171e-05;2.062653656104698e-05;2.22578902041714e-05;2.318270763970506e-05;2.3532091993281883e-05;2.3401228173708204e-05;2.3000928721299236e-05;2.255722222825997e-05;2.2354319206420576e-05;2.234370169808294e-05;2.2521315205625507e-05;2.2717981992729e-05;2.311033878232732e-05;2.3412406110461458e-05;2.3628728906050343e-05;2.3506325781161045e-05;2.310067346080114e-05;2.242244077243951e-05;2.151459934738664e-05;2.044171600948186e-05;1.9455674038145512e-05;1.8541408559525537e-05;1.803374547173154e-05;1.812137316371738e-05;1.849352840434064e-05;1.900937355489601e-05;1.938040672254161e-05;1.9334089811893702e-05;1.916132956606447e-05;1.904092083156892e-05;1.872184124102225e-05;1.8499539486334603e-05;1.835493100000645e-05;1.835851796849796e-05;1.8567740058997015e-05;1.857265385601037e-05;1.8559413377147247e-05;1.823981938927961e-05;1.7830809675218203e-05;1.740418318556821e-05;1.7101295465425842e-05;1.6958289275972943e-05;1.679246990457964e-05;1.6544525517284507e-05;1.6373074990781455e-05
1973.688302409635;6.881030322729898e-08;7.705749097866441e-08;1.1514132968235088e-07;1.5401209040147008e-07;1.538869445986254e-07;1.1425676285734136e-07;7.321987400440042e-08;8.082860646274895e-08;1.9802890235403166e-07;4.105754934413173e-07;6.001826900294544e-07;6.364662313511993e-07;4.916162929624584e-07;2.8077795556334096e-07;1.2013398243522765e-07;4.883969160684746e-08;2.90562258275686e-08;2.16282725057475e-08;2.4353548534986988e-08;4.26317930428666e-08;6.293561566212545e-08;6.279919693310261e-08;4.207217542016275e-08;1.3853276390291822e-08;1.5798270287977567e-08;5.1321048934843035e-08;1.0796300953943425e-07;1.422386277142692e-07;1.2923675686652645e-07;8.602826897297318e-08;4.602698807246224e-08;2.1792464746835124e-08;1.2591157943047611e-08;2.2921599866085156e-08;6.17666329495715e-08;1.225523284164749e-07;1.724478380590684e-07;1.746980028676468e-07;1.3270199857641424e-07;7.62655408797777e-08;3.2621260139027986e-08;1.7941223716260725e-08;5.3804158609147424e-08;1.994112093002833e-07;5.616188390175163e-07;1.1946705755959312e-06;2.056028478709425e-06;3.0526997767237757e-06;4.1840707519062335e-06;5.611003633728548e-06;7.493194769546244e-06;9.861168803198064e-06;1.2446614862668708e-05;1.5020460767171505e-05;1.7385011340105985e-05;1.9517492473866533e-05;2.139544035758677e-05;2.274233460409228e-05;2.343755685895047e-05;2.3415311848493414e-05;2.282718846351073e-05;2.202230721482204e-05;2.143084430310033e-05;2.154032995388034e-05;2.2173811410804536e-05;2.308618549402076e-05;2.390038453285996e-05;2.425268515240233e-05;2.398730551758111e-05;2.3216545742810297e-05;2.229779715091893e-05;2.164301691767288e-05;2.1319403621522e-05;2.1219921800218023e-05;2.109863708757716e-05;2.0448399289594015e-05;1.9395124999278648e-05;1.8235885421113937e-05;1.735675730984508e-05;1.7170685542383298e-05;1.7546013638684892e-05;1.8229757267508084e-05;1.8906579446943303e-05;1.967459088850864e-05;2.006504883100978e-05;2.0064298932744216e-05;1.970367897635005e-05;1.9118318107800093e-05;1.855239815359761e-05;1.803686171862817e-05;1.7719515957734993e-05;1.7697212263998736e-05;1.7785185360838014e-05;1.7896383705174167e-05;1.7901608601468203e-05;1.7794230285814505e-05;1.747889906098651e-05;1.6998878239017184e-05;1.6512633641206735e-05;1.61966785676058e-05
1975.157220306217;1.778878771788681e-07;1.5883769029268405e-07;1.598836751756615e-07;1.6434360931473898e-07;1.536567119823134e-07;1.1289262392547984e-07;6.661386650339617e-08;5.0971805467949455e-08;9.97196430260091e-08;2.042127705956149e-07;3.0010264179181777e-07;3.196805569824899e-07;2.490501904957791e-07;1.5102526417751918e-07;8.820653267488385e-08;7.20725105736245e-08;7.950120634108509e-08;7.94587315565997e-08;7.958859977180243e-08;1.0184742834444236e-07;1.3030747276820062e-07;1.2444324938833128e-07;8.295344292791479e-08;4.0514989718200244e-08;2.388588322172157e-08;3.4086861676483444e-08;6.302007590730721e-08;8.492989660780808e-08;8.372879436217087e-08;6.148928531904834e-08;3.52501309293707e-08;1.5948315940395238e-08;6.6087498108668805e-09;6.9074952973518385e-09;1.8890100863719137e-08;4.133414934620139e-08;6.33241152285612e-08;7.197949437251895e-08;6.769748544770392e-08;6.1777922805912e-08;6.759226049483878e-08;7.82686314146135e-08;1.0437296714370237e-07;2.0622798287745625e-07;4.839568978229827e-07;1.0436758225728116e-06;1.911668053868785e-06;3.0384773280771598e-06;4.365607429982391e-06;5.959359785011062e-06;7.853984873628184e-06;1.0201288693400582e-05;1.297005448701375e-05;1.58731089205975e-05;1.850163244412481e-05;2.053707464033864e-05;2.198166308766404e-05;2.2739475699905797e-05;2.2794474702559026e-05;2.2430082757677075e-05;2.181279738081352e-05;2.1272855550652525e-05;2.133732430371636e-05;2.195935116068203e-05;2.2861838401997943e-05;2.374700664054531e-05;2.4363251346986143e-05;2.4571740963168608e-05;2.421111692807085e-05;2.3349068348774817e-05;2.224640020891549e-05;2.1157448265917926e-05;2.044842313444887e-05;2.01885787322132e-05;2.0065484632693207e-05;1.956628079540405e-05;1.8643358432679317e-05;1.747697109917197e-05;1.6562207434268033e-05;1.6585332732076186e-05;1.7373228700834256e-05;1.870131260687203e-05;2.014270194005144e-05;2.1260758358688244e-05;2.1691670949920517e-05;2.1588173746778098e-05;2.091860676752913e-05;1.990355570726513e-05;1.8834199539874325e-05;1.7955509136061043e-05;1.7588582199835672e-05;1.7647277969343803e-05;1.7948050154038662e-05;1.816351251820759e-05;1.822397150470828e-05;1.8062437142295856e-05;1.772354604842574e-05;1.745959299726547e-05;1.734622119719935e-05;1.735692714418081e-05
1976.625505705786;1.6300781397667405e-07;1.6095587396767325e-07;1.6466530230036229e-07;1.6357255089695197e-07;1.4372084551368786e-07;1.072058527295012e-07;8.004994344015364e-08;8.472710748662959e-08;1.34642484356991e-07;1.996631118005203e-07;1.955232788044415e-07;1.157105183054305e-07;4.5486627540308506e-08;3.0977270855800175e-08;5.413442372119248e-08;9.226391606386259e-08;1.2295222249601086e-07;1.264722940201896e-07;1.060978271078087e-07;8.883421386919812e-08;8.377872675742358e-08;8.453319084386018e-08;8.116846713359982e-08;9.962844652907253e-08;1.1244171361434729e-07;9.009916984672985e-08;5.1485339507313754e-08;3.6682331927681826e-08;3.8819597206278873e-08;3.524290734544763e-08;2.423487971052375e-08;3.557530017254999e-08;1.1824743091093929e-07;2.4461392740342456e-07;3.73255820161216e-07;4.068564231599428e-07;2.9391426350179785e-07;1.3799467544924512e-07;6.193268162249892e-08;7.38877887055999e-08;1.1657456238161547e-07;1.4375439050029044e-07;1.578243775377767e-07;2.0964441432405086e-07;4.20796733146085e-07;9.25209334835133e-07;1.7991050612559157e-06;3.022787057955392e-06;4.47069287351059e-06;6.01834684708986e-06;7.738134132277867e-06;9.74567677188334e-06;1.2129385300403784e-05;1.4801410605170374e-05;1.7383097392004322e-05;1.9449498390952223e-05;2.084442396218238e-05;2.1623988438002616e-05;2.1967755217963445e-05;2.2064217172505467e-05;2.2187470521841412e-05;2.24730641633433e-05;2.291526338799711e-05;2.3303635297415444e-05;2.349691295657657e-05;2.350939978706276e-05;2.3350026483108937e-05;2.309886491286164e-05;2.2767627857265054e-05;2.2302352036495265e-05;2.171317210268911e-05;2.0976400301247537e-05;2.0251680078012568e-05;1.938455789421718e-05;1.8295186353411865e-05;1.7243926408981728e-05;1.636882908512637e-05;1.5966325832034106e-05;1.629133674589357e-05;1.751560714233628e-05;1.914274079744662e-05;2.0718401131799456e-05;2.1816440380246944e-05;2.203112202969176e-05;2.1883361984538915e-05;2.1359301555531417e-05;2.054141759158773e-05;1.955329038033745e-05;1.8661118252773896e-05;1.825983427171683e-05;1.8232549724622296e-05;1.829966499277492e-05;1.8380928161931668e-05;1.8243846937247945e-05;1.7837774960373656e-05;1.7434811185330827e-05;1.7015376602893645e-05;1.687805915026083e-05;1.6937832780494867e-05;1.7045922687862306e-05
1978.0931586860388;5.209598393191279e-08;6.698473249472118e-08;8.196757348339922e-08;8.788271209902815e-08;8.727574248493152e-08;8.874581061041857e-08;9.75175907578702e-08;1.4146006446895372e-07;2.525538742598521e-07;3.877038048176483e-07;3.840342612196542e-07;2.2599471428154385e-07;8.25934200842805e-08;3.5778619243123165e-08;3.525616099534527e-08;5.664826326598588e-08;7.0952224829368e-08;7.108627282560072e-08;5.551290794460316e-08;3.707011650783654e-08;2.7276405980848862e-08;3.8359284197587525e-08;7.581056481600214e-08;1.4439310853908624e-07;1.972549874518272e-07;1.6469034753299166e-07;8.400735136167631e-08;4.5798120765458416e-08;5.172054276696833e-08;6.151741159362958e-08;6.687474920339181e-08;1.107984007601726e-07;2.507525927354692e-07;4.943944878123074e-07;7.467712179583458e-07;8.106320170111659e-07;5.817135406362745e-07;2.644685505977215e-07;9.084416585249773e-08;6.18759154909056e-08;7.32249505700321e-08;8.13041619960709e-08;8.429434956264102e-08;1.407754732638885e-07;3.587930627439569e-07;8.680696506940726e-07;1.8508564656733517e-06;3.2593967851734937e-06;4.8354082928785785e-06;6.387100406711005e-06;7.999397294929183e-06;9.78854208841294e-06;1.18504296766562e-05;1.4164117627568454e-05;1.6575398703528607e-05;1.858270637125881e-05;1.9984974140372893e-05;2.0877231610052314e-05;2.1607598706967604e-05;2.2184635969034623e-05;2.27268717799831e-05;2.327440920266672e-05;2.367657027719982e-05;2.366770538118333e-05;2.3253721315756462e-05;2.262187676980526e-05;2.198037012915889e-05;2.1502920436706557e-05;2.1212397521009805e-05;2.1059982818800644e-05;2.101163540772719e-05;2.103283022723249e-05;2.0828374352652885e-05;2.022700281187868e-05;1.922306521001384e-05;1.8156694069928582e-05;1.7423977305149913e-05;1.750462706489678e-05;1.857684475654681e-05;2.027943855558752e-05;2.2085974886515955e-05;2.312655098483184e-05;2.303898677679069e-05;2.210422451929947e-05;2.111100641062849e-05;1.991458531326988e-05;1.8747752810727752e-05;1.77756323183156e-05;1.7211444963315842e-05;1.7165326987329082e-05;1.7529307062235205e-05;1.7998718839320912e-05;1.8339292921869437e-05;1.841878271025986e-05;1.833977185490331e-05;1.8132447228084727e-05;1.7601111649230693e-05;1.6933741089011764e-05;1.63471826861051e-05;1.5963756896911998e-05
1979.560179324726;2.7638739599546083e-08;5.051028154727199e-08;6.24867867026648e-08;5.7117893260083344e-08;5.5978279465865546e-08;7.08842114217045e-08;8.525777949272576e-08;9.800611965190745e-08;1.3727722538975886e-07;2.020759541869448e-07;2.0835525817265686e-07;1.3521299532158057e-07;5.978138564711621e-08;2.6429829960413023e-08;1.5117321293659214e-08;1.2242525066673856e-08;1.5239372622989637e-08;1.660192072923697e-08;1.6295790525288655e-08;1.9302353203211876e-08;2.380874183098343e-08;2.6513145519146213e-08;4.1728416993215285e-08;7.425224335914651e-08;9.932663667940005e-08;8.262881957482256e-08;4.379523442371643e-08;4.0266274777186226e-08;8.921150724549417e-08;1.480595774645203e-07;1.739020340310764e-07;1.7686599421356329e-07;2.1297004342934465e-07;2.975976228104729e-07;3.961615578616053e-07;4.151651143343316e-07;2.955207652770151e-07;1.3450385499697096e-07;4.483853149785865e-08;1.9446813649194862e-08;1.320857031294078e-08;1.8501381550787648e-08;3.984116252881099e-08;1.419475711968574e-07;4.3417843204651843e-07;1.0588297528274433e-06;2.178333402165192e-06;3.636737620874543e-06;5.140659383030212e-06;6.582512602715744e-06;8.047320552563854e-06;9.87147853167082e-06;1.2274180198363783e-05;1.5006130055357988e-05;1.7582306723983593e-05;1.95011353374302e-05;2.0600385502662937e-05;2.109267028595453e-05;2.1350718367081333e-05;2.178366397993453e-05;2.2197008432075355e-05;2.253297788339985e-05;2.2673085277708693e-05;2.253600070045569e-05;2.2179816187143247e-05;2.1611638306387957e-05;2.125765061386355e-05;2.106834740798543e-05;2.0912224332038825e-05;2.0776538707752376e-05;2.0593817713401214e-05;2.0529492759832175e-05;2.03507180579274e-05;2.012840728095938e-05;1.9847531700192255e-05;1.967387074026844e-05;1.9676473031286293e-05;2.007784348678187e-05;2.0848263431011225e-05;2.173239635456437e-05;2.25777849938403e-05;2.3014192008457392e-05;2.2850597970981667e-05;2.2205847728916675e-05;2.131695194024036e-05;2.035443892241797e-05;1.931370963316164e-05;1.8210312754796128e-05;1.7221347007984433e-05;1.6555710344631796e-05;1.6320400265758353e-05;1.652031835635489e-05;1.7088940872699378e-05;1.7828918169850384e-05;1.850731845890353e-05;1.879253944905468e-05;1.854876368272688e-05;1.7783340322883775e-05;1.678767540334868e-05;1.6052825639080892e-05
1981.026567699646;1.2265065656100564e-07;1.467858646235452e-07;1.4493476355637238e-07;1.110520607532841e-07;7.23960426996557e-08;5.39044192177247e-08;5.8371641021526624e-08;5.974380382040011e-08;7.00756061438307e-08;8.668597922098665e-08;9.242750794058169e-08;7.710649276923137e-08;5.3870499750734416e-08;5.439656114482645e-08;9.834760674287479e-08;1.5683965172441786e-07;1.746976817043472e-07;1.36462668419318e-07;7.99383716502266e-08;4.383887176957404e-08;2.7703964223747654e-08;1.8621842916942155e-08;1.0297591300646254e-08;5.164363911025466e-09;2.8444920790707707e-09;2.4852017920396024e-09;1.9799912694826103e-08;8.801274703674326e-08;1.9980407161060453e-07;2.751490177838928e-07;2.607926863152991e-07;1.9070022203745896e-07;1.2457298913738686e-07;6.920877223031391e-08;3.232580476185162e-08;1.5493528466519583e-08;8.559376645652424e-09;8.280481615469912e-09;1.8004761211054532e-08;3.1706043266436645e-08;3.887243836051761e-08;4.9820258070510253e-08;1.0118005996219417e-07;2.535318332669444e-07;5.445288685850456e-07;1.0823506154356592e-06;1.909848942336906e-06;2.995822118966039e-06;4.208475096664888e-06;5.602803980897002e-06;7.392559686742309e-06;9.718850758437598e-06;1.2471296158722003e-05;1.5313889342963473e-05;1.7809092891985945e-05;1.9588359543031997e-05;2.0592696494759496e-05;2.107230526916913e-05;2.152772510956473e-05;2.1975610340339814e-05;2.238997943308796e-05;2.2590052855785496e-05;2.2472872538357803e-05;2.2136551838775325e-05;2.1844098872335005e-05;2.1791001399966387e-05;2.1745874831806e-05;2.1637870522515783e-05;2.1359428759940397e-05;2.0932234024911024e-05;2.04315900005815e-05;1.9948107768885808e-05;1.9522075646808262e-05;1.9298225637328e-05;1.931363760565315e-05;1.956678653376452e-05;2.0035975183216632e-05;2.0454123633106456e-05;2.075077069175116e-05;2.0792777525239065e-05;2.0838302534071355e-05;2.08990918430136e-05;2.106958789645997e-05;2.1330666528234767e-05;2.1401415322092087e-05;2.1337318644077672e-05;2.071164765003681e-05;1.951700798366605e-05;1.8108299659705077e-05;1.689741162842973e-05;1.6075626389796533e-05;1.5921603425293567e-05;1.6324151796368645e-05;1.707188508283142e-05;1.782796504915508e-05;1.830306781335809e-05;1.83900211917054e-05;1.797061426550311e-05;1.7222459126912947e-05;1.654816179317117e-05
1982.4923238886256;1.6474628654151999e-07;1.4944395416005422e-07;1.1645583607806796e-07;7.564088127104783e-08;4.43190091562486e-08;3.332354707724455e-08;4.480710051512488e-08;7.788026034324314e-08;1.2113846008306914e-07;1.5502951504559358e-07;1.4655535241999616e-07;1.0100301214155262e-07;6.067555264463586e-08;8.188656834580336e-08;1.849794768772461e-07;3.043694474136756e-07;3.354483662954229e-07;2.565538444482284e-07;1.4358560614150665e-07;6.844461850056916e-08;3.26961256521858e-08;1.6305311560688383e-08;1.0827658342150416e-08;1.2256182539304838e-08;1.6788195840928623e-08;1.8218492160549572e-08;4.2859262297780135e-08;1.3996758203201466e-07;2.671455914261523e-07;3.054846386090011e-07;2.2928361135693386e-07;1.2761086416935312e-07;5.6804166534402043e-08;2.970906170537341e-08;1.6249366479037786e-08;9.744356827888082e-09;6.8039597472808676e-09;1.0808401937626291e-08;3.204366387936493e-08;6.018991719221032e-08;7.435229657631103e-08;9.592767762783309e-08;1.8683075896493237e-07;3.738202875455111e-07;6.385307417868821e-07;9.680424096026774e-07;1.3746315372676312e-06;1.9504937136290712e-06;2.777271624716716e-06;4.17711204304642e-06;6.331840030689791e-06;9.033118138834086e-06;1.1857980371772507e-05;1.4472495816708157e-05;1.6774349136326734e-05;1.870169679262861e-05;2.0118376470285284e-05;2.1130650651695936e-05;2.194248379257599e-05;2.271312622904465e-05;2.3404207354335736e-05;2.3889021936681276e-05;2.405139922368134e-05;2.3809018809918408e-05;2.3328311152187577e-05;2.2794314655918084e-05;2.246753928303955e-05;2.2042803016708985e-05;2.1556721016046613e-05;2.0984534924957863e-05;2.0483293651345197e-05;2.009137363768441e-05;1.983223682866325e-05;1.9673271779064937e-05;1.953398463723577e-05;1.9594489858958697e-05;1.985699156823844e-05;2.007696979494565e-05;2.0200655889204764e-05;2.014159106364371e-05;1.9953686404067127e-05;1.979198888260834e-05;1.982785526899131e-05;2.0216835983077675e-05;2.057626161512729e-05;2.0529385934355535e-05;1.9918472112041265e-05;1.887635135189399e-05;1.7740918010211725e-05;1.6850667127357012e-05;1.6336380501971793e-05;1.6174637176729908e-05;1.623192671256922e-05;1.6505348814964138e-05;1.692209347850059e-05;1.735181655522452e-05;1.7608380330865554e-05;1.7348759691417515e-05;1.673738303563172e-05;1.6199157195720876e-05
1983.957447969562;7.019197849861637e-08;5.12714194831934e-08;2.9520448900257112e-08;1.4878060356467576e-08;1.1093987264821816e-08;2.1180199900591663e-08;3.5892718728346405e-08;5.571618071040608e-08;6.992225725532109e-08;7.912139457213442e-08;7.151062797806236e-08;4.67911969785412e-08;2.605501568524636e-08;3.8101354755078334e-08;9.159046858864145e-08;1.518807930622077e-07;1.675242708682263e-07;1.2814186888937952e-07;7.172769475524403e-08;3.4222822870361364e-08;1.6384404513589047e-08;7.533534015394432e-09;7.00223231821417e-09;1.5194168954197413e-08;2.7476350129324388e-08;3.0636057910483417e-08;3.5099263160167885e-08;7.257850304213429e-08;1.2591240574323677e-07;1.3516441400801028e-07;8.866895403917594e-08;3.4143923768768846e-08;1.164318221389815e-08;8.657744086441458e-09;7.74524262101724e-09;7.103756216517887e-09;5.8435158202014624e-09;6.836625363825554e-09;1.651353165840063e-08;3.039962105841707e-08;4.60232149727197e-08;1.0334733657746341e-07;2.598649520063487e-07;5.322274498923013e-07;8.831017942855475e-07;1.2188791009819254e-06;1.4812468156338131e-06;1.76858990243963e-06;2.391162275825636e-06;3.7638788614875504e-06;5.94683257956349e-06;8.609141362878097e-06;1.1285053738338452e-05;1.3767818383693965e-05;1.5981428130914606e-05;1.7908868604224197e-05;1.9514546720628388e-05;2.087051662809766e-05;2.195029856729798e-05;2.310816100456208e-05;2.437010673327891e-05;2.5512107256150388e-05;2.619054044736358e-05;2.5909661691823213e-05;2.468548354156453e-05;2.304481736950533e-05;2.16760929537704e-05;2.069111151420929e-05;2.009592592106712e-05;1.9822965596675345e-05;1.9925398055537066e-05;2.0239828782182654e-05;2.054202346256059e-05;2.060784962004584e-05;2.0381525208682545e-05;2.0029248481703466e-05;1.9564366186869928e-05;1.940136296136956e-05;1.961615237109743e-05;2.012025663796743e-05;2.0548759183802155e-05;2.0727607495212422e-05;2.052056135544828e-05;2.018487598625398e-05;1.99022239023862e-05;1.942529897055172e-05;1.886443270218499e-05;1.8222950057232872e-05;1.7647875917069232e-05;1.7182131648999545e-05;1.6795335002830487e-05;1.6405777814586363e-05;1.6115936748345953e-05;1.6175508127226175e-05;1.653184931929345e-05;1.6995622439396008e-05;1.7204388613223347e-05;1.6799451044453712e-05;1.599245349329593e-05;1.5320167453355655e-05
1985.4219400203729;2.31377863597408e-09;1.1539387073971183e-09;3.9019062696149154e-10;4.612292679471026e-10;1.9362724867398232e-09;8.697178754455377e-09;1.8293562604010725e-08;2.5936943987729452e-08;4.191194006596959e-08;5.6097966955160296e-08;5.596707405790463e-08;3.080646584155816e-08;1.2371653620842889e-08;4.983477336692152e-09;2.364724620153074e-09;1.2502925279240094e-09;9.068935489970164e-10;1.0688396415545483e-09;1.4495067058655872e-09;1.248471133528086e-09;7.17125767802627e-10;3.1487195657616085e-10;1.3633806479081575e-09;6.144012420148771e-09;1.280712780743796e-08;1.4497972474725086e-08;9.708181079812622e-09;3.471694797118095e-09;1.482319255783567e-09;1.1885571435809515e-09;8.960780014822575e-10;7.616085153983523e-10;1.0463859331355135e-09;2.259370192877124e-09;4.331821321631284e-09;6.055049008064654e-09;5.916167201647411e-09;4.1214450508731914e-09;2.0478400721909023e-09;1.2096441487116803e-09;9.553527434979902e-09;5.8120167463077264e-08;2.0153482024197872e-07;4.813317252934848e-07;8.783825518215608e-07;1.3273489252666658e-06;1.803410138863392e-06;2.407501157597973e-06;3.3701374588892684e-06;4.899852364356496e-06;6.949060441862704e-06;9.264602465638107e-06;1.1599681503608604e-05;1.3777630754109429e-05;1.57156317593757e-05;1.738264515075685e-05;1.8873966371530287e-05;2.0305420599234863e-05;2.167234331942062e-05;2.299422699124893e-05;2.430195163221175e-05;2.541122732914326e-05;2.6014404630450275e-05;2.571119594137621e-05;2.4535475163568805e-05;2.290666178830182e-05;2.1268900134480984e-05;1.998463503959724e-05;1.911323248959957e-05;1.881338726593428e-05;1.8938513587796912e-05;1.947506333386985e-05;2.0227626902389864e-05;2.082469266148466e-05;2.1056152955204813e-05;2.1007452058433517e-05;2.061042529436279e-05;2.035125727160213e-05;2.0472525267792864e-05;2.0850929801613343e-05;2.1175662262877187e-05;2.12232480605308e-05;2.0697837225588853e-05;1.9883945952076008e-05;1.9226256026813986e-05;1.87935733916527e-05;1.8473147021390607e-05;1.8155356754979885e-05;1.7824458631597697e-05;1.751263643751497e-05;1.7224511176842605e-05;1.695545192778552e-05;1.6815622740946383e-05;1.6897047093823105e-05;1.716999870849129e-05;1.7443484737575534e-05;1.737273049280702e-05;1.67290720006563e-05;1.5937894881978144e-05;1.5363668813250755e-05
1986.885800119042;4.534585077893203e-09;2.4857758149090194e-09;9.64817775169304e-10;4.0502878578743077e-10;2.469839575034866e-10;1.3721336646518887e-09;7.338250014664187e-09;2.6888070063411426e-08;6.758391101042131e-08;1.093570259035235e-07;1.247676510341811e-07;1.336160072462189e-07;1.5661126455752297e-07;1.5710321306723994e-07;1.085091187365795e-07;4.6426905472624766e-08;1.560279880846657e-08;9.28752200687995e-09;6.341622184130684e-09;9.5784858713872e-09;2.7223707659424472e-08;5.0652048163287615e-08;6.129442252344049e-08;5.013551187210085e-08;2.9675282524713783e-08;1.4965154116539896e-08;7.489212218651869e-09;3.935907797170522e-09;3.3026005827536713e-09;7.258650357189668e-09;1.4237833896195176e-08;1.7094457821048432e-08;1.2953065425608276e-08;6.549243335056362e-09;4.0180928785952274e-09;4.556351578377592e-09;5.678233602380879e-09;6.062902254190468e-09;6.075815805061558e-09;8.408657751983214e-09;2.609844911215504e-08;8.104618140695125e-08;2.0574215348047556e-07;4.22522096419736e-07;7.614057578200979e-07;1.2423213141301182e-06;1.914527179725667e-06;2.7997802878866813e-06;3.972123657302117e-06;5.487012447594957e-06;7.340173344744828e-06;9.415438785426591e-06;1.155345108098228e-05;1.3545300668060671e-05;1.5333712004069243e-05;1.6937610705947547e-05;1.8391604670720504e-05;1.976293516857389e-05;2.1111609927271197e-05;2.2392640390534213e-05;2.345948940402021e-05;2.426110261758421e-05;2.4746802810729068e-05;2.464052313460001e-05;2.3956725836393023e-05;2.2752339647478652e-05;2.1465496743724867e-05;2.032451812615071e-05;1.9438564396123596e-05;1.8879540616376345e-05;1.8668413844422074e-05;1.8943847221420045e-05;1.9776245948227315e-05;2.0795036701796584e-05;2.1655992484003525e-05;2.2012118758086947e-05;2.1996674170571573e-05;2.1815537283201898e-05;2.1579097811210904e-05;2.1459407738493867e-05;2.1153836834746903e-05;2.0588989900003256e-05;2.005606907349729e-05;1.959086993104117e-05;1.920629946464636e-05;1.893724110739092e-05;1.8603758355791068e-05;1.816539609696746e-05;1.768220170649951e-05;1.7404810210495098e-05;1.743976334677238e-05;1.7626216674546703e-05;1.7754319264292127e-05;1.7728489098029794e-05;1.759066759770916e-05;1.7260379948921108e-05;1.686851166409151e-05;1.6469097446529844e-05;1.617093060230659e-05;1.599905420601648e-05
1988.3490283435783;5.578016768085309e-09;3.621433336305666e-09;1.8227242436628523e-09;9.306919248036091e-10;4.702754877497907e-10;6.191501765259327e-10;2.531837291115984e-09;1.4436467316400461e-08;3.8579188405975736e-08;7.562149114510298e-08;1.311030850029715e-07;2.2219330972741002e-07;3.172883222894318e-07;3.22719597374354e-07;2.161693775742433e-07;9.160886506400657e-08;2.9778978987186954e-08;1.6532442334263776e-08;1.209832735415949e-08;1.9642929132689537e-08;5.3701734038148056e-08;1.014105043645754e-07;1.2254259354510148e-07;1.0013504044879813e-07;5.9196945405697696e-08;2.9683017709172648e-08;1.4531079307439052e-08;7.1460153078746675e-09;5.62346790415939e-09;1.3351053229070558e-08;2.7508180106200136e-08;3.3643647061885706e-08;2.5382574889597507e-08;1.1383296510380093e-08;4.139740828657391e-09;2.711216023360853e-09;3.489026448078829e-09;5.284791673286975e-09;8.268205250612893e-09;1.4999357021643808e-08;4.8578800767676426e-08;1.428723798617089e-07;3.06318539183155e-07;5.430826474584219e-07;8.70762937952445e-07;1.3048366037408367e-06;1.8654538334708136e-06;2.629387916051021e-06;3.6813927804847854e-06;5.103635338467659e-06;6.962710920583003e-06;9.201664388914968e-06;1.1585743163786124e-05;1.3852628237251211e-05;1.5742848196895894e-05;1.7118688810118794e-05;1.822501168110836e-05;1.925591597212341e-05;2.0536950831356068e-05;2.219549948836453e-05;2.3945909300165968e-05;2.539918809962519e-05;2.606203803472668e-05;2.567972795884738e-05;2.443936630618039e-05;2.288629829110289e-05;2.140154011941275e-05;2.0454846712977957e-05;2.0037492548971263e-05;1.9906351306470512e-05;2.015899846741082e-05;2.0693767893666463e-05;2.1385463988924253e-05;2.199141377064004e-05;2.2312361282553515e-05;2.215976356194431e-05;2.164896857053431e-05;2.0881919654167814e-05;2.040518111920809e-05;2.0156774231649632e-05;2.003779874187326e-05;1.9795806485864767e-05;1.9677214650185635e-05;1.9578452733838925e-05;1.93839801034241e-05;1.8994044115340305e-05;1.8452914184281544e-05;1.7806174394343996e-05;1.7350356583408805e-05;1.7299592782946608e-05;1.7627276146362354e-05;1.811823921162111e-05;1.836705266592859e-05;1.8225998327358846e-05;1.776339726564711e-05;1.715539865082176e-05;1.657110531919808e-05;1.6280811076529127e-05;1.6149971458532213e-05;1.6110161553764622e-05
1989.8116247720463;3.047168268546366e-09;3.283741971738748e-09;2.928782699769335e-09;1.8542681264911983e-09;7.521430799471047e-10;2.6616552607895665e-10;2.466425191566046e-10;1.9395731774149603e-09;9.325022643540405e-09;3.8329615448947175e-08;1.0809695420749575e-07;1.9708193644127325e-07;2.452856573094635e-07;2.110161746683271e-07;1.2791424859129881e-07;5.3987828560165663e-08;1.9106336024887628e-08;1.4481338346808865e-08;1.7735101814412003e-08;2.58769322169655e-08;4.2485546740157945e-08;5.9441153860140274e-08;6.436514047697918e-08;5.1310081143941785e-08;3.035254236549751e-08;1.5364865817911642e-08;7.77307156795869e-09;4.096969105830918e-09;3.1568029694839012e-09;6.782476965979681e-09;1.3740628260802721e-08;1.700282279717403e-08;1.3825254240083541e-08;9.189464609840496e-09;6.184504586289096e-09;4.3520132417435306e-09;2.6557389190625714e-09;2.4178987905417875e-09;4.154695607608203e-09;9.279539071994753e-09;3.0918265194461574e-08;8.975662678098499e-08;2.0707383736594733e-07;4.3086423535782594e-07;8.153130775305683e-07;1.3746031408420023e-06;2.1528923307616902e-06;3.127165470858048e-06;4.322692134012617e-06;5.749955641942436e-06;7.5492320534772546e-06;9.802146245297504e-06;1.2354116709669683e-05;1.482843726105986e-05;1.6784537649113914e-05;1.809294397115841e-05;1.895862946761208e-05;1.9853583791414717e-05;2.112774167808515e-05;2.296965491821269e-05;2.512451799171634e-05;2.691198629430497e-05;2.7476161807998013e-05;2.667068401965401e-05;2.497534927846753e-05;2.3176995123470625e-05;2.171984967631933e-05;2.09339841329091e-05;2.0722312243025248e-05;2.09409020118839e-05;2.1385313565059083e-05;2.1883675541551708e-05;2.240045060543161e-05;2.2621715358832493e-05;2.241976733650923e-05;2.1850158063132992e-05;2.104378132559345e-05;2.00760155830761e-05;1.931517574377915e-05;1.878063209725785e-05;1.8731398020612434e-05;1.9026306317346444e-05;1.9271877336331157e-05;1.9318654539223037e-05;1.9070049960851955e-05;1.8517736715223835e-05;1.7807354303697886e-05;1.7206833107127157e-05;1.695377721375974e-05;1.7106272368745405e-05;1.7540934565245628e-05;1.798951330691796e-05;1.8250262623557988e-05;1.825699698676088e-05;1.8117003207817973e-05;1.7780074259826843e-05;1.733090849698218e-05;1.6909720887852444e-05;1.6691176797770617e-05;1.664065659366985e-05
1991.2735894825487;1.2500335182805282e-07;8.105040719701778e-08;3.742763527463389e-08;9.550760439792642e-09;4.217507457676808e-09;2.234958804891847e-09;1.452173934126269e-09;3.051511451898677e-09;1.1426695281354033e-08;3.5676250422220866e-08;7.197196741491094e-08;1.001683403542505e-07;8.956140846063008e-08;6.603369926379994e-08;5.824030177533439e-08;6.628819810807196e-08;6.802397129971533e-08;5.836527581798207e-08;4.770746523320694e-08;3.8589412396285954e-08;2.6583911494812888e-08;1.3658751584435963e-08;5.4301920151869315e-09;2.543295403396105e-09;1.4251338770113612e-09;2.086571107441878e-09;9.245635950304488e-09;2.3588153061116483e-08;4.0628952596165774e-08;5.3568673162170446e-08;5.749767466522757e-08;3.963459230072698e-08;2.7885987056341096e-08;1.9148605478825268e-08;1.3336622276661523e-08;8.777239535353989e-09;4.5862372456398855e-09;1.9038640677608794e-09;1.427709819446252e-09;4.093847612430115e-09;1.2372341744790829e-08;2.5591467591651095e-08;6.108077980882707e-08;1.872918835082464e-07;5.314417188165728e-07;1.2339345176541834e-06;2.2907770234248704e-06;3.50240963249114e-06;4.757694500024371e-06;6.0046982282796905e-06;7.40971524217336e-06;9.236709816603613e-06;1.1590935702986175e-05;1.424685574373266e-05;1.6911131369049392e-05;1.892975516393713e-05;2.0423894470023356e-05;2.151422719766087e-05;2.25016609611099e-05;2.3461619155690068e-05;2.437409629208381e-05;2.5029488922864373e-05;2.507668895932309e-05;2.4436425145004923e-05;2.3398141783156107e-05;2.237017867069109e-05;2.153132532907492e-05;2.0918979021138185e-05;2.050077991693361e-05;2.026663248816692e-05;2.017700279034618e-05;2.0178793009205332e-05;2.026168439850589e-05;2.046334221302297e-05;2.075760083334459e-05;2.087352195966447e-05;2.078048691970048e-05;2.0488386019947176e-05;1.975779177983756e-05;1.9255832381789225e-05;1.918234598264225e-05;1.9468236337942916e-05;1.9735342373483232e-05;1.9595753658745463e-05;1.89783671178565e-05;1.81337785644078e-05;1.7256296664138946e-05;1.674453165074566e-05;1.6652400569064317e-05;1.689771876787964e-05;1.7296164980019943e-05;1.762719725844341e-05;1.7860288655185605e-05;1.808610187117032e-05;1.83627833796609e-05;1.8616793957070444e-05;1.8729401151559124e-05;1.8676503293147235e-05;1.8632599263629287e-05;1.8629646140424935e-05
1992.7349225532416;2.486661510721321e-07;1.5920498570625695e-07;7.365242819802454e-08;2.8846535573171553e-08;2.0627026689149743e-08;2.764633170542871e-08;3.496848079039323e-08;3.380314160857884e-08;3.263177400949362e-08;3.8711970856080126e-08;4.260327479323054e-08;3.3894287233120806e-08;2.6620716065299642e-08;4.1870026571277975e-08;8.123234277862923e-08;1.1846688332637385e-07;1.2802119928461298e-07;1.0193293030295364e-07;6.56355826147706e-08;3.6036954296410675e-08;1.5989581565800928e-08;8.17410362779181e-09;4.3147807430757006e-09;2.385500421611918e-09;1.4549784723620023e-09;3.7742514560851165e-09;1.7449338972825633e-08;4.61563674813854e-08;8.055201344749056e-08;1.0684827136993336e-07;1.1672729972340945e-07;1.0750976772287485e-07;7.999676894411702e-08;4.5488880522510114e-08;2.1445524662659384e-08;1.015089330780778e-08;6.182081398183593e-09;5.004901931235131e-09;7.447164863722311e-09;9.82312115821824e-09;1.217501718346336e-08;1.5781615238910922e-08;2.6086744435359683e-08;7.698043654304125e-08;2.884810515895174e-07;8.796078170499901e-07;1.8894688648749944e-06;3.1918177955017408e-06;4.486421577830321e-06;5.638376775870785e-06;6.747158300831455e-06;8.217247778951781e-06;1.0397969531505747e-05;1.3266816556886008e-05;1.644141194240569e-05;1.9265624369445752e-05;2.123077919011423e-05;2.2285465677041142e-05;2.2768861429508017e-05;2.3095304626309727e-05;2.322430294970751e-05;2.3313733379449e-05;2.328843306091288e-05;2.2994644642913594e-05;2.2550975645820453e-05;2.208234239115675e-05;2.1668199442600076e-05;2.124469052633356e-05;2.0654592494939683e-05;2.0036575545951148e-05;1.936651522367481e-05;1.8890094984462133e-05;1.842340877934918e-05;1.8343977510107527e-05;1.8838282470434187e-05;1.979685501024689e-05;2.0766970406765944e-05;2.1323218533669783e-05;2.1163149497808525e-05;2.058215182359362e-05;1.985293191735454e-05;1.933114319285148e-05;1.895512523139208e-05;1.8415055546127484e-05;1.761421928584467e-05;1.6821202669799285e-05;1.630667658293984e-05;1.618654882871316e-05;1.6441137851161276e-05;1.6929366961648168e-05;1.7618143292671314e-05;1.8175086149038872e-05;1.841186177293474e-05;1.837247291268096e-05;1.8163633576300835e-05;1.816732943288622e-05;1.838911649758417e-05;1.8816736639639204e-05;1.925225044955244e-05;1.952140518050984e-05
1994.1956240623117;1.4126800795051074e-07;9.648124783059953e-08;7.632950046445933e-08;1.1249784758371729e-07;1.7898288266142402e-07;2.427999011847802e-07;2.427145108508589e-07;1.6891023128558305e-07;8.632752083223791e-08;4.445684801636477e-08;3.195447560499072e-08;2.114987416841597e-08;1.6787973140534422e-08;2.3851474411969656e-08;4.81661952222408e-08;6.514067816974332e-08;6.608641649763748e-08;5.0563108057446247e-08;2.9023158411600105e-08;1.2625762652982732e-08;5.451195209424293e-09;3.618083617279768e-09;2.299709144398686e-09;1.5048956422888144e-09;2.209469960546622e-09;5.4229895188770085e-09;1.386586801399627e-08;2.7470164403063576e-08;4.3173109962839574e-08;7.280562530499053e-08;1.2004357547005101e-07;1.8309901002571896e-07;1.7679760076832648e-07;1.1266478916603425e-07;5.0505434141607194e-08;2.0523890145427468e-08;1.5260509967035128e-08;3.307803793428812e-08;6.525266861919901e-08;8.543475527185572e-08;7.87396400463225e-08;5.55174887254006e-08;3.2179292074220534e-08;4.8044696109788784e-08;1.817085678640945e-07;6.13907897188386e-07;1.5999882548148587e-06;3.109651316845012e-06;4.796553594652552e-06;6.363414358364508e-06;7.779004725571474e-06;9.29393890199988e-06;1.1208939687385726e-05;1.358131735540172e-05;1.604607739665499e-05;1.8454915604210932e-05;2.007138267220932e-05;2.113162302692089e-05;2.2021254906424817e-05;2.2902838304380955e-05;2.3797329971450875e-05;2.4424252949127717e-05;2.4603010284368e-05;2.4346787797154663e-05;2.383167078398552e-05;2.3328054286022462e-05;2.290741188325581e-05;2.253040000513858e-05;2.1964163327587117e-05;2.117224798647596e-05;2.024012857816407e-05;1.9362154070831656e-05;1.880525002318311e-05;1.8707098670146613e-05;1.923877228063661e-05;2.03663092828188e-05;2.1683246368772248e-05;2.253903598062503e-05;2.2523645551779968e-05;2.144271723064868e-05;1.988001574943633e-05;1.853076601097744e-05;1.7600590700577374e-05;1.6955965217616797e-05;1.634097940866228e-05;1.5865417082822582e-05;1.5723962335801526e-05;1.5924618909635698e-05;1.648136986753713e-05;1.73295454755731e-05;1.8264911068075017e-05;1.898557951457508e-05;1.91483846937471e-05;1.85374583288844e-05;1.7365611755935975e-05;1.607781079671303e-05;1.5570790732615618e-05;1.6023118674039222e-05;1.6950588155230904e-05;1.7654359969957404e-05
1995.6556940880075;3.7317761401776715e-08;3.5978260570311733e-08;7.995009763431029e-08;1.8385796671327314e-07;3.184716142305488e-07;4.202721755686593e-07;4.048364186750877e-07;2.679380254009132e-07;1.202236278682371e-07;4.644285606956092e-08;2.568830069954749e-08;1.8194825018834604e-08;1.3454391860398042e-08;1.644358119120155e-08;4.5379023660049964e-08;1.1802068672623041e-07;1.7063518603355506e-07;1.5759327907575125e-07;9.334438603494376e-08;3.7351029344493634e-08;1.491602053324565e-08;8.569233049732316e-09;5.4418850269667354e-09;4.436573758507778e-09;6.704484470590908e-09;1.070523309595513e-08;1.0611508557847384e-08;7.414123218338619e-09;6.799253482705633e-09;4.1637378764188796e-08;1.7407546667990294e-07;3.595703118026314e-07;4.538715121207968e-07;3.74005210198566e-07;2.0886614667782635e-07;8.294010539395133e-08;3.5397579650179736e-08;6.213008365734943e-08;1.1758850892703137e-07;1.5548502173196528e-07;1.4716907426001234e-07;1.0359795950099385e-07;5.752217312698381e-08;7.203623583504194e-08;2.443513355756913e-07;7.240195037912919e-07;1.712088455215026e-06;3.1702231110472054e-06;5.003236069299381e-06;6.920999649317481e-06;8.85476252240183e-06;1.0943874812016843e-05;1.3073430072469487e-05;1.5142609971786778e-05;1.6997293271820647e-05;1.8482664359005397e-05;1.958534798458261e-05;2.0544944194832825e-05;2.165852775013125e-05;2.297235843466219e-05;2.4409411211387057e-05;2.561030625089332e-05;2.604131594792709e-05;2.598603301988529e-05;2.5407983126111152e-05;2.4621747074990937e-05;2.383537499833792e-05;2.3124472691465767e-05;2.257361382158059e-05;2.1932223774419763e-05;2.1267658045969808e-05;2.0586421142677856e-05;2.0269729140724088e-05;2.035665784006848e-05;2.077007207518983e-05;2.134154670709114e-05;2.199913750827263e-05;2.216845305968734e-05;2.185678816706972e-05;2.1167832757499503e-05;2.020222051082512e-05;1.9416149470200277e-05;1.8870514952218224e-05;1.828139334966762e-05;1.762463477639561e-05;1.700821201003447e-05;1.6677187416355154e-05;1.679513432797184e-05;1.7328327479382256e-05;1.810508550066376e-05;1.8689655825136307e-05;1.910862552658487e-05;1.90266200806348e-05;1.832013752417927e-05;1.7239317831084173e-05;1.6160668991564674e-05;1.5521936960100607e-05;1.5533541784437045e-05;1.5973394369319367e-05;1.6360719686467392e-05
1997.1151327085968;7.13135262789426e-08;8.306237197119779e-08;1.0661419758769305e-07;1.5467806628307402e-07;2.0340293036667481e-07;2.3285688825608865e-07;2.1677537900428573e-07;1.506449992882923e-07;7.506765951054331e-08;3.083629887373752e-08;1.6119168647561692e-08;2.2502761100504026e-08;3.851113840630073e-08;5.2477106060484745e-08;1.068457384547724e-07;2.317798256832047e-07;3.3889106997318257e-07;3.147101319129734e-07;1.8693048062580786e-07;7.573860710517287e-08;3.076247520507832e-08;1.7292768327305323e-08;1.0564142006045524e-08;8.0360308899318e-09;9.387743133438768e-09;1.1941937482193917e-08;1.0472173282662122e-08;6.341631495861376e-09;1.0918505726268773e-08;4.7814669839614406e-08;1.762293357721958e-07;3.877496684104799e-07;5.469213328652011e-07;5.036543425445318e-07;3.038427139437068e-07;1.1914781712651305e-07;4.6602896222139926e-08;4.6021144380743386e-08;6.733504259287823e-08;8.72022797694004e-08;9.353188970127859e-08;8.677057684347464e-08;7.855703099504197e-08;1.4372531636299018e-07;4.3880198739310274e-07;1.022139039502334e-06;1.8319868094143e-06;2.868325895220312e-06;4.140941709022686e-06;5.822441012926393e-06;8.009303158259127e-06;1.0651250299692865e-05;1.3465302227121216e-05;1.607485248471607e-05;1.82272103550979e-05;1.988629125087989e-05;2.1102466524481294e-05;2.1948616407883097e-05;2.2622000288290623e-05;2.352379867890758e-05;2.479461372133641e-05;2.6257806476176316e-05;2.735566290052341e-05;2.749372589035135e-05;2.661178258783756e-05;2.5217577698419456e-05;2.391371975847385e-05;2.2942270937540163e-05;2.240097591304892e-05;2.2177176769134582e-05;2.1918927903490117e-05;2.155429323149096e-05;2.1216068105742794e-05;2.1057532422578676e-05;2.101989915925045e-05;2.092402395183277e-05;2.068224953390809e-05;2.0337471974301627e-05;2.0018613880046196e-05;1.9836956357176832e-05;1.979917397837516e-05;1.988190614431897e-05;1.984055808110806e-05;1.9482057793832807e-05;1.8907324536847585e-05;1.820396554862741e-05;1.7672542128779453e-05;1.7646257084716678e-05;1.8106447483734745e-05;1.868686053993877e-05;1.9025306468601265e-05;1.8907208818520384e-05;1.8426442673893624e-05;1.7827414262861913e-05;1.736687071310516e-05;1.736625793982153e-05;1.7396418537055973e-05;1.745810917797493e-05;1.737605346059415e-05;1.7200264403010348e-05
1998.573940002414;2.484450276286793e-07;2.102528153125913e-07;1.621671434055485e-07;1.1666354370025881e-07;7.572072613252715e-08;4.4641459405085956e-08;2.8408968504153116e-08;2.4132227623437647e-08;2.925034498972441e-08;5.514414195471461e-08;1.2527922057850598e-07;2.213786966253603e-07;2.635586641851386e-07;2.1352625995621517e-07;1.4728758199473138e-07;1.533930463803081e-07;1.876210780216425e-07;1.6889547643249797e-07;1.0306550535105473e-07;4.7166864990831584e-08;2.469039572606373e-08;1.4951768234051323e-08;8.049843177896019e-09;4.901205039858929e-09;4.6355037129368234e-09;6.584276429562194e-09;1.3687544152811624e-08;3.4537253612256694e-08;5.37110264293876e-08;7.133768700232921e-08;1.0249891633662821e-07;1.667618974204633e-07;2.2863009633356558e-07;2.2029603115266595e-07;1.4963378128830296e-07;8.783352899498076e-08;5.9317768497436544e-08;4.1301566611019104e-08;2.21836045605786e-08;1.732150314463612e-08;3.356677520227855e-08;6.002018724143015e-08;1.0005696728847509e-07;2.585194546146742e-07;6.612394245140578e-07;1.2239503884415965e-06;1.760024315441712e-06;2.238568498925089e-06;2.9120971715951707e-06;4.225991735428885e-06;6.301517374361739e-06;8.89479396931909e-06;1.183155269075498e-05;1.4779897863681675e-05;1.755772740021836e-05;1.9872023790365784e-05;2.163586273766331e-05;2.2832970415857684e-05;2.377208062631757e-05;2.4506277897924628e-05;2.543859458702678e-05;2.6362191868316004e-05;2.674519432191702e-05;2.5982296426028142e-05;2.4463116478925232e-05;2.309686943391405e-05;2.2419221504525737e-05;2.2250803735459527e-05;2.2251018251739195e-05;2.2107007562373e-05;2.1693187936944185e-05;2.1016166971873854e-05;2.0341008818654486e-05;1.989279862606678e-05;1.975891628077715e-05;1.9745235547439492e-05;1.954488163114252e-05;1.943469431618327e-05;1.9321333771983657e-05;1.926169433745727e-05;1.940093117286032e-05;1.950558361656651e-05;1.935444229117336e-05;1.895298427032664e-05;1.821987765909893e-05;1.7403089244458915e-05;1.6926310582859917e-05;1.7059380644242838e-05;1.7745335672483645e-05;1.8512094525786885e-05;1.8858758911245022e-05;1.8378865622294705e-05;1.7451926892788094e-05;1.6646626371400117e-05;1.6257656211283737e-05;1.652141618801258e-05;1.7182820354569654e-05;1.7630538800814375e-05;1.7549927424326772e-05;1.7245690362599872e-05
2000.032116047827;3.690902421471583e-07;2.435048395460314e-07;1.3583622363332268e-07;6.918204926934259e-08;3.775040625056368e-08;2.0585745614867104e-08;1.1097327756463822e-08;6.850137477088806e-09;2.57660605966054e-08;1.0037108697952532e-07;2.549317432438191e-07;4.2226996768354534e-07;4.525925794411534e-07;3.1502756767686985e-07;1.3876351914029236e-07;4.670623816090541e-08;2.3541082614397802e-08;1.577798590497943e-08;1.749574262815919e-08;3.46437100975836e-08;7.516112138821936e-08;1.239182700552809e-07;1.465895600084871e-07;1.306369054205228e-07;9.323107438952643e-08;5.8690999327073874e-08;4.9419099671079464e-08;7.392151580684203e-08;1.045096902908778e-07;1.1320899585033669e-07;1.0400696940559129e-07;8.774902112388754e-08;6.214212142979701e-08;3.795561201576288e-08;4.229277584221091e-08;7.516933325563689e-08;1.0056747110548835e-07;9.390710802866607e-08;7.843182137122468e-08;6.70482591785023e-08;6.341369178170093e-08;5.9776301454317e-08;1.010784624108416e-07;3.088441130498853e-07;7.442007890113278e-07;1.2790663492654542e-06;1.7485604581299791e-06;2.278674861828398e-06;3.1058089807778265e-06;4.49360560851729e-06;6.411675381382427e-06;8.674432143095922e-06;1.116301064251355e-05;1.3823820436983738e-05;1.6545579894003115e-05;1.90379560190421e-05;2.1085766099678872e-05;2.255306862420949e-05;2.3554402545095908e-05;2.4205431250992737e-05;2.4478079774318816e-05;2.4278128534478115e-05;2.357831018666239e-05;2.2571160932534658e-05;2.175966274810579e-05;2.1599630255282572e-05;2.2017527243363117e-05;2.2405725241275685e-05;2.229233171827539e-05;2.147927788264676e-05;2.039402489231589e-05;1.9473430587073156e-05;1.8971440669982687e-05;1.8888679119825303e-05;1.895563206969916e-05;1.9204758163813293e-05;1.941758766834914e-05;1.952904100042551e-05;1.9577157480522223e-05;1.960732448116982e-05;1.9633998378056717e-05;1.943730492281095e-05;1.8912674007843737e-05;1.806750834389277e-05;1.7012970766980594e-05;1.6193843106934134e-05;1.612544634796471e-05;1.6800273104770303e-05;1.7870745644329646e-05;1.8709585048235287e-05;1.885341379375832e-05;1.8233593481774348e-05;1.7230291154949586e-05;1.650740519878209e-05;1.62990678791969e-05;1.6618082824142336e-05;1.7224359668491336e-05;1.7378821335086516e-05;1.7027494689504087e-05;1.6596109679584623e-05
2001.489660923242;1.891350729622226e-07;1.0716047572796623e-07;4.2474032553154016e-08;1.6745064107239062e-08;1.0512122581004836e-08;9.582491653203374e-09;1.0112772009253404e-08;1.0037113696670718e-08;1.9789865681899858e-08;6.793053010480163e-08;1.620618580875107e-07;2.4842238352117377e-07;2.428459354753169e-07;1.5413916461171696e-07;6.263552525672591e-08;1.373058346472076e-08;7.0057690229448545e-09;6.297134304549031e-09;1.4970676856972536e-08;5.2805542625609346e-08;1.479932002544518e-07;2.826273370475254e-07;3.762355771429725e-07;3.806950839263394e-07;3.060777423850707e-07;1.961807741306591e-07;1.0918750867439849e-07;7.574783421906738e-08;8.088316648316222e-08;9.856956279793929e-08;1.1492899980443155e-07;1.2701521973551765e-07;1.1094558078159604e-07;1.002945204926118e-07;1.293748978290199e-07;1.733810504082326e-07;2.0172889608746003e-07;1.8638772370794065e-07;1.5672988429171077e-07;1.2880773878434753e-07;1.0133801241884409e-07;6.611183451176068e-08;5.982736491442837e-08;1.5949949208605225e-07;4.158127105968343e-07;8.641118612657323e-07;1.589134441554484e-06;2.70537919829859e-06;4.158438137088195e-06;5.886852656868226e-06;7.79890133360172e-06;9.728029625249086e-06;1.1709138887866403e-05;1.3858423075886307e-05;1.6147681491082973e-05;1.8435893889726466e-05;2.0463533049634493e-05;2.2035663590643696e-05;2.3001514873763083e-05;2.359770162797883e-05;2.3733179152707637e-05;2.3257926570321497e-05;2.2678693250348937e-05;2.2278804338079596e-05;2.246710030339041e-05;2.3197885774485737e-05;2.3971375437970105e-05;2.42355314566466e-05;2.360445282422413e-05;2.217635307098732e-05;2.0492027137755828e-05;1.923832947241288e-05;1.865631929306616e-05;1.8804096352924444e-05;1.9080583150565797e-05;1.936470549342193e-05;1.957866268721344e-05;1.9757247912047693e-05;1.9797350644745377e-05;1.9744579330861145e-05;1.9622977797614404e-05;1.936546486685218e-05;1.8988855125757614e-05;1.8505790268923265e-05;1.804905993815005e-05;1.7818836103689712e-05;1.7963196378604422e-05;1.8433771238470133e-05;1.9026708547250054e-05;1.9430487659529893e-05;1.9471532124257635e-05;1.9197406578886423e-05;1.884693890765367e-05;1.865049845907024e-05;1.863500917729696e-05;1.8705656133233305e-05;1.867069429900942e-05;1.8338096551918648e-05;1.776792481188376e-05;1.727940229006869e-05
2002.9465747071224;1.5424378528311364e-07;8.93394458101126e-08;2.7738521715062224e-08;9.042134695559386e-09;5.808593047319048e-09;8.381933360287575e-09;1.6708859730436803e-08;2.7454882371348527e-08;3.8111315729112535e-08;5.007756691554447e-08;6.504563298210352e-08;9.28531488549317e-08;1.1286556821132389e-07;1.0747187495766817e-07;7.426612330052781e-08;3.8272172845655886e-08;1.5677760839808245e-08;7.144915649302756e-09;1.0076830673310586e-08;3.0904107058110074e-08;9.820000712691807e-08;2.131699301855079e-07;3.2566167745874734e-07;3.8084559813847617e-07;3.425126629544914e-07;2.292885317882694e-07;1.125534523226582e-07;4.7264744097786147e-08;3.0128695583831696e-08;4.457764742413435e-08;7.531616740609963e-08;9.229923777767425e-08;9.172246514630842e-08;1.208360497521393e-07;2.0231791607258158e-07;2.816068659113415e-07;3.073543616088917e-07;2.681520453092141e-07;1.874843899610888e-07;1.213873112980639e-07;7.276419765333712e-08;4.279191195246872e-08;1.9479110887351508e-08;3.6299865120826465e-08;1.8141302357954785e-07;5.897839643310331e-07;1.496188133397387e-06;2.817737136826929e-06;4.442514158997026e-06;5.929762942919809e-06;7.42103255551201e-06;9.173458683678255e-06;1.1133637032821348e-05;1.3235992707267488e-05;1.5364552466448505e-05;1.7556062012877966e-05;1.97456678744408e-05;2.164443713671197e-05;2.323232821818793e-05;2.4257615751519385e-05;2.457611307542988e-05;2.4212175591777197e-05;2.370667757213753e-05;2.341208192288832e-05;2.3603676942539924e-05;2.4207938048338462e-05;2.487639161381087e-05;2.512821019644756e-05;2.462300440831625e-05;2.337593117222325e-05;2.1947634280388996e-05;2.0753057747423077e-05;2.007671541587705e-05;1.985627411351187e-05;1.9906616909034665e-05;1.9854343300155064e-05;1.9832321564602575e-05;1.9908580663593837e-05;2.000765206115736e-05;1.9993763395817423e-05;1.98326516561151e-05;1.966322653682813e-05;1.950207152812673e-05;1.950533401358072e-05;1.9598039109969865e-05;1.9679357416171294e-05;1.953797909854879e-05;1.9212324935697664e-05;1.8899696193523746e-05;1.8783411543847103e-05;1.891559008402804e-05;1.9240580815255085e-05;1.963080243587013e-05;1.9934313434766852e-05;2.0048974864809715e-05;1.9889493530361285e-05;1.9534004002087845e-05;1.894606015370245e-05;1.822441880696126e-05;1.7661555158105344e-05
2004.4028574779657;2.726999075314823e-07;1.584154408285971e-07;6.31822541511686e-08;2.287842819575845e-08;1.2391801087987613e-08;9.02049183543064e-09;1.450953602675106e-08;3.2855277157403766e-08;5.704319973756112e-08;6.900394216176458e-08;7.527647309910342e-08;1.176561761399858e-07;1.8251676715394527e-07;1.9646283776344373e-07;1.4341798244352989e-07;7.389462889400603e-08;2.97479536344628e-08;1.1298614606313925e-08;5.948595711965951e-09;5.656597298428561e-09;1.7850635037728573e-08;4.9600747884788935e-08;9.523751225028279e-08;1.3296321555410284e-07;1.3223530212625664e-07;9.146675033610867e-08;4.4762306388438555e-08;1.4468813498137918e-08;8.098865008440467e-09;1.9111675785743723e-08;3.723918905420913e-08;4.3035669116432215e-08;3.9042522653675695e-08;5.35589545599488e-08;1.0255653198937181e-07;1.6915971554480546e-07;2.1975251389194134e-07;2.1226693192248626e-07;1.498354935543271e-07;7.891558938057563e-08;3.4909303851296646e-08;1.4410271801204713e-08;8.422296366752744e-09;6.120696982512831e-08;3.06631903376814e-07;8.464988798592633e-07;1.768727224259539e-06;3.0015909991344337e-06;4.261217359191618e-06;5.4033092746853724e-06;6.573535476445947e-06;8.044154221916829e-06;9.892797610595036e-06;1.2020646067249422e-05;1.4202442723614602e-05;1.6499165170444405e-05;1.883566712141393e-05;2.1139713760231355e-05;2.3135594459557752e-05;2.4334809820667875e-05;2.4593850250364364e-05;2.4282647007243415e-05;2.388920422629327e-05;2.377963004365871e-05;2.391920833172312e-05;2.409698479340325e-05;2.4144561919039604e-05;2.3851846804154788e-05;2.320779785230629e-05;2.2442143053833464e-05;2.184323735353156e-05;2.1584752389589083e-05;2.167878620274706e-05;2.1640248861968182e-05;2.136472189014535e-05;2.077083399158264e-05;2.0167823275391655e-05;1.97427041187426e-05;1.9578302119842708e-05;1.9556432624053024e-05;1.95322937312562e-05;1.948051865615026e-05;1.935994775972096e-05;1.9212956036525772e-05;1.904705318498168e-05;1.8824033080444425e-05;1.8474622340323386e-05;1.8031077494984812e-05;1.765160585816701e-05;1.7521271919758456e-05;1.771226882206476e-05;1.823457876967733e-05;1.8840291722503412e-05;1.937638391513348e-05;1.969310657196841e-05;1.9663243154443023e-05;1.9197274598208348e-05;1.828373939445534e-05;1.7369462252468083e-05;1.6753651409925973e-05
2005.858509314305;1.9473023963655129e-07;1.540557575965512e-07;1.0561627153830385e-07;5.7952871438610235e-08;2.8757857139141225e-08;1.2292661532164084e-08;7.723388122727421e-09;1.4956343345920217e-08;2.9561040412661368e-08;3.863225511400756e-08;4.295836178802583e-08;6.272146621003596e-08;9.295945818035837e-08;9.876296869293122e-08;7.195423112572784e-08;3.7163808366989385e-08;1.5286266174339766e-08;6.3586363399035666e-09;3.043040725512364e-09;1.599935302878273e-09;8.032484123963631e-10;7.464924296169576e-10;1.7633194409615746e-09;3.1675465455259422e-09;3.2966573212954597e-09;2.000662027790961e-09;7.517943448930834e-10;2.6425361770465945e-10;1.0518689729724874e-09;5.8211573417258804e-09;1.2755998491581642e-08;1.4090444136627829e-08;8.697265795231273e-09;3.241255860934094e-09;3.787206083742755e-09;2.1689971670188745e-08;5.008130434992197e-08;6.590222191683136e-08;5.853600537705279e-08;4.0883064543554e-08;4.627025538757292e-08;5.5598210218310526e-08;6.437032860116415e-08;1.2584936150674036e-07;3.504737923432855e-07;8.424938739198613e-07;1.6244821310419054e-06;2.6354903987849155e-06;3.745830006349792e-06;5.212554279772918e-06;6.989242637314434e-06;8.846280924932301e-06;1.0733092339787166e-05;1.258698082368966e-05;1.4333878137669756e-05;1.6140781625517454e-05;1.7989585624544887e-05;1.987054994303892e-05;2.1541573272314387e-05;2.279606657697071e-05;2.362653282747752e-05;2.4107547806092055e-05;2.4444989281391945e-05;2.456445382159864e-05;2.4352747562389128e-05;2.3816856468071517e-05;2.301982687454842e-05;2.214597826872392e-05;2.1378113425854396e-05;2.092231574322805e-05;2.0899752465995824e-05;2.120724476078655e-05;2.166576484438053e-05;2.1877134035586935e-05;2.153871223861267e-05;2.059387186256284e-05;1.955096267164641e-05;1.86815945472252e-05;1.8239417054568187e-05;1.829704111550781e-05;1.868676719821131e-05;1.899719742836323e-05;1.9200748585705423e-05;1.911884726860801e-05;1.881447830553867e-05;1.8522510918899425e-05;1.834299391332981e-05;1.814512857333597e-05;1.803540685778397e-05;1.806005135134061e-05;1.821622591113513e-05;1.8456124834969504e-05;1.87319955260334e-05;1.891908562665429e-05;1.889884017618424e-05;1.8613239114053284e-05;1.791285781721115e-05;1.702001979621388e-05;1.6303673370732203e-05;1.5952518395678983e-05
2007.313530294734;1.1869149919381985e-07;1.4807168748447016e-07;1.358690287954178e-07;8.76757607083793e-08;4.2336721547402564e-08;1.6016842716246858e-08;7.215498259476555e-09;1.1210971767193164e-08;3.0923953893399704e-08;6.196581553413104e-08;8.357708998029894e-08;7.9058427167952e-08;5.337119290620943e-08;1.934485561723168e-08;6.067244978915289e-09;2.802261687399142e-09;2.284558198931117e-09;2.4259543179770803e-09;2.185959653747525e-09;4.120107332733255e-09;1.726098933578501e-08;4.3708946524880933e-08;6.13245721796128e-08;4.4222644791518935e-08;2.0397786987132216e-08;7.655953015111052e-09;3.4660466873954047e-09;1.7687121552398176e-09;1.2656418169283963e-09;3.39703187206781e-09;9.134222849848578e-09;1.292476236350116e-08;1.120965394502257e-08;5.983961703499774e-09;2.0561699131352554e-09;7.617512906157531e-10;1.341908453662914e-09;5.296959640788745e-09;2.0565646881466948e-08;6.21222531268133e-08;1.2585198481292942e-07;1.6535515642319447e-07;1.6885521408334184e-07;1.8363048591437304e-07;3.0042238501998866e-07;5.928994312662192e-07;1.0617032760346705e-06;1.7630546606003894e-06;2.9212333061378914e-06;4.778694762527534e-06;7.24449194247929e-06;9.866614959383007e-06;1.2209579342694536e-05;1.411069798812776e-05;1.5536153590320138e-05;1.6702215274568114e-05;1.7804349859210146e-05;1.888489222403305e-05;2.0025561664725687e-05;2.116531062252215e-05;2.2237771644095837e-05;2.3227130098819172e-05;2.407259290711449e-05;2.448232715158809e-05;2.4308928908961285e-05;2.3671817342334863e-05;2.271215194447332e-05;2.1683065441621905e-05;2.0840477685691272e-05;2.0357108690900225e-05;2.035028759323481e-05;2.0670097419309622e-05;2.0980370706947e-05;2.1032903804503343e-05;2.0754696665553315e-05;2.0165053704632945e-05;1.9247977259545382e-05;1.835234487818769e-05;1.7810850650186514e-05;1.788247930567323e-05;1.844306469315836e-05;1.9167752568116434e-05;1.983054897399237e-05;2.0202213045015315e-05;2.027944976381674e-05;2.01759866595804e-05;1.9952828921695303e-05;1.9688682185237053e-05;1.944244187764146e-05;1.9237318078249868e-05;1.906852117248002e-05;1.88706177436664e-05;1.867731124343853e-05;1.841231789118072e-05;1.798761668742575e-05;1.7402692401386176e-05;1.6745093745320774e-05;1.6307081592168675e-05;1.6262037469067028e-05;1.6379499902625175e-05
2008.767920497874;1.4479507123036584e-07;1.419861640801405e-07;1.1438009005454157e-07;6.734494062518069e-08;3.1660239187968384e-08;1.2656771452844531e-08;7.67692703607528e-09;2.2120093734257143e-08;7.219184305461228e-08;1.474173614768887e-07;2.045620322563719e-07;2.066669977681455e-07;1.5651708542979586e-07;9.044488900228178e-08;4.0361573189283734e-08;1.7007655860995827e-08;7.580551015966857e-09;5.1253828059963555e-09;3.724240780327955e-09;7.436252017680041e-09;3.430178893559823e-08;8.764663946976106e-08;1.2406355378865497e-07;1.0979222107961397e-07;6.351185647505591e-08;3.0451996360639576e-08;2.44812162698564e-08;3.66415000393755e-08;5.74425139239128e-08;6.850947528972309e-08;6.46393076517463e-08;5.3442171854141024e-08;3.7264872734101474e-08;2.315414318418217e-08;2.4753182795484823e-08;5.76800393833367e-08;1.0310026220977937e-07;1.2725003224500506e-07;1.3388459588272326e-07;1.5633069368390464e-07;1.884897082053621e-07;1.970103280537e-07;1.6871368086581332e-07;1.8474792577271025e-07;3.621082137396446e-07;7.85322809542479e-07;1.3901897420092484e-06;2.184023034619904e-06;3.2902276616090456e-06;4.869337743364317e-06;7.0438929232287365e-06;9.385719847863522e-06;1.1797346047829029e-05;1.4101139802436374e-05;1.613119119414597e-05;1.773878274235401e-05;1.8823974907039448e-05;1.9697779600318524e-05;2.041065636518854e-05;2.094371783752108e-05;2.133945920075699e-05;2.1772017087071894e-05;2.231862958170902e-05;2.299509224083145e-05;2.3651155451241527e-05;2.4032900463987814e-05;2.379095629078653e-05;2.284140707374301e-05;2.149749615204387e-05;2.0324852663032032e-05;1.966524449862552e-05;1.964121967709753e-05;1.988565619435461e-05;2.0138684045793932e-05;2.0320162880070747e-05;2.0395945601538363e-05;2.01045066559226e-05;1.960091841361429e-05;1.9039586030111972e-05;1.861167003094633e-05;1.867012467632233e-05;1.9235326871529445e-05;2.0081298970731797e-05;2.0927833563096218e-05;2.148469433611419e-05;2.1384955500507496e-05;2.0729309521903826e-05;1.989448982944552e-05;1.894137261612856e-05;1.819011811944093e-05;1.7746323849425388e-05;1.7509006958988424e-05;1.747268602062141e-05;1.7554301461465147e-05;1.752705129281983e-05;1.7494461298432116e-05;1.7423993864308552e-05;1.731890481308985e-05;1.727720762012412e-05;1.7301243736966525e-05
2010.2216800024;2.8982835372421444e-07;2.328171764857969e-07;1.3766569519837206e-07;5.8184856671075685e-08;2.338695546079677e-08;1.2052155882294782e-08;8.441368105128107e-09;2.1402303806168173e-08;6.390959228412685e-08;1.2817873030972506e-07;1.808466487594075e-07;1.9848566556943642e-07;1.9421947558555745e-07;1.6800587433030221e-07;1.1592454546151097e-07;6.012610744172846e-08;2.44259887071141e-08;1.111950716220147e-08;6.413677567167055e-09;6.617278611556245e-09;2.555286242896672e-08;7.624084193493431e-08;1.2574178072020889e-07;1.4823093401415794e-07;1.2048729340470706e-07;7.795803277974608e-08;5.948905404960463e-08;7.602332720777309e-08;1.1440477869059648e-07;1.308365814410144e-07;1.1395886686885365e-07;9.768836043352299e-08;9.459673228058521e-08;8.801154231111913e-08;9.06240285817081e-08;1.4127575110043645e-07;2.1535332841930278e-07;2.516283835498128e-07;2.465619809101712e-07;2.2862372130552914e-07;1.870599248225974e-07;1.4116377487444638e-07;9.712128714102501e-08;1.4237301600003598e-07;4.2006487461957693e-07;1.018723422926058e-06;1.9220023502553506e-06;3.0772931959450293e-06;4.525910974463873e-06;6.09286740031357e-06;7.651645029768639e-06;9.233493152860322e-06;1.1200069593191003e-05;1.3421032268685502e-05;1.5758492772170386e-05;1.7896428631204612e-05;1.965808777668803e-05;2.097890584038734e-05;2.181157775293061e-05;2.2081090796149707e-05;2.1978565910591942e-05;2.1849292489331387e-05;2.199293986538675e-05;2.2563402571614215e-05;2.341517014097385e-05;2.4187731853807124e-05;2.4181001585866717e-05;2.3186192538616535e-05;2.1684239230612084e-05;2.0350200750928132e-05;1.9639187409001884e-05;1.9660268280202115e-05;1.9904094165797577e-05;2.013910423099401e-05;2.028364950503682e-05;2.035762733504831e-05;2.0459648832666023e-05;2.04148462656655e-05;2.03478231752329e-05;2.0108563451946692e-05;1.983451188955858e-05;1.979394119487184e-05;1.9960668049665776e-05;2.0302734491468043e-05;2.0504245754068743e-05;2.0192698151802807e-05;1.9306576303324443e-05;1.812309999934395e-05;1.707067611798812e-05;1.6400882394092502e-05;1.6161472063930423e-05;1.6220918084472504e-05;1.6552922966182896e-05;1.702367812764781e-05;1.7519099284767154e-05;1.789056576049924e-05;1.7999487934624418e-05;1.7885120383533385e-05;1.7526460048646172e-05;1.7265576563131736e-05
2011.674808887023;3.287054543496294e-07;2.8016093881502125e-07;1.658229813443035e-07;6.377705807993994e-08;2.297325238861328e-08;1.3158682337364978e-08;9.023636567746298e-09;1.0700571693837826e-08;2.18364119855104e-08;3.9900872544275936e-08;5.5821630442453824e-08;7.370247069488549e-08;1.1330674507158765e-07;1.5323383380844126e-07;1.4239632531601064e-07;8.637266395180025e-08;4.3790570221960365e-08;4.3566629473324406e-08;6.108223119441037e-08;6.927727168383608e-08;6.82350372827857e-08;8.817547718574218e-08;1.347540109182653e-07;1.655115909598044e-07;1.516406100003372e-07;1.051693579362307e-07;6.39839127864527e-08;5.154437025204187e-08;6.345091221310793e-08;7.43433291109459e-08;8.391049906744211e-08;1.1118004660407945e-07;1.4163335804128114e-07;1.4284800885877122e-07;1.2019767659286294e-07;1.1442801906383317e-07;1.275591142992951e-07;1.4223772165579e-07;1.662661553065927e-07;1.863254721371016e-07;1.5958536538562986e-07;9.904273282327203e-08;6.883216589268828e-08;1.2580090589053452e-07;3.895596094012154e-07;9.330895342663372e-07;1.8410733100397896e-06;3.2213449590391555e-06;5.056916950281841e-06;7.111683194472525e-06;8.839709685415474e-06;1.0320620419151346e-05;1.1812062077590957e-05;1.3505794561092184e-05;1.5468574757659454e-05;1.7435470768332654e-05;1.9390217831735552e-05;2.1027337110589613e-05;2.213683579343764e-05;2.2615347852035556e-05;2.263269895129437e-05;2.26522595705956e-05;2.279406795537412e-05;2.318496153272761e-05;2.3670154699928058e-05;2.3820324253058708e-05;2.3382769292138104e-05;2.2314318138356625e-05;2.1139993195357543e-05;2.061633843004346e-05;2.0966330737182333e-05;2.168033974032989e-05;2.21718109284543e-05;2.2087801981406435e-05;2.1483394624789583e-05;2.070106859565611e-05;2.0202643452063303e-05;2.0161687744863133e-05;2.064011914574049e-05;2.124452203470891e-05;2.136097728695309e-05;2.104027043517408e-05;2.0386661352876527e-05;1.966210465213366e-05;1.9098103082573245e-05;1.8358839940943596e-05;1.735136141446711e-05;1.651059027002588e-05;1.6134158452182847e-05;1.6092373450104467e-05;1.6417217879369076e-05;1.7115927189689343e-05;1.7585479520303837e-05;1.7829251058736627e-05;1.802126894570778e-05;1.801221153308419e-05;1.779721109806008e-05;1.7500319361044532e-05;1.7206292710501648e-05;1.700031324345371e-05
2013.1273072305007;1.2465041460796548e-07;1.1678064341956213e-07;7.318951692359333e-08;2.827929173566825e-08;1.1157906678025503e-08;1.1256618200901417e-08;1.7961268290797774e-08;3.156428704275063e-08;4.921435658637044e-08;5.4144830537101896e-08;3.8951946888842937e-08;2.4344644184739877e-08;3.4260080057103894e-08;7.087111394625285e-08;7.950728839595272e-08;5.6984358242791364e-08;4.2162779372545694e-08;6.842607656220004e-08;1.120369504648323e-07;1.3203799381929056e-07;1.1604765042803261e-07;9.151226454755588e-08;8.925495661241153e-08;9.359756484611903e-08;8.839848159723722e-08;6.940153126973622e-08;4.261469420420711e-08;1.9602487169422712e-08;9.068854398848771e-09;1.4427730112456541e-08;3.89253723653835e-08;7.410071136991908e-08;9.313514878264353e-08;8.275808839569642e-08;5.646919859072289e-08;3.16882388698907e-08;1.5351957933403997e-08;1.5067555250421112e-08;3.8899981946115865e-08;6.741281698679283e-08;6.853978606629934e-08;4.4724647873769934e-08;6.352144253421848e-08;1.7041083720394988e-07;4.4439857092735574e-07;9.957221478347387e-07;1.9066984051933424e-06;3.3296301315874317e-06;5.139172407645865e-06;7.252403682333147e-06;9.371026422888832e-06;1.1456807190918668e-05;1.31876663949113e-05;1.4743090303340315e-05;1.6226723438602786e-05;1.7583963679209197e-05;1.896828303750975e-05;2.012336645453752e-05;2.1091251930799083e-05;2.1811046689528795e-05;2.2317160450484916e-05;2.27147274895758e-05;2.307481649350793e-05;2.338640016959247e-05;2.3537453076470074e-05;2.330697786633814e-05;2.272874620075819e-05;2.1915128985077216e-05;2.1225598593126768e-05;2.1228034402281185e-05;2.194626659271328e-05;2.262757090379334e-05;2.283232049856525e-05;2.23338871305369e-05;2.132144145337699e-05;2.018535757177915e-05;1.9409044628695714e-05;1.936639190199673e-05;1.989802155197462e-05;2.0531062498659924e-05;2.093333846608264e-05;2.0904252935706625e-05;2.0481797799242223e-05;1.977786764035338e-05;1.9055411708436497e-05;1.8241492747611052e-05;1.7511303800223424e-05;1.7018914413773622e-05;1.697644012236835e-05;1.741650697150551e-05;1.816381120952163e-05;1.8881320782949395e-05;1.9272186504177304e-05;1.9348108683165456e-05;1.9274242841155874e-05;1.915500176192552e-05;1.891198954324749e-05;1.8513576245968528e-05;1.803787212174472e-05;1.7674474860633685e-05
2014.579175111627;1.8188016946485791e-09;9.131086749639999e-10;3.3312961875116477e-10;5.831472677434174e-10;3.016260939300968e-09;1.1339553500894064e-08;3.1915789430697495e-08;6.816247464218194e-08;1.0436743376545608e-07;1.0833811530337417e-07;7.47587766306346e-08;3.4922556287671896e-08;1.7640497230470873e-08;2.140498075282964e-08;2.7427498865121294e-08;2.4160026242426905e-08;2.205768314217988e-08;3.4579742730170326e-08;5.614304626746019e-08;6.669712967220165e-08;5.7482153184150194e-08;3.6756504816639986e-08;1.8777299069534605e-08;1.51747620606883e-08;2.5908671270330183e-08;3.76910539214704e-08;3.4983355486072306e-08;2.7179006391708712e-08;3.5362040171796555e-08;6.147629088011295e-08;7.612351185492437e-08;6.47038898405759e-08;4.205614069279464e-08;2.0790751357354933e-08;8.602457969015444e-09;3.499181582296013e-09;2.2626172958510343e-09;2.1910692685167624e-09;2.527339156854603e-09;2.490485451556498e-09;1.1109802014566395e-08;5.412234358499848e-08;1.6124454032715725e-07;3.489241360238054e-07;6.460968873939253e-07;1.1324252910971067e-06;1.8653885693594764e-06;2.9657327311833823e-06;4.585290674988929e-06;6.774326315631027e-06;9.372495958219073e-06;1.1990931216779432e-05;1.421728981803371e-05;1.569098292140342e-05;1.6727055352179204e-05;1.7420562862020114e-05;1.809441334719632e-05;1.891545074364574e-05;1.989336578042893e-05;2.0944287526010028e-05;2.193744809913322e-05;2.27225851626425e-05;2.3323928330902527e-05;2.3488735055148587e-05;2.316922770076656e-05;2.258064209218091e-05;2.185383614846447e-05;2.130781736767348e-05;2.1134276906769376e-05;2.1340176189359288e-05;2.159689329316258e-05;2.157545957059341e-05;2.108524222516564e-05;2.0232859221409346e-05;1.9413177851234088e-05;1.889956368508408e-05;1.8708445282532625e-05;1.8884934388887235e-05;1.9184158010838264e-05;1.9391733561092276e-05;1.9427942629888603e-05;1.933444584487512e-05;1.9150435365697247e-05;1.8897316395614876e-05;1.847986092433088e-05;1.8286747521845348e-05;1.8425788236948637e-05;1.8795716057881885e-05;1.929044024049582e-05;1.9783806915390656e-05;1.999366492877896e-05;1.970478871003129e-05;1.9499310885464213e-05;1.917110112739069e-05;1.894905693885899e-05;1.896642460695932e-05;1.89445087612367e-05;1.8780038715225063e-05;1.848470197806861e-05;1.821445740060844e-05
2016.030412609245;6.617819898909473e-09;3.848707873805402e-09;1.5760053587865943e-09;8.354777853351688e-10;3.1273350981178102e-09;1.4088180250715737e-08;4.3273028957637936e-08;8.719999994109537e-08;1.2163035636548384e-07;1.1422006186030715e-07;7.35114525585668e-08;3.2903832571811734e-08;1.3392411931682502e-08;1.0615357719053018e-08;1.1017967162601481e-08;9.8693274956991e-09;8.897890411585789e-09;6.6444522778437895e-09;6.7551324294049605e-09;5.3848168577467105e-09;3.5064122451317662e-09;2.582073058027727e-09;2.9271821025095982e-09;1.0248789397128481e-08;2.60677393645176e-08;3.9606172680042366e-08;3.95608149093315e-08;3.801970024725253e-08;6.408803009021863e-08;1.118193792260878e-07;1.265980006168621e-07;9.442399479658561e-08;5.6573769106174994e-08;3.4216199826829975e-08;1.9214626371825785e-08;6.816926831474597e-09;3.189097049182006e-09;2.0819521323942515e-09;1.7048661695556936e-09;1.510859830716032e-09;1.9526662363026656e-08;1.090736672775471e-07;3.040449675411201e-07;6.191434704337258e-07;1.0225803292047186e-06;1.4627086820496365e-06;1.9484071069614307e-06;2.648272891349505e-06;3.978340815034354e-06;6.156608933967377e-06;8.978873333130034e-06;1.1851734736847993e-05;1.4142952963023391e-05;1.5612944235280472e-05;1.6494551754015264e-05;1.7332876250035865e-05;1.802352955366684e-05;1.886169358319103e-05;1.971458750432929e-05;2.0803195104462904e-05;2.1939733050825e-05;2.296273794463685e-05;2.371857094196818e-05;2.3836783354679223e-05;2.328289987317072e-05;2.2284813369694983e-05;2.135990879760653e-05;2.0878980635008227e-05;2.0963597227036013e-05;2.1331285254122836e-05;2.160506921469806e-05;2.1438278419164385e-05;2.0852920465068294e-05;1.989584041268708e-05;1.9048260978635107e-05;1.8659053932501008e-05;1.8663593781041403e-05;1.887661407187397e-05;1.8987427226641013e-05;1.910735161099831e-05;1.9128325527929184e-05;1.897678332307595e-05;1.857567586884317e-05;1.8069528806257147e-05;1.7605482475993658e-05;1.7566582363941786e-05;1.8174858569242203e-05;1.920314222885216e-05;2.0197938542827748e-05;2.0614938245371623e-05;2.035354391845795e-05;1.963152188642805e-05;1.881046638261729e-05;1.815189593355921e-05;1.7732548467053105e-05;1.7477413182645334e-05;1.7442110582394875e-05;1.7584253709408333e-05;1.7794826193074044e-05;1.792247941274295e-05
2017.481019802235;1.2097674448919573e-08;8.045062257473047e-09;4.771575382328967e-09;6.120874341353909e-09;1.755817587478706e-08;4.71216743188667e-08;1.0452777891820421e-07;1.6001886343040402e-07;1.714898849231521e-07;1.332664995524106e-07;7.546996026696607e-08;2.9922762199741446e-08;1.4346567460292214e-08;2.630271843219676e-08;6.277878654626342e-08;7.186769949028993e-08;5.7855939330378255e-08;3.831308371920822e-08;2.5247461627550838e-08;3.0856286977289793e-08;7.463162749088185e-08;1.1905902514548805e-07;1.153995057015375e-07;7.944626154022929e-08;5.297261956021883e-08;4.8758104088266755e-08;4.3875970559542625e-08;3.275668766169377e-08;3.7551247418358856e-08;5.829220290731462e-08;6.70728153732551e-08;5.873466188669229e-08;5.07774657552002e-08;5.18322826397438e-08;4.8929083804993866e-08;2.8948697125347386e-08;1.1868924381517706e-08;4.6625258043556894e-09;2.52432650189783e-09;1.805377847298933e-09;1.3223288480517894e-08;7.180096302504064e-08;2.234412140513811e-07;5.375040746895339e-07;1.0661162813785908e-06;1.7346131731026169e-06;2.451496407500756e-06;3.426127832365664e-06;4.836697277010547e-06;6.88051832693876e-06;9.330519213883803e-06;1.1807802489500087e-05;1.362838340668016e-05;1.5002884246825214e-05;1.613504195152256e-05;1.758526562539346e-05;1.909777538924996e-05;2.076777536638393e-05;2.197697623109728e-05;2.275476443217149e-05;2.3243964280569287e-05;2.364840546184843e-05;2.3926829476161525e-05;2.4032688987113814e-05;2.376145264798297e-05;2.3172002135142636e-05;2.2466018396175003e-05;2.1943903822554064e-05;2.179394071395302e-05;2.1921267063618852e-05;2.2151232926157093e-05;2.203795294776553e-05;2.143132216916945e-05;2.050801799417921e-05;1.9526447407594448e-05;1.8722104640854783e-05;1.826540398915932e-05;1.821864086492178e-05;1.8493712553658968e-05;1.9094326533891666e-05;1.9689359347150256e-05;1.991047363539428e-05;1.9540831261037e-05;1.867549188746927e-05;1.7853271692803658e-05;1.7577244529990486e-05;1.7993717303451305e-05;1.8663473254591637e-05;1.9297756169715187e-05;1.9455020582226627e-05;1.9110066625028477e-05;1.8463744345933925e-05;1.7905327804495552e-05;1.7696976382821234e-05;1.762077553176301e-05;1.7613369355872058e-05;1.7621592669670583e-05;1.7690792426075474e-05;1.7771602850136818e-05;1.781558639928688e-05
2018.9309967695224;8.363289237831641e-09;7.404211384570702e-09;6.116846004275678e-09;1.2382921571636326e-08;3.6468185290777215e-08;8.21853360070553e-08;1.4194990505424293e-07;1.764388984389237e-07;1.4978314028150986e-07;9.190253523003422e-08;4.51301328036154e-08;1.8976915569468973e-08;2.0865278410650663e-08;6.771321743871706e-08;1.558091292886451e-07;1.986137244070985e-07;1.624103501870963e-07;9.213990087420027e-08;4.058092988069232e-08;5.757011411397052e-08;1.4804913702989709e-07;2.4037567965877144e-07;2.30937449099826e-07;1.4559931517188184e-07;7.548635765372317e-08;4.5167440417638235e-08;2.8677081471508853e-08;1.5202878292323972e-08;6.369461274102334e-09;4.011680560955338e-09;9.409932970682049e-09;2.229344882995501e-08;3.3528222987882025e-08;5.0036720789377615e-08;6.691585528436327e-08;6.81189830815319e-08;6.410204382736378e-08;6.084786993113698e-08;4.2227517474556814e-08;2.064563099000097e-08;1.198335883317168e-08;1.8485599969338184e-08;5.27380326662256e-08;1.8539948136415066e-07;5.677747830548744e-07;1.278400352475216e-06;2.320474467474124e-06;3.70436940480992e-06;5.499293651127258e-06;7.699725306933466e-06;9.9868512054759e-06;1.1904728770508804e-05;1.3111552715195464e-05;1.394624524800921e-05;1.494929351872604e-05;1.6628502785564333e-05;1.9235175521984643e-05;2.2114692124052805e-05;2.4492182919766792e-05;2.5428581539848098e-05;2.518884859358852e-05;2.4378390790868564e-05;2.377486931872962e-05;2.3681595339469067e-05;2.387069987619787e-05;2.4080647503777605e-05;2.3974259429985877e-05;2.3385635425454103e-05;2.249500484124357e-05;2.181957263146818e-05;2.1325330201400704e-05;2.11251646473562e-05;2.0990504759538797e-05;2.070134119269761e-05;2.023944440839023e-05;1.936353570793447e-05;1.841626370454436e-05;1.7867574477719407e-05;1.8031966430403844e-05;1.8641137952202707e-05;1.9119759039840737e-05;1.925176650935808e-05;1.9081582433312316e-05;1.87099161052284e-05;1.828486562072406e-05;1.820019555239289e-05;1.8392671875871185e-05;1.8622668284643e-05;1.8505975350056064e-05;1.803174277033802e-05;1.738630570624973e-05;1.6894901172393562e-05;1.6816918002991606e-05;1.7114689791661188e-05;1.764121804274322e-05;1.8106859190205208e-05;1.83476030158787e-05;1.8323565458580866e-05;1.8117279645415653e-05;1.7916003719758282e-05
2020.3803435900768;1.5073322325412018e-08;8.359657459209171e-09;5.8511802957619825e-09;1.4087656456146626e-08;4.3466231310403017e-08;9.693589552969408e-08;1.277092873884851e-07;1.0910828979660541e-07;6.014899247981588e-08;2.2864139842013298e-08;1.207775591969857e-08;1.7348311399952382e-08;4.633933330026998e-08;1.1208080447858213e-07;1.83044718349131e-07;2.138893284299545e-07;1.751360291386345e-07;9.654527964479745e-08;4.516357244910182e-08;6.727922475352544e-08;1.525908818495487e-07;2.254131823259784e-07;1.9825094631790283e-07;1.1746495594268759e-07;8.434915647724578e-08;1.0186409975410253e-07;1.1119812784868585e-07;8.671305467533643e-08;4.903849407398813e-08;2.434782439787674e-08;1.9940554273383467e-08;2.8549821980975263e-08;3.5075976302655825e-08;4.341462649861863e-08;6.66979238414103e-08;1.191235337128428e-07;1.810020418793025e-07;2.0129468200470915e-07;1.511005491704495e-07;7.488503014822919e-08;3.2175528932594774e-08;1.6851676069035128e-08;1.9265963568368865e-08;8.883312487826043e-08;3.894073677700016e-07;1.0396787588317302e-06;1.995001991510105e-06;3.074747776144171e-06;4.35060169607862e-06;6.016647905764028e-06;8.046957585519699e-06;1.02027975223182e-05;1.2089548534958338e-05;1.3590384270008177e-05;1.4925567593209782e-05;1.661456796334043e-05;1.904090620422089e-05;2.1802204685989792e-05;2.417798203262648e-05;2.534018029740045e-05;2.5088385702514772e-05;2.385464172284685e-05;2.252955747403112e-05;2.193276296009846e-05;2.223226820712805e-05;2.3017585505673666e-05;2.358439310896051e-05;2.3504379283206503e-05;2.2496544759871815e-05;2.117325548242668e-05;2.008258125770049e-05;1.987244848117904e-05;2.048593948078006e-05;2.1367589012621e-05;2.1746771437670944e-05;2.130355806268071e-05;2.0283202393479765e-05;1.9229991964307003e-05;1.848694892821997e-05;1.817955770780709e-05;1.810179418164561e-05;1.7999278042580914e-05;1.798260997656068e-05;1.8141440105198837e-05;1.8470309459689947e-05;1.874259820171764e-05;1.869868394163973e-05;1.838919959493836e-05;1.7691165918115056e-05;1.6882432696214435e-05;1.63438950675277e-05;1.6370553753677557e-05;1.6713634401417013e-05;1.725176996199082e-05;1.769734277550346e-05;1.7770288225359325e-05;1.7675277101885416e-05;1.761287838834218e-05;1.7569816605749594e-05;1.7549282117716545e-05
2021.8290603429011;3.9539680516349444e-08;1.7037561779420672e-08;1.1770743534892344e-08;5.8846393059524154e-08;1.5087744292279557e-07;2.3635293607738602e-07;2.3118918244015145e-07;1.4138325284391502e-07;5.816293180815567e-08;2.431074266863385e-08;2.5460198070418065e-08;6.17582635799093e-08;1.3306599567750546e-07;1.8998808223537095e-07;1.7615157041472697e-07;1.256207163386055e-07;8.08265597699467e-08;5.910459941565639e-08;8.603279463436012e-08;1.854637047894489e-07;3.026272149343039e-07;3.283518312643847e-07;2.4437706021410145e-07;1.409473582968743e-07;1.2122846321495297e-07;1.7848280215392078e-07;2.153202908913031e-07;1.7211240090854177e-07;9.765394361159695e-08;4.582411977318269e-08;2.5673951801865567e-08;3.014718680537434e-08;4.636204858740818e-08;7.162287580025783e-08;1.1490525241630856e-07;1.922627076290841e-07;2.787287163661354e-07;3.0434632339493737e-07;2.5524138454425164e-07;1.8055707766100107e-07;1.3344385933170896e-07;1.2415254566014876e-07;1.7206632913482113e-07;3.48384495891465e-07;8.183310894680089e-07;1.6257481242677175e-06;2.4951172619672107e-06;3.2021552705698734e-06;3.828599223877085e-06;4.678353687731946e-06;6.228661057761067e-06;8.588828619929196e-06;1.1402368563467662e-05;1.417854522139146e-05;1.680603927728054e-05;1.897141555710809e-05;2.074558497156736e-05;2.204754178406641e-05;2.2752762017681728e-05;2.2709412150897116e-05;2.222718277516405e-05;2.134918312233847e-05;2.034571686765656e-05;1.9858219772089963e-05;2.017363301895523e-05;2.110513484842226e-05;2.201481713153109e-05;2.242518541511262e-05;2.1963541199832046e-05;2.069359512873521e-05;1.954241162140756e-05;1.914816693241297e-05;1.974439561849044e-05;2.0901882214875604e-05;2.1633865695086902e-05;2.1524966280514796e-05;2.0682963505727977e-05;1.957737858780334e-05;1.858872772299559e-05;1.802359643517094e-05;1.7844259051700698e-05;1.780053673010985e-05;1.7738498939975658e-05;1.7739254102339492e-05;1.7933946166455568e-05;1.819856655095514e-05;1.822940198804211e-05;1.7986455217788723e-05;1.7581247631827926e-05;1.7055313757332858e-05;1.6777804243197875e-05;1.6943988192354456e-05;1.7347505635180117e-05;1.7770444942429513e-05;1.7633089957239105e-05;1.715011976094876e-05;1.6564021124829953e-05;1.627480403256022e-05;1.6454103388493166e-05;1.6822746918918895e-05
2023.277147107052;9.506075619517359e-08;7.900666344358886e-08;8.162494422639064e-08;1.4975891352332137e-07;2.812286522307157e-07;3.678141940967033e-07;3.294629552842244e-07;2.0926381113248619e-07;1.0975804497252534e-07;6.01863803145186e-08;7.243078195776802e-08;1.7361151853065265e-07;2.9991035810355414e-07;3.222851330663323e-07;2.0804981026665602e-07;8.60571918326759e-08;2.9368879354104454e-08;3.637694201103634e-08;1.19732169332086e-07;2.7219266165530224e-07;3.962400252516088e-07;3.9378059257250713e-07;2.928285505996848e-07;1.790068491786611e-07;1.1912324319450143e-07;1.1823733794154167e-07;1.318074346894591e-07;1.1421535449746987e-07;7.245680883414484e-08;3.3859252200641015e-08;1.7921988144790432e-08;2.5800439156150653e-08;5.3067699216259286e-08;9.03255693187426e-08;1.3452913509440205e-07;1.8511404691524682e-07;2.4001969847401e-07;2.867664431968333e-07;2.867751242129571e-07;2.561166093187336e-07;2.245031086690181e-07;2.3102534512714933e-07;3.185134741422676e-07;5.565305088606878e-07;1.0375587686587966e-06;1.8032751888613876e-06;2.6781201770781177e-06;3.512876704871587e-06;4.486141010574691e-06;5.565849373345028e-06;7.008819640760453e-06;8.962409265220279e-06;1.1483677787830047e-05;1.4344776994133147e-05;1.7391784424701915e-05;2.029270843102407e-05;2.2564669711285065e-05;2.3428538596226016e-05;2.3101661804223973e-05;2.20033966477997e-05;2.083797513598412e-05;1.986613462850384e-05;1.9442239192827787e-05;1.943498316791168e-05;1.987366059158504e-05;2.0634709917814e-05;2.136822192307093e-05;2.1498027189761195e-05;2.1012988837218435e-05;1.9972734514832323e-05;1.89291154595124e-05;1.84062528601271e-05;1.859241761791412e-05;1.918130544302968e-05;1.9684144941478195e-05;1.974697286259573e-05;1.93449527523452e-05;1.8731775487125864e-05;1.828572921898152e-05;1.8059901677757623e-05;1.8004211769595504e-05;1.8015737611120972e-05;1.7849309697953583e-05;1.7550946662542003e-05;1.727371508923562e-05;1.72915065360382e-05;1.7734410864437094e-05;1.8339676856135296e-05;1.880157034039692e-05;1.8717078024243835e-05;1.8251451556302663e-05;1.778583662370599e-05;1.7600874351555954e-05;1.7609348509845556e-05;1.748396271591374e-05;1.693015037809721e-05;1.6137034540298645e-05;1.533369144306909e-05;1.5102537944105624e-05;1.5259282783307442e-05
2024.7246039616148;1.9353766616442397e-07;1.9370986304172366e-07;1.8329303884377505e-07;1.879512764516716e-07;2.2689917695600093e-07;2.488356018659689e-07;2.2568892683142938e-07;1.735385395149984e-07;1.262149016848586e-07;1.0065285787609306e-07;1.4247575833605368e-07;3.033259823435292e-07;4.462571224762338e-07;4.195523541292151e-07;2.4491689781694985e-07;9.421233039976694e-08;3.2731813302438085e-08;2.5203721800749137e-08;6.372774429669093e-08;1.3420230215372818e-07;1.909439202657468e-07;1.940437744948884e-07;1.567138209028598e-07;1.0789977904148286e-07;6.584032866070519e-08;3.8543673535517744e-08;3.3853919546042004e-08;3.814469252826698e-08;3.3704307009526954e-08;2.0562771609492996e-08;1.336893512198086e-08;2.196192509616512e-08;3.6297339780515234e-08;4.8137756909510335e-08;6.154825246425384e-08;9.378520110527897e-08;1.618375175492855e-07;2.437479034467104e-07;2.785821931266388e-07;2.406539309693397e-07;1.766671802916588e-07;1.5466125002099976e-07;2.1334110494036466e-07;3.683704617063009e-07;6.630198455223414e-07;1.1632603531376386e-06;1.921355254356376e-06;3.0507721133406924e-06;4.524406276851606e-06;6.233221941902522e-06;8.054674005586389e-06;9.95717823869113e-06;1.1915276098500913e-05;1.4257400113017102e-05;1.685399549338885e-05;1.9565494286051745e-05;2.1939853122261716e-05;2.348528694074513e-05;2.3846198329415243e-05;2.3403888762493504e-05;2.244703044176291e-05;2.1558246914239708e-05;2.107553886006439e-05;2.1039325621693014e-05;2.132769567138446e-05;2.1705795583519182e-05;2.186380070090551e-05;2.166406726933441e-05;2.111118126895895e-05;2.029657057843856e-05;1.946476499640676e-05;1.883972548191241e-05;1.852204616540457e-05;1.854288897459975e-05;1.8663024404582827e-05;1.876978938130732e-05;1.8708748047244876e-05;1.8501634019067124e-05;1.8400108058082224e-05;1.853058780622902e-05;1.888705349841232e-05;1.9259175245386937e-05;1.9498174223521225e-05;1.9554733114083267e-05;1.950513413773133e-05;1.9425760994382836e-05;1.9401962947437147e-05;1.9380077472674e-05;1.927174728322896e-05;1.878971857651694e-05;1.8200220763570065e-05;1.7789610125446376e-05;1.7829226794873465e-05;1.817560607562819e-05;1.849026605849209e-05;1.819888528823041e-05;1.7200154451394658e-05;1.5977081657719164e-05;1.516278714955745e-05;1.4834191970969592e-05
2026.1714309857236;1.812228948261665e-07;1.848598081023421e-07;1.5836234260649022e-07;1.1454483003431413e-07;8.341410521469734e-08;7.288813872700288e-08;8.067905851256456e-08;1.025017372323012e-07;1.196205869526076e-07;1.535768258746648e-07;2.1744724533965118e-07;3.243922494558932e-07;3.805193353785118e-07;3.1598409404427857e-07;1.796395089550986e-07;7.617393498181347e-08;3.1244373427101324e-08;1.5587847879429973e-08;1.0092113682461071e-08;1.8364940091070137e-08;4.1059939374547695e-08;6.602317403919628e-08;8.154108158721809e-08;8.226777228400956e-08;6.629752650508016e-08;4.091174445640099e-08;2.458508018614381e-08;1.7209108496439506e-08;1.5572562720304784e-08;1.9859702967648865e-08;3.7502598515992764e-08;7.09887603447844e-08;1.0023702847468415e-07;9.96602500436304e-08;7.39705181898098e-08;7.117693669105013e-08;1.4866878607952608e-07;2.33024275919065e-07;2.478602973881784e-07;1.8273091090802185e-07;1.1535305642888096e-07;1.1237393154278007e-07;1.649280066978213e-07;2.375403912523663e-07;3.6021480372416375e-07;6.634210030175761e-07;1.3420059700058175e-06;2.5192132050835614e-06;4.152787806457365e-06;6.227610911775172e-06;8.593927077543528e-06;1.097799741737202e-05;1.3164662969052123e-05;1.523622845960834e-05;1.7138238624834628e-05;1.8981249709085447e-05;2.047948956543566e-05;2.1721836539150455e-05;2.26659932469537e-05;2.3247800631777323e-05;2.3462815704776253e-05;2.353737748874074e-05;2.343222276044252e-05;2.3391604381499732e-05;2.333452619485437e-05;2.311522044121208e-05;2.2697377693932075e-05;2.2198023852875966e-05;2.1718093135034943e-05;2.129956334310573e-05;2.1018017600487068e-05;2.076723340181469e-05;2.045765693473164e-05;2.011810629822793e-05;1.973895284358322e-05;1.924500440556277e-05;1.8580186785767705e-05;1.7923738227387448e-05;1.7561954272202413e-05;1.7762372101096928e-05;1.8400985138844456e-05;1.921592891831385e-05;2.009531079059852e-05;2.0934607520765445e-05;2.1503125319200127e-05;2.1518636862502906e-05;2.0897489176624724e-05;1.97229837243304e-05;1.839238346173088e-05;1.736118074268176e-05;1.698286989299767e-05;1.731979311697495e-05;1.807584906736256e-05;1.8937813812844552e-05;1.9566857261937336e-05;1.96933462119225e-05;1.9112166095276787e-05;1.8122813464042363e-05;1.711052008934977e-05;1.6451759959587524e-05
2027.6176282585584;5.630537202866553e-08;5.8709381829654987e-08;4.802999209255099e-08;2.5089903879207534e-08;1.3690189210949236e-08;2.8489193860287557e-08;9.872642388914523e-08;1.9688907160516214e-07;2.736640174111848e-07;3.007553603112311e-07;2.864339651955397e-07;2.517198796139182e-07;2.1304084186863762e-07;1.619340325489974e-07;1.1014874471487656e-07;6.84879267308288e-08;3.721762697732971e-08;1.5770278331597323e-08;8.552516406518698e-09;1.1927374876967161e-08;3.497396543237686e-08;7.196742240316273e-08;1.029865560875551e-07;1.1539297383767265e-07;1.0666043091071749e-07;9.489465187537748e-08;1.0103613162256857e-07;1.1834054211103205e-07;1.249217565381491e-07;1.2178059711089365e-07;1.325370876964092e-07;1.680346350247457e-07;2.121726395030456e-07;2.3208050367036498e-07;2.129815033328271e-07;2.0374039294507345e-07;2.373420581268159e-07;2.565096682717898e-07;2.0664943234142981e-07;1.1895191591000449e-07;9.265130213833744e-08;1.4561160849685081e-07;2.2692485737973986e-07;3.029292942821108e-07;3.7722424884201204e-07;5.968319873198414e-07;1.2162112208375114e-06;2.268326842029256e-06;3.732848970683884e-06;5.748904195275632e-06;8.427330577788087e-06;1.1449160796007407e-05;1.449904024248468e-05;1.691287966837064e-05;1.847027500956332e-05;1.9514451055972625e-05;2.024225566150096e-05;2.087927417245658e-05;2.1629364081203166e-05;2.240170222938945e-05;2.3118450277529785e-05;2.3658174675647464e-05;2.405723126970732e-05;2.4191090323138823e-05;2.409042704810405e-05;2.370245252768159e-05;2.3141565999011583e-05;2.2474428783142915e-05;2.1814762583207693e-05;2.136431050626281e-05;2.1178791030418468e-05;2.122260551019861e-05;2.137623245670017e-05;2.1474100276711656e-05;2.133077742367589e-05;2.068085204621563e-05;1.951604038175078e-05;1.8128538585969497e-05;1.702034401216907e-05;1.648990471529342e-05;1.638298079199018e-05;1.672481153556324e-05;1.7440796062339246e-05;1.8436138619890968e-05;1.941814536010733e-05;1.9961344324600063e-05;1.978096005573016e-05;1.8888124802385643e-05;1.7559098741028983e-05;1.6548464863668448e-05;1.6275241428728632e-05;1.691984612350678e-05;1.791455142699979e-05;1.8736571018122877e-05;1.9192918063713747e-05;1.9328788409555196e-05;1.9109877962452986e-05;1.8549169687989064e-05;1.7834004486623156e-05;1.721239083829603e-05
2029.063195859333;9.3973729449685e-14;1.1947967944875873e-12;8.620147573189609e-11;6.330226029530354e-10;7.758829336276853e-09;4.848080962001736e-08;1.5313132280211625e-07;2.8706612716435533e-07;3.663605077362752e-07;3.399499852577471e-07;2.5501529990958814e-07;1.6711833578029615e-07;1.2762971004138356e-07;1.193051710410761e-07;1.1284968545220734e-07;8.969399011033411e-08;5.30458318237912e-08;2.2484046315009895e-08;9.040376271125116e-09;7.4353508232638106e-09;1.588474101736473e-08;3.286995879696595e-08;4.9329782453236897e-08;6.114316975062183e-08;7.779430214085443e-08;1.1298657812747627e-07;1.7033474621991437e-07;2.2404178815567387e-07;2.39495774368783e-07;2.15097126239948e-07;1.8051577365095337e-07;1.7118515463982138e-07;2.0331554010364318e-07;2.591655608557228e-07;2.942798758771846e-07;3.335326198878808e-07;3.407365258125246e-07;2.8812812127037216e-07;1.735820484380298e-07;7.339946325524395e-08;4.9078866588488524e-08;7.63842425602259e-08;1.1686646911244878e-07;1.6704349995241674e-07;2.58077853077785e-07;4.978585123023401e-07;1.088186820314411e-06;2.033596246087817e-06;3.347452534864925e-06;5.252013670005686e-06;8.054324903304738e-06;1.1618789553436087e-05;1.5208756360000404e-05;1.812899507029886e-05;2.0138387717423972e-05;2.132125290281715e-05;2.219291025864809e-05;2.2643136147885283e-05;2.274808202693556e-05;2.2731518665536016e-05;2.2811693199557017e-05;2.3039213186185564e-05;2.328103705965068e-05;2.347808157798345e-05;2.356034391422236e-05;2.3405046300707694e-05;2.3006637715056675e-05;2.2470476970267536e-05;2.1839448861185137e-05;2.1235079313304875e-05;2.070114499993313e-05;2.049599482167264e-05;2.071810221710045e-05;2.1200746750074124e-05;2.159733014253909e-05;2.1496267582441013e-05;2.069083568974725e-05;1.926618906931965e-05;1.770415247989442e-05;1.642605149101291e-05;1.5720228238671552e-05;1.5623824871209124e-05;1.6075244038097355e-05;1.6954500335047228e-05;1.790065855694172e-05;1.860717188576338e-05;1.870925837754697e-05;1.810111008246366e-05;1.7072125684717206e-05;1.620858229026404e-05;1.6007873878826477e-05;1.655489645917638e-05;1.749967180381048e-05;1.8267587663272147e-05;1.8431419417529306e-05;1.8039701936354868e-05;1.7472419096937585e-05;1.7012319160002198e-05;1.6747112100245584e-05;1.66490527223047e-05
2030.5081338673008;1.1245636679074105e-07;1.379928808810573e-07;1.430606575693412e-07;1.0910680612666603e-07;6.96235004577193e-08;7.501624093120875e-08;1.3445522226990396e-07;2.0123577798300238e-07;2.125906090585628e-07;1.6516586966544021e-07;1.1016367231503088e-07;7.741745533871084e-08;8.153157073847283e-08;1.0356503806985009e-07;1.1934538320777186e-07;1.0870366722110441e-07;6.779463925943397e-08;2.8297760457251625e-08;9.80668677450892e-09;5.466471962418e-09;3.284698650030834e-09;2.0934672511072927e-09;2.090540803585977e-09;7.746868734896584e-09;2.3677317001382162e-08;5.024562183271153e-08;8.44373326164618e-08;1.1226195015834388e-07;1.1937078530717732e-07;1.0603706353410029e-07;9.742334301086059e-08;1.099877430137764e-07;1.5379173418736005e-07;2.2149181741453761e-07;2.681369646253584e-07;2.567635028001228e-07;2.1480768079210795e-07;1.636122289753623e-07;8.682334791576207e-08;3.2812188215574984e-08;1.3132417421033031e-08;7.4035647074702705e-09;4.950557114380691e-09;1.80305038045685e-08;9.844399586743049e-08;3.7665880079996817e-07;1.037219691147737e-06;2.101817547691584e-06;3.6020320667741145e-06;5.7043896085163805e-06;8.55628481661958e-06;1.1943306429757976e-05;1.5385347020928065e-05;1.8309900498716383e-05;2.068524207351482e-05;2.2568841633605444e-05;2.385480047331663e-05;2.4425708397968663e-05;2.4243630095364087e-05;2.3666392932204176e-05;2.307414113592194e-05;2.274181382146265e-05;2.24691906033939e-05;2.2595884935245843e-05;2.288918590677468e-05;2.3071489228150636e-05;2.288826849305632e-05;2.24764071739468e-05;2.1903401871834266e-05;2.134689941885805e-05;2.08628623238662e-05;2.055062176812746e-05;2.055231515593511e-05;2.0862095213075723e-05;2.1253559382647236e-05;2.148310994541029e-05;2.123535520621457e-05;2.0343057642603745e-05;1.8974103578513413e-05;1.755103654101079e-05;1.660833701123466e-05;1.6462913985286366e-05;1.701408720513017e-05;1.8123151525696916e-05;1.9154843540429662e-05;1.9713153000485317e-05;1.948213504249561e-05;1.860130288772042e-05;1.7404277905268975e-05;1.6395245282169285e-05;1.6007406985213364e-05;1.6106098824300612e-05;1.6882983374480765e-05;1.7799831795828173e-05;1.82924211243758e-05;1.819597927786908e-05;1.7545166090938944e-05;1.6688929516436223e-05;1.5990309040646136e-05;1.5684128977681245e-05
2031.9524423617656;2.248389708615637e-07;2.758977537304817e-07;2.8596866697943345e-07;2.1757788931450125e-07;1.3153022315268198e-07;9.996945483184668e-08;1.224806391680271e-07;1.395340864743385e-07;1.1280256449850537e-07;6.132123771863732e-08;2.5814791801442252e-08;2.5519009035694628e-08;5.028629327999897e-08;8.959790356784428e-08;1.2409153979414656e-07;1.1989798897605368e-07;7.646105539098245e-08;3.15853039401455e-08;1.1371299463191316e-08;5.948014365293452e-09;3.402394772492168e-09;2.418094748687992e-09;3.977676855876612e-09;8.726617266293215e-09;1.247705387097746e-08;1.0753192744438444e-08;5.638987380497611e-09;1.998964980912461e-09;8.109686440179057e-10;5.5456682674896635e-09;2.976604029669409e-08;7.814778696256518e-08;1.3602570336754698e-07;1.7217623768298252e-07;1.6053156561798365e-07;9.56462966862299e-08;4.067255233487532e-08;1.8918217451352813e-08;1.3027674269577296e-08;1.0348262493141224e-08;7.933288202718302e-09;4.691787331608674e-09;2.464273930021953e-09;1.1711740037988032e-08;8.297142874120732e-08;3.7699044581596506e-07;1.1451505530239415e-06;2.4596310416134293e-06;4.175005486847581e-06;6.1539299460817205e-06;8.399555672317992e-06;1.0761664037222875e-05;1.3224904830452937e-05;1.5745729561683475e-05;1.8302818761210745e-05;2.073476253563541e-05;2.273470006508869e-05;2.40410716357122e-05;2.449271210993639e-05;2.418845852061678e-05;2.3454281823053365e-05;2.2618692213835337e-05;2.212636084269282e-05;2.2226859343891484e-05;2.2745325817781107e-05;2.321951768071573e-05;2.3165257575011138e-05;2.267013808187226e-05;2.1982189183998275e-05;2.1361583382905224e-05;2.091713116170875e-05;2.057303039968035e-05;2.0290930862108915e-05;2.013595397280514e-05;2.026905216154965e-05;2.065737107950748e-05;2.0983478765634e-05;2.081370709621866e-05;2.005954824869956e-05;1.889387180220198e-05;1.7811750687705854e-05;1.735537335495787e-05;1.7755200861894814e-05;1.877788013647117e-05;1.9815382481353863e-05;2.02755372611351e-05;1.988693611086392e-05;1.893515615740817e-05;1.77865960087563e-05;1.6654004274182587e-05;1.5773401262739696e-05;1.5389654940743912e-05;1.582694705765921e-05;1.6993856518276367e-05;1.8421918471185966e-05;1.937617876981364e-05;1.9340460672830443e-05;1.833718958869782e-05;1.6858047961481734e-05;1.5701285725659134e-05
2033.396121422065;1.283209757777137e-07;1.919754294605263e-07;2.2179009403990645e-07;1.839544374274339e-07;1.26014481141406e-07;1.1542205777868313e-07;1.3346071947022737e-07;1.4137107955436924e-07;1.1037763921893608e-07;6.023291593413214e-08;2.4545621177654075e-08;1.5306088737245473e-08;2.20321818472858e-08;4.13658659700944e-08;6.309363148312428e-08;6.061103875566795e-08;3.9963484125402295e-08;2.4459184061148883e-08;2.919158221491685e-08;6.49859264863173e-08;9.660487505406129e-08;9.820901426554425e-08;8.812270476383729e-08;1.0486730435132997e-07;1.371417239379975e-07;1.4141153367962765e-07;1.0672352394202597e-07;5.98964573436954e-08;2.4864920506429818e-08;1.232885924590774e-08;1.7805305470111777e-08;3.645193617514687e-08;6.51582070665383e-08;7.086046467388418e-08;4.07512153438239e-08;1.4605474476534838e-08;4.568345068895035e-09;2.97108075184296e-09;3.5369334404235626e-08;1.4966144022838098e-07;2.902018930599595e-07;3.1714628729920214e-07;2.144995366474139e-07;1.1270358427034769e-07;1.4765193638825066e-07;5.049400409005617e-07;1.4410213901722977e-06;2.9592203820475965e-06;4.738454088068324e-06;6.515846454778808e-06;8.212273883811018e-06;9.852360992323658e-06;1.157359137258962e-05;1.3670421605732208e-05;1.616695233987276e-05;1.89038043731503e-05;2.1427021704034647e-05;2.326527194968358e-05;2.4222706768843164e-05;2.4423571169520663e-05;2.4108835785248664e-05;2.362039245590819e-05;2.3479704307097778e-05;2.363597866398172e-05;2.388028044259068e-05;2.3903438410038847e-05;2.3535632369656477e-05;2.2842572950812024e-05;2.201959218236837e-05;2.135300183124797e-05;2.099284151405764e-05;2.0762550231290613e-05;2.0407213478624145e-05;1.989326168429669e-05;1.9518747084038067e-05;1.950652380989829e-05;1.9626052865290014e-05;1.9815814881195127e-05;1.978421988152434e-05;1.9413279326949448e-05;1.897006573135153e-05;1.8500722954629995e-05;1.8366983045119828e-05;1.855443977792484e-05;1.884714884405249e-05;1.8958986109237968e-05;1.881510056645036e-05;1.841467297449921e-05;1.7808135086912772e-05;1.698272030023317e-05;1.5965852328100527e-05;1.5157425107338544e-05;1.5047287762746549e-05;1.5661929738609002e-05;1.6908665819055778e-05;1.8024060389740093e-05;1.8534175988154116e-05;1.813041664428624e-05;1.6927703837077344e-05;1.5849970943205163e-05
2034.83917112758;3.1866334125819084e-08;8.31536666572138e-08;1.2554515685158624e-07;1.3122401024583116e-07;1.2222001579608645e-07;1.3131751934345798e-07;1.485116726325042e-07;1.4447823469459153e-07;1.0841929076834396e-07;5.9401645012194575e-08;2.3494900568743893e-08;9.374834758358768e-09;5.8937041631626965e-09;6.620464065867156e-09;1.3327851370271009e-08;2.2089591032844973e-08;2.181595728791591e-08;2.6992497964164624e-08;5.815854203365315e-08;1.2470083333069305e-07;1.9033000449755446e-07;1.9468419201594882e-07;1.7249363595636132e-07;2.016645953315585e-07;2.6299323122774616e-07;2.728770925686532e-07;2.083554551459617e-07;1.1808920992862004e-07;4.9105113192306014e-08;1.9424737071781743e-08;1.1207994199457052e-08;6.995128704222973e-09;4.543365663294055e-09;2.851109701065471e-09;1.778019102647107e-09;1.134155814720313e-09;7.817101085518317e-10;1.0710047048649074e-09;6.201854974132988e-08;2.890909004238949e-07;5.703892051858304e-07;6.269741864511728e-07;4.2533455974686805e-07;2.1482591642655841e-07;2.1934562555710778e-07;6.470475574730831e-07;1.751103839178162e-06;3.529725632503647e-06;5.624958192608384e-06;7.721781094667928e-06;9.624722375525431e-06;1.131155153308247e-05;1.289668358252704e-05;1.46064103289382e-05;1.6659997405090788e-05;1.900746821860133e-05;2.1297975079405195e-05;2.3021685280921647e-05;2.376557268085196e-05;2.381654857628869e-05;2.3512991284139945e-05;2.337972630323103e-05;2.36459161715004e-05;2.4124751762030093e-05;2.4563370184319872e-05;2.434936792217392e-05;2.3782975480935384e-05;2.289986615416151e-05;2.208806592589387e-05;2.1587415053893674e-05;2.149278993084488e-05;2.146453516306889e-05;2.121348675988748e-05;2.0567818586523237e-05;1.9707033504818507e-05;1.891855440096892e-05;1.859299416979753e-05;1.8836859978809455e-05;1.9320452460319036e-05;1.96719499775289e-05;1.9859693816832966e-05;1.963406632061988e-05;1.9221320475010235e-05;1.8812587165014007e-05;1.859776893908049e-05;1.853434204761393e-05;1.8551213510808228e-05;1.8506448382803504e-05;1.823434556620637e-05;1.7600262197278088e-05;1.662626865728753e-05;1.564146198919986e-05;1.503295634822491e-05;1.4979087732110856e-05;1.5455346133925518e-05;1.613751932947662e-05;1.663303217849665e-05;1.6636853470919386e-05;1.6067654326431715e-05;1.5496532484598504e-05
2036.2815915577305;3.1941398726007625e-08;3.677146997372672e-08;5.140486332877634e-08;6.663524099583093e-08;8.16227029953183e-08;8.998383392658646e-08;8.88629905297864e-08;7.888375716414172e-08;5.597815439694305e-08;3.0715787060017125e-08;1.1912292561106752e-08;3.6023565305657684e-09;3.710541729205522e-09;1.3246801129796007e-08;3.5183625909897485e-08;7.185919239099314e-08;9.754995771971843e-08;9.101730620664058e-08;8.141476635209275e-08;9.01235782789961e-08;1.0799845156484295e-07;1.040164592574714e-07;9.310974106564184e-08;1.0712955045638204e-07;1.357121476968056e-07;1.392493141681005e-07;1.065192925291134e-07;6.078249719117557e-08;2.5678440556080923e-08;1.0772030366068064e-08;5.078145007654364e-09;3.199220102886117e-09;2.8206627763921463e-09;2.7212162409009557e-09;1.8026919154684883e-09;1.112682929147785e-09;7.856791616318305e-10;1.417274378189214e-09;3.32743770007652e-08;1.4911672395193628e-07;2.90937568569023e-07;3.189210882029656e-07;2.1525161003254614e-07;1.1208740048134065e-07;1.4773355335167038e-07;5.132626651945482e-07;1.4711848077683798e-06;3.1892602805005173e-06;5.478620544753204e-06;7.984026292945597e-06;1.010391624275945e-05;1.1643780038690289e-05;1.300373743612071e-05;1.4519565503553298e-05;1.650706418917578e-05;1.888828171188518e-05;2.1308637685611052e-05;2.297520683904396e-05;2.3439840797432465e-05;2.297859696986839e-05;2.216931923865145e-05;2.17314718956338e-05;2.198080052893984e-05;2.269122259100487e-05;2.337368865541792e-05;2.3535598058754406e-05;2.3028711130094275e-05;2.2226076795431383e-05;2.1499356545028933e-05;2.1115926775110384e-05;2.1082022865662887e-05;2.117413208521342e-05;2.1002419689366047e-05;2.035156717575837e-05;1.940960639999393e-05;1.852251689165759e-05;1.838876374523495e-05;1.888490942603005e-05;1.9615419377180065e-05;2.0086861678867267e-05;2.0095111520842884e-05;1.973972552211101e-05;1.9289959910304392e-05;1.9014809072098168e-05;1.9002174033449617e-05;1.9096864747469976e-05;1.9077998827086105e-05;1.8829314586522223e-05;1.837744332286361e-05;1.7611365047340478e-05;1.6830764354095628e-05;1.614396402755469e-05;1.5644123675069044e-05;1.5674222995917385e-05;1.613557197300566e-05;1.6792113829204405e-05;1.7398847919959657e-05;1.7709022636767545e-05;1.7592339248755665e-05;1.732056164410399e-05
2037.7233827919808;3.2016104624779344e-08;1.5116015950517377e-08;8.588310130876331e-09;2.24054074253302e-08;5.4506340022568784e-08;7.943181748938521e-08;7.956914912540201e-08;6.001688100760011e-08;3.4098949924723153e-08;1.3794590826173433e-08;4.695891050964665e-09;2.774788407358414e-09;6.543308300258626e-09;2.4000848474886546e-08;5.906751236665319e-08;1.077867609342427e-07;1.5006799264529224e-07;1.4074627043526324e-07;9.058106017628033e-08;4.1626940667080096e-08;1.938785127359187e-08;1.8256771177387988e-08;3.569636726533107e-08;5.790870585211317e-08;6.18939598232898e-08;4.32862597086616e-08;1.876908228726625e-08;8.693776432168263e-09;4.053575784022122e-09;2.541269560831784e-09;4.4061459321873836e-09;1.3935952255027128e-08;2.3188807381063137e-08;2.2719572977958572e-08;1.3327004367737462e-08;5.0391113407202425e-09;1.881799985505859e-09;2.4304870826113196e-09;9.33207610185562e-09;2.658534859849576e-08;4.922961745421346e-08;6.229771504233667e-08;5.7203377714853645e-08;3.172853846225922e-08;6.420509248495233e-08;2.8868807695828377e-07;9.72204679407968e-07;2.337990537433264e-06;4.350019645289823e-06;6.695451908178265e-06;8.915627900311381e-06;1.0678606511228803e-05;1.208265704362991e-05;1.3550958737656907e-05;1.5386945877759796e-05;1.7667742325623333e-05;2.028920338957113e-05;2.2675436446596507e-05;2.4253082094106537e-05;2.4904476165629652e-05;2.465548820032841e-05;2.379281044954685e-05;2.284595510829758e-05;2.217995637035378e-05;2.1863698366883363e-05;2.193517133879798e-05;2.2038141627277127e-05;2.1970257046334404e-05;2.1509881925545905e-05;2.066960610206526e-05;1.9865890894711136e-05;1.910135185980169e-05;1.875434931932304e-05;1.861531189990021e-05;1.862379225083073e-05;1.873181855454867e-05;1.935063535213273e-05;2.0145886720210405e-05;2.0749740748995692e-05;2.0765555483447172e-05;1.993084835903206e-05;1.8918455368849176e-05;1.8136045379748066e-05;1.7987245187241166e-05;1.826867069649856e-05;1.8588785033055992e-05;1.8592979251818063e-05;1.8208543474495448e-05;1.7593770621001865e-05;1.706197182211287e-05;1.6864713077501194e-05;1.710975362785859e-05;1.7495705289107913e-05;1.7893291211667766e-05;1.823632395383193e-05;1.860500559438085e-05;1.8921462139004637e-05;1.9010409220533357e-05;1.876461951490373e-05;1.8412973683515223e-05
2039.1645449098323;3.1609443909670975e-08;1.7481949532508475e-08;9.454631537538848e-09;2.401480566572573e-08;6.974002669430252e-08;1.183606538067569e-07;1.3346013252974622e-07;1.0725215214228385e-07;6.271116465454226e-08;3.078160170702896e-08;2.7935520007682412e-08;4.3464376929292637e-08;6.467087219521806e-08;9.105168175727512e-08;1.156118993429068e-07;1.196712565979206e-07;1.0953629395627645e-07;8.22434089677571e-08;4.9823552320009464e-08;1.7486019687063163e-08;1.073100759537496e-08;3.3949006935880176e-08;1.093483970143193e-07;2.0490723145315258e-07;2.371533013736194e-07;1.8606976178242893e-07;1.0812996444516029e-07;5.1410924055129336e-08;2.108843309452749e-08;9.702154525192293e-09;1.2082983214888575e-08;3.115930299752395e-08;5.684603612977266e-08;7.680433422861317e-08;1.005498580701271e-07;1.2424933047602102e-07;1.1841543624848357e-07;8.17028734549404e-08;5.1944976983837747e-08;5.660409407053237e-08;8.656824353255859e-08;1.1174820998337809e-07;1.2226914588893706e-07;1.54905502757566e-07;2.775424895932766e-07;6.318730290368894e-07;1.3554821822623894e-06;2.490540439507633e-06;3.954645562930993e-06;5.7661551610941065e-06;7.904018073139479e-06;1.0239793641790402e-05;1.236941099683187e-05;1.4180400486954344e-05;1.5665411408936507e-05;1.7161750276887287e-05;1.920042348724995e-05;2.197026973087713e-05;2.465675444140662e-05;2.6608970148976216e-05;2.7107647468804974e-05;2.5978653680480375e-05;2.3858971162599484e-05;2.1770397802243047e-05;2.0581853282620957e-05;2.0757058038526016e-05;2.1849474482212168e-05;2.280848883278588e-05;2.2880347869843016e-05;2.176951882711443e-05;2.006482175132788e-05;1.866488826037546e-05;1.8146237078593145e-05;1.837270646509765e-05;1.914841948339208e-05;2.0052028979854148e-05;2.0744433921169775e-05;2.1047951576604057e-05;2.092907726489136e-05;2.0277674040234647e-05;1.9152241874465632e-05;1.797728568694358e-05;1.7234236946095433e-05;1.689329373332186e-05;1.6866922872527642e-05;1.684177984590493e-05;1.671203925654975e-05;1.6662490719799692e-05;1.6850123677207635e-05;1.7395192281974975e-05;1.8230219879643457e-05;1.9060598236186423e-05;1.964627689780369e-05;1.9804591870270705e-05;1.9668903436747564e-05;1.9582187254551017e-05;1.949779412529541e-05;1.9210263339509332e-05;1.8494329593529623e-05;1.7767872985144884e-05
2040.6050779908287;3.0471058669291296e-08;2.008508229455805e-08;1.0146064152559213e-08;1.3767656838582928e-08;3.56825402680368e-08;5.956716165879561e-08;6.673109124468625e-08;5.3412293893903283e-08;3.2493160993062814e-08;2.5342504677743908e-08;4.423404597883576e-08;7.986471272586689e-08;1.1497716434815177e-07;1.3837363407444272e-07;1.3817537816414876e-07;1.0524946013709449e-07;5.5809328512847366e-08;2.2369175808679656e-08;9.398615135463868e-09;5.383181065830073e-09;5.808503031945989e-09;3.6043972029301887e-08;1.3389265503066168e-07;2.616671302268522e-07;3.298346515724536e-07;2.938260953798412e-07;2.134020154044965e-07;1.207612604551947e-07;5.236864143929504e-08;2.1669429091798888e-08;1.996143695798736e-08;3.6482563398339875e-08;6.518469651696061e-08;1.027752158075846e-07;1.699394597173423e-07;2.3685354217393085e-07;2.3312091332389025e-07;1.591811956900422e-07;8.457802718333579e-08;5.2629012783446414e-08;5.4790035620494274e-08;7.920779205923638e-08;1.34071346817772e-07;3.209593616010421e-07;6.820153190508563e-07;1.2986234833871897e-06;2.0956883423105125e-06;3.0328011022832893e-06;4.14510558670077e-06;5.606195517688438e-06;7.5454293293056355e-06;9.962214266977344e-06;1.255354753234729e-05;1.4761775465947066e-05;1.6315879315404204e-05;1.7548124744489168e-05;1.9061445144142832e-05;2.116894675585576e-05;2.356414570981687e-05;2.560722121057793e-05;2.6171511785306297e-05;2.49977824810962e-05;2.2750348838364157e-05;2.0670922938680695e-05;1.9743496397412145e-05;2.029442302256353e-05;2.1603735263494047e-05;2.2823449710982e-05;2.3043186576995325e-05;2.2236570929811737e-05;2.081957513398655e-05;1.990021892259944e-05;1.9533222920404044e-05;1.9907074574309907e-05;2.0583784349451547e-05;2.1237608586490946e-05;2.119714448935638e-05;2.0718685945957916e-05;1.994239189949466e-05;1.9036847363824235e-05;1.818062202406997e-05;1.750137018507729e-05;1.719250861619804e-05;1.7030766729663593e-05;1.6848041833908454e-05;1.659423149334152e-05;1.6480665216656185e-05;1.6855848834289438e-05;1.7782008439639965e-05;1.8909305322189767e-05;1.964003892797238e-05;1.9574976822027253e-05;1.8888060751167503e-05;1.812325755142921e-05;1.7854470763547646e-05;1.821632699190926e-05;1.9092539587129585e-05;1.9348903743659923e-05;1.916580406480304e-05;1.874375603231254e-05
2042.044982114552;1.4899614077430718e-08;1.0290339032339128e-08;5.312285755074533e-09;2.793482765688273e-09;1.8360810162731846e-09;1.0632858689744743e-09;4.6398881102071057e-10;2.266040357392299e-10;1.650776498828976e-09;9.732110315984929e-09;3.096538220710413e-08;6.871626205339426e-08;1.0825456118959757e-07;1.251488788659658e-07;1.0960579748842172e-07;7.033155377102197e-08;3.126074998304622e-08;1.47002527519304e-08;7.503172035948865e-09;4.312200208020123e-09;3.391299513698705e-09;1.600243439992588e-08;5.755668829594089e-08;1.1768390436585557e-07;1.6845441151597633e-07;1.9461813745040813e-07;1.7944059407327852e-07;1.2074465185253902e-07;5.566462933329669e-08;2.1750443016877656e-08;1.901455804400068e-08;3.1222753838688334e-08;4.2713471995534494e-08;5.437757815827681e-08;8.418805418505928e-08;1.1793296120277241e-07;1.1674177921665789e-07;7.94385226177307e-08;4.000826127780249e-08;1.8167832171223072e-08;1.2626318359161897e-08;3.32570920282203e-08;1.1160708528834517e-07;3.160196437266862e-07;6.975226654372365e-07;1.2928889134184254e-06;2.145609301084878e-06;3.260528750268427e-06;4.632835659838185e-06;6.186538676913232e-06;7.99001934584164e-06;9.89348986023444e-06;1.1831766334300336e-05;1.355308579096806e-05;1.5024405452385532e-05;1.6477204359694892e-05;1.8258059373742383e-05;2.039156203749347e-05;2.2654285866254957e-05;2.441049784255264e-05;2.494137414148012e-05;2.407015471404277e-05;2.254313686626281e-05;2.144145523374875e-05;2.1323168357432063e-05;2.2018421545408103e-05;2.2980613799169284e-05;2.356683339271499e-05;2.3314382339268855e-05;2.2419375476655695e-05;2.132935699774541e-05;2.0501516365773076e-05;2.007383976473845e-05;1.999042396779022e-05;2.0043722085153465e-05;2.0205375203398807e-05;2.041078568315772e-05;2.054212665373573e-05;2.0489008867316407e-05;2.0218562577145813e-05;1.984658981177269e-05;1.9496471365034076e-05;1.9232551627473207e-05;1.8949269042529863e-05;1.860310579221029e-05;1.818688119042973e-05;1.812405449871969e-05;1.862135350003837e-05;1.9332685790414583e-05;1.9923918788244094e-05;1.967661543837428e-05;1.847463581445665e-05;1.6991973405215716e-05;1.6038322712405604e-05;1.6138207180933874e-05;1.7095658205235725e-05;1.8346531551716692e-05;1.9185571274127623e-05;1.9135046826736992e-05;1.8694136451668786e-05
2043.4842573606256;6.410398550884183e-11;4.783256673818287e-10;1.4344350808397063e-09;2.2620607688801156e-09;2.0960773067368104e-09;1.1714827230090855e-09;4.202812090026004e-10;1.5724925467435948e-10;7.863290764076043e-10;4.306942130639586e-09;1.6718401942376177e-08;5.1553284176564914e-08;1.0223124714305185e-07;1.2281738746869677e-07;9.311418385221186e-08;4.7446784131666526e-08;2.1425164978925898e-08;1.3463266948078317e-08;1.5580601703190217e-08;3.0945621043160735e-08;5.6699171529856426e-08;5.439904689439456e-08;3.713200892434304e-08;2.438292102920136e-08;2.6200673344764614e-08;4.947660910297941e-08;5.922887485677919e-08;4.548193792428303e-08;2.2742321768493964e-08;1.0104934709958536e-08;9.620254996961052e-09;1.4098535254482137e-08;1.2814172044072554e-08;7.282093734450918e-09;2.615930995987385e-09;1.3208981677739916e-09;1.9952432031942444e-09;2.672962607239825e-09;2.5003172510548574e-09;1.7774431456878462e-09;2.558796931274335e-09;1.0371761479813493e-08;5.345660696095901e-08;1.7069177001882434e-07;4.255560093618535e-07;9.550245979694222e-07;2.008124212711096e-06;3.5588141753385387e-06;5.349787127209347e-06;7.140724805563679e-06;8.803125230232892e-06;1.0254142532592547e-05;1.1625504541783722e-05;1.3055610005443855e-05;1.4716762630894334e-05;1.673558477029251e-05;1.8999351882980296e-05;2.1133778724449327e-05;2.2635753703331923e-05;2.3130233083552097e-05;2.3067890740447257e-05;2.281140182215666e-05;2.27871916943236e-05;2.309778710225096e-05;2.363816683304108e-05;2.439456310654836e-05;2.5013764856595467e-05;2.5029814306907325e-05;2.449331440294183e-05;2.34866573811131e-05;2.2276946182506865e-05;2.107146923961352e-05;2.020665955263688e-05;1.9462828647193544e-05;1.893406523024089e-05;1.8914564668091103e-05;1.9455723449955147e-05;2.0220252885879547e-05;2.090939244728691e-05;2.1313544558799e-05;2.1475761116344944e-05;2.1501241394767026e-05;2.121278783211097e-05;2.047747559607925e-05;1.946115492095235e-05;1.8224147287398573e-05;1.758129499875573e-05;1.7745463784018307e-05;1.853118682871473e-05;1.9404823152392375e-05;1.9548262311170685e-05;1.8917932698986948e-05;1.7955644958804327e-05;1.725045462079461e-05;1.693403139105242e-05;1.7305602962326066e-05;1.7382102374687724e-05;1.7423237610782964e-05;1.6882948452730584e-05;1.6340991396862997e-05
2044.9229038087176;1.0296365662433592e-08;5.1211186362999185e-09;2.298131060173058e-09;2.155298565531549e-09;1.896141222478612e-09;1.0895769322177182e-09;4.751179927957647e-10;1.940730475026188e-10;4.2647683160685656e-10;1.9299903973613633e-09;7.14810278042667e-09;2.4554672451512165e-08;5.788710976025715e-08;7.576234619612243e-08;5.86957879926722e-08;3.175605718274228e-08;1.534067176162628e-08;1.5437757967608823e-08;3.5447689544806825e-08;7.619588095347832e-08;1.106869818757667e-07;1.054785148215482e-07;6.746053165910438e-08;3.150174560024207e-08;1.3242186599397252e-08;5.871321149264783e-09;2.9919609230195e-09;2.0870755629917153e-09;2.625571277822162e-09;4.094797978098241e-09;5.667691654930242e-09;1.119305892755626e-08;2.8753081805928244e-08;5.226956887913121e-08;5.997858748490621e-08;4.5727421087788726e-08;2.595666390253528e-08;1.4754635282270244e-08;8.926344284667268e-09;4.168422337042574e-09;2.4563606336505496e-09;3.813165517068806e-09;2.6638566567097497e-08;1.292694550419782e-07;4.050983930431855e-07;1.02674631296289e-06;2.1311134546260998e-06;3.7043430829670334e-06;5.489871352546838e-06;7.289606583068601e-06;9.056000058701908e-06;1.072265092927685e-05;1.2309710708448234e-05;1.398232219739274e-05;1.5879271883406693e-05;1.807442010524675e-05;2.048566836682142e-05;2.2441219551207907e-05;2.340005627336469e-05;2.3282956395120047e-05;2.247081288468069e-05;2.175171080455471e-05;2.149229865127464e-05;2.183455768149012e-05;2.2540179613749043e-05;2.328273888847633e-05;2.3741357117382407e-05;2.3709122033027797e-05;2.3118949768251115e-05;2.2088714745455674e-05;2.101563345892296e-05;2.023887336388072e-05;1.9897677686999768e-05;1.982917667263504e-05;1.975506485606588e-05;1.9500444496322128e-05;1.93222737899806e-05;1.894677121888331e-05;1.8665164052312714e-05;1.869161475971972e-05;1.910246582334364e-05;1.968842310992451e-05;2.008869852425607e-05;1.99172023004517e-05;1.893673133548385e-05;1.76533078076419e-05;1.652448145334947e-05;1.6202150592253167e-05;1.6800753281156156e-05;1.7990967093024188e-05;1.9122397557615183e-05;1.975780720455059e-05;1.959745718931441e-05;1.88831799591879e-05;1.792400495512107e-05;1.6977305866146088e-05;1.6076844158576316e-05;1.538277742488331e-05;1.5094981794471288e-05;1.505862764516984e-05
2046.3609215385293;2.0527515623833573e-08;9.90094909428253e-09;4.881291571517486e-09;6.781351271928626e-09;8.296994883653086e-09;8.437893914535057e-09;1.6873688960628e-08;4.5551654161206284e-08;1.0186769295492201e-07;1.6072921490899178e-07;1.633526588370077e-07;1.0495984877988225e-07;5.234681024672949e-08;4.0407841259286175e-08;4.116360708138952e-08;3.8404518703422485e-08;4.48468563189861e-08;6.983698869523325e-08;1.050604994164912e-07;1.2332355271784477e-07;1.0321388355046368e-07;7.087372565925724e-08;4.0418640798265956e-08;1.924136481557133e-08;6.768112319587705e-09;5.3082708404353004e-09;1.1688911587515416e-08;2.98235107670582e-08;5.2259751345952855e-08;6.652854013765696e-08;6.42510756513525e-08;5.5136281435001345e-08;7.041141389321727e-08;1.0650689643649333e-07;1.206641842593543e-07;9.091135576976469e-08;4.8409953066270226e-08;2.2961357310432477e-08;1.1505890461942848e-08;5.862083890622027e-09;4.932650246158125e-09;1.3536803985072897e-08;6.337125226375831e-08;2.285029474843721e-07;5.602234173898949e-07;1.1672308028914346e-06;2.0704630063386554e-06;3.3349588199871627e-06;4.947343227987693e-06;6.8710571551780445e-06;8.914119397338594e-06;1.0979397603818916e-05;1.2885765799962104e-05;1.4625632672377928e-05;1.6335040770358117e-05;1.817614543803934e-05;2.0382786832149385e-05;2.256060744219904e-05;2.4027360003495925e-05;2.44851803722929e-05;2.402323272742128e-05;2.2998522116698836e-05;2.1985399667258805e-05;2.1688118375225813e-05;2.1894871625532585e-05;2.2083367890302503e-05;2.192155453497332e-05;2.128784483514965e-05;2.0368684142258977e-05;1.946604005532238e-05;1.907226051236561e-05;1.940492609011649e-05;2.024788521931301e-05;2.0978351647207644e-05;2.120361708105273e-05;2.0740946784401385e-05;1.9678499796650654e-05;1.8396296836316057e-05;1.7406125413265638e-05;1.702852463652456e-05;1.7228792909179468e-05;1.764827566758936e-05;1.813049081411508e-05;1.835606374361472e-05;1.8216781936037468e-05;1.796379456716434e-05;1.7522178860327132e-05;1.7033255409334332e-05;1.6817901615301622e-05;1.707828690926689e-05;1.8003584309238205e-05;1.8961621263095995e-05;1.945233209876658e-05;1.9226387237336694e-05;1.8566742762991064e-05;1.7384863096763613e-05;1.6548476587815245e-05;1.6117086743671296e-05;1.6055659842456056e-05;1.613142904539049e-05
2047.7983106298016;1.0418241634130505e-08;5.464782716370276e-09;5.148936274818369e-09;1.0770521850615814e-08;1.4855431385902285e-08;1.6143702827051956e-08;3.3625558857540746e-08;9.114672553912462e-08;2.035414111913976e-07;3.205375019612028e-07;3.2448734106036444e-07;2.037594731613041e-07;8.576951706947515e-08;4.9412828890305576e-08;6.300975569456943e-08;9.304149179626044e-08;1.28097576975588e-07;1.6071377029052206e-07;1.818028671936732e-07;1.591263658707938e-07;9.381017080306065e-08;3.5745927228998674e-08;1.30808951887885e-08;7.51671787135693e-09;4.815133099399536e-09;5.65578801292157e-09;2.084941210645093e-08;5.774081361985911e-08;1.0196991242776399e-07;1.2851853729583134e-07;1.1939254991861808e-07;8.231274074920555e-08;5.7938852866613887e-08;6.181513931655028e-08;6.47950791543648e-08;4.7605361467350833e-08;2.478353533270485e-08;1.1953625883561232e-08;8.558755663012601e-09;7.788288938195154e-09;9.672622887193058e-09;2.0253102142381565e-08;7.870070937565411e-08;2.6807457434007935e-07;6.289069372369822e-07;1.1639225174830144e-06;1.95152470729146e-06;3.226589361703708e-06;4.943462033404805e-06;6.854905820436184e-06;8.757573942246371e-06;1.0590217306602226e-05;1.245827390771153e-05;1.4411496836900632e-05;1.6465500535217765e-05;1.8455310681011623e-05;2.054631734811456e-05;2.2567519177227935e-05;2.405883247319616e-05;2.481371858252364e-05;2.4896967146081103e-05;2.4519047794641068e-05;2.412362153400187e-05;2.4001159049610267e-05;2.389627517411236e-05;2.338855773594158e-05;2.235794209569474e-05;2.1024369767741065e-05;1.988179370899876e-05;1.9288319458753344e-05;1.9400417317407218e-05;2.005305611523825e-05;2.08760736817141e-05;2.1435088212990163e-05;2.1605887429318487e-05;2.1597521176266965e-05;2.1152308785798736e-05;2.06766295339334e-05;2.0079724095444427e-05;1.9352210368282656e-05;1.855121966542195e-05;1.7826693972921265e-05;1.7356795396790178e-05;1.7251845344007317e-05;1.769414247924813e-05;1.8361533268119647e-05;1.888181650186287e-05;1.8833836585030326e-05;1.840657798005052e-05;1.7667548357540858e-05;1.7200687092485763e-05;1.7061429867422655e-05;1.7167639199323225e-05;1.7454895742467293e-05;1.7798330480352592e-05;1.7988351017281452e-05;1.8091579701131756e-05;1.788103304985334e-05;1.747972872384672e-05;1.713658678126578e-05
2049.235071162322;9.084393964620776e-09;3.915360407707805e-09;2.671104506165766e-09;5.538039592110679e-09;7.881410589362983e-09;9.264409824197405e-09;1.8453088664933756e-08;4.7290306170656115e-08;1.0657290546490108e-07;1.760450728437897e-07;1.8154899714413337e-07;1.1387951324508823e-07;4.87957564162281e-08;3.646594499968267e-08;7.036102084490214e-08;1.2991277642447464e-07;1.7804394122452686e-07;1.9390013516887203e-07;1.858510559120204e-07;1.516103337703602e-07;9.066271542234605e-08;4.174668608241935e-08;1.727314193449471e-08;8.626411825128931e-09;6.10693426417539e-09;5.948753773210962e-09;1.2466953582739156e-08;2.9729661868339336e-08;5.132250988594668e-08;6.434727620981993e-08;5.9379701699354944e-08;3.825208581634708e-08;2.044175088216113e-08;3.48493058544311e-08;9.478484074068377e-08;1.473862772972239e-07;1.2450504870834925e-07;6.076376127103796e-08;2.5002829255931188e-08;1.7919701659620408e-08;1.5259910508711683e-08;1.910850628703605e-08;6.259988730365209e-08;2.458799057937212e-07;6.884910392884278e-07;1.4027000691890326e-06;2.447742258342749e-06;3.899916465477851e-06;5.530818705343191e-06;7.001666425623246e-06;8.192398267636439e-06;9.4187590745868e-06;1.1054038601961111e-05;1.3266811893448e-05;1.584963945835094e-05;1.8363995276326043e-05;2.0434621980821124e-05;2.2054665051210316e-05;2.3283704948509605e-05;2.4052837294131343e-05;2.4246768102331025e-05;2.4187599476034277e-05;2.412692776798752e-05;2.4104465984937403e-05;2.3924375256767686e-05;2.343140407986094e-05;2.263370686889406e-05;2.1788043303568663e-05;2.114574988302077e-05;2.0930667266208197e-05;2.078061606222156e-05;2.0754733434949985e-05;2.058343666823937e-05;2.0504285690153987e-05;2.0565415429210865e-05;2.084736760827308e-05;2.125997839632713e-05;2.157950720272723e-05;2.1466716576041947e-05;2.0842129747265925e-05;1.967039006396713e-05;1.8590070233913388e-05;1.793949082541022e-05;1.783639345790511e-05;1.817915668785944e-05;1.878525997857345e-05;1.930247573450173e-05;1.9610284442676075e-05;1.945695685678692e-05;1.8745779219579775e-05;1.7607371499160545e-05;1.633764169903287e-05;1.5404262935550452e-05;1.5404444891167092e-05;1.60355677358631e-05;1.692321061664473e-05;1.762283818990314e-05;1.7775351703992883e-05;1.7456052397908234e-05;1.7137927410435647e-05
2050.671203215912;1.7794441414447373e-08;6.906584954839614e-09;1.655703457454069e-09;1.0385837678091075e-09;7.732957878494054e-09;3.4340118505669365e-08;9.077461363162266e-08;1.8223071411369525e-07;2.729999347527724e-07;2.844833465692775e-07;1.96563225501574e-07;9.00644713321309e-08;3.6283742623311865e-08;2.7043459280990343e-08;4.3152767045547626e-08;7.955163348950136e-08;1.2359772189678868e-07;1.4530557177402297e-07;1.389758332610784e-07;1.1516990791061841e-07;8.117922596237464e-08;4.6332680221416814e-08;2.0785156058323437e-08;8.179328055837813e-09;7.048436594355361e-09;1.7473205096882265e-08;4.3897889110790594e-08;9.085051232379867e-08;1.434058743711127e-07;1.6253091143988389e-07;1.3061083256729174e-07;7.594609720072222e-08;5.3152544431696846e-08;1.3067667851232774e-07;3.17692518085622e-07;4.5329291220986293e-07;3.7988963045550433e-07;1.9949537881162162e-07;7.229135901563522e-08;3.2232300752638765e-08;1.9472193970650146e-08;1.8382735095227962e-08;5.169251340447462e-08;2.741282075315889e-07;8.720476273614073e-07;1.852169441071e-06;3.079977704409763e-06;4.355282526124809e-06;5.533235068198397e-06;6.539938968917516e-06;7.464725910802081e-06;8.74470486863991e-06;1.055991341834079e-05;1.3235130668715172e-05;1.613603781813851e-05;1.87166875929028e-05;2.051683573044617e-05;2.173625534730732e-05;2.264245484154877e-05;2.327261302740085e-05;2.360464802873252e-05;2.3760666654746688e-05;2.37646101244112e-05;2.3598875943841837e-05;2.3265732129514096e-05;2.2870026700855197e-05;2.2528376767035643e-05;2.230328649267526e-05;2.216952775479361e-05;2.2071118057527156e-05;2.1866014535877327e-05;2.146435887014131e-05;2.090310295590103e-05;2.040801779542747e-05;1.9916812722556795e-05;1.948331963350528e-05;1.915152832905412e-05;1.893002854013809e-05;1.8728482662664377e-05;1.845175830100017e-05;1.8153513199574448e-05;1.8041891097083785e-05;1.819878698640344e-05;1.8544291923730188e-05;1.883540709492763e-05;1.9009965378289997e-05;1.9067022749932095e-05;1.906636847812175e-05;1.915463332142608e-05;1.9238866547623216e-05;1.9051008114084035e-05;1.8546679905275877e-05;1.7708146294816597e-05;1.6864359693431744e-05;1.634081744458288e-05;1.6168817037549126e-05;1.644255912726983e-05;1.6791337682953816e-05;1.708437090880667e-05;1.7209734305572613e-05
2052.10670687044;9.186500580915957e-09;6.10266533221654e-09;5.510981925303128e-09;7.3998425006632635e-09;1.9473063862981776e-08;7.06387310213534e-08;1.855517236605463e-07;3.685220542982194e-07;5.3703300185803e-07;5.32670901492333e-07;3.47399759662946e-07;1.5145169643625737e-07;5.7720058166653066e-08;2.9050199027180072e-08;1.686913007117584e-08;2.1505437414827024e-08;4.7730785852764746e-08;7.191290636565198e-08;7.389867838841274e-08;5.8293307092527086e-08;3.9841519156266246e-08;2.3554248921569362e-08;1.0597303448497472e-08;4.138483034869403e-09;7.009435863356782e-09;2.9226847390828773e-08;8.474665991494935e-08;1.846116447127369e-07;2.98297733498449e-07;3.3785758163468586e-07;2.6807421422863985e-07;1.519548083457378e-07;9.601509480266737e-08;1.8045578365109725e-07;3.6366915617155205e-07;4.706222515586003e-07;3.893083878456866e-07;2.2274266721158685e-07;1.0356524049065729e-07;4.7533125324738313e-08;2.590528445874397e-08;1.907943780827985e-08;3.012032047205153e-08;1.9700074856883585e-07;6.883909954325392e-07;1.549573340018078e-06;2.715658939396816e-06;3.918518004460448e-06;5.006267913436243e-06;6.0225884719866764e-06;7.332467794281886e-06;9.202564727654613e-06;1.162989793799339e-05;1.448287599043522e-05;1.7311081974025598e-05;1.967240114804768e-05;2.141064944301785e-05;2.264410868496137e-05;2.357271490161415e-05;2.4223705983693646e-05;2.4751951161893992e-05;2.515011316212819e-05;2.5399389279216628e-05;2.541242881268813e-05;2.5115798645531685e-05;2.45652221544224e-05;2.389189745615909e-05;2.331826786117551e-05;2.264468174150578e-05;2.205278090127353e-05;2.1685358458507072e-05;2.162410803806613e-05;2.1691827466549276e-05;2.1774426376430143e-05;2.1493358074237225e-05;2.0619138052413007e-05;1.928699991061619e-05;1.7888051898593996e-05;1.679714982947086e-05;1.6215082765713628e-05;1.6310832542854336e-05;1.6927987235878017e-05;1.7678713836382998e-05;1.832624042256568e-05;1.8623963771555185e-05;1.855653408779194e-05;1.8367809445849234e-05;1.827062215194024e-05;1.858616037978405e-05;1.913079189544881e-05;1.954896813678178e-05;1.955785251614176e-05;1.9031624463462796e-05;1.7982078699047975e-05;1.7130621057877035e-05;1.6648220021646614e-05;1.661269981894287e-05;1.6801615045260195e-05;1.700641434564197e-05;1.702346181554642e-05
2053.541582205802;6.37285403973483e-10;5.323624045384438e-09;1.5505605358992637e-08;2.1914612765002664e-08;2.805681262069349e-08;5.849622547767481e-08;1.1785650286833773e-07;2.059596754263556e-07;2.778400437978088e-07;2.665225359674968e-07;1.7141913589382217e-07;7.466734430477458e-08;2.9831714614492936e-08;1.6652180136259716e-08;8.035750078238504e-09;7.9044177177526e-09;1.805678407678893e-08;3.0772821194589864e-08;2.974331170614143e-08;1.652109519508034e-08;6.093049739284021e-09;2.4482988977948452e-09;1.3949785548503715e-09;1.204801946068791e-09;4.056347619288231e-09;1.5747484174238142e-08;4.4825659417307836e-08;1.0179740412463561e-07;1.681157947788726e-07;1.8942360363964218e-07;1.461172754878079e-07;8.029364974856943e-08;4.8404088932043625e-08;7.8069569639334e-08;1.3947443461511814e-07;1.739309970369418e-07;1.6654484513278862e-07;1.4656543677998974e-07;1.2480983501423354e-07;1.0243454904731389e-07;7.90388116526074e-08;6.110944713325292e-08;5.492808254021298e-08;1.080935121421212e-07;3.3344982842123417e-07;8.968634044035463e-07;1.8849004060581348e-06;3.179039281118702e-06;4.6444674126405866e-06;6.389360934391927e-06;8.4643820905681e-06;1.082071407955702e-05;1.3247159139573723e-05;1.5194714462195471e-05;1.6839347791394885e-05;1.8433556901465855e-05;2.0176853986499776e-05;2.2068027798945247e-05;2.401057421081489e-05;2.5247610928150588e-05;2.599070644643e-05;2.6201735108825647e-05;2.598685262405845e-05;2.538833328794568e-05;2.4658608768152435e-05;2.373618743063605e-05;2.2844295832558185e-05;2.2171620710988232e-05;2.1668775738853697e-05;2.127162272043005e-05;2.1007231889212195e-05;2.1182065403235008e-05;2.1776831299061885e-05;2.248226502192549e-05;2.2818243333286928e-05;2.2200381061516344e-05;2.069259458690321e-05;1.895157088913809e-05;1.767183037179622e-05;1.711562626691667e-05;1.7245934740406383e-05;1.77710322382557e-05;1.825025694050941e-05;1.84340515705118e-05;1.825190500479816e-05;1.7909554640453917e-05;1.7502203943216064e-05;1.728456377931348e-05;1.73113765395502e-05;1.7534282551460465e-05;1.7538520636604528e-05;1.731187736093876e-05;1.6912572406834354e-05;1.668126205669126e-05;1.684049176673483e-05;1.7331369522618376e-05;1.7571747061552842e-05;1.7421553365329926e-05;1.68802829587383e-05;1.6417230031367583e-05
2054.9758293019404;2.5879791536462663e-08;5.3246857208996987e-08;7.210463371190074e-08;6.089481788175477e-08;4.1782586042554166e-08;3.892220275630337e-08;4.0906235068572864e-08;3.053486442637915e-08;1.4051881837440528e-08;4.493973060783612e-09;2.676875212722725e-09;2.504861160681463e-09;3.532293329496408e-09;4.764608930181214e-09;4.6830990766741004e-09;4.058757158130498e-09;6.151550297949931e-09;9.939315276136397e-09;9.298835046613077e-09;5.346691925973675e-09;5.4764812351260445e-09;1.033804803244458e-08;2.6862578724987052e-08;4.9688959229388585e-08;5.759095456234428e-08;4.322894803890947e-08;2.406003505864409e-08;1.6983291163676915e-08;1.8625887803499644e-08;1.6638510724179322e-08;9.80725703546227e-09;6.820360188283177e-09;1.1335065823812422e-08;3.2286351894556324e-08;6.125725363221996e-08;7.7893873555725e-08;9.859142695245826e-08;1.280397349127339e-07;1.486705806888545e-07;1.4459862952370354e-07;1.223017763148413e-07;1.015109677171305e-07;1.0253886436158273e-07;1.4030526280860524e-07;2.760902737093857e-07;6.66676148025372e-07;1.3691749853820732e-06;2.4890088034665374e-06;4.084512533014331e-06;6.360353278341275e-06;9.175456933567077e-06;1.1950010054802217e-05;1.4137857002581246e-05;1.5358627492058976e-05;1.587902886404546e-05;1.6406208502936696e-05;1.7777046365477324e-05;2.0179012213505975e-05;2.3056971298340732e-05;2.5346215415886217e-05;2.6128380479859585e-05;2.5384034802553732e-05;2.372654905363736e-05;2.2135433888479776e-05;2.0938176638441336e-05;2.0360198405928407e-05;2.017939906697825e-05;2.025376340537823e-05;2.063355090717381e-05;2.0766158794750543e-05;2.0762929534390478e-05;2.072804846560472e-05;2.0996162681602693e-05;2.131710394917624e-05;2.1469299384509487e-05;2.1172321469439623e-05;2.048069434641981e-05;1.961361765176402e-05;1.8955539082388887e-05;1.856212568720583e-05;1.8624718225186623e-05;1.8670265123851945e-05;1.860262293389545e-05;1.8414716445494145e-05;1.8135557726370507e-05;1.7782402999948798e-05;1.727252355313805e-05;1.671929162874023e-05;1.6194603178742892e-05;1.591840375834423e-05;1.5938731916239803e-05;1.6148218433429305e-05;1.648590280393912e-05;1.6931912443279645e-05;1.746838883726334e-05;1.800953385573077e-05;1.811548464281517e-05;1.7758422931036345e-05;1.704934210770774e-05;1.650457580859229e-05
2056.4094482388427;5.126125977324014e-08;1.0120216536445325e-07;1.2255408096771132e-07;9.086076639855197e-08;4.8596040777329316e-08;3.181283574936992e-08;3.6998351938740246e-08;4.807494507156403e-08;5.8445449433650415e-08;5.906352935496553e-08;4.653567831228389e-08;2.7736598892277146e-08;1.3218677150245426e-08;6.8458570106852905e-09;5.092144729849236e-09;3.351815806277476e-09;1.607661189202224e-09;6.711598885841871e-10;4.0494618086295356e-10;9.424652867944934e-10;4.7602908597312275e-09;1.771045734288947e-08;5.263881993151049e-08;1.0166648671560461e-07;1.247550166047907e-07;9.662026330394958e-08;5.150313387041384e-08;2.197537763287542e-08;9.160078672478866e-09;4.7560530825913695e-09;5.610268198273993e-09;1.7038286320526798e-08;5.106113287522799e-08;1.1538521164071235e-07;1.7038968750634881e-07;1.684165833877155e-07;1.2947496593614298e-07;9.356678292998005e-08;8.85198501331511e-08;7.550378848474177e-08;6.121636019803116e-08;5.295705755255804e-08;6.424585665672967e-08;1.1226153926710329e-07;2.3160814753822117e-07;5.234646134156581e-07;1.0526614832880543e-06;1.923872569297785e-06;3.28351415380217e-06;5.353070906658368e-06;8.0985409205368e-06;1.1047521306208438e-05;1.3538848345183e-05;1.520177813909095e-05;1.6099079766611474e-05;1.686351212914701e-05;1.8036800072606875e-05;1.991378427791309e-05;2.215686285856389e-05;2.4213901389680518e-05;2.476590848451333e-05;2.365724413241832e-05;2.196432411085014e-05;2.070901670304235e-05;2.021990989816236e-05;2.0617754309500816e-05;2.149632012896039e-05;2.215573589401513e-05;2.215195577160307e-05;2.157852751827757e-05;2.08318377974646e-05;2.0394200611019297e-05;2.0311669895285764e-05;2.0527438812657084e-05;2.07643348529797e-05;2.0816786335221636e-05;2.064209297356301e-05;2.022049919978569e-05;1.9576239122296505e-05;1.8944474797381028e-05;1.833200617872809e-05;1.7777099659984322e-05;1.7592246055434244e-05;1.7850886261607156e-05;1.8339944699086216e-05;1.8606090144243176e-05;1.8519205660528938e-05;1.802736561394912e-05;1.7380156339196925e-05;1.6924480496999447e-05;1.6844266383408302e-05;1.711849803165191e-05;1.756606100913471e-05;1.7965475101556487e-05;1.8206437916943076e-05;1.829025558197555e-05;1.81539444146809e-05;1.7777705467310606e-05;1.720784858697193e-05;1.676547389955161e-05
2057.842439096523;2.6126613012168332e-08;5.11181209644509e-08;6.21085353916447e-08;4.6141577083985896e-08;2.3804141796338437e-08;1.7002786649521217e-08;3.260447827689099e-08;7.052342058655703e-08;1.080275309373161e-07;1.249587199096312e-07;1.194491541773325e-07;1.022903064225128e-07;7.561239540875255e-08;4.524050194805855e-08;2.302453604518417e-08;1.0983386713019936e-08;5.383061638861626e-09;2.682976076584153e-09;1.504005417581129e-09;1.3666444954873655e-09;3.299505700603989e-09;1.0052756549277431e-08;2.9001750316990573e-08;6.034663724033076e-08;7.948301108130407e-08;6.707737567995617e-08;3.7585954313488245e-08;1.5195570534395662e-08;4.3987567379460565e-09;3.354458904623903e-09;8.810594860782663e-09;3.3040374623702795e-08;9.117508820274121e-08;1.743582924061201e-07;2.2117217587737826e-07;1.929881273814064e-07;1.1400663652728243e-07;5.093250727700014e-08;2.1258897303479023e-08;9.138831483895294e-09;5.1872301623022455e-09;4.6464284142114195e-09;1.3208626438437192e-08;4.5116281509870065e-08;1.6078800121067414e-07;4.889391579665865e-07;1.1287553613859644e-06;2.116780224344321e-06;3.470888815438401e-06;5.344077106348829e-06;7.674987156040075e-06;1.020710715565145e-05;1.273915542452396e-05;1.51024820531393e-05;1.717760709329356e-05;1.8965829449087023e-05;2.0397819919047057e-05;2.1541330519913348e-05;2.2500867321205407e-05;2.319505078023989e-05;2.3182746584147507e-05;2.247966418900701e-05;2.169679203578693e-05;2.115609914297247e-05;2.121294522883836e-05;2.1578788159996692e-05;2.2209857335024327e-05;2.2652139025313413e-05;2.231400768847067e-05;2.1480168326397398e-05;2.0670701605076767e-05;2.0214870129987106e-05;2.0408880746604017e-05;2.0954856112226503e-05;2.1438444181394567e-05;2.152892729577668e-05;2.1175518576378467e-05;2.053889090133279e-05;1.980148407270974e-05;1.910993933521508e-05;1.8476981157113516e-05;1.806276238948461e-05;1.8020012755060023e-05;1.8296042555163904e-05;1.8809003258186827e-05;1.9362509916061166e-05;1.960043426598776e-05;1.9530222614849827e-05;1.9206445683783192e-05;1.873979280379265e-05;1.823973019451595e-05;1.786196987783236e-05;1.7625501377228934e-05;1.7655174241289365e-05;1.7858392610167407e-05;1.803694917924673e-05;1.7878815479156296e-05;1.7238817118152373e-05;1.6359600710585364e-05;1.5705055108929e-05
2059.274801955049;2.0526455298435194e-09;2.852762984939289e-09;3.296022231383729e-09;2.592823829959114e-09;2.1275685081561496e-09;3.704991220654617e-09;1.767619991543027e-08;4.349221485471272e-08;7.544104871989396e-08;9.564710487961349e-08;1.1385635056076033e-07;1.3004358141205978e-07;1.1899190462033033e-07;7.84227421768751e-08;3.886762161334229e-08;1.7470072513630463e-08;9.602853764381262e-09;1.499690584960453e-08;3.5717241788138285e-08;5.852984394175408e-08;6.641381016571016e-08;5.6019661229577457e-08;3.8217077201654886e-08;2.5909303324474828e-08;2.0234356109015392e-08;1.6993535762756263e-08;1.0536364425953326e-08;4.390077958348429e-09;1.6771933798439375e-09;2.1860518215641044e-09;8.698473059044814e-09;3.051119485064675e-08;7.799922500808615e-08;1.3848488954124577e-07;1.6415176501106338e-07;1.3151733482160898e-07;7.475243816035814e-08;3.925792823219469e-08;2.342008678381195e-08;1.3500249340947876e-08;6.566823170507234e-09;3.5801387892929184e-09;6.007435958824583e-09;2.5100984870461636e-08;1.349669021857029e-07;5.588515568047781e-07;1.468748329279769e-06;2.810540895437159e-06;4.408002769520624e-06;6.1890824609789e-06;8.121529694221547e-06;1.014329674067315e-05;1.2414056790030838e-05;1.4963789283834422e-05;1.7615664489809815e-05;1.9873541465470464e-05;2.1559276963494397e-05;2.263485954776602e-05;2.3173136076670677e-05;2.3325022105741728e-05;2.3004078787410205e-05;2.237291819410068e-05;2.1639891611174307e-05;2.1083370957170324e-05;2.071499747095068e-05;2.058090164784952e-05;2.0400227782803346e-05;2.0121699029007915e-05;1.995331629082928e-05;1.9732832852581223e-05;1.9535874473552678e-05;1.9412962717854237e-05;1.963304206856306e-05;1.999860028445788e-05;2.0274904860315094e-05;2.0324933922429013e-05;2.0104532141858684e-05;1.9685864830363395e-05;1.9248209183380866e-05;1.8869417988787224e-05;1.880754693488336e-05;1.9029480218828367e-05;1.927319917789205e-05;1.9321481691778167e-05;1.9177948487452427e-05;1.899136244131717e-05;1.871173736501267e-05;1.8468336672770893e-05;1.833781495533344e-05;1.8065561424490584e-05;1.7605742867441645e-05;1.7076073884424184e-05;1.6687162404845687e-05;1.6609982669373752e-05;1.684329660926335e-05;1.712834117344551e-05;1.705985669305424e-05;1.6463257083758227e-05;1.5595084583462564e-05;1.49988789625156e-05
2060.7065368945114;9.195397539309007e-09;2.726768927038573e-08;4.7011363364591895e-08;6.340033498089882e-08;7.348773383721394e-08;7.538238783720413e-08;6.71026555093225e-08;5.39400202757674e-08;4.551530946913822e-08;4.2368643452284666e-08;4.75042531760738e-08;5.7463153710869015e-08;5.634673524828461e-08;3.8555639218595035e-08;1.9194440873832607e-08;8.656039552834397e-09;7.039103495507918e-09;2.4567881830079583e-08;6.907748142793726e-08;1.1552484574939189e-07;1.3029192074835913e-07;1.0892198536832735e-07;7.114227547136557e-08;3.62422804636346e-08;1.562855229294159e-08;1.0640546364440968e-08;2.4028078505229e-08;4.995132404088764e-08;6.517853563445274e-08;5.170461259433496e-08;2.92191663733803e-08;2.140338930685084e-08;3.3000592434313696e-08;5.199331689690333e-08;5.879764676088452e-08;4.466805276267237e-08;3.2102480432907435e-08;3.01070557662695e-08;2.778751114104567e-08;1.78915676597985e-08;7.510508498781673e-09;2.9590813675383467e-09;4.554982547743888e-09;2.2939599414833453e-08;1.3306965239086218e-07;5.816178048719686e-07;1.603698276989083e-06;3.134562725335232e-06;4.862145340548627e-06;6.561140099873169e-06;8.261533451385493e-06;1.008800571914926e-05;1.2189564754880392e-05;1.4461936623735252e-05;1.6568605782289106e-05;1.834354291540002e-05;1.97719855505177e-05;2.1005721367638288e-05;2.223375491996856e-05;2.309534234829066e-05;2.335292381637429e-05;2.313804112773941e-05;2.2407078598131263e-05;2.1300872861282408e-05;2.031566905895064e-05;1.973656823436052e-05;1.9392415159671503e-05;1.9203674436323167e-05;1.904856054357772e-05;1.8809510240538215e-05;1.8428013632890952e-05;1.810903706870075e-05;1.7881902637443384e-05;1.7923919801783747e-05;1.822611286695863e-05;1.8597915131458444e-05;1.880048163911285e-05;1.882705689537717e-05;1.862695882514081e-05;1.850929043525944e-05;1.862892862794605e-05;1.904329511555436e-05;1.959215401490072e-05;1.98987660456877e-05;1.960252318609997e-05;1.876527955233331e-05;1.7865344286717712e-05;1.7149283575155485e-05;1.6674938894989617e-05;1.6327133433921147e-05;1.614750202034504e-05;1.6203175583542247e-05;1.6436387656551543e-05;1.6748014024753753e-05;1.6994447646126537e-05;1.7094981187389874e-05;1.6997776978772018e-05;1.6731576760730788e-05;1.6385647079365926e-05;1.6134736433284974e-05
2062.1376439950477;1.7106797504239392e-08;4.7796396620181543e-08;8.800370385135998e-08;1.2598514084715357e-07;1.531176243667136e-07;1.597341511215607e-07;1.355025627297995e-07;9.067681088580045e-08;4.3224311931345495e-08;2.0000713781090383e-08;1.0282222078714236e-08;5.1017719489504055e-09;3.276964694893253e-09;2.144400559301705e-09;1.4134221522867246e-09;9.335451966288003e-10;2.2871238338694237e-09;1.256752586810312e-08;3.587273496402766e-08;5.916770041508133e-08;6.574038170514603e-08;5.446823669816215e-08;3.5502184345219324e-08;1.838723269700576e-08;9.339604026882878e-09;1.456516254431773e-08;4.186489209451213e-08;9.627059236665056e-08;1.2884039731805896e-07;1.0554012667407076e-07;6.25559208520455e-08;3.720190056576398e-08;2.2060933426969976e-08;1.1560421066501742e-08;7.260375807995363e-09;7.1548089088331455e-09;1.1225318306090008e-08;1.9067261273377397e-08;2.1029394491976908e-08;1.4460802233780196e-08;6.415976647256236e-09;2.525254957217551e-09;3.796815045222156e-09;2.2295799381675665e-08;1.2163877302761917e-07;4.803572434388623e-07;1.329592977983886e-06;2.703732600480059e-06;4.419916698078196e-06;6.2767948442006055e-06;8.22591678075758e-06;1.0179882812875532e-05;1.2132838105184938e-05;1.400347398074479e-05;1.5525551182849692e-05;1.6712465140268565e-05;1.7738659573665736e-05;1.8976554678340784e-05;2.058243397107634e-05;2.229322741748543e-05;2.368109467867524e-05;2.419106403166748e-05;2.3609854259470732e-05;2.209689726236727e-05;2.046121178419544e-05;1.922752505523933e-05;1.907461935175759e-05;1.968415231695384e-05;2.0271028872546067e-05;2.063478105040794e-05;2.0314792215275736e-05;1.960157824959673e-05;1.889076977316548e-05;1.8515008256205284e-05;1.845619553779112e-05;1.854157527992386e-05;1.8701292102316696e-05;1.8787060065436903e-05;1.8827644958580792e-05;1.903213167473251e-05;1.92461033876426e-05;1.9478215462674177e-05;1.9661521067858797e-05;1.970921897713696e-05;1.929799695772531e-05;1.8549233692892303e-05;1.781497280255886e-05;1.7160278262620294e-05;1.6628976184403593e-05;1.6270521081137903e-05;1.6185925497162863e-05;1.649770322202245e-05;1.700840271033317e-05;1.7556857350069237e-05;1.7783526430592984e-05;1.7645400274464054e-05;1.7351538352660906e-05;1.7046966582072586e-05;1.6785701489736612e-05;1.656434014593975e-05
2063.5681233368414;2.3868074981676004e-08;3.1470229497699666e-08;4.677435480269509e-08;6.994433154479268e-08;9.61489737443185e-08;1.1168930124980089e-07;9.665045548513225e-08;5.752576740496904e-08;2.3658111309202533e-08;7.23468281095182e-09;3.1437950950431722e-09;2.975251472157592e-09;4.938660726681132e-09;8.361275923096959e-09;1.0252736576039744e-08;7.371882340880388e-09;2.9970901509834446e-09;1.6382188314178212e-09;1.7911364489154355e-09;1.5768552121634543e-09;8.244284275539101e-10;2.9083107647363627e-10;6.230832788798286e-10;5.764049154512053e-09;1.704068713758502e-08;2.5624168322440974e-08;3.3982019821100586e-08;5.3374868519066804e-08;6.65925681823648e-08;5.980826815347494e-08;5.0205580600619944e-08;4.5602262753119424e-08;3.2433633856615983e-08;1.5666966361284625e-08;6.009980661075977e-09;5.656876508911294e-09;1.8042218730635133e-08;4.3429691836282177e-08;7.037196569586706e-08;8.594243812318059e-08;8.4504599298504e-08;6.890940077124632e-08;4.59834824576596e-08;3.1078154252598345e-08;9.406110463435253e-08;3.588250803252842e-07;1.042236530103485e-06;2.232655331459105e-06;3.876627273302734e-06;5.865881334497203e-06;7.985969471336952e-06;1.0078616576107664e-05;1.2000109420604056e-05;1.3745717868222804e-05;1.529588966748084e-05;1.659329647849072e-05;1.763852673962026e-05;1.863235836925985e-05;1.978870835630592e-05;2.1126566471253332e-05;2.2619753618074983e-05;2.359185713293424e-05;2.378245338050768e-05;2.2973946599988788e-05;2.1517481103642707e-05;2.0260246181572543e-05;2.0059363406803943e-05;2.081960735988098e-05;2.1923002326804256e-05;2.265568104216321e-05;2.2710937523614685e-05;2.219301239474204e-05;2.145565261043256e-05;2.0857903611003765e-05;2.0415489759336975e-05;1.971330258350988e-05;1.9011111245651137e-05;1.8558621485585e-05;1.8549353732739885e-05;1.893304777416917e-05;1.9425926459605336e-05;1.9685247604080436e-05;1.945047857736509e-05;1.886665275650154e-05;1.8134477458459437e-05;1.753188985184744e-05;1.719818129785173e-05;1.6958215642304512e-05;1.6757866136411395e-05;1.666223726443088e-05;1.6687038442392598e-05;1.685540978747615e-05;1.713330714156696e-05;1.724714842775832e-05;1.71057894008467e-05;1.6811033642909034e-05;1.6502051737931223e-05;1.6226764367388527e-05;1.595812260729458e-05;1.5752448967851016e-05
2064.9979750001003;2.8656229860223764e-08;1.4571461340330104e-08;6.152369216903644e-09;1.1971368043657357e-08;4.247532189079524e-08;1.1148714726326996e-07;2.0381337048403718e-07;2.45472349217409e-07;1.983979746220118e-07;1.0807482281308073e-07;4.486677221672912e-08;1.9935212370618106e-08;1.7293226129965308e-08;2.579201697289492e-08;3.0026367509274094e-08;2.1151543140612832e-08;8.914438187501578e-09;4.863168143888216e-09;1.18927082747722e-08;3.656964530561004e-08;5.011026603909658e-08;5.094371694644505e-08;4.1140704811515224e-08;3.425060508582746e-08;3.855599581195884e-08;3.831092767680777e-08;2.4158455762841862e-08;8.973423030510032e-09;3.857443378700257e-09;7.525150285971357e-09;1.7309224941635193e-08;2.44653413616422e-08;2.1304354274998498e-08;1.2182607533829644e-08;4.865634440331457e-09;5.584913208936877e-09;2.8514471202489785e-08;8.031595559645838e-08;1.4016643552540718e-07;1.7559452951760518e-07;1.6849259862828054e-07;1.3690767094991594e-07;9.031782335303181e-08;6.895293390278479e-08;2.057795766012769e-07;6.310407770304786e-07;1.4341350832727711e-06;2.586363222059024e-06;4.049557853798721e-06;5.76929908268492e-06;7.659887015821007e-06;9.680140101398714e-06;1.1733878608756597e-05;1.377631158076836e-05;1.5820632907194435e-05;1.7538989564049274e-05;1.8789936088557003e-05;1.9615440916992557e-05;2.0259030693826228e-05;2.096644882790102e-05;2.1828429521651013e-05;2.276396494241138e-05;2.348725881710795e-05;2.3793509234140425e-05;2.349373325308985e-05;2.3053067330908845e-05;2.2713497954178065e-05;2.266372324265505e-05;2.2746977712112933e-05;2.285464594165545e-05;2.284467017012967e-05;2.262650020220432e-05;2.232460468185032e-05;2.1946025842408145e-05;2.141682249449373e-05;2.061423851124218e-05;1.9532060906017448e-05;1.8589588367863183e-05;1.819768381718304e-05;1.8296261408267163e-05;1.8648569933459637e-05;1.887622422355315e-05;1.866470459160221e-05;1.7973316342311584e-05;1.721767874151195e-05;1.6577733193280768e-05;1.6170920839976847e-05;1.5998030722871975e-05;1.5930800279429996e-05;1.6095956529935504e-05;1.6477712979481842e-05;1.686389539759818e-05;1.7119695315695625e-05;1.700853425104073e-05;1.6645305334029037e-05;1.6243803921087273e-05;1.5946804982915513e-05;1.5764375309456073e-05;1.566596254601926e-05;1.559230583410256e-05
2066.427199065085;2.2770931721130523e-08;1.0996879759296104e-08;5.8391996289187174e-09;1.3793121015974638e-08;5.3937262623866486e-08;1.7325006508218117e-07;3.675400640379518e-07;4.825350328866297e-07;3.996766456234912e-07;2.1875137445703458e-07;9.15610993320706e-08;5.275903215567063e-08;6.565084205964163e-08;8.339817892089225e-08;7.194546148880395e-08;4.4562602523987385e-08;2.2233633592785822e-08;1.6887047726679782e-08;3.7527455957038015e-08;7.397846382040116e-08;1.0428107142991385e-07;1.1130545639940417e-07;9.110128571103085e-08;5.829931451570256e-08;3.6864943310008465e-08;2.577857690829992e-08;1.2954713703393789e-08;4.747022671568201e-09;2.7741730215148042e-09;4.51173168309586e-09;8.343398730884196e-09;1.0496598536712452e-08;9.043404348749904e-09;5.8131203310261055e-09;2.66221007511029e-09;2.9434692058038997e-09;1.709044586740435e-08;5.3831948785817954e-08;9.685689721403025e-08;1.1529753472018845e-07;1.0180466719463594e-07;8.161980872258761e-08;9.460122083637597e-08;2.223359831654198e-07;5.891339859008254e-07;1.281736491482188e-06;2.1778463338609725e-06;3.1696093704014767e-06;4.300578893035177e-06;5.681652611744388e-06;7.335483297756237e-06;9.274322055846516e-06;1.1436093998670672e-05;1.365173520257599e-05;1.5725388688969607e-05;1.7388710077991574e-05;1.859859112463297e-05;1.9554978625063025e-05;2.037925067465395e-05;2.134711354333137e-05;2.2269710278438942e-05;2.2958066116005248e-05;2.332451160630912e-05;2.358688734642346e-05;2.361666131148689e-05;2.3484862952442944e-05;2.317840032561357e-05;2.2774269003168457e-05;2.2599974871303547e-05;2.2716154172234584e-05;2.310689750519754e-05;2.341591247467334e-05;2.3278807821586326e-05;2.2547827951371243e-05;2.1435353351486936e-05;2.044962830801625e-05;1.9663202944729948e-05;1.904083545833399e-05;1.867062172132993e-05;1.8421590370629525e-05;1.827308994096332e-05;1.7997032371322464e-05;1.7655636126896956e-05;1.7207612981649573e-05;1.6789867229356427e-05;1.642760265386628e-05;1.6029966942488865e-05;1.5681015161346768e-05;1.5452045106818895e-05;1.5593970007678138e-05;1.5985255907752075e-05;1.6462889172547135e-05;1.6760192088299194e-05;1.680669031921748e-05;1.6622866149194174e-05;1.6289144445664393e-05;1.5930697325908705e-05;1.563653589155968e-05;1.543690111936306e-05;1.5330656471744343e-05
2067.855795612086;8.587162453928846e-08;6.372092595584923e-08;3.7015749444956176e-08;2.3049753726274966e-08;3.693983934111883e-08;9.84948008309553e-08;2.0581645930370765e-07;2.719917616773287e-07;2.272075781475484e-07;1.2670711574540465e-07;6.083189059840654e-08;6.236638111153748e-08;1.0437338135165877e-07;1.3310753610112598e-07;1.2802856344103136e-07;1.2469269187536398e-07;1.333503998280547e-07;1.2491149350659356e-07;1.009187880771217e-07;7.538017917351919e-08;7.98990717920361e-08;8.034188985578837e-08;6.755841144521322e-08;4.2623766268140214e-08;2.01971918656414e-08;8.8728018394649e-09;4.653845925804197e-09;2.3343658633882114e-09;1.900953078523241e-09;4.727690278558053e-09;1.226236665185228e-08;1.803790837473702e-08;1.577601741912872e-08;8.301398477078571e-09;2.848623297735503e-09;9.657627383713256e-10;2.7838450356049523e-09;1.045231889051716e-08;2.218932807486556e-08;3.5675325226071335e-08;5.656564175048087e-08;9.854381522358525e-08;1.9420346349187399e-07;4.035157224640397e-07;8.080064328928864e-07;1.464811423262545e-06;2.2618484449984567e-06;3.141951729277998e-06;4.235694343749824e-06;5.640977539713525e-06;7.344753007631279e-06;9.346729245009426e-06;1.1480484535822728e-05;1.3476776471506432e-05;1.505410728756251e-05;1.6214523930437918e-05;1.7018204136511367e-05;1.7765271028062437e-05;1.875013718640952e-05;2.0075079157864694e-05;2.1471684613759216e-05;2.247431147293808e-05;2.285367232392589e-05;2.275169851811372e-05;2.238918733844129e-05;2.1894518339479626e-05;2.1350429293315557e-05;2.082332574196048e-05;2.103239308783229e-05;2.172041223845522e-05;2.283666348377451e-05;2.3727700163385716e-05;2.3812566863032373e-05;2.2843278083047703e-05;2.1368348402303663e-05;2.02566959487636e-05;1.971758934773793e-05;1.9620174802322e-05;1.9555548271057256e-05;1.92271314103374e-05;1.87881834085968e-05;1.8227305138787068e-05;1.7891650764675392e-05;1.7801941970275904e-05;1.7874944213040375e-05;1.7859082675604033e-05;1.7544443192461422e-05;1.698473538432332e-05;1.6372087755114626e-05;1.59082751405346e-05;1.5747531587249327e-05;1.5923660648944462e-05;1.622551491569783e-05;1.6435959338881786e-05;1.6451837447543578e-05;1.6285259426424252e-05;1.5924623073420012e-05;1.548910501206295e-05;1.5093471835743685e-05;1.4869205670599632e-05
2069.283764721429;1.5003337957163212e-07;1.1473310376386241e-07;6.734855608314023e-08;3.0922461111141054e-08;1.4354165680532636e-08;1.1797023950646011e-08;1.858549898525821e-08;2.563740384327733e-08;2.776323405093525e-08;2.761635861315436e-08;3.6297118106319286e-08;6.935240676535001e-08;1.0954556492227961e-07;1.2771346995481064e-07;1.3637614512464164e-07;1.7518190153967995e-07;2.274562273403404e-07;2.209668392855545e-07;1.4879521339630325e-07;7.508719678773143e-08;3.90003003730884e-08;2.7379155643976025e-08;2.1816332547829833e-08;1.668947618555877e-08;1.1112383654004697e-08;7.848586904238666e-09;4.8433330227463015e-09;5.099119618495411e-09;1.2924060844120644e-08;1.8372922446206263e-08;2.3911699669218407e-08;2.7972448599597065e-08;2.4652691545059216e-08;1.3424358815596011e-08;4.708862645922375e-09;1.697936141145385e-09;1.431451179161584e-09;3.4775753464015754e-09;1.275487151750434e-08;3.8635233076811244e-08;9.094550084403065e-08;1.7225532505514517e-07;2.769069707771796e-07;4.3810953398689137e-07;7.447532867316406e-07;1.2611786813719323e-06;1.968803749692838e-06;2.892980563050268e-06;4.2577535723984365e-06;6.182120634869394e-06;8.567483619642913e-06;1.1052230838204522e-05;1.3264963028615165e-05;1.5042560080883104e-05;1.6290546384987752e-05;1.697900684666754e-05;1.7306548829876084e-05;1.748344521682657e-05;1.7899505443502203e-05;1.8907425863672696e-05;2.0331869082502523e-05;2.1695629531470395e-05;2.2545383121935376e-05;2.270612466123213e-05;2.2367613906873963e-05;2.166471782760705e-05;2.086380354775648e-05;2.0123537706190293e-05;1.9694936010410735e-05;1.9817303861371378e-05;2.031224445680145e-05;2.102569102788836e-05;2.1435727223129027e-05;2.133933373005801e-05;2.087639475964013e-05;2.047232164353409e-05;2.024566277773006e-05;2.019108107430819e-05;2.0168938997101293e-05;2.0005166913635744e-05;1.969323285514261e-05;1.9446359091608512e-05;1.9311417978793797e-05;1.9284421238051056e-05;1.926216413177161e-05;1.9085610120185488e-05;1.862399264079212e-05;1.791177607881124e-05;1.723636865930341e-05;1.6598577406457492e-05;1.62310990520152e-05;1.6155525249551268e-05;1.6326592827728946e-05;1.6650572196915397e-05;1.6964524321585266e-05;1.7074285469434786e-05;1.6935198586977174e-05;1.6606132270049253e-05;1.6179005109758735e-05;1.58998558109746e-05
2070.711106473489;7.265140156120503e-08;5.6278322251150834e-08;3.42372994284288e-08;1.6604448854616292e-08;4.9471833437265085e-09;1.8681021798166517e-09;5.081868537691438e-09;1.8211745921317104e-08;3.8354155019324574e-08;4.634194347813185e-08;5.3716668114304427e-08;8.397505150478683e-08;1.133418188118808e-07;1.1050595983446207e-07;9.190907689808221e-08;9.830239704381753e-08;1.2089565617100197e-07;1.1495925211577817e-07;7.6510783827137e-08;3.9459217159625816e-08;1.6187674801925492e-08;1.1031470184744651e-08;7.351495392450619e-09;4.790094386159425e-09;5.063298001966782e-09;8.220351262789581e-09;1.4100767887022124e-08;2.4042372757062263e-08;3.272587768297686e-08;3.2256576899891164e-08;2.566148488584337e-08;1.9179339731174905e-08;1.412853096502135e-08;7.690744077176832e-09;2.9351785609475958e-09;2.3439509039151412e-09;5.2450659245877074e-09;1.4310848401500838e-08;2.8859590629381042e-08;4.201367692346236e-08;6.030341601941387e-08;9.968529541565857e-08;1.8630850744147777e-07;3.792366422173361e-07;7.065158595520572e-07;1.2044681406824942e-06;1.8811423585593344e-06;2.864639751617258e-06;4.482432581260149e-06;6.925525490465538e-06;9.859085462232933e-06;1.2696783713815815e-05;1.4952714246860978e-05;1.6545336379357066e-05;1.77041695573605e-05;1.847094049065904e-05;1.8892017550373377e-05;1.923939440049177e-05;1.9672871269811676e-05;2.0447675599131956e-05;2.1481930019679517e-05;2.2484834254632976e-05;2.3063612040107613e-05;2.2923157140595543e-05;2.2195567273351702e-05;2.1311312818945904e-05;2.0715740375314927e-05;2.0523735276178064e-05;2.0182982830005244e-05;1.9900914323264787e-05;1.958158272823007e-05;1.9306345286307736e-05;1.9127452044528805e-05;1.896940385057614e-05;1.8902208406719165e-05;1.875903587600616e-05;1.8694448462095124e-05;1.8826430843471216e-05;1.917089070636978e-05;1.9636849244759124e-05;2.0059249701821624e-05;2.028977214180003e-05;2.031993965295021e-05;2.001859724418289e-05;1.953171027772476e-05;1.8948249407736887e-05;1.833483819155414e-05;1.769380447875863e-05;1.7122530971877567e-05;1.6745698132072585e-05;1.65393663345719e-05;1.6411627407048592e-05;1.6444377156097037e-05;1.669072229292495e-05;1.707917765002e-05;1.7406589608162162e-05;1.753563320793414e-05;1.743888282689359e-05;1.724135405334146e-05;1.7058291218243078e-05
2072.137820948672;4.451393375828743e-11;2.5326824466831943e-10;2.600196446263917e-09;1.2824406401449048e-08;2.7434957638601932e-08;2.9745019563059304e-08;2.3369502128887912e-08;3.5354141951234526e-08;6.278186351327546e-08;6.800204619444905e-08;5.3859272782070636e-08;5.5893587803764825e-08;9.608691355518493e-08;1.505432790876061e-07;1.598528908399405e-07;1.0892059004423098e-07;5.13033478845538e-08;2.1152631844522053e-08;9.410168300850284e-09;4.706057935001147e-09;4.839214757806062e-09;8.076094559004817e-09;1.5923602135839894e-08;3.902148906576115e-08;6.219073289037681e-08;7.058448831084255e-08;6.407376143364667e-08;5.1184352963548473e-08;3.5883908910879785e-08;2.5638196819626204e-08;1.978538464885429e-08;1.5534936214140622e-08;8.974332383942446e-09;3.6747674209417912e-09;1.1785684128227587e-09;3.276073197728881e-09;1.411138012460086e-08;3.0630422601014715e-08;3.7771935611092765e-08;2.861468767545859e-08;1.4524024273094673e-08;2.2717587597095543e-08;1.0612227196147633e-07;3.182942403679572e-07;6.767018783535439e-07;1.163525200617246e-06;1.7870051693972178e-06;2.703181578026913e-06;4.203706059032409e-06;6.285227781797787e-06;8.73742323656056e-06;1.1303060332923368e-05;1.378523711010093e-05;1.61368901862962e-05;1.7917744870518274e-05;1.936677737877621e-05;2.0165049646432067e-05;2.070439686029689e-05;2.1251296772971957e-05;2.207111847378457e-05;2.2972626857229017e-05;2.364782331796721e-05;2.374512058263713e-05;2.3053939066242557e-05;2.17301222709783e-05;2.057572575435697e-05;2.0100571754473767e-05;2.034317535514469e-05;2.0840265850021187e-05;2.10759732647306e-05;2.0828109696513484e-05;2.009267242650572e-05;1.913817618900062e-05;1.8233406844513e-05;1.750007011367852e-05;1.7010320328182228e-05;1.683936282093184e-05;1.7108183798675857e-05;1.783384508439085e-05;1.8772085236811068e-05;1.9602005807620098e-05;2.0077078348356416e-05;2.013796099603716e-05;1.9893128019750007e-05;1.9428549594826373e-05;1.8722490495236253e-05;1.7866776623533096e-05;1.7035768495436838e-05;1.6377139918431607e-05;1.5975648450180442e-05;1.5783847911646936e-05;1.586318730567168e-05;1.598893165374985e-05;1.6281891624651504e-05;1.6679038047720933e-05;1.7111736722503064e-05;1.7297009929811734e-05;1.7190550773880608e-05;1.7001026435674432e-05;1.6863489034450458e-05
2073.563908227414;9.62934865143374e-10;7.691679418224816e-10;3.849897985911392e-09;2.370575164379616e-08;5.3934478002888665e-08;5.9181598751052214e-08;3.835200242310167e-08;3.114941419201652e-08;5.2088232481315836e-08;7.590734844311798e-08;7.994669575093274e-08;6.872003289182342e-08;1.0723669061388961e-07;2.0647367267090955e-07;2.5710818983552934e-07;1.821010707371295e-07;7.930912550958962e-08;2.93431407033748e-08;1.3886320184517337e-08;6.856981802284152e-09;5.104767923466113e-09;1.1423029491769413e-08;3.861271487459431e-08;8.297525377083805e-08;1.2182858853281174e-07;1.299403954364776e-07;9.795006329444937e-08;5.2542817465260945e-08;2.3054054228107964e-08;1.5134111107815622e-08;1.9116689256074695e-08;2.262475345808344e-08;1.8600933709048644e-08;2.351024087142551e-08;5.917311921721935e-08;1.1113164518343393e-07;1.295899666334542e-07;9.911559509832685e-08;5.335793237071337e-08;2.123352860459408e-08;1.1713374771170354e-08;4.1158860421113984e-08;1.845071585044717e-07;4.518914647736257e-07;9.070271434970956e-07;1.510151062193369e-06;2.168550682721282e-06;2.912569126685121e-06;3.833658749537667e-06;5.055464096714219e-06;6.731937660301195e-06;9.195806533992964e-06;1.232866682736969e-05;1.5587419062338492e-05;1.8381178536180115e-05;2.014285126516405e-05;2.0830692135386983e-05;2.0996851805476357e-05;2.133352628867685e-05;2.2028232302120848e-05;2.296914841681761e-05;2.376288260024359e-05;2.391749196859668e-05;2.3254638682804883e-05;2.2101936572794942e-05;2.106415448673326e-05;2.05757767976105e-05;2.0709003275057195e-05;2.1179941516356546e-05;2.135197641047231e-05;2.1212152718602338e-05;2.0744195608020887e-05;1.9952066314259383e-05;1.9242337583859124e-05;1.860199418900006e-05;1.802639741306204e-05;1.7700842185322454e-05;1.792317322202305e-05;1.8658207269024748e-05;1.9314335929500727e-05;1.970427863674371e-05;1.9688591306098695e-05;1.9256325112654483e-05;1.85271589776358e-05;1.7943884043010435e-05;1.733742629203465e-05;1.6684460669392452e-05;1.6119932187452693e-05;1.5822377129130146e-05;1.5760967985180836e-05;1.5827783246083804e-05;1.5941907648932025e-05;1.609723599151974e-05;1.6363747906565952e-05;1.6732232065179602e-05;1.7144510960183632e-05;1.73468386590532e-05;1.720529767163861e-05;1.6875941683633547e-05;1.666944250185693e-05
2074.9893683902155;2.1628129891610724e-09;2.2954996582515076e-09;3.341150044586741e-09;1.2473346207892148e-08;2.7161057918124584e-08;2.981234124880912e-08;1.9728583167485e-08;2.2960926151006555e-08;6.056548200213255e-08;1.250287571260682e-07;1.7162615740259954e-07;1.632820864524367e-07;1.3632264451154776e-07;1.4725383862160926e-07;1.4398275032591278e-07;9.610091030860254e-08;4.1313983446217095e-08;1.575313592831289e-08;9.697044480399661e-09;1.1632092961773497e-08;2.3222035663722897e-08;4.967046565387589e-08;8.57671465564978e-08;9.567427464449289e-08;9.25083677839131e-08;7.614854372944038e-08;5.654170238779284e-08;3.648018434322948e-08;2.075892016321523e-08;1.3039250298936e-08;1.2045581158411665e-08;1.2833806774300566e-08;1.562238430980583e-08;3.8989144803866393e-08;1.1789780281069378e-07;2.3653008076418573e-07;2.867827397117265e-07;2.2410418433359242e-07;1.279986018248831e-07;6.634048340498694e-08;4.288051541612546e-08;8.829387584949619e-08;2.577617017246842e-07;5.773843659246449e-07;1.0868121270657236e-06;1.7716269366595488e-06;2.518566107461917e-06;3.2793698143388973e-06;4.075540912989919e-06;5.261376594596859e-06;7.011274534587237e-06;9.419484446858213e-06;1.231194020871767e-05;1.5124298741526011e-05;1.749512906100477e-05;1.8924633586832952e-05;1.977533302854624e-05;2.046673125046823e-05;2.1344168557778355e-05;2.2374784241174997e-05;2.3274901282519253e-05;2.3881578369324835e-05;2.389064681818383e-05;2.32972132465822e-05;2.2407218306297136e-05;2.1569732650794182e-05;2.1182917156883333e-05;2.129506623676672e-05;2.156516812292336e-05;2.167948084257706e-05;2.148106130060385e-05;2.0986991831500107e-05;2.030661475602365e-05;1.969120230620146e-05;1.9230408964978097e-05;1.897864126071353e-05;1.893717765773932e-05;1.923587638774328e-05;1.9712123632777383e-05;2.008488513508377e-05;1.9991987754181957e-05;1.9284871412397536e-05;1.821709293659167e-05;1.7196315111420487e-05;1.6543475276586032e-05;1.626151320518095e-05;1.6298322193587967e-05;1.641841235400637e-05;1.6475141604816225e-05;1.643817668081222e-05;1.644712603709356e-05;1.6048149483812453e-05;1.5860566284954164e-05;1.603272661468991e-05;1.648293537625793e-05;1.7057426864312072e-05;1.737625376835025e-05;1.7290113961081097e-05;1.6936128999396294e-05;1.663708253666376e-05
2076.4142015175785;1.7240853890620092e-09;3.5838503286316772e-09;9.885187910771097e-09;3.622343372031656e-08;7.006033268118144e-08;9.205919308205403e-08;7.965456521955555e-08;5.4485283302893584e-08;7.745823437076017e-08;1.3358097572601986e-07;1.7634721838904078e-07;1.6656173393283033e-07;1.175729511227625e-07;9.02692282646316e-08;9.67629734031583e-08;1.1331954678743133e-07;1.1215398989759737e-07;8.282700097604335e-08;4.1185709979769315e-08;2.7346190571141253e-08;4.253979443433879e-08;8.661378157961752e-08;1.2175773593651466e-07;1.0149271407988833e-07;4.950515133638937e-08;1.7525016937701155e-08;1.5548000540559117e-08;2.520487559012312e-08;2.54981873419765e-08;1.3927719848981056e-08;4.370912783110562e-09;2.098507847565134e-09;6.160823308313051e-09;2.578023966438361e-08;7.721659645654382e-08;1.6034076129037708e-07;2.223588626694971e-07;2.135051628616254e-07;1.6023089571986436e-07;1.1382701779955185e-07;9.278221492280765e-08;1.350851355344262e-07;2.3970958477408323e-07;4.2039507984731593e-07;8.318943392081636e-07;1.4846519924301285e-06;2.293990984878896e-06;3.2388935183890884e-06;4.496296702362683e-06;6.158334375451401e-06;8.189662480598136e-06;1.0254395246268737e-05;1.2312732823383253e-05;1.4215283040236206e-05;1.5741432334487536e-05;1.7088493682591602e-05;1.8464489989785062e-05;1.988707104308948e-05;2.135623792091475e-05;2.2629168240633843e-05;2.345329745628235e-05;2.3843200051586613e-05;2.3775974958665703e-05;2.3185262733241212e-05;2.226407903270714e-05;2.141934153227324e-05;2.095455179345794e-05;2.090156572510608e-05;2.0998340088347205e-05;2.091454895148475e-05;2.043145744762177e-05;1.9677615023309e-05;1.8989528160009208e-05;1.8564609821192967e-05;1.8580379990041208e-05;1.905702923505774e-05;1.9633087422701717e-05;1.9862764242983917e-05;1.9604473322108928e-05;1.9031892842296408e-05;1.8233617111207268e-05;1.748524708400427e-05;1.6918491530086127e-05;1.6945707549729907e-05;1.711461462930232e-05;1.740809942409584e-05;1.7679607048944757e-05;1.777465481660946e-05;1.749785222901989e-05;1.6688543921966966e-05;1.5559920114610295e-05;1.4556293592643145e-05;1.42328690661936e-05;1.4799544990478553e-05;1.582828820170523e-05;1.6832582213163793e-05;1.7348524901188708e-05;1.7193416075624786e-05;1.6673355972942435e-05;1.6257202755396986e-05
2077.83840769008;9.50366931408361e-10;5.7205381653436854e-09;2.5562285853439682e-08;7.135333447864896e-08;1.3976776495867218e-07;1.838984435716497e-07;1.562248875878543e-07;8.948041133236772e-08;5.2288550147493246e-08;5.482941270469703e-08;6.452489172954395e-08;6.120592902005829e-08;6.170475762152535e-08;1.193920001794656e-07;2.367260577132939e-07;3.2233932287239024e-07;3.049202191792381e-07;2.021492684668704e-07;9.518117446239033e-08;4.252196852727303e-08;4.0092907510425985e-08;6.054722854885489e-08;7.393973952923319e-08;5.749758353185496e-08;2.037157593838628e-08;6.350628855026982e-09;5.076817671987438e-09;1.0366133138509052e-08;1.2711039303619969e-08;7.015685261736125e-09;2.7069686692913927e-09;6.2661969584009484e-09;1.630392308305556e-08;2.8514952488026813e-08;3.57236115653562e-08;4.3902454095328176e-08;5.976420618505478e-08;7.136332406376833e-08;7.454820666989274e-08;8.756756396785323e-08;1.2656860982164362e-07;1.8582838690475534e-07;2.3079265988265659e-07;3.036583886696096e-07;6.161744038097062e-07;1.325538689725435e-06;2.400310616411377e-06;3.653137757794328e-06;5.184730969769273e-06;6.881146704959872e-06;8.660088999109564e-06;1.0543251807812664e-05;1.2498061222668997e-05;1.4343297900820672e-05;1.618198188457629e-05;1.7782079537819866e-05;1.9121089474766865e-05;2.025089278801069e-05;2.1368115532580454e-05;2.233531328078051e-05;2.310252230612746e-05;2.345224079883346e-05;2.340947780418825e-05;2.2876649877527263e-05;2.2075154363683197e-05;2.1285830884439705e-05;2.0672309272743457e-05;2.01982256816562e-05;1.9768778117566306e-05;1.9280297031765048e-05;1.870670627287109e-05;1.8185210417946423e-05;1.7928220338573025e-05;1.817222888162372e-05;1.8941913683424527e-05;1.996733330613752e-05;2.0762451816158965e-05;2.0819248295725423e-05;2.0015882947969462e-05;1.8656982338581538e-05;1.7297338727966026e-05;1.654280996048803e-05;1.659833756710981e-05;1.7221836313149338e-05;1.7925854594473592e-05;1.843392436453885e-05;1.8555397741036417e-05;1.8424313258461216e-05;1.802339787504974e-05;1.720853668864785e-05;1.5941925915942224e-05;1.4879364363195544e-05;1.4338346029688615e-05;1.4593959484190303e-05;1.5482721064878608e-05;1.657942261566652e-05;1.7436036732774395e-05;1.7666304298307916e-05;1.7426582856918626e-05;1.713174511691919e-05
2079.261986988302;6.383645221696106e-08;6.050733056122139e-08;5.577181473643906e-08;5.867362476416225e-08;8.156625678510685e-08;1.0718155332520163e-07;1.175401602343749e-07;1.0260776106761169e-07;7.596609832099685e-08;4.86557833894411e-08;2.5939037168553525e-08;2.0312868841180693e-08;5.439009605894488e-08;1.923136991655528e-07;4.0880496910208873e-07;5.186915600396266e-07;4.189818289763192e-07;2.3195201449757617e-07;1.0193886668681293e-07;4.5331132737163576e-08;4.62798060315394e-08;6.409912155219568e-08;7.41568474468324e-08;6.912433057025111e-08;5.427940525805804e-08;4.25623548283402e-08;6.535484947406429e-08;1.1972041456180994e-07;1.3659350538330993e-07;9.024446703955077e-08;3.656188982245156e-08;2.068798423673811e-08;3.1753208317673764e-08;4.058627141105211e-08;3.0938273362566206e-08;1.5683779476617524e-08;6.457490952647905e-09;3.523018277545276e-09;1.763779780203406e-08;8.974104265989297e-08;2.15071448386523e-07;3.064862922334826e-07;3.007721228608886e-07;3.238783475256007e-07;5.866678162402596e-07;1.3331685187342123e-06;2.634176679109557e-06;4.316720050855647e-06;6.104823398205377e-06;7.804571066436657e-06;9.414908245600424e-06;1.118005417303591e-05;1.320363258536686e-05;1.541704216381353e-05;1.7579404738511453e-05;1.9379770245658523e-05;2.0591278633255635e-05;2.11752711756004e-05;2.167028874525128e-05;2.2359321312748944e-05;2.306195054192885e-05;2.3520872692267096e-05;2.37017448406816e-05;2.3270989644502092e-05;2.242236349511475e-05;2.130829122165253e-05;2.032595615134205e-05;1.9450607348699618e-05;1.874362548533662e-05;1.821452761034497e-05;1.7979217557642595e-05;1.818307602222169e-05;1.8730244551340507e-05;1.951952125793989e-05;2.020360156946029e-05;2.0610939148772927e-05;2.0511883777393116e-05;2.0171678439048485e-05;1.963307728756733e-05;1.9176574862300575e-05;1.877699805569281e-05;1.8482098704941105e-05;1.8286045721979436e-05;1.814516864634147e-05;1.8090587738910778e-05;1.7971171115570967e-05;1.803499590297744e-05;1.815478230999836e-05;1.817667506790669e-05;1.7891742071535454e-05;1.723727063772945e-05;1.623124245790537e-05;1.5222320113327772e-05;1.4783829650449136e-05;1.5183186408050185e-05;1.6246108779591454e-05;1.7456785102327354e-05;1.820091342272558e-05;1.8360535597587068e-05;1.8255432708145252e-05
2080.684939492883;1.722937037922781e-07;1.7277382630146158e-07;1.198824883818435e-07;5.7485619493225026e-08;2.4162893507122373e-08;2.508153889263633e-08;6.655550403516161e-08;1.342241740146953e-07;1.704317797703606e-07;1.4290416932522285e-07;8.617865303215622e-08;5.49144390966382e-08;8.820619025139705e-08;2.427962859944223e-07;4.851473042793004e-07;5.636556066572365e-07;3.9442221381769044e-07;1.7008931477002e-07;6.323359959068819e-08;3.837130525524639e-08;5.6611092219620846e-08;1.0930243969692375e-07;1.632862526723048e-07;1.7533932267535957e-07;1.398178356525448e-07;1.0021862321097389e-07;1.3399002854218277e-07;2.402176417535872e-07;2.733412353459811e-07;1.8055462102270521e-07;7.078134106412452e-08;2.93375272186246e-08;2.5967982946717587e-08;2.3754599270766348e-08;1.6655836347278133e-08;8.628768657585144e-09;4.979661345940904e-09;2.9151316887296987e-09;2.2644409028734093e-08;1.224343300889594e-07;2.9299766195987084e-07;4.004023349315133e-07;3.812078847413595e-07;3.8362610329111707e-07;6.356378389537963e-07;1.2940703435582978e-06;2.5142338863452632e-06;4.20004989771275e-06;5.923734409210099e-06;7.609654816917609e-06;9.236399814678788e-06;1.0969082239384478e-05;1.3004025031765583e-05;1.5332023558586192e-05;1.7694429045928475e-05;1.968963719762195e-05;2.0892287950538165e-05;2.132076765917175e-05;2.1473750856621276e-05;2.190738535009092e-05;2.289714539827404e-05;2.4066397744540343e-05;2.508874063253223e-05;2.5267895282209744e-05;2.4372711057515937e-05;2.2733756815356587e-05;2.094278246888128e-05;1.935457149577689e-05;1.837971964322976e-05;1.7868888774483215e-05;1.7814221163396627e-05;1.833667666496405e-05;1.9334320054303604e-05;2.0198343430233205e-05;2.041490460310016e-05;1.994283409394124e-05;1.9206578761042603e-05;1.872952810042057e-05;1.871823261863073e-05;1.9151456950607263e-05;1.974683985677054e-05;1.999977631446805e-05;1.970131454618789e-05;1.8970292319488253e-05;1.8137915980461347e-05;1.762193979199526e-05;1.75851189530947e-05;1.782657525237915e-05;1.7977577738755925e-05;1.7830421414434324e-05;1.716363538333104e-05;1.610228690114208e-05;1.5038581648710467e-05;1.449796939276768e-05;1.46666211685329e-05;1.533031925571753e-05;1.618399335234499e-05;1.6791323873426486e-05;1.7029070171904267e-05;1.704991677327997e-05
2082.1072652845;1.5745270054970958e-07;1.854032737534502e-07;1.495626025398787e-07;7.325987238800944e-08;2.6346872840614148e-08;1.5100475826053846e-08;3.45864667638858e-08;1.0245858824872596e-07;1.578082207116372e-07;1.5644632523179174e-07;1.0458451700332097e-07;6.568486204662494e-08;8.627272705400786e-08;1.948578559183699e-07;3.376232252267781e-07;3.543429230233534e-07;2.235354179920769e-07;7.311835698389162e-08;2.3697263192396604e-08;2.062890035154661e-08;3.8881729506974114e-08;9.201440805734249e-08;1.568611668864491e-07;1.8030749217908467e-07;1.442765071416107e-07;9.177832623240713e-08;8.629682502954159e-08;1.2767295297100648e-07;1.4015695000919733e-07;9.325662559208012e-08;4.111069686310863e-08;3.004194301335574e-08;4.5166312773305687e-08;8.283230160630838e-08;1.192264697689998e-07;1.414204637683022e-07;1.4806275504929105e-07;1.330393715054887e-07;1.1058619301298457e-07;1.2128636081878157e-07;1.8525699564690438e-07;2.2133091760927403e-07;2.3198695839671014e-07;3.266865203154646e-07;6.024605612000289e-07;1.1369573275336991e-06;2.0693599646573345e-06;3.422191859677734e-06;4.993872566947961e-06;6.643060890458957e-06;8.345001729469804e-06;1.015978100895413e-05;1.2249263867350886e-05;1.4550609437733428e-05;1.685424617072613e-05;1.893315697018396e-05;2.037395559751373e-05;2.115995705338328e-05;2.163859232833989e-05;2.2295836057858336e-05;2.336433288770926e-05;2.475744352799413e-05;2.5940955169041865e-05;2.642940660908212e-05;2.5777582144342935e-05;2.42265006317604e-05;2.236180846074597e-05;2.0785487228781004e-05;1.961611848800089e-05;1.880354292730671e-05;1.8294562654614257e-05;1.8209277388311744e-05;1.8494202486431705e-05;1.8884474366545252e-05;1.9129817733730165e-05;1.9166602637999445e-05;1.9269842394347716e-05;1.9340523456633465e-05;1.933085943515048e-05;1.913839469601124e-05;1.8854221528338573e-05;1.842490618646208e-05;1.81151373518379e-05;1.7936139804806375e-05;1.7830427825103947e-05;1.8015151378441215e-05;1.82198508332177e-05;1.837331662959595e-05;1.833663356278694e-05;1.7975336653456722e-05;1.713188242645919e-05;1.605060344380605e-05;1.5068448277021716e-05;1.4426235465015914e-05;1.4235041404462553e-05;1.4381722458529363e-05;1.4680408727033628e-05;1.5087677926484633e-05;1.55014745031681e-05;1.577760136111934e-05
2083.5289644438526;7.842131972143628e-08;1.2960134330114949e-07;1.3896913929716992e-07;8.660786323257752e-08;3.175217228148284e-08;1.054190504613312e-08;1.0131510776984228e-08;2.550146590848701e-08;4.9513599756691355e-08;5.7249352160737345e-08;4.245678437322029e-08;3.4685146580479695e-08;6.39509690785337e-08;1.1901019247867214e-07;1.6199955907227e-07;1.5631796493571376e-07;1.3483484532699762e-07;1.458333987647551e-07;1.742993637955964e-07;1.530540007298539e-07;9.372838815808985e-08;6.135824680233714e-08;7.079282382833817e-08;8.514951509388687e-08;7.737334439425015e-08;5.3642618703181815e-08;4.104071544211981e-08;5.3469729889004566e-08;6.314521796076183e-08;4.3441086078251424e-08;2.825481194489925e-08;4.09701582822272e-08;9.31554002927873e-08;1.6561895286606253e-07;2.3099150254109667e-07;2.754297190555718e-07;2.928176428594901e-07;2.705129197333861e-07;2.023994490369424e-07;1.250398708677144e-07;7.13077254573619e-08;7.427276809368405e-08;1.422297618137514e-07;2.322439866587437e-07;3.531994777477897e-07;6.20572259856e-07;1.3249132580118488e-06;2.840145763732172e-06;4.938391478544744e-06;7.220352990880272e-06;9.200841297886818e-06;1.0778802388453104e-05;1.237198676660069e-05;1.4304486505903204e-05;1.66298026324605e-05;1.9056558380766892e-05;2.1233314581797957e-05;2.2819403666460334e-05;2.373888377686248e-05;2.404979496847227e-05;2.4158823131562055e-05;2.435407035274654e-05;2.459500058344666e-05;2.4725870884472228e-05;2.450225254000725e-05;2.3926271728122893e-05;2.2963555292474488e-05;2.234961667265416e-05;2.1746269890718137e-05;2.1222883321901505e-05;2.070677843775811e-05;2.023910953852567e-05;1.98182859880141e-05;1.9432281286530272e-05;1.923463613625393e-05;1.934210697939341e-05;1.959325245872494e-05;1.9714841224705696e-05;1.933852596430136e-05;1.832689095819708e-05;1.7101186136072448e-05;1.626672040913543e-05;1.61174402655728e-05;1.6657137638618886e-05;1.7513222336329394e-05;1.8419395422083824e-05;1.905744812315631e-05;1.9176194901473196e-05;1.881549284431401e-05;1.7928209293057083e-05;1.6706477959789377e-05;1.559098350018088e-05;1.4728866107831744e-05;1.4182864843373518e-05;1.398976921068234e-05;1.405483794162539e-05;1.4224998333434636e-05;1.451599598459656e-05;1.4966559678759772e-05;1.5361337767062096e-05
2084.9500370516944;6.020838176057448e-08;1.1709663698087947e-07;1.3731723493936185e-07;9.051092110474893e-08;3.4638243467870563e-08;1.4749643388125584e-08;1.963750955573097e-08;2.919837825261294e-08;1.8340792517176773e-08;4.455501505198245e-09;2.6600317994920484e-09;6.846250198115537e-09;2.489248135464381e-08;4.433117175147577e-08;5.8031410367246596e-08;7.927400583444531e-08;1.4160135453175893e-07;2.640532391607044e-07;3.954855075045533e-07;4.572065388878802e-07;4.551411123787341e-07;4.651272361313909e-07;4.771826347979707e-07;3.96904094775554e-07;2.379497861084545e-07;1.1076152597488969e-07;8.746908989338217e-08;1.229088269043692e-07;1.3160480429575264e-07;9.77777895646508e-08;6.50661607099282e-08;7.783811599221142e-08;1.3037879963673522e-07;1.7573446374034334e-07;1.9045188125460265e-07;1.8666684619406958e-07;1.784739694797727e-07;1.5734839129638205e-07;1.1768463097669145e-07;8.095149460163715e-08;6.288685981862577e-08;1.1602166968656585e-07;2.111706724852404e-07;2.39825782203608e-07;1.9085212636981898e-07;3.007630322086394e-07;1.0302367457616182e-06;2.8467111965646467e-06;5.518599048265266e-06;8.206895183989113e-06;1.0307018077439192e-05;1.1725969474865364e-05;1.2839314188810582e-05;1.4448380530264266e-05;1.6926345974415763e-05;1.997908911851936e-05;2.2868729496473396e-05;2.4978603978129205e-05;2.5782803683376896e-05;2.547516686025437e-05;2.459392514523053e-05;2.3712771660214405e-05;2.328119744881913e-05;2.316252619798908e-05;2.3039377102277628e-05;2.28262852410463e-05;2.2464865578969496e-05;2.2159031655473198e-05;2.2059975330889613e-05;2.218459651775608e-05;2.2405083156296065e-05;2.2525199775982268e-05;2.256937742539668e-05;2.216922152648432e-05;2.1450199957584056e-05;2.0530726363772317e-05;1.9537152923739203e-05;1.8662189759964427e-05;1.7598361091299043e-05;1.676754466652785e-05;1.621269257073577e-05;1.612134276750486e-05;1.6390522128674332e-05;1.6942671203983644e-05;1.7710238955984846e-05;1.8564216165627696e-05;1.918028899969357e-05;1.926421726969289e-05;1.867300649798627e-05;1.755300449254342e-05;1.6236881828920186e-05;1.5104823352335809e-05;1.4383918001526888e-05;1.4166812560183707e-05;1.4288079608321796e-05;1.443256895307059e-05;1.4438464634203958e-05;1.4409535923951376e-05;1.4481095902564084e-05;1.4555981713743005e-05
2086.3704831888062;1.765716718986829e-07;1.773540748545909e-07;1.3571402362259976e-07;7.55184147959853e-08;3.04249073205734e-08;2.5666742350202048e-08;4.74442147690084e-08;5.614838346755335e-08;3.943313168995861e-08;2.0906480798316426e-08;1.3232271657169226e-08;9.800729885651582e-09;1.2579286884373804e-08;2.0744370957826623e-08;2.4077586914207543e-08;3.2095079172526284e-08;6.665246140678565e-08;1.4917051200191197e-07;2.955814032810076e-07;4.731111462744249e-07;6.645962049258043e-07;8.52954926909545e-07;9.526425706796328e-07;8.639380561541671e-07;6.326291686761579e-07;3.985742033647721e-07;2.497235722026341e-07;1.6723989840515696e-07;1.227899973171288e-07;9.275789776065085e-08;9.466562067841164e-08;1.4498643227764414e-07;2.1132483843483346e-07;2.378291810129084e-07;2.0350160026153322e-07;1.3529743002340378e-07;7.38486737716873e-08;3.516295830542228e-08;2.2439158068253932e-08;2.9646008493407014e-08;6.77246220861607e-08;1.2957880878495058e-07;1.9323692006454227e-07;1.8815830613755985e-07;2.001153518686301e-07;4.955060533156524e-07;1.4594407564241272e-06;3.345483590272509e-06;6.03776364142929e-06;8.511006769682847e-06;1.0498962914679968e-05;1.2039685092318351e-05;1.3328952739779568e-05;1.4793477569424443e-05;1.6811597135142825e-05;1.937306229546241e-05;2.2066576070236613e-05;2.430240309327888e-05;2.5771461539257843e-05;2.618159763907736e-05;2.580430487797686e-05;2.4939159070205826e-05;2.407476778087513e-05;2.340807204090716e-05;2.2706336134228025e-05;2.1887952068581323e-05;2.124169709673744e-05;2.0599885789569325e-05;2.039832170469692e-05;2.0681482972605503e-05;2.1208331355698665e-05;2.173809872240857e-05;2.2092257310919755e-05;2.208906461637362e-05;2.172227636463771e-05;2.093189476890723e-05;1.968082293064933e-05;1.842596864023699e-05;1.7629476708976398e-05;1.73396568482794e-05;1.7311625653477523e-05;1.73709852390923e-05;1.73725938003521e-05;1.7318716500379758e-05;1.7309450339205278e-05;1.7406217823966332e-05;1.7708160017204667e-05;1.8012528210674184e-05;1.8011505098850746e-05;1.743208833471739e-05;1.6367479030661276e-05;1.5175000812274896e-05;1.4334937839898363e-05;1.4214618139741336e-05;1.4723276459832214e-05;1.5478040160221933e-05;1.602795661349362e-05;1.6090757402045446e-05;1.5683062576384018e-05;1.5267408284376293e-05
2087.790302936006;3.1802608847915986e-07;2.878618306035108e-07;2.373304043578533e-07;2.0864399970470774e-07;1.851514225473573e-07;1.404380227099252e-07;8.631542515672768e-08;5.375113122836793e-08;4.414239714195046e-08;5.6812464548691686e-08;7.529208010304453e-08;9.541499622809248e-08;1.2337169124468928e-07;1.5766645092858784e-07;1.743321454096796e-07;1.646600357620734e-07;1.4352525969341325e-07;1.2685566396650978e-07;1.403483296794841e-07;2.1319603881042466e-07;3.160405116602714e-07;4.443202225480362e-07;5.576453656124093e-07;6.218720053243447e-07;6.348075497861318e-07;5.392119274441891e-07;3.437329572342952e-07;1.672051700528908e-07;7.588629941543764e-08;5.888903860258364e-08;1.2033075882933376e-07;2.453820024346143e-07;3.532417262475605e-07;3.656971323743173e-07;2.951929322787156e-07;1.8658135845924186e-07;8.829312952277325e-08;3.332016160688387e-08;1.7443474873750767e-08;2.5503361849811718e-08;7.095340931410704e-08;1.315311350812415e-07;1.5812725091229578e-07;1.3894004269343508e-07;2.097303913210183e-07;7.036837547894077e-07;1.856605867891912e-06;3.7650834658403967e-06;6.252497257320019e-06;8.922845993391636e-06;1.127385743917077e-05;1.3187456904293276e-05;1.4723085158319042e-05;1.5881955415729457e-05;1.6890018371732788e-05;1.82753526301622e-05;2.0122014678402297e-05;2.235076853105573e-05;2.457453104348326e-05;2.6161309260188312e-05;2.674471102451995e-05;2.645463015468303e-05;2.542079859815788e-05;2.410641269495361e-05;2.272666599684815e-05;2.1485674636936662e-05;2.0519427227038663e-05;1.9914583334534982e-05;1.983283807784445e-05;2.0126979697743056e-05;2.0473698665209168e-05;2.066896513074289e-05;2.045315659279412e-05;2.012301137983836e-05;1.978336663332027e-05;1.948826808916833e-05;1.922317310309619e-05;1.8938112464932966e-05;1.8959240524515004e-05;1.880837012747976e-05;1.859261016300877e-05;1.829264755786423e-05;1.7831581316301464e-05;1.739709996273985e-05;1.7044974264691907e-05;1.6825164283910385e-05;1.7020270052263947e-05;1.749626595342795e-05;1.7895929683168764e-05;1.7672471247619346e-05;1.6800842101309147e-05;1.5613417273765313e-05;1.4658185999326024e-05;1.4467643265124964e-05;1.5131620381463116e-05;1.646137897366662e-05;1.785955934597965e-05;1.854499279826168e-05;1.8233470557794332e-05;1.769926860621049e-05
2089.209496374151;3.520391861798371e-07;3.1502728011143535e-07;3.095573111993964e-07;3.423282458794997e-07;3.405957739931595e-07;2.47543692446559e-07;1.2381215187717034e-07;4.975233541613309e-08;4.100435371227687e-08;7.175441688557711e-08;1.1948992977715744e-07;1.7135680175701419e-07;2.205562310022931e-07;2.623463596849129e-07;2.8875113515955494e-07;2.916755004669444e-07;2.710392947797096e-07;2.19426995773034e-07;1.4315596439890965e-07;7.123902522424335e-08;3.493548215522319e-08;4.286197257506727e-08;9.241449106291553e-08;1.640936049057576e-07;2.3607030629687758e-07;2.3736273999038386e-07;1.5986914865245338e-07;7.765574335241299e-08;2.5820462913360475e-08;3.4041559883655525e-08;1.274061672436849e-07;2.827323140472488e-07;3.8954940630666754e-07;3.790231056110789e-07;2.788090630874993e-07;1.585365952033104e-07;6.822223860424158e-08;2.6025617288585145e-08;1.3654451064067508e-08;1.5031685522493164e-08;3.5391636946432006e-08;6.90334308430475e-08;9.433459627338616e-08;1.567390906457168e-07;4.313020424606525e-07;1.1193822067024415e-06;2.271582466708169e-06;4.000132377685645e-06;6.222659941481444e-06;8.69162396335444e-06;1.1030865058538565e-05;1.3121412800760566e-05;1.4909850844812051e-05;1.6380901206644245e-05;1.7578457312845463e-05;1.869258457289257e-05;1.995790454477812e-05;2.1709499401276207e-05;2.3428050640139654e-05;2.5371499610248068e-05;2.66540845001322e-05;2.704247102235488e-05;2.64035476866056e-05;2.4811039114128887e-05;2.285142797664609e-05;2.111210497161749e-05;2.0078714064436557e-05;1.9817422951054703e-05;2.002884789484804e-05;2.0392711539465427e-05;2.056054346234856e-05;2.035602934755401e-05;1.989786597517704e-05;1.935443931511916e-05;1.888340889103993e-05;1.874606440536683e-05;1.9058014279850075e-05;1.9322952743622564e-05;1.933896913242203e-05;1.908455886841548e-05;1.876065271577981e-05;1.825511276279953e-05;1.7787010597673537e-05;1.740558186390704e-05;1.7318967956897784e-05;1.7433086399651194e-05;1.774323517739986e-05;1.8124566799857653e-05;1.8295978568128327e-05;1.807903207229228e-05;1.748587888351779e-05;1.668460072265158e-05;1.5969505848869976e-05;1.5635899915058127e-05;1.5909485239584245e-05;1.677609931656777e-05;1.787573371294051e-05;1.856326584712224e-05;1.8509636815793534e-05;1.815395412479104e-05
2090.628063584136;3.437097382817493e-07;2.2477531544469466e-07;1.7825094138215185e-07;2.1186982277876825e-07;2.408834189983063e-07;2.1562115254602835e-07;1.481417147385292e-07;7.519043677270506e-08;3.8004673965566076e-08;3.949080671102162e-08;6.07191572097317e-08;9.232841811420374e-08;1.1943194926292594e-07;1.3362128157777392e-07;1.399734944767502e-07;1.4264404283416478e-07;1.3508000308221225e-07;1.0984034793208339e-07;7.216656071666435e-08;2.3645366465030463e-08;1.5976009638947905e-08;3.793043992709677e-08;7.742813341079015e-08;8.84091976900296e-08;5.874633583832246e-08;2.4106341426492293e-08;8.741512158263422e-09;4.4230616303601936e-09;2.576995639312726e-09;1.1610270030608486e-08;5.959118801002875e-08;1.2993747914612917e-07;1.747621629448138e-07;1.6736196198116266e-07;1.274855251905152e-07;8.354760831580114e-08;4.5956001008426544e-08;2.08065500821476e-08;9.941347999402871e-09;4.6440543085007276e-09;2.584271650376257e-09;9.331699787901023e-09;4.8149394386114255e-08;1.994006525974507e-07;6.613818388551961e-07;1.5012692594428975e-06;2.672599671402506e-06;4.184675757929353e-06;5.942280144168021e-06;7.624429853007383e-06;9.315667746363792e-06;1.1231102529389148e-05;1.3535478224424807e-05;1.6078998378476297e-05;1.8567222391155195e-05;2.0221415636860343e-05;2.124357697953713e-05;2.1945654324907537e-05;2.2848957373015055e-05;2.411085602840239e-05;2.5546566115357702e-05;2.652776665217714e-05;2.6495276448309925e-05;2.510839251647313e-05;2.3037365026922957e-05;2.096328871258466e-05;1.9633186936400624e-05;1.917159853512324e-05;1.9177718370276577e-05;1.925783066589555e-05;1.9361910788589747e-05;1.9519396905793694e-05;1.9722604768575447e-05;1.9990350856021557e-05;2.0261260997838316e-05;2.0436013085984545e-05;2.044534008797367e-05;2.012647434138461e-05;1.9764981000943503e-05;1.941054321291015e-05;1.902636356856444e-05;1.8518655349516422e-05;1.789104023298963e-05;1.736795531606764e-05;1.7070225362572856e-05;1.713688898794912e-05;1.7507060410917974e-05;1.795052388500811e-05;1.825474851867346e-05;1.831518156977261e-05;1.8071555775909917e-05;1.760957230585071e-05;1.701419610717913e-05;1.635054744608461e-05;1.5872298859592164e-05;1.564933339528159e-05;1.575030053999288e-05;1.6132307928455413e-05;1.6635603326896403e-05;1.691148966459322e-05
2092.046004646898;1.6347582358901434e-07;7.796488075213501e-08;4.249207923973199e-08;6.183724803396242e-08;1.080198750599199e-07;1.560449993421738e-07;1.582571114723777e-07;1.0503665220553589e-07;7.491471820608825e-08;1.2399647155005624e-07;1.716221089504396e-07;1.4266492564478489e-07;8.287392236386149e-08;4.0658118986261934e-08;1.6975617057102345e-08;6.877501589097319e-09;4.350915721822337e-09;1.0879057019270353e-08;4.44921210412972e-08;1.1711466174234277e-07;1.519413103550618e-07;1.7658285826623977e-07;2.2336008907373534e-07;2.477233491653932e-07;2.0981860008961406e-07;1.2190073103695176e-07;5.027681399449204e-08;1.8268718627413215e-08;8.036227602748201e-09;1.016742395486847e-08;3.744492140013809e-08;7.99718324549399e-08;1.0951590301124255e-07;1.0887155007135447e-07;9.68627930801997e-08;7.292667505138925e-08;5.2491696042482296e-08;2.641908879466947e-08;9.43563913964182e-09;3.826595192582134e-09;4.5230864128316e-09;4.7830794505228015e-08;1.7223572287135992e-07;3.602635409755187e-07;6.351175465843659e-07;1.0944157012714403e-06;1.975796744625436e-06;3.5130062910761823e-06;5.54316228401056e-06;7.719612178492603e-06;9.76846671550278e-06;1.180942567274718e-05;1.407083109898096e-05;1.6600386789089608e-05;1.922780616981309e-05;2.1358046884343943e-05;2.2654514719307087e-05;2.3040404460496345e-05;2.312474839756877e-05;2.317078055682472e-05;2.3465690941631248e-05;2.4112283097411404e-05;2.4622175849335028e-05;2.4591039743822283e-05;2.3870150260820117e-05;2.268165001701876e-05;2.13349622495833e-05;1.9995199125001645e-05;1.8858702420733084e-05;1.8191364379721446e-05;1.825431003825219e-05;1.9028075749606228e-05;2.0112631629038823e-05;2.1179748175262204e-05;2.1905832109609608e-05;2.192710718778274e-05;2.1286748490405238e-05;2.049308427425222e-05;1.975685893135624e-05;1.931097273778365e-05;1.9075887384883503e-05;1.8921549301166494e-05;1.8619432832280172e-05;1.813895251991342e-05;1.7657514594667432e-05;1.7490785965455025e-05;1.7632445428545478e-05;1.7919089227792793e-05;1.817939132132184e-05;1.824014978030766e-05;1.8039960254784685e-05;1.7611343667042454e-05;1.7030622074423614e-05;1.6267037755420557e-05;1.5356384621332437e-05;1.4463366656226395e-05;1.395109428137822e-05;1.4236940754254134e-05;1.5151609531565782e-05;1.596059738975859e-05
2093.463319643397;2.8243002644696626e-12;7.289593330291388e-10;5.509320660104061e-09;1.9214943946597933e-08;4.5897669111584404e-08;7.994062524960772e-08;9.301478194121033e-08;7.19698766090487e-08;1.1986603575622285e-07;2.587285453078414e-07;3.5168717938133485e-07;2.979202165097596e-07;1.756521064422126e-07;8.268353138170357e-08;3.4302029292350554e-08;1.4783552502144449e-08;1.2266327554507831e-08;3.5118801922702355e-08;1.2359264646412752e-07;2.588860742988868e-07;3.366231270726812e-07;3.4382731707576385e-07;3.401309205625132e-07;3.388175909981838e-07;3.058112486191469e-07;2.267500405855738e-07;1.230004356351423e-07;4.731951908464439e-08;2.0484296237060297e-08;2.769927168781421e-08;8.147841810521518e-08;1.8596064255763816e-07;2.668834405559768e-07;2.606480727945453e-07;1.92494757528935e-07;1.1597973515646913e-07;5.970202050801449e-08;3.9077005885849534e-08;8.680525673958776e-08;1.6814373929587216e-07;2.194693381000769e-07;2.639426428642628e-07;4.035023687408213e-07;5.383026883783778e-07;5.348475993227791e-07;5.566125810853846e-07;1.0118218699125554e-06;2.5845811473196204e-06;5.313469043091737e-06;8.601639076468334e-06;1.1587662382647503e-05;1.3762551648557727e-05;1.519809487306073e-05;1.6430276039433804e-05;1.794844471808881e-05;1.9760482842197256e-05;2.151366940473834e-05;2.274765957711828e-05;2.2999434268419915e-05;2.2672797183040357e-05;2.227446869548923e-05;2.220622293165606e-05;2.261954593740013e-05;2.331087929999748e-05;2.3717096453403407e-05;2.363801221608263e-05;2.2867218732455237e-05;2.144540460456724e-05;1.9919233861317e-05;1.889010107205189e-05;1.8742614072550883e-05;1.9374346006466915e-05;2.0316195467705105e-05;2.1148235205713096e-05;2.1789962223914524e-05;2.173996258359432e-05;2.1044432860386827e-05;2.028001803511625e-05;1.942150743664957e-05;1.8887937398920145e-05;1.8789532081833948e-05;1.9010801993116512e-05;1.9304161914113858e-05;1.933593978807736e-05;1.9162391242833985e-05;1.890129264514919e-05;1.8617433726466067e-05;1.829624189158581e-05;1.791409478177058e-05;1.75143697238675e-05;1.7141684406622674e-05;1.6906656934417123e-05;1.6822012342925424e-05;1.656691794015591e-05;1.6137253959732612e-05;1.545418770087223e-05;1.4767601234969975e-05;1.443048508111524e-05;1.4544715162408607e-05;1.4842156700302835e-05
2094.8800086546325;7.13041304365867e-08;4.731897618901789e-08;2.3390116322724063e-08;1.4614540706645698e-08;2.3173438060788907e-08;3.3971122691091104e-08;3.5264542851064624e-08;5.99280722225902e-08;1.6474702857604202e-07;3.0704179560086376e-07;3.811843565224046e-07;3.35704008356858e-07;2.1301457290654677e-07;1.0150203645035563e-07;4.2382151203150225e-08;1.952189633842713e-08;2.7445502700122388e-08;8.330661057296009e-08;1.9017777212625946e-07;2.782149565970704e-07;2.984853374546145e-07;2.700220294395948e-07;2.2700339885575842e-07;1.978485207729127e-07;2.2872210375484122e-07;2.7401171113925504e-07;2.616214563945916e-07;1.7459260382629345e-07;9.583517322610405e-08;5.7722126947957015e-08;7.098057240435132e-08;1.4008709625405142e-07;2.142636538739584e-07;2.3641266328742095e-07;2.109671902498908e-07;1.7739985282678715e-07;1.2371898767745357e-07;1.1296736786649597e-07;2.285916451607942e-07;4.0339936095216316e-07;4.814014853582927e-07;4.363049354630496e-07;3.878627915714357e-07;3.466740123051851e-07;3.030624655612059e-07;5.266185061634569e-07;1.2398616008433397e-06;2.9362970136556258e-06;5.6013471692216215e-06;8.676947226422596e-06;1.1227941175724615e-05;1.2880829064234164e-05;1.3872119177019607e-05;1.4725456073057128e-05;1.5958936592183596e-05;1.7682227885496834e-05;1.963694629750905e-05;2.1372095585600204e-05;2.249597775186138e-05;2.2846619991500702e-05;2.284248771436772e-05;2.275777928673238e-05;2.2693449825450584e-05;2.2597205193319195e-05;2.233116781661763e-05;2.203710870989024e-05;2.1569759218098237e-05;2.1015098838163583e-05;2.0397176926748258e-05;1.9766266452450294e-05;1.9501012443978877e-05;1.9722421730521868e-05;2.0199198878598212e-05;2.08784581541534e-05;2.1160742225092643e-05;2.0891381696264955e-05;2.020055519059047e-05;1.9288171221139272e-05;1.8568245762415453e-05;1.8276370302326636e-05;1.8441148028363854e-05;1.895686651213348e-05;1.9421487556937368e-05;1.9766951036328835e-05;1.9859351098953724e-05;1.9605570942760585e-05;1.91122571987272e-05;1.8444563605315096e-05;1.772752486397983e-05;1.7141436869969336e-05;1.6749773627860963e-05;1.6662172964811525e-05;1.6875685120251384e-05;1.7210370280183244e-05;1.744233700948458e-05;1.7411836019013782e-05;1.698626117655862e-05;1.6373272485168266e-05;1.585796719341273e-05;1.557197000853168e-05
2096.296071761655;1.4256151697572374e-07;9.722083449432877e-08;7.035446803676051e-08;9.009151827146087e-08;1.3628748189693325e-07;1.674181067314506e-07;1.5928297324899187e-07;1.6249345198984786e-07;2.3878413227026066e-07;3.443542127228321e-07;3.944567107942127e-07;3.37103536520557e-07;2.038153365158067e-07;8.837062932368671e-08;3.4429706114726454e-08;1.870260744849468e-08;3.711126374441765e-08;1.1463696728502445e-07;2.0960346361805708e-07;2.3164343828556922e-07;1.8273068466002585e-07;1.4335314610756278e-07;1.2991568927286433e-07;1.280026705781605e-07;1.944265540084991e-07;3.2354874962442377e-07;3.704926225737049e-07;2.863161923706669e-07;1.643993946600671e-07;7.825906003138334e-08;3.7697340466328774e-08;3.8438812926159116e-08;6.09609373829246e-08;9.929031734160617e-08;1.691732410871553e-07;2.318946708519375e-07;2.2698948328062779e-07;2.080104721700673e-07;2.672670098609523e-07;3.474009642617467e-07;3.3958363029120057e-07;2.529818944939435e-07;1.451399380414497e-07;7.259863848224514e-08;1.468790640029887e-07;6.830910126767651e-07;1.900092769020008e-06;3.771312982972228e-06;5.944110175601897e-06;7.910182405151303e-06;9.382187287163316e-06;1.0572160164517242e-05;1.1934793813094008e-05;1.3755957401028168e-05;1.5965560174908894e-05;1.823574353302024e-05;2.0145699506431163e-05;2.159650748358503e-05;2.2723961309309803e-05;2.354451858408624e-05;2.3980082545856656e-05;2.413705048602983e-05;2.3965716013475583e-05;2.334877868046164e-05;2.241053928589563e-05;2.147709739277091e-05;2.0841097936445574e-05;2.065784382235721e-05;2.061262783363285e-05;2.0558577191324973e-05;2.056661075751817e-05;2.0721613828917383e-05;2.0826110400930483e-05;2.110733780161911e-05;2.0542437535486477e-05;1.951352289697357e-05;1.8382495698502835e-05;1.7387962263969977e-05;1.705991334307342e-05;1.7379382474194423e-05;1.7985617078531866e-05;1.850876639313976e-05;1.87888100080739e-05;1.8839420935002268e-05;1.8713849957837197e-05;1.848106706865286e-05;1.824443695397971e-05;1.80590497634256e-05;1.78876533266594e-05;1.7662115795874955e-05;1.7377088055132948e-05;1.7119850478154966e-05;1.697979740188069e-05;1.7109197417193624e-05;1.7287152510358294e-05;1.7494440665184605e-05;1.7747063243390523e-05;1.7790573253735514e-05;1.7824241498155472e-05;1.7817749396409134e-05
2097.711509045537;7.125888589216905e-08;5.419270607069651e-08;7.152628451208127e-08;1.4726479005642242e-07;2.4170480226804024e-07;2.975467405544942e-07;2.7240184039388364e-07;2.061720997703224e-07;1.7844229858435337e-07;1.961176783722454e-07;2.057281555110705e-07;1.685997636192213e-07;9.8542294593139e-08;4.160333698127661e-08;1.608382189417559e-08;9.525651950965592e-09;1.865471587441945e-08;5.69418429443391e-08;1.075349223792259e-07;1.3088790423745562e-07;1.4989699535951534e-07;2.0478632190292293e-07;2.37234982033512e-07;2.1139703486718718e-07;1.845944422232844e-07;2.10830570046011e-07;2.0383882046356267e-07;1.4949871910478472e-07;8.563652157081595e-08;4.1346124169771546e-08;1.4460602447452884e-08;7.893230805832671e-09;7.254515350238532e-09;2.432457721008189e-08;8.562325775462532e-08;1.6233839854939996e-07;1.8634661720890385e-07;1.7341136662819078e-07;1.561177617781638e-07;1.2835807851947168e-07;8.446235384606795e-08;4.261586675737679e-08;1.5269443811721912e-08;3.376563548940488e-08;1.9056491736073098e-07;7.241093385158545e-07;1.7643920323342552e-06;3.2883314708235163e-06;5.064551881462412e-06;6.718326096521518e-06;8.408466464803417e-06;1.0197945834398244e-05;1.2373315303287484e-05;1.4938317483504987e-05;1.7565038210090486e-05;1.982573143750523e-05;2.1453349329321688e-05;2.255115833085677e-05;2.3389038854811657e-05;2.4173291147433054e-05;2.4793703834991335e-05;2.520250432178937e-05;2.5121726916398405e-05;2.428819355725024e-05;2.3048560208509946e-05;2.1795368230582904e-05;2.1200300147851445e-05;2.131893317125936e-05;2.1803313258702365e-05;2.2286531469263567e-05;2.250533684200226e-05;2.232805856955172e-05;2.179148498114421e-05;2.0932910950447665e-05;1.994673697255864e-05;1.905204632652468e-05;1.8346700059894044e-05;1.7873647785423165e-05;1.770112864172706e-05;1.779096917894326e-05;1.788739585879871e-05;1.7808569717982436e-05;1.753780643065983e-05;1.71069133941585e-05;1.667075726630669e-05;1.647103818731642e-05;1.6599384831675757e-05;1.6996106955974982e-05;1.747359419129291e-05;1.7777387099580346e-05;1.7817572598378806e-05;1.7695369913539022e-05;1.7423070944075747e-05;1.7106252439917777e-05;1.685564114000414e-05;1.6744019228118698e-05;1.7059046678540096e-05;1.7600280421946698e-05;1.812442888135737e-05;1.8441901787720342e-05
2099.126320587391;1.2149055519243806e-08;9.84417077189256e-09;2.6779535607359317e-08;6.997873651092734e-08;1.196678224878019e-07;1.4867938120977068e-07;1.341425749107379e-07;8.648344756049949e-08;4.072173461419976e-08;1.706460028928695e-08;8.970205671187924e-09;6.833543212090212e-09;7.714953879626638e-09;6.494312365459581e-09;3.575218606579737e-09;1.4185443515781102e-09;1.2922300544268767e-09;6.320979169641044e-09;2.7826880776942417e-08;8.687562039566971e-08;1.991444777004767e-07;3.055817167273059e-07;3.059974013644346e-07;2.0508014124221218e-07;1.1268753054674735e-07;6.17075237227666e-08;3.383071269729738e-08;1.7169889307208535e-08;6.9040327398225e-09;4.901073227995295e-09;6.4089229180526005e-09;6.494927054461194e-09;4.358514327496036e-09;5.399089816575392e-09;1.733383016689058e-08;4.516074233831252e-08;6.711468311177848e-08;7.355958623980282e-08;4.951183587740832e-08;2.446271457401505e-08;1.7372626730091267e-08;2.5574574712450035e-08;4.9362957923638944e-08;1.129167361371601e-07;3.089168760424265e-07;7.034306979728108e-07;1.3987169377404571e-06;2.549533610298432e-06;4.161491247766801e-06;6.13008284573158e-06;8.325551217519694e-06;1.0718463951865497e-05;1.3346462153508057e-05;1.6025548964959553e-05;1.848684714543824e-05;2.051686532518351e-05;2.205933766638436e-05;2.320304842415479e-05;2.3954140371771232e-05;2.4470688316729105e-05;2.493512839749258e-05;2.5274708619965145e-05;2.516108543563779e-05;2.432457772151253e-05;2.3003900036072428e-05;2.1663948740482812e-05;2.0829638835870203e-05;2.0738197315494324e-05;2.1269476129522543e-05;2.2182361851269416e-05;2.2876693283695632e-05;2.290075241956e-05;2.2504029178179973e-05;2.160030828497083e-05;2.080532323683488e-05;2.023088673856363e-05;1.9799311390341468e-05;1.9552837875770527e-05;1.9193830570071125e-05;1.873535521071775e-05;1.8270911563508795e-05;1.7985545836081966e-05;1.7733982298963786e-05;1.7417634009246778e-05;1.7002867970169416e-05;1.6655824289572114e-05;1.650853161804944e-05;1.6574304369587606e-05;1.6874449533670913e-05;1.7367650440225272e-05;1.7857322922304174e-05;1.8159257275290004e-05;1.812088567445327e-05;1.7712448885708432e-05;1.7151968161801152e-05;1.6727475959157447e-05;1.643103705062402e-05;1.651798802065605e-05;1.661041139469634e-05;1.6682828003803177e-05
2100.540506468369;2.4287027159196444e-08;1.3392652636361584e-08;4.9178241371427115e-09;1.7668417215653234e-09;1.4876010496593203e-09;4.1417374950723675e-09;1.1115128932893177e-08;1.5676392185876622e-08;1.3130464928842926e-08;3.9519504988305655e-08;1.0213548091387197e-07;1.472046292423997e-07;1.393965316615473e-07;9.892621827923475e-08;5.28669323540633e-08;1.98201925568317e-08;7.919775600921703e-09;1.2992868851906785e-08;3.7085311679128386e-08;9.395498746946392e-08;1.9578250518009956e-07;2.513691223856972e-07;2.0665487146614738e-07;1.1115430723921096e-07;4.4240133365157065e-08;3.493113685450048e-08;3.4549777088165694e-08;2.7593973286129493e-08;4.481092437953656e-08;9.571774866091021e-08;1.689511477563912e-07;1.9042542360256154e-07;1.2585218641719297e-07;4.7716580758312164e-08;1.5625870836906677e-08;1.7284656682697906e-08;3.143984378557851e-08;3.963553667699246e-08;3.233362528536947e-08;2.7307876006435944e-08;3.552511201068116e-08;5.134822136927968e-08;9.788686635888897e-08;1.957906560321893e-07;4.420782477676306e-07;9.823051134114394e-07;1.8109100674544096e-06;2.970755443869911e-06;4.454779933432847e-06;6.223512355286015e-06;8.247680048334828e-06;1.0562848862261649e-05;1.298701473375422e-05;1.5388898271270093e-05;1.761996818794293e-05;1.964628770658032e-05;2.138677555255983e-05;2.274339645918278e-05;2.364137247787412e-05;2.4190305541530435e-05;2.4535805683851023e-05;2.4690393816705228e-05;2.4481052338508485e-05;2.3814835290940225e-05;2.2814540808321515e-05;2.158447645536605e-05;2.0431311911525045e-05;1.9617039811813e-05;1.9500327719725207e-05;2.0247241078929603e-05;2.130440401512084e-05;2.219417210351857e-05;2.2594740044592807e-05;2.2362616386429928e-05;2.178637119983164e-05;2.1001804015203127e-05;2.0283529582699154e-05;1.9703609317919204e-05;1.9209599201553062e-05;1.8834546952915125e-05;1.8677159710369866e-05;1.864055326306899e-05;1.872659818429563e-05;1.867351079899944e-05;1.8405085891970888e-05;1.798607160241877e-05;1.7593735101480642e-05;1.7344797532788415e-05;1.733207072974126e-05;1.75555269087293e-05;1.7843169891407703e-05;1.801327179415102e-05;1.7896615130794574e-05;1.7479269157597895e-05;1.69559904649076e-05;1.6347922550246372e-05;1.5620111283047802e-05;1.4986767073836087e-05;1.4686948214963482e-05;1.460405424696784e-05
2101.954066769653;1.687782445302372e-08;2.11942822490345e-08;2.5175396065005202e-08;2.0511520936084404e-08;1.0759297032900212e-08;9.481910016767048e-09;2.1740704706695077e-08;3.0422505892937995e-08;3.1045042181621755e-08;8.429312399148034e-08;2.2536579632226198e-07;3.40246184928842e-07;3.300928639588453e-07;2.3270636225555173e-07;1.2225837625829901e-07;4.6322595274331145e-08;1.6302644358391634e-08;1.2977423304206516e-08;2.2138267117074163e-08;5.1316788908736076e-08;9.481035197995506e-08;1.215911123864833e-07;9.758047063178805e-08;5.381539829187604e-08;2.150780001804637e-08;1.4766397894672026e-08;1.9311242345970066e-08;3.3294843516273835e-08;9.497260461236737e-08;2.2983398906532086e-07;4.113885545043662e-07;4.799923946942195e-07;3.567626626030614e-07;1.915685140763605e-07;1.14227010248151e-07;9.629666783527069e-08;9.223394494508905e-08;7.114126492328737e-08;5.1909321628217316e-08;4.8978713177917824e-08;5.950783514781237e-08;6.115195834663923e-08;7.170090829797466e-08;1.5233541820722068e-07;4.99787961001511e-07;1.240059366472614e-06;2.2671766041926004e-06;3.468942646860907e-06;4.86447473726069e-06;6.516751642022471e-06;8.492068934952943e-06;1.0693288979451914e-05;1.2910627589512783e-05;1.501622552688093e-05;1.6934305099546997e-05;1.865643940035929e-05;2.0237847826034296e-05;2.151947804110108e-05;2.263582261887496e-05;2.3527181812817623e-05;2.410509262095869e-05;2.417603007567508e-05;2.375773580885748e-05;2.312358934775381e-05;2.237946913545205e-05;2.144583549804483e-05;2.039526829590956e-05;1.9482688815264227e-05;1.9034202002489315e-05;1.907430415396184e-05;1.9507071296900653e-05;2.0235087169826464e-05;2.084634330147574e-05;2.112882863421896e-05;2.1200587636995013e-05;2.096604585349476e-05;2.0579887237481964e-05;2.0021962036911624e-05;1.956441455202081e-05;1.926485934425185e-05;1.907452504183323e-05;1.880146409060638e-05;1.8444771491772256e-05;1.7877157993153044e-05;1.742728424938329e-05;1.7320609374906638e-05;1.7480023565070646e-05;1.7696489627635248e-05;1.785947264507265e-05;1.796846429630217e-05;1.7900746783559587e-05;1.769045915491775e-05;1.739868676128768e-05;1.705517939816927e-05;1.6584986467596193e-05;1.5916296384367462e-05;1.526017749190042e-05;1.4819080550236011e-05;1.4833464549786177e-05;1.4988991033382196e-05
2103.36700157246;1.2042907076635831e-08;2.988678475905129e-08;4.565648570484805e-08;3.938260186420892e-08;1.9669539037019223e-08;8.912888320100247e-09;1.313724485947e-08;2.3507946467255293e-08;3.95390929283264e-08;9.12148148673769e-08;2.084382644700806e-07;3.151780776164147e-07;3.201048654901913e-07;2.319622373962153e-07;1.2166630864843758e-07;4.6506055801454337e-08;1.51325838211751e-08;7.989148333385356e-09;7.944698430269987e-09;1.859017928351904e-08;3.5306169912208866e-08;4.4387667884072914e-08;4.10483563199985e-08;3.0845640383543554e-08;1.842519941483604e-08;1.0758734165572272e-08;1.6975758456634385e-08;4.791241928469524e-08;1.0452552898468073e-07;2.010483934437189e-07;3.320910890992597e-07;4.005111174035837e-07;3.4280669251031485e-07;2.4255963123850484e-07;1.8543414576689806e-07;1.6242724745197358e-07;1.4666098397278892e-07;1.1974379333677268e-07;7.98695168795223e-08;5.3550612302404655e-08;6.36114592566718e-08;1.2911950998892944e-07;2.289497291142399e-07;3.8732510949954563e-07;7.294603717996153e-07;1.25702222950343e-06;2.033324932874076e-06;3.0372623211248176e-06;4.503038180725177e-06;6.574460796013671e-06;8.914327963554595e-06;1.1322530103057392e-05;1.3516147302592562e-05;1.5404486214411676e-05;1.7028132187248557e-05;1.838257857627869e-05;1.9434293896303904e-05;2.040285089324664e-05;2.1312497016743336e-05;2.2040280777617935e-05;2.246551296336848e-05;2.250922059460251e-05;2.231129800127232e-05;2.2084924334830723e-05;2.1890083826236407e-05;2.1515638840158955e-05;2.10326704570173e-05;2.0186109126974465e-05;1.922919983052772e-05;1.8411427465199905e-05;1.7932740941036536e-05;1.7995720080797815e-05;1.846466623836852e-05;1.9172526280818904e-05;1.99989815419374e-05;2.0407401252428978e-05;2.0411800546273896e-05;2.021089199437456e-05;1.994204357285279e-05;1.972643587398432e-05;1.9361393723736644e-05;1.875454559263461e-05;1.78547146298527e-05;1.6907793931239693e-05;1.6250734691208934e-05;1.6188143291350995e-05;1.6539795258149235e-05;1.7115829386342348e-05;1.761364691073819e-05;1.7952599410461333e-05;1.8179210410125192e-05;1.8202227962242697e-05;1.794186284433187e-05;1.7321748713723617e-05;1.648279306892052e-05;1.5759482308801573e-05;1.5502474394693987e-05;1.5701119753439205e-05;1.6206514697209932e-05;1.6741349733925442e-05
2104.779310958056;1.7249374746919282e-08;3.495359894138705e-08;4.4906443459453214e-08;3.5903811770870356e-08;1.618458672167922e-08;4.5755528530881205e-09;3.489935295830836e-09;1.6445703143999755e-08;4.98494948464646e-08;9.093144084284113e-08;1.2941506000179346e-07;1.609510385943611e-07;1.6559484476339266e-07;1.2952466139538508e-07;7.151106842750501e-08;2.7403572539688506e-08;9.025486229741497e-09;4.431869551615197e-09;6.881553525555313e-09;1.6842185939425967e-08;2.6726497297326164e-08;2.476647268535179e-08;1.7901939146710822e-08;1.8480009353129608e-08;1.9323788558123224e-08;1.6400216335814762e-08;2.853025110574657e-08;5.9037973506114445e-08;7.993165957820679e-08;8.212915387713281e-08;9.580379998848287e-08;1.1679405043887592e-07;1.1850981202746197e-07;1.0263202417942857e-07;9.10916261347506e-08;1.0311642108759103e-07;1.3422646029742662e-07;1.7069712649162024e-07;1.7644724435512997e-07;1.5009249126640496e-07;1.4285030651926948e-07;2.452194903791525e-07;4.6127435432958853e-07;7.241337655225511e-07;9.545571994513682e-07;1.1679535202843994e-06;1.4880820963849507e-06;2.1365455746590485e-06;3.5733115162459864e-06;5.921191140406652e-06;8.707181930992522e-06;1.1356198558904822e-05;1.3518777636661983e-05;1.5204779276810196e-05;1.6585502119531458e-05;1.774202787281623e-05;1.8785006605684164e-05;1.9894270373879457e-05;2.075209819806865e-05;2.1279263666817157e-05;2.1389357596722837e-05;2.130287185097415e-05;2.1297041296492365e-05;2.138284498955203e-05;2.158272382253969e-05;2.17357270155902e-05;2.1532225698804308e-05;2.07071508698784e-05;1.9423992908116004e-05;1.813152999738824e-05;1.735446119401307e-05;1.7440433925851623e-05;1.822060880115094e-05;1.908183198492265e-05;1.961623314987164e-05;1.969158940721032e-05;1.956657081655237e-05;1.928984940276572e-05;1.908149620531839e-05;1.8896866231928672e-05;1.86784856070119e-05;1.821786985445385e-05;1.7507980017444458e-05;1.6813975822068776e-05;1.621653757284916e-05;1.5833635855133387e-05;1.5764715255091896e-05;1.602885809351587e-05;1.6550572445381634e-05;1.725834151769809e-05;1.813488481148024e-05;1.884582276729354e-05;1.8967067700846485e-05;1.82528082808296e-05;1.7235156028125875e-05;1.6429296104853664e-05;1.6216457002006816e-05;1.6573271232221523e-05;1.7086534812357823e-05;1.756058217667819e-05
2106.1909950077243;1.8788692758565456e-08;3.652875552658403e-08;4.226751819846092e-08;2.848570955905269e-08;1.1547110357262817e-08;7.865416807166885e-09;1.9238918813882746e-08;4.83661554104209e-08;8.529621362249101e-08;9.512302830747226e-08;7.86111832766475e-08;5.6472681928860214e-08;4.6329964749511033e-08;3.698382204908061e-08;2.2169640092064448e-08;9.389788826764981e-09;7.062101559387021e-09;9.124543850739273e-09;1.4010941502325236e-08;2.1211393797284823e-08;2.668500828932032e-08;2.3172088877087032e-08;1.3794681414865094e-08;8.980635600361666e-09;1.0499614963457335e-08;8.679951817528459e-09;1.520717117709963e-08;3.3705703777463086e-08;4.3140857735068254e-08;3.47828572065463e-08;2.113648705380484e-08;1.545067254724129e-08;1.245885339271145e-08;7.274350987187289e-09;1.1285994878437991e-08;4.96409619061319e-08;1.2597653223650201e-07;2.0948280571431186e-07;2.603962419596224e-07;2.47475670118804e-07;1.978089547776181e-07;2.2586077712201025e-07;4.0456734668720443e-07;6.820369447239099e-07;9.588799203459673e-07;1.2082620952996154e-06;1.515100891399484e-06;2.0848436628078104e-06;3.310022621407607e-06;5.270738463040823e-06;7.739150334966858e-06;1.0117354136880277e-05;1.2146359368422256e-05;1.3835163505310926e-05;1.541002242409959e-05;1.70061738615206e-05;1.8739620985887208e-05;2.0393016656054705e-05;2.1824202020903065e-05;2.2738510526825755e-05;2.3015805008940952e-05;2.2843194132551825e-05;2.2557481246673067e-05;2.2359503824448264e-05;2.2216199588623375e-05;2.204947408181581e-05;2.147211350191378e-05;2.0729885254614477e-05;1.9954816528215964e-05;1.926559214511682e-05;1.9042468551314987e-05;1.9248077651894916e-05;1.952570676929769e-05;1.970318718074205e-05;1.9165159367788104e-05;1.8476170328217348e-05;1.8053801614926125e-05;1.8143237553714546e-05;1.8537341719000517e-05;1.8716315466188947e-05;1.8567801087571756e-05;1.8063349904906383e-05;1.737645257562947e-05;1.6691522418083656e-05;1.6084034477762974e-05;1.5613310241092e-05;1.5436761716355805e-05;1.551648710012236e-05;1.592024091770877e-05;1.6686641561011482e-05;1.7652778250515843e-05;1.8373448652730932e-05;1.864878995762889e-05;1.8494675058576783e-05;1.806123917829666e-05;1.77866441811512e-05;1.7681486927413005e-05;1.7757472876040523e-05;1.7748578464867505e-05;1.7611187394416754e-05
2107.6020538027988;1.783573414485611e-08;2.7743687372340344e-08;2.507854599152785e-08;1.4005535467537891e-08;8.350186855720627e-09;1.6838812856288922e-08;6.70898847001608e-08;1.5995686877515329e-07;2.38960767915532e-07;2.361725765905999e-07;1.724987270006174e-07;9.449261468290945e-08;4.9559525141566885e-08;2.3937161601889995e-08;1.0839998785061816e-08;6.157672123450205e-09;1.1419458633061188e-08;2.3925868564826735e-08;3.0084522375754265e-08;2.562870985966146e-08;1.837226156296415e-08;1.4421652952949122e-08;1.2090527815049663e-08;1.0708868816009912e-08;8.479617577889528e-09;7.17421368319743e-09;1.1408628548721528e-08;2.2781028569579556e-08;3.4206422943281325e-08;3.4004962920547235e-08;2.2855129878697007e-08;1.0290397807884364e-08;5.207833612541146e-09;4.227493699585965e-09;1.2728337785967662e-08;4.8730307354747763e-08;1.2642797584553985e-07;2.1855564307532298e-07;2.5610826020079284e-07;2.1646541472796335e-07;1.3306009730577504e-07;1.1274230650264195e-07;2.342221942052115e-07;5.273906858216113e-07;9.800955689478927e-07;1.563550790898741e-06;2.270954987632268e-06;3.181157095054915e-06;4.466558561044038e-06;6.1526419996289564e-06;8.026101643960627e-06;9.721619552276734e-06;1.1218261184304192e-05;1.2757319722885896e-05;1.45436338341215e-05;1.6735999591791076e-05;1.9073441628417398e-05;2.1227914785622136e-05;2.3042857190043105e-05;2.4250407922503285e-05;2.4862676816149424e-05;2.495705988712009e-05;2.465459869365294e-05;2.4181338708985492e-05;2.3571006670160604e-05;2.2797812826579683e-05;2.20795917747448e-05;2.1647361160265544e-05;2.1572443287416156e-05;2.161846567828066e-05;2.1481956985507623e-05;2.0895601665112452e-05;1.9802545980733837e-05;1.85432150904068e-05;1.7353838027366164e-05;1.6650949283322733e-05;1.674554260665565e-05;1.774955322483803e-05;1.895905288271271e-05;1.962571902620928e-05;1.9412923804374818e-05;1.8572224130937355e-05;1.755386538152167e-05;1.6643381853668934e-05;1.5964694066451378e-05;1.5556999469749813e-05;1.54878356812262e-05;1.577492148348916e-05;1.6247971278366805e-05;1.6801836291219283e-05;1.7234650347597977e-05;1.751144858818176e-05;1.7663959857717208e-05;1.7824447222472723e-05;1.806668008375171e-05;1.8349416674829592e-05;1.8498218062528658e-05;1.8355095287506397e-05;1.7946524475296296e-05;1.7501022515667425e-05
2109.012487424643;7.317863518380192e-08;7.417844672591038e-08;5.07144860514399e-08;2.3366277906797426e-08;1.2737083077733368e-08;2.5755588630826348e-08;8.340090427195359e-08;2.014930474176673e-07;3.180566850220547e-07;3.470162632541804e-07;2.7776687882132426e-07;1.8248470162459956e-07;1.0232256967646132e-07;5.5400801910482816e-08;4.228376330811128e-08;5.191850629002425e-08;7.284489363234904e-08;9.333335485657089e-08;9.491137122530755e-08;7.211482816244675e-08;3.9629382409564755e-08;1.93060617322352e-08;1.6804267361587283e-08;1.8790500221555922e-08;1.5812257400724043e-08;1.3801701805403092e-08;2.245292521393315e-08;3.709248846121263e-08;4.2852511798393284e-08;3.2503194297479644e-08;1.5414011643893352e-08;5.171202765159838e-09;1.935208786204224e-09;2.694118171965712e-09;1.2330156687224275e-08;4.326793743802808e-08;1.1927361157450394e-07;2.196829628054433e-07;2.4346552047834925e-07;1.6541337391523197e-07;7.984574471621548e-08;5.7240280855688616e-08;1.3374208485701245e-07;4.288635519546952e-07;9.860225507916957e-07;1.6954892249746766e-06;2.437308737218724e-06;3.477728998553246e-06;5.0888486779824834e-06;7.228529020453482e-06;9.530122106672518e-06;1.1353880628605276e-05;1.2610836814470944e-05;1.365133423304089e-05;1.494090234662247e-05;1.6678378722211874e-05;1.8699640772732765e-05;2.0687296942844127e-05;2.2366839378453597e-05;2.3658986971145524e-05;2.4649496917314324e-05;2.544743488609571e-05;2.5517521797521207e-05;2.4966358115137247e-05;2.3848200573570928e-05;2.2084827275046397e-05;2.0748844823354528e-05;2.0343486015218517e-05;2.083815790195422e-05;2.14281988682504e-05;2.1388894783723528e-05;2.06846849648222e-05;1.951672782909929e-05;1.8341776680894545e-05;1.7661934515710322e-05;1.7429350865983323e-05;1.7543420253325857e-05;1.807398056791768e-05;1.882570656890569e-05;1.906817564228917e-05;1.8781932728006303e-05;1.809225214986955e-05;1.727506855614363e-05;1.6476774276649018e-05;1.588430144295397e-05;1.559883367633796e-05;1.5684075629522536e-05;1.6133362907917682e-05;1.6752074534981314e-05;1.7224102719655833e-05;1.733843606744744e-05;1.731319909899612e-05;1.7296722303638882e-05;1.7421853106241677e-05;1.7746468356164675e-05;1.7919621653438503e-05;1.7714514522010606e-05;1.733258630053258e-05;1.688034276016162e-05;1.653258359713293e-05
2110.422295954657;1.2057801893561062e-07;1.243277176927032e-07;9.118853377993489e-08;5.68809292401991e-08;5.1741191843273164e-08;5.71815519656965e-08;6.144005361282256e-08;9.519985502733487e-08;1.6857717758034078e-07;2.5723019366832826e-07;2.7127737391548976e-07;2.266790781571246e-07;1.3979859014745458e-07;8.012993675183971e-08;6.995417924652091e-08;9.556506448595728e-08;1.310707335493978e-07;1.53633268769989e-07;1.5097028525649138e-07;1.1863834794491317e-07;6.924993598433614e-08;3.070063903943604e-08;1.6690813145972507e-08;1.3317254195045757e-08;1.0417857480291658e-08;1.1242131358362078e-08;1.9975219359006956e-08;3.43853548946528e-08;4.5446469208948625e-08;5.115332319249416e-08;4.994012571885139e-08;3.9517468670384087e-08;2.0913474972539393e-08;8.048085822114951e-09;8.296200651755736e-09;2.07374058077233e-08;5.74476672551028e-08;1.1087636231320305e-07;1.241276347737838e-07;8.771412471682356e-08;6.030366101086473e-08;5.4035964153326625e-08;9.568436510709258e-08;3.175709394482721e-07;7.643500350661636e-07;1.1784430997967838e-06;1.5794902573799548e-06;2.392118284363761e-06;4.311093003953201e-06;7.148604149208468e-06;1.0069705306295774e-05;1.2473870709404338e-05;1.4041629197265151e-05;1.4821457051206024e-05;1.5643727291523934e-05;1.6784240570821826e-05;1.821963075240294e-05;1.963881451745385e-05;2.100940760925672e-05;2.2157690997387952e-05;2.315087255878408e-05;2.4006629248436767e-05;2.4416338896234844e-05;2.419065540621225e-05;2.2863638664518164e-05;2.077192265164105e-05;1.881306700767187e-05;1.7985866903188786e-05;1.839618592939633e-05;1.9285598378141432e-05;1.988586755789992e-05;2.0016051808647927e-05;1.97675001089571e-05;1.961518380544388e-05;1.96167763658142e-05;1.950397450992666e-05;1.9272831853082573e-05;1.8927254961815827e-05;1.849836729947696e-05;1.8124289848116023e-05;1.7739997514985927e-05;1.734594996767087e-05;1.697838041602736e-05;1.6692239312048546e-05;1.6475741853910175e-05;1.6493056825041637e-05;1.6880304942419864e-05;1.7471455581567103e-05;1.8027295423910743e-05;1.8239610908243226e-05;1.798880674227483e-05;1.7509933463443645e-05;1.7054713928302377e-05;1.684618285498237e-05;1.6783302785103005e-05;1.6600143663593087e-05;1.6179576209585947e-05;1.5664933494508755e-05;1.5254667260945245e-05;1.502952626007225e-05
2111.831479474269;5.6391450048309065e-08;5.987430558237629e-08;4.852664086644696e-08;5.448796813023844e-08;8.510536742601947e-08;9.446075422047055e-08;6.176454371476495e-08;3.1460463273378564e-08;6.328133940571279e-08;1.6124151807247074e-07;2.442377490086611e-07;2.318646066430543e-07;1.540266826371067e-07;8.386889866964877e-08;5.7072140457665713e-08;6.86276593135394e-08;8.807885222396186e-08;9.213225934457907e-08;8.198569538458477e-08;6.161038599120358e-08;3.566851760907608e-08;1.594073703710528e-08;8.222209237132387e-09;6.63333076924437e-09;6.935570588481265e-09;8.574657667610655e-09;1.1954849220444321e-08;1.8712494015882663e-08;3.563773343252189e-08;6.819447449338587e-08;9.70200724358014e-08;8.63733400737604e-08;4.72312353568029e-08;1.6717313190884838e-08;5.702542912958829e-09;2.953621626789025e-09;1.896038068094009e-09;2.137964879444174e-09;6.8746556898596555e-09;1.9597777449595132e-08;4.3952476868378014e-08;6.751426403378859e-08;8.559599230914065e-08;1.6612014981908064e-07;3.818922823263154e-07;6.312199961861877e-07;1.0527386879332526e-06;2.0342839050396336e-06;4.048479392668171e-06;6.913966601542068e-06;9.77027352018441e-06;1.205054988148388e-05;1.3628765012169102e-05;1.4780698983580556e-05;1.598129863096996e-05;1.7384684318687082e-05;1.8997143256786917e-05;2.0539480313305697e-05;2.1645760299117298e-05;2.1979903467896112e-05;2.206569666700915e-05;2.202987466962654e-05;2.2165022129656745e-05;2.214267956403953e-05;2.162920263162851e-05;2.1025404231596617e-05;2.01969066234424e-05;1.9719369682628448e-05;1.9729976191696285e-05;1.9892892484492484e-05;1.9874509429855413e-05;1.9627669683961057e-05;1.929719259100112e-05;1.910222795093424e-05;1.924652610540107e-05;1.9610303697176867e-05;1.999936189796036e-05;2.007506002174645e-05;1.962247107894393e-05;1.9135419314420343e-05;1.85904369444912e-05;1.8115330904736455e-05;1.7720393766811332e-05;1.7393708996107803e-05;1.7336995153291618e-05;1.7552844178448e-05;1.806326916055997e-05;1.8587233242656092e-05;1.875426600561794e-05;1.850531841406805e-05;1.7843357911471502e-05;1.7019834667913193e-05;1.6269718278216147e-05;1.559770260228045e-05;1.5133374959861316e-05;1.5003149468921484e-05;1.533081550125093e-05;1.564439423590579e-05;1.5808805145534105e-05;1.583142553311266e-05
2113.2400380649524;5.4013056339003225e-08;4.0817134566480326e-08;2.6873950363434015e-08;3.509830960282427e-08;5.728715599456309e-08;7.249208846945578e-08;6.660392309647503e-08;6.345524668289293e-08;8.443638238510751e-08;1.1940612891983952e-07;1.493015966313845e-07;1.2723499874665264e-07;8.204683256937575e-08;4.2716029933324875e-08;2.8188389219133123e-08;3.774841473860848e-08;4.7549713122583154e-08;4.844775481716948e-08;5.6018006476052145e-08;6.113591863996975e-08;5.064035416721047e-08;3.3755999172962696e-08;2.1186652810041223e-08;1.4837845802142408e-08;1.1192736382323132e-08;8.250736686359331e-09;5.728545630531656e-09;4.9467722079336495e-09;1.33636359493329e-08;3.5581512865774806e-08;6.254031917507903e-08;6.920301386169667e-08;4.8914902724396215e-08;2.1897132189281777e-08;7.502466514798198e-09;2.728742363634549e-09;1.4265313756429159e-09;8.150601371571047e-10;8.95025288778387e-10;4.7957088612509776e-09;2.8413095757438932e-08;8.485558631493226e-08;1.6742432402184658e-07;2.770809369735445e-07;4.823759681391363e-07;8.650028135547665e-07;1.4887089299064378e-06;2.4966208644392186e-06;4.0890379124494726e-06;6.189542482585052e-06;8.53615052194439e-06;1.073385178999444e-05;1.2773478907370987e-05;1.4957887918597286e-05;1.7181900996314724e-05;1.933436091330526e-05;2.107190701780086e-05;2.2180725181451484e-05;2.2418741116879594e-05;2.177883193692284e-05;2.1098824004569988e-05;2.080035737319815e-05;2.10018294639062e-05;2.1161304910308447e-05;2.132501205624818e-05;2.141888369047778e-05;2.1476713658542752e-05;2.1496515172032508e-05;2.1628755844277843e-05;2.1544889950365967e-05;2.1029138954228703e-05;2.009661471933865e-05;1.900895198637941e-05;1.826327605401643e-05;1.8190155585119837e-05;1.885693109706748e-05;1.979463648913461e-05;2.0408543688523427e-05;2.045469772406112e-05;1.989775434163305e-05;1.917594733588215e-05;1.833559339026424e-05;1.7697577419284563e-05;1.7394509018907736e-05;1.752254359155369e-05;1.7901009046433108e-05;1.817266807285216e-05;1.808055321561252e-05;1.751453152488721e-05;1.6996122851485093e-05;1.6612492602245767e-05;1.6353228542291622e-05;1.5976988189636437e-05;1.533200389852502e-05;1.469017432067228e-05;1.4732589008307449e-05;1.5563807231376608e-05;1.6655979373418277e-05;1.731397786095061e-05;1.7491927614725198e-05
2114.6479718082155;1.232307850405893e-07;1.0973209373241593e-07;6.890506698733327e-08;2.989151501071604e-08;2.0091811965340284e-08;2.686248475671065e-08;4.9344842638146144e-08;8.807234212720327e-08;1.2023602678136858e-07;1.4139717925133598e-07;1.35221203578088e-07;1.252900548587358e-07;1.2275868716274904e-07;1.2747548265182398e-07;1.386687646339156e-07;1.512279209002315e-07;1.548982267585894e-07;1.588435029432341e-07;1.7857207318784577e-07;1.9199564416648681e-07;1.728409620804423e-07;1.2203634778333806e-07;5.98873277643559e-08;2.6506443700952863e-08;1.24975384232275e-08;6.79256541571709e-09;3.348926671473581e-09;1.681029448118134e-09;1.2676056582507792e-09;4.028828326851552e-09;1.9213380542197744e-08;4.435176813515616e-08;6.685561950179823e-08;7.449774890890544e-08;6.416671643965168e-08;3.952908175980393e-08;1.6946497578154605e-08;6.2725627476106935e-09;2.9211891137008374e-09;3.4624921269178447e-09;2.4490581989676653e-08;1.262544858182178e-07;3.339990563281287e-07;6.079225032835515e-07;9.225214366428616e-07;1.3427574945519528e-06;1.9311309348310137e-06;2.7104955338621537e-06;3.833791632078224e-06;5.452362822578291e-06;7.543585631623945e-06;1.0023222689184611e-05;1.2716738246252216e-05;1.548918662287688e-05;1.814455280313723e-05;2.0375506997550937e-05;2.1852338657985007e-05;2.2344450808796565e-05;2.2026848965188848e-05;2.148776040742449e-05;2.1035916011914657e-05;2.10071180416311e-05;2.1399784538878466e-05;2.1637139622896276e-05;2.1577319537936367e-05;2.1373186724291252e-05;2.1197704176615483e-05;2.1227173445774692e-05;2.137191722229624e-05;2.1380739603153324e-05;2.0991211783517277e-05;2.0230332833969866e-05;1.943865419729223e-05;1.8647718987563323e-05;1.850529952197376e-05;1.880029947424469e-05;1.945185055914e-05;1.9944962022055737e-05;2.001094530468246e-05;1.949750230784069e-05;1.8609469583786024e-05;1.7565518388663767e-05;1.7059253299498476e-05;1.742634226512145e-05;1.8117684018543944e-05;1.860067475121263e-05;1.840643749448003e-05;1.7547851119728373e-05;1.64900784886053e-05;1.583448986380808e-05;1.583163621368707e-05;1.6286586638012158e-05;1.6653990972134177e-05;1.6566203048854423e-05;1.611019051588989e-05;1.580082737481189e-05;1.587932487591984e-05;1.615526629898987e-05;1.6213303989540777e-05;1.6115088459860484e-05
2116.055280785593;1.5108682162653552e-07;1.82374873275554e-07;1.508314238042715e-07;7.710221286528218e-08;3.2622743472415376e-08;1.759902663223944e-08;2.370335926452585e-08;4.7884475069305867e-08;9.277368575713492e-08;1.383424957864947e-07;1.774790544001474e-07;2.0552094145685305e-07;2.267596801310683e-07;2.453030968321236e-07;2.609579816735345e-07;2.67284114237323e-07;2.5906355631522344e-07;2.48652759853554e-07;2.547284473606654e-07;2.727397984853755e-07;2.6952259048432816e-07;2.024369180258417e-07;1.0428285996244553e-07;3.635790433506879e-08;1.2926974188373188e-08;6.6882401022728984e-09;3.552963783515343e-09;1.983341091164334e-09;1.1116347229269223e-09;2.1118444975717726e-09;1.3763491070028326e-08;4.434857529759213e-08;8.726320799029903e-08;1.2961636553358188e-07;1.459471579949274e-07;1.3756235884803006e-07;1.322231880148893e-07;1.3485066689382818e-07;1.301901072903078e-07;1.2049200983934493e-07;1.3008383653425097e-07;2.2263931358603754e-07;4.182179954560477e-07;6.955975176416249e-07;1.005613656535145e-06;1.409872582946971e-06;1.9606027320236056e-06;2.8010234541151792e-06;3.904244239447062e-06;5.606998606714327e-06;7.881023020545478e-06;1.0421702214601507e-05;1.2987511850541596e-05;1.5248874924951076e-05;1.712141741427454e-05;1.8701413782301916e-05;1.9998896580771926e-05;2.101753176756248e-05;2.166795631070385e-05;2.1989038419805768e-05;2.196476483750945e-05;2.179664809735833e-05;2.1597281750207275e-05;2.1374965643006043e-05;2.1129932251373107e-05;2.1004833093597493e-05;2.0992369271027752e-05;2.105577606670982e-05;2.089710799257216e-05;2.0529055386785866e-05;2.0129307125304304e-05;1.9845516334522038e-05;1.9730505662887128e-05;1.9474823942952152e-05;1.9162896159177835e-05;1.897986138363193e-05;1.9031219738339403e-05;1.9322877225231632e-05;1.958264303424386e-05;1.9455137470234638e-05;1.8778408865826387e-05;1.8098227056079168e-05;1.7933869095979194e-05;1.821764404655371e-05;1.8720351922899795e-05;1.867629640245062e-05;1.810649320612429e-05;1.7281781650365913e-05;1.6629026755350264e-05;1.6196323471452313e-05;1.62173704199329e-05;1.655430091168235e-05;1.6932184481215863e-05;1.6949112034794504e-05;1.6711114318674952e-05;1.638122167911192e-05;1.603660499398746e-05;1.574794333962628e-05;1.5461772377112883e-05;1.5253588792254537e-05
2117.461965078659;1.637470224007706e-07;2.2672868213905134e-07;2.1110371219844362e-07;1.2687271382482138e-07;5.800316436190279e-08;3.5584289682735143e-08;4.492177914244258e-08;6.130099501901059e-08;7.739999712883033e-08;8.749648141286862e-08;9.867907819537393e-08;1.0700398966956289e-07;1.152387410450685e-07;1.2359314416232405e-07;1.3099752812813518e-07;1.346923338568449e-07;1.3453196713496341e-07;1.37424368004176e-07;1.629803590932209e-07;2.1834746574866421e-07;2.5953270580773185e-07;2.240693029131169e-07;1.502229557459286e-07;7.95769287650806e-08;3.9482571652533664e-08;1.522189359068379e-08;5.9335780198899514e-09;2.9891954149481953e-09;1.6254011527648576e-09;2.043044212341248e-09;6.894376647500908e-09;2.237424209614289e-08;4.4450427637818e-08;7.676302600824388e-08;1.1465450999500221e-07;1.61488271622991e-07;2.1585809201664442e-07;2.51978562910128e-07;2.522482325263804e-07;2.329229642876822e-07;2.2321056238714747e-07;2.513540747329942e-07;3.288637076831185e-07;4.562518094563345e-07;6.994392385372832e-07;1.1068989450955045e-06;1.7046649925303202e-06;2.619934221723682e-06;4.008440329518425e-06;5.917103031649663e-06;8.150317191610933e-06;1.0357559637937608e-05;1.2410211931942974e-05;1.4258709041296752e-05;1.5884888380564956e-05;1.7490321730608887e-05;1.907943519674117e-05;2.0602318592767623e-05;2.187335904000779e-05;2.2540847523764613e-05;2.241847211784718e-05;2.1785511795564644e-05;2.107361087078169e-05;2.0551978294970305e-05;2.032922653499864e-05;2.0297495222901e-05;2.039523633288482e-05;2.035947423526406e-05;2.0085284414297376e-05;1.9778546081119583e-05;1.9798580807103637e-05;2.0041334623131667e-05;2.0492274359152425e-05;2.039096204862186e-05;1.9336798916749727e-05;1.8100165884547004e-05;1.720689735848644e-05;1.7057321876837266e-05;1.752209722785607e-05;1.8075562265884905e-05;1.8405673545191e-05;1.8547182227252023e-05;1.849192690388875e-05;1.832721241637148e-05;1.7994355637434674e-05;1.754138173967974e-05;1.716413429192416e-05;1.6969563148340385e-05;1.6893625535587873e-05;1.6921501856894657e-05;1.698853332666062e-05;1.694347805991316e-05;1.674895594737585e-05;1.6469472906548232e-05;1.6211405477849703e-05;1.6099714623975175e-05;1.6172803161525277e-05;1.6390948898418988e-05;1.6546926585999324e-05;1.661275906301358e-05
2118.868024769028;8.319711067314455e-08;1.160446710689606e-07;1.0855977170245799e-07;6.636619083350558e-08;3.543178732952718e-08;3.8754978073352807e-08;7.357551364507102e-08;1.1184618589377081e-07;1.074838673775198e-07;7.268050123013475e-08;3.99983880607452e-08;1.9113307932167983e-08;6.4480748888500636e-09;2.609991519814906e-09;1.487940483351854e-09;1.8449364848060718e-09;5.932658910216114e-09;1.6695959264340014e-08;4.667152145786386e-08;1.0482942129149688e-07;1.51216880284847e-07;1.635230120667561e-07;1.4588451057890793e-07;1.079080013905637e-07;6.225674676565373e-08;2.827606401591765e-08;1.6936197641968842e-08;2.3700234690393496e-08;3.92535790507176e-08;5.154358918404608e-08;5.3678755822464365e-08;4.344902743479985e-08;2.3153748628632343e-08;1.9114043611628223e-08;3.170798850295245e-08;6.380959130591574e-08;1.0098871227372165e-07;1.2373017005989986e-07;1.2522601056655302e-07;1.1750165896189897e-07;1.2444482426640226e-07;1.52705692172983e-07;1.8943436976188413e-07;2.240036588738592e-07;3.537538358229131e-07;6.45504953708786e-07;1.2255199408370971e-06;2.275801318869598e-06;4.0811206173940485e-06;6.523971841252664e-06;9.035493057874594e-06;1.1160109303074263e-05;1.2802645645186265e-05;1.4328756229055934e-05;1.6043019825467015e-05;1.8025324568913583e-05;2.0240981286660435e-05;2.2249155148629712e-05;2.363036159339069e-05;2.4039176250490336e-05;2.328396672436667e-05;2.1786841309474538e-05;2.060536094146728e-05;1.9750479836941037e-05;1.9430079621614063e-05;1.94661299669367e-05;1.9679157461478127e-05;1.991236406695899e-05;2.002390334445604e-05;2.0017595843399497e-05;1.9977898560248244e-05;2.004036881708661e-05;2.0082241794693576e-05;1.9618306055648077e-05;1.8551918424208124e-05;1.7354476428478873e-05;1.6479503898643734e-05;1.6125552390345405e-05;1.6240574046997966e-05;1.6655974018133532e-05;1.7314278933826493e-05;1.7924158738337955e-05;1.8194022793211785e-05;1.817445017196565e-05;1.769562164077858e-05;1.725187894070881e-05;1.6962296649014148e-05;1.7005684231052484e-05;1.7305979941927836e-05;1.768670984705158e-05;1.7959259447055693e-05;1.7866470262693655e-05;1.734893724103299e-05;1.6724535066285625e-05;1.611905414563683e-05;1.5750358821085505e-05;1.5853974877409565e-05;1.6180957572854537e-05;1.6520724991075445e-05;1.6724979206785173e-05
2120.27345993834;1.764054245213955e-09;3.6316018605231596e-09;4.040737079137458e-09;3.289874420659832e-09;4.879025561499474e-09;1.4160488202787585e-08;3.561350284563268e-08;5.758488931805129e-08;6.376612607435317e-08;5.040211860339421e-08;3.604417526777817e-08;1.9865756470926826e-08;6.969457269090164e-09;2.45112464525946e-09;1.344184749172355e-09;9.352401851506375e-10;1.3252685904299466e-09;4.736682558283509e-09;1.892374119206717e-08;3.949727027062664e-08;5.1716355180891465e-08;6.139386690570315e-08;6.263370289335454e-08;5.2964997318566756e-08;3.989936863635957e-08;4.1479612208590784e-08;6.917078016413614e-08;1.0111986558514849e-07;1.1600240427430945e-07;1.1604737430550485e-07;1.089184517900501e-07;8.79809823099172e-08;6.084037799654765e-08;5.269483601046991e-08;6.004284851850608e-08;5.4412480962964486e-08;3.2817430866642865e-08;1.4841142317169806e-08;6.440323118844402e-09;6.975995919440221e-09;2.6536937052981998e-08;6.743641249410695e-08;1.1250580209406249e-07;1.4012432821004584e-07;1.8286091952969617e-07;4.110307984941472e-07;1.037229435045423e-06;2.337944675789457e-06;4.545370293783117e-06;7.501849188041317e-06;1.0606992148820883e-05;1.3105755240739794e-05;1.4769676390184192e-05;1.5904876425656836e-05;1.707748200172844e-05;1.875247491840635e-05;2.090065152623563e-05;2.3065376145779773e-05;2.475321571208327e-05;2.5240245829917477e-05;2.4245727512567214e-05;2.24488380202285e-05;2.06028014800568e-05;1.933119931140963e-05;1.884155099019993e-05;1.909786141717826e-05;1.9841235578036708e-05;2.087090362875999e-05;2.172330172899086e-05;2.1895790975975195e-05;2.125052835921858e-05;2.02582063592009e-05;1.9049855137211134e-05;1.8201348314708298e-05;1.777571053019416e-05;1.782110907817339e-05;1.802120913887658e-05;1.7901873984763295e-05;1.7388778352423445e-05;1.6852285212921945e-05;1.6841040033292047e-05;1.738790851488349e-05;1.8174498996705426e-05;1.860186239886731e-05;1.875253708865701e-05;1.8457660640596315e-05;1.7987200502956146e-05;1.7753304789731215e-05;1.805066577172397e-05;1.871750442489903e-05;1.931321760433458e-05;1.937007867265209e-05;1.8773122988379e-05;1.7749048907666243e-05;1.6706099241327916e-05;1.5976261408466526e-05;1.5675740899402568e-05;1.5611516644582025e-05;1.5635648208891065e-05;1.5648250521267366e-05
2121.678270668275;4.3627407952552285e-10;9.320346675747299e-10;1.137122814548062e-09;1.1835223479835502e-09;1.1263283876436946e-09;9.97298984564751e-10;9.14015491870969e-10;2.123152085541253e-09;7.2881642390167445e-09;1.3884217901610966e-08;1.4875782875264589e-08;1.0420988391562173e-08;1.0499955481195292e-08;2.6665479550227386e-08;5.0800596874708e-08;6.228994183809865e-08;5.2413921507730554e-08;3.3202513585969985e-08;2.2486544429853182e-08;1.8541783331387448e-08;1.619048779753257e-08;1.0159726057828782e-08;4.7668529517846885e-09;5.1732173550679115e-09;1.4845771875466618e-08;4.7565902021709315e-08;1.055399699444468e-07;1.39149286946042e-07;1.187170711119362e-07;8.1417616661752e-08;6.206292724558183e-08;5.9239672698707454e-08;8.601884449319785e-08;1.3361136211581358e-07;1.633989891686604e-07;1.3350766866114637e-07;7.531721685426424e-08;3.531531579179047e-08;1.806256873889698e-08;1.224839994077646e-08;1.3563786632194872e-08;2.4658261438655012e-08;4.3674493756413014e-08;5.7107697901234834e-08;9.694984852880801e-08;3.892358692270933e-07;1.2122326245499296e-06;2.759311295825722e-06;4.90302153143264e-06;7.460830711822572e-06;9.96349293918874e-06;1.2343041684054414e-05;1.4388654949675904e-05;1.6238229546776866e-05;1.7618653230344365e-05;1.9038549548853868e-05;2.0562513119448844e-05;2.189426258791997e-05;2.31529854173676e-05;2.4061295229326323e-05;2.430874807583054e-05;2.393070036517225e-05;2.281258086386032e-05;2.163924582130648e-05;2.074760578191283e-05;2.0512634594187152e-05;2.0889825858253924e-05;2.194088134230464e-05;2.266586874260366e-05;2.2799272595825757e-05;2.2119948811414012e-05;2.0822966901940924e-05;1.94882551300678e-05;1.842717964141164e-05;1.8025423394499745e-05;1.8208318405330675e-05;1.8438633908588817e-05;1.8425740464064037e-05;1.7936603506227078e-05;1.729535535148486e-05;1.6990526188583375e-05;1.728119695392894e-05;1.7937170564074876e-05;1.8699554250903103e-05;1.9274433860717262e-05;1.9302229288170457e-05;1.901465228633801e-05;1.860288251763784e-05;1.8436783876068288e-05;1.864759905166004e-05;1.8857631855955903e-05;1.871099679367577e-05;1.8189348405535147e-05;1.7523280560207006e-05;1.6940082570862457e-05;1.654733570743591e-05;1.6297001614750075e-05;1.6088622922651503e-05;1.5869870535266086e-05;1.570462107167274e-05
2123.0824570405493;1.3284087668725653e-07;8.07444655767758e-08;2.7845422144950552e-08;9.959424533621082e-09;5.065124812753565e-09;4.763024429745096e-09;1.6494198798402604e-08;5.5154886156319484e-08;6.062066797935304e-08;3.613918842145696e-08;1.4148842028743344e-08;6.808162261411319e-09;1.740297349147088e-08;5.906797091101265e-08;1.348241094983195e-07;1.8123151398790797e-07;1.498594059023419e-07;7.680395043676028e-08;3.1169841909495095e-08;1.209289876392654e-08;6.560276447508352e-09;4.207700138799344e-09;2.732557283332172e-09;2.6749756253933517e-09;5.1357686990620305e-09;2.3113540750113962e-08;4.94084605482159e-08;5.993590340198313e-08;4.0974954145178224e-08;1.5918285505622073e-08;6.052831193795243e-09;2.200146048856304e-08;8.016801443051875e-08;1.512745996128563e-07;1.7631480131858677e-07;1.3696357082932489e-07;7.794529248623344e-08;3.918064831609302e-08;2.190360798532791e-08;1.40290425059233e-08;8.196279159425953e-09;7.222001807570611e-09;1.4475508857013062e-08;3.381277631135194e-08;9.83523957477956e-08;3.9340985865734245e-07;1.256223593976811e-06;2.7355916796936583e-06;4.593296494122042e-06;6.585189441068644e-06;8.655881629888388e-06;1.0771108476008989e-05;1.30145840592947e-05;1.5106911388357128e-05;1.698918118403578e-05;1.854697566923999e-05;1.984076235192146e-05;2.1161374912221483e-05;2.243877330898094e-05;2.374285100578626e-05;2.489811500394592e-05;2.547612399697378e-05;2.5403414575766705e-05;2.4601465466540945e-05;2.356835796720848e-05;2.2706313235533674e-05;2.245849777574569e-05;2.2523407609577477e-05;2.2497141467518182e-05;2.2270713979815207e-05;2.168499856231033e-05;2.092860683085618e-05;2.008269539674536e-05;1.935997333984026e-05;1.870016604062737e-05;1.813887712738866e-05;1.7718185558369572e-05;1.7173884066449997e-05;1.6971150850741353e-05;1.7165288830839002e-05;1.7525173850423863e-05;1.822651731214065e-05;1.871812442839541e-05;1.912384301161407e-05;1.9124126492701616e-05;1.9032665578806503e-05;1.862724718245873e-05;1.808704028904723e-05;1.7593619664779933e-05;1.7175852398856263e-05;1.674269330812169e-05;1.6219780167750286e-05;1.585262235173245e-05;1.570454631878527e-05;1.5817914550466466e-05;1.6095277955233666e-05;1.6446564814609384e-05;1.6774283592937693e-05;1.7158867190076435e-05;1.7352470400701917e-05
2124.486019136908;2.655912878779972e-07;1.763576285330938e-07;8.45455252049724e-08;3.3824004854187484e-08;1.4814123673417252e-08;1.2491662237443424e-08;4.772844317491939e-08;1.092770732965083e-07;1.2085473643387968e-07;7.208733903679769e-08;2.812334216932553e-08;1.7767858505102944e-08;2.7139705628171888e-08;6.594208723877007e-08;1.3626395880961994e-07;1.7985694300834439e-07;1.4569476586294176e-07;7.797147701859359e-08;4.460994332213756e-08;4.2905145637071243e-08;4.0064626945288394e-08;2.6265527693800544e-08;1.1117701569017176e-08;3.675568957216337e-09;3.748582349290982e-09;1.8719403486460696e-08;5.9371429257325926e-08;1.423077840676324e-07;2.288460257960831e-07;2.295697474690684e-07;1.422256747968003e-07;6.226285594850304e-08;5.6430419418415695e-08;7.454292672049736e-08;8.346064075405696e-08;7.363226147804386e-08;5.0554688637874637e-08;2.687190233440762e-08;1.301312554720828e-08;9.007269916291108e-09;1.1540009133417164e-08;3.295394584395894e-08;8.869941745638537e-08;1.7790623566509965e-07;2.90452337251752e-07;5.26306713252363e-07;1.0811763615247363e-06;2.148538063134681e-06;3.819980902200158e-06;6.018860031225141e-06;8.653784448220513e-06;1.1049001162404366e-05;1.292678086759984e-05;1.4145615300176948e-05;1.5386502236859866e-05;1.6799995969776493e-05;1.8695647605867955e-05;2.131778706035677e-05;2.3751621716575523e-05;2.5313635142993216e-05;2.5614442805378227e-05;2.4954953085672818e-05;2.399551772170356e-05;2.3325214610660844e-05;2.3195217286166145e-05;2.347211662596181e-05;2.386651272031965e-05;2.364469367842321e-05;2.29837366672727e-05;2.200491154418742e-05;2.107577580910253e-05;2.060875397931498e-05;2.030471499557797e-05;1.993954012485992e-05;1.9311297368281405e-05;1.8301604457627844e-05;1.7218399425736576e-05;1.6172884329816295e-05;1.5994282377119303e-05;1.6869623575763627e-05;1.8257204242447e-05;1.9419399999633312e-05;1.992005886326303e-05;1.9712040378750064e-05;1.897014918908268e-05;1.822585593149551e-05;1.760389969132309e-05;1.7110302743523383e-05;1.680952194871233e-05;1.663065883379517e-05;1.6444811582663196e-05;1.6179172147315095e-05;1.5808542969434898e-05;1.5461124822076293e-05;1.5278032717282864e-05;1.5385806507326854e-05;1.5894506806117253e-05;1.6768865147710016e-05;1.7737103853604715e-05;1.836187802024481e-05
2125.888957039133;2.1465950506840458e-07;2.0180149966483757e-07;1.9237528756605413e-07;1.7297321843772224e-07;1.5127778190796806e-07;1.2509462168267165e-07;1.1250223178923065e-07;1.0092166112042737e-07;8.080010941059842e-08;4.43261193880515e-08;2.498291102280329e-08;3.4926246234848583e-08;6.287933143984933e-08;9.165680327937416e-08;1.0206526026459561e-07;9.558613270005883e-08;7.383855776865917e-08;8.414375513373569e-08;1.4477095120673528e-07;2.117648108566911e-07;2.1623851250208133e-07;1.5233964332673724e-07;7.088084465327556e-08;2.2546372642541553e-08;1.2867831862396332e-08;3.879427197206919e-08;1.2582109644284492e-07;3.118698988534381e-07;5.108111155188469e-07;5.195220754428305e-07;3.29861374678742e-07;1.3239392233851325e-07;4.656504537833032e-08;2.6140697606378497e-08;2.090781395483285e-08;2.1872352653165438e-08;1.9122626650040128e-08;1.1229962326534784e-08;4.967253872373628e-09;4.218260977506913e-09;1.440723969163098e-08;5.169810158846486e-08;1.4075593723660672e-07;2.754927379280151e-07;4.080958298295789e-07;5.861885155952282e-07;9.409356997393116e-07;1.8372257917203825e-06;3.488639228836978e-06;5.909966358372218e-06;8.564696921718514e-06;1.0987776533761995e-05;1.280134508598912e-05;1.3893484447055338e-05;1.480293118258576e-05;1.61118286650338e-05;1.8219220973295363e-05;2.1026231611112815e-05;2.3572276722834328e-05;2.500207701435949e-05;2.4917019738440563e-05;2.3606176371500552e-05;2.205132046249677e-05;2.1420664839421107e-05;2.182025782958944e-05;2.2694571605994115e-05;2.3397905092671973e-05;2.3328464039952247e-05;2.2566555988067625e-05;2.152601824048844e-05;2.075205386060757e-05;2.054150916476087e-05;2.0553288118969056e-05;2.022129100343311e-05;1.9284011294312904e-05;1.7990537402912463e-05;1.6816374231943512e-05;1.641592179683725e-05;1.712551232386024e-05;1.8315920179248733e-05;1.9493300041791415e-05;1.9803469577986917e-05;1.95215025841128e-05;1.860164997329935e-05;1.7824202639274817e-05;1.7146636374493505e-05;1.6797714279170904e-05;1.659761932545112e-05;1.65320661562072e-05;1.6652826715363287e-05;1.6914144870860856e-05;1.723646438739169e-05;1.72937213118175e-05;1.7184362804310998e-05;1.680646600548501e-05;1.6386328376228338e-05;1.6271544142782855e-05;1.6680465803920307e-05;1.728993304022361e-05;1.7643464061716104e-05
2127.2912708290387;2.1464155102036218e-07;2.447384274252048e-07;2.8397394280074866e-07;3.010248696575523e-07;2.8613270693611133e-07;2.531412999343109e-07;2.0379006901910897e-07;1.3554836638700858e-07;7.093844028880056e-08;3.345100485149931e-08;2.4416491013983243e-08;4.1820592214686857e-08;8.389923510678009e-08;1.1224766388180175e-07;1.0205032880081825e-07;6.9232785197506e-08;5.2411167491104246e-08;1.0433967633998622e-07;2.346317211051168e-07;3.5716099965419497e-07;3.996613970378065e-07;3.302149342134888e-07;1.8965945797367682e-07;7.622333463847697e-08;3.329918342261686e-08;3.3890455883443946e-08;7.860338459234047e-08;1.9970845357476242e-07;3.368902339096092e-07;3.518135184668514e-07;2.3579908707059358e-07;1.0530166097211913e-07;3.785744085133437e-08;2.4698367665228666e-08;2.1005345508600552e-08;1.5484568224897336e-08;8.944446768572941e-09;5.249562574088316e-09;3.5090945013225523e-09;2.559391747711134e-09;7.309269965418791e-09;2.4114045369232072e-08;6.561474214672831e-08;1.3310031155421494e-07;2.2478489246854346e-07;4.296752168811643e-07;8.99763760899321e-07;2.024918196343417e-06;3.900794304431941e-06;6.160589846393073e-06;8.431462347383622e-06;1.0625967622947277e-05;1.2623460008643493e-05;1.437497218018359e-05;1.5866697758725724e-05;1.7226485711858836e-05;1.8591500317263912e-05;2.022181446172217e-05;2.1686433425269476e-05;2.273464747668544e-05;2.321677219452024e-05;2.303579676844507e-05;2.235385860601e-05;2.187192750979965e-05;2.175091356475264e-05;2.1734305485693625e-05;2.1614384159365905e-05;2.124487668881905e-05;2.0850648012421936e-05;2.077136242789679e-05;2.112917578757257e-05;2.1685550995352344e-05;2.1933968972329445e-05;2.1376102313219396e-05;1.9801373264054382e-05;1.796228239979701e-05;1.689018452331541e-05;1.728526553412774e-05;1.856352935795624e-05;1.991435575932237e-05;2.052347836516136e-05;2.0034867763065043e-05;1.8983076304926297e-05;1.786942079226801e-05;1.7130454302577284e-05;1.6686554181078562e-05;1.6376077607685076e-05;1.6076690410936554e-05;1.587344610859332e-05;1.6031766071185924e-05;1.6331051167944973e-05;1.677809338061595e-05;1.7177177106981995e-05;1.7326117922405327e-05;1.726714368894295e-05;1.691197988991251e-05;1.654318325799307e-05;1.6507711851025462e-05;1.6571657415447314e-05;1.6653982315422755e-05
2128.69296058848;2.633202144807371e-07;2.127656096429579e-07;1.812921868851079e-07;1.6810890291900462e-07;1.572957026666306e-07;1.586384044986691e-07;1.6673012645946965e-07;1.4249326645187094e-07;9.199642555985889e-08;4.7157264519265735e-08;2.2858872485674768e-08;2.539634912538667e-08;5.51007180901624e-08;9.43038517914527e-08;1.0759412432094173e-07;9.105102188719084e-08;6.709724526590444e-08;7.865712258208433e-08;1.37133291096931e-07;2.2893995187395874e-07;3.1291044257619816e-07;3.164026106464156e-07;2.197694992444333e-07;1.1263196358888424e-07;5.2394042158624826e-08;2.6388576415011564e-08;1.9932331603184205e-08;3.5447484540259506e-08;5.824815293221625e-08;6.361327964948277e-08;4.890428622292274e-08;2.7976508637588273e-08;1.6913954000380083e-08;2.582094943525401e-08;7.450081310692242e-08;1.526532736524684e-07;1.8658400650563284e-07;1.3317884375367185e-07;5.2356570106724046e-08;1.2851728278154096e-08;5.855884920781497e-09;2.918255702395556e-09;4.330570778561129e-09;2.6064639517676348e-08;1.2347940600092497e-07;4.224052946638133e-07;1.123244806318724e-06;2.447273820230496e-06;4.407430518748577e-06;6.586956209290801e-06;8.672976635210842e-06;1.0574752840592022e-05;1.2327570311701506e-05;1.3930273683423386e-05;1.5435301453423337e-05;1.682343049751565e-05;1.814722211994287e-05;1.928290068751144e-05;2.0263732201027296e-05;2.087851676645445e-05;2.122444284034292e-05;2.1464384455691424e-05;2.167702270736507e-05;2.1922449402738345e-05;2.190230520270761e-05;2.174191102058928e-05;2.1256100283983823e-05;2.05107515070182e-05;1.978632950437698e-05;1.9649020784220327e-05;2.041027786063312e-05;2.1422235926176872e-05;2.217218589366649e-05;2.2004056872619276e-05;2.0890311828707907e-05;1.948731560158287e-05;1.8584268817678465e-05;1.8629179434437175e-05;1.882998075373156e-05;1.92178160463315e-05;1.934153531121564e-05;1.9151485827649012e-05;1.886941394774804e-05;1.8584313840117936e-05;1.8128317049893504e-05;1.753956368546929e-05;1.686421314183336e-05;1.6255050183057423e-05;1.5924256136429102e-05;1.5963489081700374e-05;1.6221912007335865e-05;1.6489345163493386e-05;1.647147489731029e-05;1.5946588600045988e-05;1.5290743385155893e-05;1.4862520257679922e-05;1.4889231806498676e-05;1.533664171521374e-05;1.5803213644210664e-05;1.6133222834670817e-05
2130.09402639934;1.940372514246636e-07;1.1760391665596326e-07;6.02923734716449e-08;3.470331965512391e-08;2.699154999361303e-08;3.300978456660635e-08;4.7932250126452704e-08;5.4955238155519254e-08;4.250596706264954e-08;2.3302600227304023e-08;1.1440541078192914e-08;1.0207936864649733e-08;2.8083035565644594e-08;7.211913942948357e-08;1.122273029685134e-07;1.1363989071922939e-07;8.223408811706282e-08;5.15168919372197e-08;5.230958621273492e-08;9.626229227202216e-08;1.604470545358659e-07;1.695350394037981e-07;1.2003859817115664e-07;8.014954912607612e-08;5.2838983153809264e-08;2.7987103714525182e-08;1.4666773748882365e-08;1.0173485561983402e-08;6.441657049069004e-09;3.3477192372286013e-09;2.1561750241521402e-09;2.5503187936658313e-09;5.410792040533493e-09;2.5368094922882385e-08;1.1173962169016973e-07;2.7404026519650544e-07;3.563333312339216e-07;2.592207836614048e-07;1.1122195897021775e-07;4.59896126932684e-08;4.779127341497481e-08;6.388045512024224e-08;6.900222321280997e-08;8.406661036508897e-08;2.00679765792072e-07;5.343831118086079e-07;1.265037237607474e-06;2.524681621433222e-06;4.336648513134259e-06;6.378628820048758e-06;8.230388793668685e-06;9.6087070013619e-06;1.0749628279694002e-05;1.1983898116378165e-05;1.361086791604912e-05;1.5617402873142876e-05;1.78246856984795e-05;1.9614893715232024e-05;2.08634739530344e-05;2.1387008285977997e-05;2.1395691033115185e-05;2.126152077438176e-05;2.1454278665015e-05;2.1853648441524087e-05;2.2292572661690623e-05;2.2443435300910215e-05;2.200130324032003e-05;2.0908906481166948e-05;1.9606254739094092e-05;1.867481674703789e-05;1.833013131742332e-05;1.8674843665973377e-05;1.932046913744448e-05;1.983941092724368e-05;2.008581246183402e-05;2.011151649153498e-05;2.008280031786924e-05;1.985538624845192e-05;1.93299832565491e-05;1.8577816366045418e-05;1.789726854020935e-05;1.7602943988662282e-05;1.7763900874286477e-05;1.8182196992559787e-05;1.853104259780854e-05;1.842132815136849e-05;1.7927402973844187e-05;1.7165300145919948e-05;1.6396628281979214e-05;1.583701161796286e-05;1.5829893638197465e-05;1.609631435534019e-05;1.6182056269910727e-05;1.562791830385474e-05;1.4609869626179924e-05;1.3797488785656432e-05;1.3623370772569056e-05;1.4046577994164075e-05;1.4884826676719172e-05;1.5582575601279118e-05
2131.4944683435315;1.1030062780269543e-07;1.011244954760937e-07;8.296253612634723e-08;6.03895508692813e-08;4.1295530303556945e-08;2.572064260766809e-08;1.6179677292012206e-08;1.3149216540347416e-08;9.535847256973866e-09;5.880421625787985e-09;5.530183548758392e-09;8.241651660291866e-09;1.4239563767882531e-08;3.2616886829569745e-08;5.674073333093449e-08;5.7458720993514096e-08;4.6487928643138514e-08;4.5363425148896296e-08;8.247119166236862e-08;1.3518913590321224e-07;1.594890725693322e-07;1.3860113135041878e-07;1.0465385009407593e-07;8.83264428043613e-08;8.26765300192051e-08;6.841177572886036e-08;5.607146856246374e-08;5.328617609264338e-08;5.5291553644444924e-08;6.067713180745297e-08;6.591192011520662e-08;6.489210486047056e-08;5.8309683197424096e-08;5.895825486115325e-08;9.637026116617245e-08;1.7913427350927105e-07;2.287810431633211e-07;1.9182634055503277e-07;1.229589043468832e-07;9.44814459250856e-08;1.0122722081573605e-07;1.3281439711825517e-07;1.6539197874369752e-07;2.1056674810175078e-07;3.420510261840849e-07;6.477971074450634e-07;1.207073967675004e-06;2.182785296573128e-06;3.584053655702525e-06;5.160288534829274e-06;6.635226458393586e-06;7.895122277025922e-06;9.059235874287512e-06;1.0849617841901718e-05;1.3188919212127926e-05;1.601595222710984e-05;1.887082506712969e-05;2.1206584128695256e-05;2.273967460415853e-05;2.350806860666327e-05;2.3601437297140532e-05;2.3115459772820583e-05;2.240992094772833e-05;2.1863604292029323e-05;2.168491320845229e-05;2.165165552542536e-05;2.1341585277818663e-05;2.0721108874505067e-05;1.9875100389343643e-05;1.902941278871036e-05;1.833860555157447e-05;1.7929182456091757e-05;1.78195781909835e-05;1.796600405200287e-05;1.836880429123197e-05;1.893327401799282e-05;1.9574278778153004e-05;2.000787166921201e-05;1.996917748639382e-05;1.9305383525106685e-05;1.822305491482892e-05;1.7211644518094062e-05;1.6734533885963643e-05;1.7051480803501793e-05;1.769959824542988e-05;1.8253638881340683e-05;1.8165311345093417e-05;1.7220046207350227e-05;1.5784558653408876e-05;1.456178641270766e-05;1.4212136318662356e-05;1.476633041241256e-05;1.5666811904207424e-05;1.6059635529379007e-05;1.5708722753494497e-05;1.4756651586740227e-05;1.3854824021687403e-05;1.3663277015032725e-05;1.4068284202381018e-05;1.4760734863552836e-05
2132.8942865030185;9.704426125398509e-08;1.6420653571606502e-07;1.9023715605164097e-07;1.682388442474652e-07;1.190819372634102e-07;6.728860201756422e-08;3.401201836767135e-08;2.619424820791525e-08;2.0874427084038453e-08;2.7896215330791267e-08;4.816519801757438e-08;7.135337152703733e-08;7.618825026770831e-08;5.5718880168417856e-08;2.7415991817763316e-08;1.0471155863236641e-08;1.2020049761354087e-08;3.598255500490163e-08;8.290451315731406e-08;1.3293470525380049e-07;1.4760675685063458e-07;1.5074180693589628e-07;1.531516994742784e-07;1.4983176955232093e-07;1.377216292574312e-07;1.17399058538778e-07;1.0197210521477345e-07;9.761080815833429e-08;1.046061776622528e-07;1.1908952672856569e-07;1.4053044485581572e-07;1.5841343689483506e-07;1.632845424247502e-07;1.510482583186277e-07;1.290591549930359e-07;1.1467905499695112e-07;1.1840138602484513e-07;1.3021280563799293e-07;1.311997788553183e-07;1.1105589449980723e-07;8.784974458729693e-08;9.002103103044427e-08;1.4106191168992998e-07;2.512029422933423e-07;4.438276532366942e-07;7.57705331418391e-07;1.2951829266642284e-06;2.135166955008644e-06;3.268448539557594e-06;4.550532532986301e-06;5.985675219856443e-06;7.503511836674953e-06;9.183370515330553e-06;1.121835308835656e-05;1.374517486169924e-05;1.6660639776830454e-05;1.9522790178082173e-05;2.1865204894466185e-05;2.3373024555103293e-05;2.4057574111067148e-05;2.395917538758673e-05;2.3203527847478263e-05;2.2181481052447195e-05;2.1291716981250256e-05;2.064972546750884e-05;2.021382072930983e-05;1.9914516842003832e-05;1.963194484277359e-05;1.939043272770856e-05;1.924409801282944e-05;1.942629261633585e-05;1.960921777927015e-05;1.954937814446748e-05;1.9213852461754724e-05;1.870782684351161e-05;1.84164771178208e-05;1.859507896120309e-05;1.9072282642640185e-05;1.9471581715667342e-05;1.9359657167257727e-05;1.855234066589285e-05;1.7455155391860645e-05;1.667529502931656e-05;1.6455094997159198e-05;1.6673898653611372e-05;1.6900082202107467e-05;1.671466626414426e-05;1.6057147602615764e-05;1.5190349193334611e-05;1.439208165863112e-05;1.419637577142168e-05;1.4527208123055328e-05;1.51663292462741e-05;1.5359687296817207e-05;1.5091508771274893e-05;1.45556415661087e-05;1.4130385656035512e-05;1.4018048138042464e-05;1.4378996512532736e-05;1.4810670139270894e-05
2134.293480959779;7.006725117000094e-08;1.5680814501915253e-07;2.209867612458905e-07;2.301727057207727e-07;1.7799174076859222e-07;9.954215014056965e-08;4.4289209819893645e-08;2.3951414811475537e-08;2.2667899796278937e-08;4.4207141874894966e-08;9.098455704926465e-08;1.377739804565102e-07;1.4707904804205688e-07;1.0833225221102344e-07;5.3752318288801627e-08;1.9552251980434352e-08;1.36220537048323e-08;3.154010265463564e-08;6.583028849918263e-08;9.609009796490701e-08;1.1221548938930648e-07;1.2586090972270016e-07;1.4982260814350137e-07;1.6506784308684334e-07;1.5465910598581685e-07;1.278903414581295e-07;1.038432203459038e-07;8.596710461319433e-08;7.06547494959997e-08;6.8483530459113e-08;8.85144941184806e-08;1.275547815591659e-07;1.613413844828989e-07;1.66357867305824e-07;1.4452668157290634e-07;1.3557701547093541e-07;1.6295820023356566e-07;1.871258186886257e-07;1.61791862266115e-07;9.845022613492483e-08;5.138216036026884e-08;2.9194271462585743e-08;4.789979409972695e-08;1.1936962388378425e-07;2.956827912632184e-07;6.933910194127572e-07;1.4196376153932864e-06;2.480693150613782e-06;3.827109725351652e-06;5.275076092268508e-06;6.801058047549644e-06;8.392033599574468e-06;1.004362904878046e-05;1.1839134499022655e-05;1.3901444892386218e-05;1.6321215323928367e-05;1.889706218094369e-05;2.1155494001247457e-05;2.259008230027232e-05;2.3119382119623304e-05;2.298027162462248e-05;2.250214994253305e-05;2.1952206279225027e-05;2.139590931856163e-05;2.1016652112126214e-05;2.056146913915844e-05;1.9921480457861323e-05;1.916725786118313e-05;1.8647772200121666e-05;1.8701784133005688e-05;1.921256819213308e-05;1.995330403273508e-05;2.0510659349600277e-05;2.0421976858927407e-05;1.9756986733275395e-05;1.890427840607123e-05;1.84175951986854e-05;1.8385978894304697e-05;1.8671603220646547e-05;1.870268848833462e-05;1.8242329856668468e-05;1.743777415750171e-05;1.6511471775761674e-05;1.6003532020440217e-05;1.590139558399607e-05;1.5937427627470926e-05;1.5897021356905438e-05;1.5885464837741626e-05;1.598403502411874e-05;1.6142506047260718e-05;1.6130172115509944e-05;1.571630601841445e-05;1.4960670391352334e-05;1.4198225259934488e-05;1.3747978124523262e-05;1.3908102982476896e-05;1.4521321180383464e-05;1.5161292331280156e-05;1.573707103292632e-05;1.6031517967115287e-05
2135.692051795835;1.9851383930891743e-08;5.0339307977319817e-08;8.63404511598327e-08;1.0341044635009853e-07;8.836987345149256e-08;6.612955650296774e-08;5.998800543885314e-08;6.209906717201514e-08;5.247507769047877e-08;4.1658829738227215e-08;5.829764040503993e-08;7.931598533247076e-08;8.074128301972172e-08;5.709464768808604e-08;2.7925899914669887e-08;1.0866310761004985e-08;1.2325595129608926e-08;3.438712173445394e-08;7.163616054175353e-08;1.0194484372574919e-07;1.1442694765367261e-07;1.1223574801693465e-07;1.1878615524286975e-07;1.2271101927089478e-07;1.2093535053205106e-07;1.1429687707212877e-07;9.606937484168002e-08;6.384926785868532e-08;3.4289002535677054e-08;2.0888661313270907e-08;2.3142897816345044e-08;4.1404610017143074e-08;6.375651039149196e-08;7.320623953304742e-08;7.29613475395192e-08;1.0203982244015253e-07;1.827247125824061e-07;2.351855435702949e-07;1.8408223664289346e-07;9.180911992477902e-08;3.999808731021186e-08;3.933189307099707e-08;8.98769251310758e-08;2.016282726917787e-07;4.384219759705114e-07;9.34365624940862e-07;1.7464422399603172e-06;2.873541907503346e-06;4.209723259383917e-06;5.752933728949515e-06;7.326137372473838e-06;8.978559714571313e-06;1.0690876657274632e-05;1.2474700889392822e-05;1.4418558956651646e-05;1.6542633693639492e-05;1.875676142944264e-05;2.0702690333403613e-05;2.205861019294286e-05;2.2784965752919374e-05;2.299934076255224e-05;2.281797597555001e-05;2.2418500482314915e-05;2.200452018846349e-05;2.1723814011051376e-05;2.142877354361957e-05;2.105341147759195e-05;2.0532495061490208e-05;1.982354654305405e-05;1.920165636358123e-05;1.8929750248894105e-05;1.8857715044592505e-05;1.895737548381669e-05;1.902333548391604e-05;1.888740790363578e-05;1.8712992959370905e-05;1.862412530084205e-05;1.8566869865308746e-05;1.853494900192317e-05;1.8237444209736725e-05;1.741711148544981e-05;1.6379814402218928e-05;1.5384460861964754e-05;1.4997748328200036e-05;1.5286788412690726e-05;1.6036715461395736e-05;1.6504440059891416e-05;1.699538569027225e-05;1.7302512343285494e-05;1.7673937572468262e-05;1.7800724907769173e-05;1.753313204974187e-05;1.663104994202981e-05;1.565223571640298e-05;1.4739762766037058e-05;1.4337096139061374e-05;1.470302130655012e-05;1.5344570084146753e-05;1.5882734414271562e-05;1.6139423470404165e-05
2137.0899990932376;2.748702858476136e-11;2.821951351871112e-10;1.1433164419004551e-09;1.690487491707099e-09;5.373418382906324e-09;2.8787530050261478e-08;7.581954009793855e-08;1.0576190948855807e-07;8.536882074077957e-08;4.4518496879185095e-08;2.355432261826076e-08;1.814049407979994e-08;1.1423301804232084e-08;4.894671658490181e-09;1.9269613627827477e-09;2.161343963205368e-09;8.654888243142698e-09;2.708466648831368e-08;4.845174534966773e-08;6.052332527358982e-08;6.68138444680029e-08;7.059669005766933e-08;6.43243876262453e-08;5.3891145298858277e-08;4.908782411380352e-08;5.165227869884749e-08;4.5934250217360645e-08;3.0865634025540296e-08;2.4961888512253147e-08;2.3363815670410574e-08;1.7851378764603288e-08;1.6577161021330416e-08;2.1918039659533116e-08;2.2489165489660423e-08;1.9566786310576625e-08;3.661834263163937e-08;8.587253731039798e-08;1.1571288579869069e-07;9.134490179419336e-08;4.418456598828235e-08;2.0798535032480882e-08;5.38137263943924e-08;1.7325428400137777e-07;4.056195675098013e-07;8.024910250119972e-07;1.397428419060686e-06;2.1565157978282445e-06;3.0839951856308577e-06;4.135574737290903e-06;5.443657078643783e-06;6.919609030892722e-06;8.654471928763201e-06;1.055380995729203e-05;1.2658459463484118e-05;1.4990066412440436e-05;1.725641990463066e-05;1.933927419090421e-05;2.1074131948202468e-05;2.2232652459818127e-05;2.3019795435525645e-05;2.338996611221495e-05;2.3293322566047144e-05;2.291176450487036e-05;2.2540431616906835e-05;2.2199860415905525e-05;2.1835003583887896e-05;2.1531346761497704e-05;2.1070756900823325e-05;2.043208477451266e-05;1.965959071446908e-05;1.89952805107172e-05;1.8410903507336203e-05;1.8008009529030276e-05;1.7836272679905473e-05;1.7846717548646523e-05;1.7881471258543236e-05;1.7852130994696005e-05;1.7627170354840964e-05;1.706425961558403e-05;1.6352863539232453e-05;1.560373963549713e-05;1.4954600701140884e-05;1.461361603519534e-05;1.474085645198136e-05;1.529755542570998e-05;1.6044205534526536e-05;1.6621908394766355e-05;1.71041350461265e-05;1.75254379860755e-05;1.7970559829452624e-05;1.8413167819282987e-05;1.8677643734968557e-05;1.8403136043664984e-05;1.7415219213392012e-05;1.607482804062424e-05;1.4993022022150664e-05;1.4587069779047294e-05;1.481708676191363e-05;1.5293396238232977e-05;1.560183670913534e-05
2138.4873229340774;2.1689852851809576e-10;1.0184345779749795e-09;2.6735609978858987e-09;3.3867221080858273e-09;3.3748857123156332e-09;1.0047702318298512e-08;3.815849112454676e-08;5.371826615931991e-08;4.68143583529668e-08;3.3618925394117704e-08;2.6505905766641314e-08;2.268064574088728e-08;1.2505678698455376e-08;5.548763491580186e-09;6.567060452356374e-09;1.813490672050299e-08;4.023558545340497e-08;6.001298912515585e-08;5.67403455008159e-08;3.680996561160529e-08;2.5803616247618284e-08;3.0508137964937966e-08;2.9026538944494812e-08;1.6477258038862582e-08;5.832180998651543e-09;2.669661784386826e-09;2.784462789892055e-09;5.492023810437735e-09;1.015823750383361e-08;1.1857633234244412e-08;9.450996898494825e-09;1.2945035178614924e-08;2.1088950107673377e-08;2.0370202759391432e-08;1.1086337136544e-08;3.582835466937306e-09;1.259439030370357e-09;6.402936761188425e-10;3.983326417287805e-10;3.8577051235334146e-10;5.369784696011254e-09;3.769617305546741e-08;1.409668277737511e-07;3.722188683105214e-07;7.68607662835673e-07;1.3422569156700362e-06;2.0411285521713726e-06;2.8426905211279974e-06;3.78344140452156e-06;4.890396564063567e-06;6.29953239893556e-06;8.013810339071514e-06;1.0041696529788956e-05;1.2359772692159503e-05;1.483642543318477e-05;1.7199804740805842e-05;1.9202232580401725e-05;2.0773276420640757e-05;2.1857992828135e-05;2.2621384737565143e-05;2.319158062741067e-05;2.335189888877727e-05;2.3185147986936466e-05;2.287914478757073e-05;2.2433790363769644e-05;2.178806969598521e-05;2.1077369669347056e-05;2.04096345081358e-05;1.9945545222707e-05;1.96324915028246e-05;1.923604126528845e-05;1.8759177961668637e-05;1.8368447749088705e-05;1.8072329548107857e-05;1.7880850068441614e-05;1.7685397130223527e-05;1.735652819733449e-05;1.6943170898236867e-05;1.6412353922366604e-05;1.6019532836558035e-05;1.6080013514997283e-05;1.6438813959816256e-05;1.6907527105670302e-05;1.7202619629115035e-05;1.716355082182654e-05;1.6898300448237378e-05;1.675527822550671e-05;1.6668017947570537e-05;1.696232891355414e-05;1.744286330667365e-05;1.7887289278670645e-05;1.80843777481827e-05;1.786246758131006e-05;1.7164731651227458e-05;1.6360631283927723e-05;1.5917165833163147e-05;1.563626376204641e-05;1.577588975097217e-05;1.597322250285204e-05;1.606349400308703e-05
2139.884023400471;1.2661978983623139e-09;2.5234917121405014e-09;3.28473474316612e-09;2.9028711806984707e-09;1.5186241357550844e-09;5.125962504626993e-10;9.826893087235456e-10;6.196650595447224e-09;2.4087172924368698e-08;6.389959401531371e-08;1.0916599454057022e-07;1.1573380489348099e-07;7.776982588327754e-08;3.722290063723996e-08;2.3423247586044722e-08;3.9226381525224745e-08;7.651179757800907e-08;1.0400434987083103e-07;9.339845074917923e-08;5.8364969410569833e-08;3.1254130894741454e-08;1.94566425606861e-08;1.3152872925889361e-08;6.868981937611693e-09;3.1590911693090756e-09;2.7581440954904324e-09;3.352961295045969e-09;3.23028506053205e-09;2.2302326495514635e-09;1.2881499295390375e-09;1.9409552309221942e-09;5.014775759921478e-09;9.141489352442868e-09;9.53409277274655e-09;5.299881355259462e-09;3.1657878257255662e-09;1.331751075925904e-09;5.870745997241821e-10;2.8919867024192124e-10;6.790389704583625e-10;5.2385187622091315e-09;3.1661725493887763e-08;1.199970202975495e-07;3.083965468801804e-07;6.05447084857089e-07;1.0155365757709436e-06;1.546160347976013e-06;2.199151359410029e-06;3.1040572508397665e-06;4.37444943755156e-06;6.085919395086332e-06;8.106400771116011e-06;1.065504333258321e-05;1.332626678140748e-05;1.585832059167106e-05;1.7988391187361073e-05;1.9413325834609465e-05;2.020547946154363e-05;2.0815569982112337e-05;2.14863451536702e-05;2.2297432818309445e-05;2.3021872377556084e-05;2.3262247262372952e-05;2.2883422412041517e-05;2.207956936519008e-05;2.1201333503817454e-05;2.050376722641416e-05;2.0267702401674717e-05;2.0227470760323743e-05;2.008022703869378e-05;1.980185768163492e-05;1.9283722102027924e-05;1.873450104633499e-05;1.8334556137109683e-05;1.8054863536730017e-05;1.786181645306554e-05;1.764728007969775e-05;1.746161154522406e-05;1.744498117739659e-05;1.7728671801134467e-05;1.822884134463373e-05;1.876468761992487e-05;1.9245470744346887e-05;1.939254613098725e-05;1.906239088727841e-05;1.829249928744961e-05;1.756948491649578e-05;1.7075004250455865e-05;1.693930553012241e-05;1.699818104911962e-05;1.7125806205742732e-05;1.7128837597544772e-05;1.6994252908344603e-05;1.691334722203459e-05;1.684278297659946e-05;1.681939244765801e-05;1.6697968533233946e-05;1.651032222838183e-05;1.6103562724528356e-05;1.5662814156700082e-05
2141.2801005745714;2.4859947710637902e-09;3.6354263451824974e-09;3.489462214694291e-09;2.265196481173306e-09;2.323765620465293e-09;6.59698367450616e-09;2.0671814842011185e-08;4.914915352987647e-08;9.040544783918954e-08;1.505425490400275e-07;2.1284834174817758e-07;2.1539996194570562e-07;1.4570540788750097e-07;6.883938267440838e-08;3.19833356392238e-08;2.8460147098222584e-08;4.2815033948985344e-08;5.511054023558432e-08;4.963553684690061e-08;3.246691757730051e-08;1.7055852018669602e-08;7.828140219436065e-09;3.232748779799044e-09;1.5268280038948475e-09;1.1029579048798083e-09;1.5877112210604575e-09;3.191774741040648e-09;5.838038009812958e-09;1.738844132079397e-08;3.527274453401417e-08;4.964556152593688e-08;4.934732687681933e-08;3.007657634651062e-08;1.6406171775153483e-08;9.027461309652096e-09;5.312650930128003e-09;4.407016216901816e-09;1.2611505588241984e-08;3.1889583815676515e-08;5.2901491833030076e-08;6.416707954978516e-08;7.576302599278675e-08;1.37143293096538e-07;2.617336386003157e-07;4.465966569301287e-07;6.880439747242857e-07;1.1528904997227147e-06;1.977750638596549e-06;3.2898791610222894e-06;4.8845205892692815e-06;6.711330936486249e-06;8.834854640668138e-06;1.1322810739106432e-05;1.4110512947573176e-05;1.6782425228000875e-05;1.8862953931367874e-05;2.0030207727904047e-05;2.0445907255694665e-05;2.061921472013999e-05;2.0985422438671747e-05;2.147883749431145e-05;2.1985812160725784e-05;2.215826790183871e-05;2.1868419256238818e-05;2.1307612947087805e-05;2.083677323180384e-05;2.0691580990387065e-05;2.0734137997523373e-05;2.0815862226644703e-05;2.060215372220589e-05;2.01494743500373e-05;1.952678842961348e-05;1.8891509151679137e-05;1.835851486106563e-05;1.7946659575598166e-05;1.7583824886424572e-05;1.737144240749365e-05;1.7321827438293317e-05;1.7477411639325222e-05;1.7853933763089555e-05;1.8225770366528116e-05;1.850203019976264e-05;1.868223310381458e-05;1.875268073166925e-05;1.8637284080197823e-05;1.8326063066574106e-05;1.7865544176992014e-05;1.740734986626088e-05;1.7052753220046e-05;1.6777503020633538e-05;1.6521787265077964e-05;1.631295640218666e-05;1.6262168769275144e-05;1.644717541776109e-05;1.6770824344035623e-05;1.6821575969215295e-05;1.652637111122466e-05;1.5870667524621725e-05;1.514372528823955e-05;1.462457213079819e-05
2142.6755545385718;2.6264948977582582e-09;2.341637084068366e-09;1.8612588711773543e-09;1.4473649394572756e-09;3.847371354633163e-09;1.3139539540292448e-08;3.9594929320449735e-08;8.26983001675236e-08;1.2034933334506656e-07;1.3999231881415173e-07;1.4484153575753902e-07;1.2483229471347276e-07;7.966634457687905e-08;3.7176442606545844e-08;1.5407056941716432e-08;7.620761721710344e-09;5.459313802285624e-09;4.498566088507567e-09;3.5905245175336167e-09;3.265383201590734e-09;2.362622424888261e-09;1.7882080853332841e-09;2.6769106325605807e-09;7.83291418492954e-09;2.4413056416322563e-08;4.7934671386926136e-08;5.770437265523857e-08;5.080765572976179e-08;5.323806719923343e-08;7.867481067024108e-08;1.0268004374777869e-07;9.999974701431106e-08;7.327075403461711e-08;4.2193472656421256e-08;2.5165834956777648e-08;3.2373466296835435e-08;5.701603056536562e-08;8.184284302063597e-08;1.025756239884444e-07;1.2009085365354604e-07;1.2530850943422664e-07;1.098577209248207e-07;1.099843640928724e-07;1.5618998053065577e-07;2.27122110150244e-07;3.6971917914226643e-07;9.042808473703877e-07;2.1780133988019283e-06;3.956966977954224e-06;5.855327610242498e-06;7.643648256299668e-06;9.42599468189238e-06;1.1237498652286103e-05;1.3343796967546842e-05;1.5558094782176068e-05;1.7612669159324722e-05;1.926098158341994e-05;2.048140939703411e-05;2.133113287681168e-05;2.1737522394516183e-05;2.1601802412022876e-05;2.11172329164684e-05;2.071886884828005e-05;2.0640478770776204e-05;2.1022147541851996e-05;2.1799553993226912e-05;2.241171573508397e-05;2.254305084786584e-05;2.216392255732431e-05;2.1311900935387684e-05;2.004779429396037e-05;1.8762314874927744e-05;1.7611236428802573e-05;1.6844533294582136e-05;1.6690995722892865e-05;1.710360640059978e-05;1.776780098591613e-05;1.8385146639372023e-05;1.876165406550204e-05;1.8839383677564868e-05;1.8702959924302665e-05;1.8466979850573945e-05;1.82019892645916e-05;1.793966325329135e-05;1.7789406998860817e-05;1.7641836390224965e-05;1.743008383424504e-05;1.7190066971107533e-05;1.6954859805597244e-05;1.6804233026863414e-05;1.6578434897168004e-05;1.6353348093297626e-05;1.6125829729375446e-05;1.58619316609737e-05;1.5551461513731793e-05;1.5230898140010245e-05;1.4897910584735276e-05;1.4487749671421312e-05;1.4256817604493937e-05;1.4250616984673097e-05
2144.070385374678;1.678525409335947e-09;7.325205136574162e-10;1.902041252965817e-10;4.4941185890750246e-10;2.1086617245270803e-09;7.540979931751738e-09;2.2151053583585863e-08;4.5032882031465374e-08;5.837803893625833e-08;4.962766811554779e-08;2.838925842668685e-08;1.2122007325913066e-08;6.047429908915171e-09;9.951570877804452e-09;2.5129643390049665e-08;4.476210751021034e-08;5.7702498632375114e-08;5.5308855781630085e-08;3.924066359320836e-08;1.9997465284508632e-08;8.107667886365846e-09;6.193132574772612e-09;1.6658432126509795e-08;4.986985239981146e-08;1.0556575795791361e-07;1.491626953293421e-07;1.4172744197346682e-07;9.793960552870008e-08;6.467370317161244e-08;6.32857673248224e-08;8.547257171833609e-08;1.0035139763170813e-07;1.0081081046005873e-07;6.921980412416014e-08;4.3702326799659845e-08;5.8655002878110036e-08;1.080489996596476e-07;1.3416231031539716e-07;1.161276939513217e-07;8.62591411924781e-08;7.064874440423657e-08;5.781752165523204e-08;5.3109912446941284e-08;7.957872225702665e-08;1.668011834052376e-07;4.299897638492717e-07;1.08576939045047e-06;2.336690517317686e-06;3.967582712257293e-06;5.822582083549601e-06;7.652964794806577e-06;9.464464526101817e-06;1.12579996829471e-05;1.3036357862402614e-05;1.474831839197301e-05;1.6451704710374147e-05;1.823856951963597e-05;1.9935426442460765e-05;2.1355572372776807e-05;2.2142070523651852e-05;2.2178956854196185e-05;2.1937974823474797e-05;2.177161321185947e-05;2.2049332419891278e-05;2.269963458933327e-05;2.331694330876618e-05;2.3300179771456385e-05;2.254565694785989e-05;2.1384580656671763e-05;2.02361301716876e-05;1.9194149053492435e-05;1.8192468649489683e-05;1.718599455726991e-05;1.64381655604977e-05;1.637377319660965e-05;1.7093699249154422e-05;1.8363752451011872e-05;1.9627998861141423e-05;2.0403257524664436e-05;2.0532212428395992e-05;2.014562688217346e-05;1.944225528718349e-05;1.863655691262761e-05;1.7956740079631058e-05;1.7602417231566667e-05;1.75126496191686e-05;1.7733302425587145e-05;1.7859306272630378e-05;1.7788772913659012e-05;1.752576778176556e-05;1.7211858968564434e-05;1.701133262636059e-05;1.6766897481018473e-05;1.6300912395948063e-05;1.558607860615132e-05;1.4695460959498811e-05;1.3981133701783782e-05;1.3637153357432884e-05;1.3670321961590924e-05;1.372241416608469e-05
2145.4645931651576;4.614490807411143e-10;2.5257425320926502e-09;1.6909452411478747e-08;4.505392427417476e-08;6.293852880221773e-08;5.6431615583725025e-08;3.690923644863056e-08;1.7778290451613147e-08;1.3658048584724581e-08;9.59327833627458e-09;4.6621012341710816e-09;2.6149837372256434e-09;7.1662841095867345e-09;2.0779940807066223e-08;5.044006637200216e-08;8.740573578358404e-08;1.109368477219615e-07;1.058462154909172e-07;7.564698550801054e-08;3.93623930212488e-08;1.6358857250648992e-08;1.1545197233386373e-08;2.780371760726391e-08;7.707605141604464e-08;1.3836777197936597e-07;1.5618865653048093e-07;1.1739769350926265e-07;6.471868105537705e-08;3.3502195818720153e-08;2.5490150420409676e-08;4.963938246318098e-08;9.562496747742137e-08;1.1466722798061272e-07;8.64675299427673e-08;5.261219835018055e-08;4.9196941428878965e-08;6.830427764690479e-08;7.271418452857424e-08;4.938506267829196e-08;2.051169364472225e-08;7.2692554955027365e-09;4.906572988960176e-09;1.3035892107982717e-08;5.1280173525208495e-08;2.2109924361731806e-07;6.60564722945531e-07;1.4501737553902923e-06;2.531183728065716e-06;3.9316815230634e-06;5.555556985563867e-06;7.335813653554184e-06;9.323777458422206e-06;1.1433724580388035e-05;1.3521184166828245e-05;1.538325169267384e-05;1.690901573763199e-05;1.8248230659690484e-05;1.949310864315505e-05;2.056497489025945e-05;2.124281144193298e-05;2.1656334223331534e-05;2.194406958846992e-05;2.2333345435332232e-05;2.299897536703818e-05;2.3673075874629613e-05;2.366815859473728e-05;2.2821482716968405e-05;2.120489934905596e-05;1.9556714729633568e-05;1.864054192847365e-05;1.8645926025566776e-05;1.914939260037831e-05;1.9370308069730112e-05;1.899277352178424e-05;1.8204868632032267e-05;1.7441324133459193e-05;1.7368946931848984e-05;1.7909259049478006e-05;1.8821557071739705e-05;1.9583497840685467e-05;1.988618680490628e-05;1.9405076258177725e-05;1.8467207995707197e-05;1.7610462669210113e-05;1.7195130894297233e-05;1.748639995171059e-05;1.8152701118065503e-05;1.862859485762005e-05;1.854301350698921e-05;1.780384763869918e-05;1.6690831187227364e-05;1.6149389268233713e-05;1.621024305304467e-05;1.655322587846684e-05;1.683560497605965e-05;1.6528938286255317e-05;1.5709785428048116e-05;1.4683437139958802e-05;1.3725180674340026e-05;1.3228694599255818e-05
2146.858177992286;6.562088921228845e-12;4.575268290466521e-09;3.369299013448174e-08;9.005613734303944e-08;1.258991721381428e-07;1.1193638478879446e-07;6.871151243749939e-08;3.1192144481081883e-08;1.265754670532472e-08;6.472967752862123e-09;4.837095224160933e-09;7.468898623982894e-09;1.6255425842231182e-08;2.754747778479255e-08;3.808614260969e-08;4.8546107327436455e-08;5.6471342853174935e-08;5.320076766369671e-08;3.8324269841237464e-08;2.0888261788424225e-08;9.61977416879246e-09;6.5590711593477255e-09;1.3342655241642158e-08;3.487346821954331e-08;5.7164491838315e-08;5.4970218209469546e-08;3.2902773923189234e-08;1.444860947763988e-08;6.733435619891052e-09;7.39889482861254e-09;2.1150535606735973e-08;5.0879164300757015e-08;6.42278811122581e-08;5.9152337516872194e-08;5.2456372389561725e-08;4.197869994655611e-08;2.9149467900347638e-08;1.5516679861117305e-08;6.4911114602499994e-09;2.9914807469069115e-09;1.469396300154991e-09;8.267115018737438e-10;1.8303410595164843e-09;2.58201404264336e-08;1.5506334333778405e-07;5.154288185470887e-07;1.23933492028451e-06;2.417414745830285e-06;4.024984630605549e-06;5.780490892642551e-06;7.644313817927582e-06;9.618749986953816e-06;1.1661988169672792e-05;1.3743164791789573e-05;1.5663497275015123e-05;1.727110631306609e-05;1.840225466327644e-05;1.921670708705321e-05;1.9740975211629787e-05;1.9949853124911425e-05;1.9988334804932943e-05;1.9966269227767516e-05;2.025449877981345e-05;2.0981322670189736e-05;2.193523036611792e-05;2.2715417920129145e-05;2.2598434955144285e-05;2.168576430348889e-05;2.033947774189518e-05;1.9325279634993423e-05;1.9085446119205424e-05;1.966499313551336e-05;2.012771721151091e-05;1.9984985643577664e-05;1.9078880577144787e-05;1.776615127405749e-05;1.6590002352556086e-05;1.6154110351503073e-05;1.6530635194051755e-05;1.7235325191395466e-05;1.7746573247787623e-05;1.7803841112766255e-05;1.751378979414311e-05;1.7171345133189303e-05;1.7149506387473736e-05;1.7479795704896564e-05;1.788932105916983e-05;1.8161297731469352e-05;1.782419277936087e-05;1.68446490260384e-05;1.5564832786409364e-05;1.4629954523668548e-05;1.450281009189058e-05;1.5130104870205345e-05;1.5980261736306568e-05;1.651938420043932e-05;1.6527291192941734e-05;1.584457389901995e-05;1.4975152517515103e-05;1.4374799648578248e-05
2148.2511399383875;2.6055235321223387e-11;2.2976428599385527e-09;1.6885428802572e-08;4.5373243468284746e-08;6.408228260295465e-08;6.265878621096046e-08;5.961568031520923e-08;6.74481743933257e-08;7.253640977605325e-08;6.274731382125144e-08;3.969221341793655e-08;2.4602202424474656e-08;2.4206677335141724e-08;2.63676591497484e-08;1.790044338989007e-08;7.386687719738379e-09;2.3473511111531493e-09;1.2094441331475262e-09;9.055209370534731e-10;1.135665048198554e-09;1.1338899958886103e-09;1.038405160947782e-09;2.2340683517416824e-09;4.394301954223948e-09;4.825056479790695e-09;3.261949554394633e-09;2.0614013217932213e-09;1.392413564359799e-09;1.315027317366263e-09;2.3832539073319094e-09;6.486510385549562e-09;1.5430993560688346e-08;3.2020776141048695e-08;6.811281065013239e-08;1.1477108430520193e-07;1.3311475366549257e-07;1.063935994194717e-07;5.8705247154785475e-08;2.2125356412560393e-08;6.436673140740599e-09;2.9363682283935102e-09;1.6580455264057927e-09;1.0770033995039186e-09;1.635097065621736e-08;1.0832861534684145e-07;3.791909291013973e-07;1.0366590321799346e-06;2.2955616585787545e-06;4.106354856349422e-06;6.07117054276897e-06;7.844228915639953e-06;9.572124684034608e-06;1.1454001818383308e-05;1.3476177431498604e-05;1.548461636245484e-05;1.7351018679670123e-05;1.8717920132026643e-05;1.957751590875892e-05;2.0024628823651004e-05;2.01114884910192e-05;1.987447731044965e-05;1.962830701829441e-05;1.9679418563748107e-05;2.018508517294853e-05;2.1025174478618568e-05;2.1865766119674483e-05;2.2201736260763287e-05;2.171575260391123e-05;2.049450953728592e-05;1.914489490217807e-05;1.833120968349776e-05;1.811278435698093e-05;1.8295048893446848e-05;1.850486695002586e-05;1.853245001300633e-05;1.8294877775328305e-05;1.787910642954408e-05;1.7426444408004055e-05;1.698011559755675e-05;1.657564675335218e-05;1.61412228396934e-05;1.6084632154139308e-05;1.641714086331242e-05;1.6937237319747774e-05;1.7365693900949206e-05;1.7430919948697035e-05;1.7193138839170053e-05;1.6797131257949116e-05;1.6270113114346396e-05;1.5683388786775057e-05;1.529851420635004e-05;1.4918904920259857e-05;1.465009848205546e-05;1.4571770494135672e-05;1.4704332466305664e-05;1.5103104133723269e-05;1.5615044925532375e-05;1.602697737658884e-05;1.6376316970712878e-05;1.6426758901966464e-05
2149.6434790858075;4.287854557731658e-08;2.0847691899358556e-08;6.6246580391661326e-09;3.2188543277032503e-09;2.5903340496001046e-09;9.183955563258366e-09;4.242842752244376e-08;9.812329641463345e-08;1.4867516615471278e-07;1.6193180260873025e-07;1.2571193798331294e-07;6.989113556651669e-08;3.2070534722486884e-08;1.8721161259387863e-08;9.918990274710048e-09;4.864681700889699e-09;2.277981318638603e-09;1.238410504434275e-09;7.142549901027715e-10;4.2056943143282816e-10;1.5610293914676822e-09;1.340247363564641e-08;3.798873312088256e-08;6.420738502918601e-08;7.35630212138376e-08;5.8769242853531244e-08;3.242584740106717e-08;9.180916808999938e-09;2.69549139334143e-09;2.6471838910636154e-09;5.0381083010035214e-09;2.1973958422884404e-08;7.398864995108092e-08;1.792783055467835e-07;3.123668500070292e-07;3.787175095452667e-07;3.11303464129007e-07;1.7333922925112856e-07;7.06838461548623e-08;2.3935790639177417e-08;1.112483618298941e-08;6.362224162265433e-09;3.242103910235945e-09;2.0280464549616915e-08;1.2970544313672832e-07;4.2955477742922854e-07;1.1299265990825895e-06;2.565025439743155e-06;4.544340618457587e-06;6.51672811977342e-06;7.954756640982322e-06;9.209133769391485e-06;1.0889895405449632e-05;1.3085362497645276e-05;1.5591958590550393e-05;1.795005650243066e-05;1.981085077412845e-05;2.08662316964419e-05;2.130654465123504e-05;2.1273135449013677e-05;2.104781954698588e-05;2.0886442814162386e-05;2.1042456975635927e-05;2.137130931914676e-05;2.1612017582074152e-05;2.1561280746770096e-05;2.107865398869072e-05;2.017338199002017e-05;1.90424085961369e-05;1.8073388020990316e-05;1.766813472561227e-05;1.7515651748852157e-05;1.7689740045643303e-05;1.797891397031574e-05;1.8402660931434017e-05;1.883418233966904e-05;1.9064767441339867e-05;1.8874044299361884e-05;1.823248043010713e-05;1.73055625641256e-05;1.6454820992855014e-05;1.610414458493352e-05;1.6338036021716526e-05;1.690536088810783e-05;1.7271238101932943e-05;1.7124620866337225e-05;1.6518451286133466e-05;1.5823452560182218e-05;1.54527248756099e-05;1.5551398852558864e-05;1.5964365447255002e-05;1.626257590325223e-05;1.6077178316507016e-05;1.546543744169744e-05;1.4842948827186074e-05;1.464822301028834e-05;1.4781472566205209e-05;1.5385029641940303e-05;1.5899683467708188e-05;1.6235917387566747e-05
2151.035195516936;8.569150086449594e-08;4.1663882583971557e-08;1.3168808815532062e-08;5.8278342228632145e-09;3.368517532670841e-09;3.863741725115461e-09;1.7743951032786343e-08;5.361632538087984e-08;1.0097355147041536e-07;1.4487176513007e-07;1.4125493549066825e-07;8.710114322526527e-08;3.264237948698374e-08;9.951059067046822e-09;5.30855788322425e-09;3.1362607306433557e-09;1.842110185598024e-09;1.1497986443518502e-09;1.0342898580375952e-09;1.7757919588365223e-09;6.798943650603306e-09;2.713427280376705e-08;7.09237721504015e-08;1.1571850169122001e-07;1.3298292068262218e-07;1.098704188848096e-07;6.605280131052861e-08;3.5347984939936614e-08;2.6970090858299576e-08;1.7083219387638893e-08;7.49553775971433e-09;1.8082366047007937e-08;7.842577259529655e-08;2.0762972110195122e-07;3.70741385779237e-07;4.4623788035578173e-07;3.656636808419688e-07;2.121768987379151e-07;1.0621678150031157e-07;6.592353009445087e-08;4.049463327692343e-08;1.8319427660288557e-08;6.798620445991754e-09;1.5860206488704424e-08;9.243783581530933e-08;3.366941581211177e-07;1.089111884356795e-06;2.8212129461285567e-06;5.146436294165621e-06;7.08090128919452e-06;8.259794178867855e-06;9.139664444590856e-06;1.0467344028132386e-05;1.2605590670395073e-05;1.5360930540497852e-05;1.80031195960069e-05;1.9993853084788465e-05;2.093774178008937e-05;2.11350685308331e-05;2.091057163998028e-05;2.0685618806612027e-05;2.0798220647623483e-05;2.129664754564658e-05;2.1831793035373205e-05;2.190323750262762e-05;2.1335342200171785e-05;2.024815437088449e-05;1.9111885288484505e-05;1.828672568190761e-05;1.7932520040336908e-05;1.8023335030151174e-05;1.8350111917163727e-05;1.8606006735327425e-05;1.873491795713804e-05;1.8901364081493724e-05;1.9136571610278355e-05;1.91558904252796e-05;1.8991009704308837e-05;1.8485021374672824e-05;1.7768037287060927e-05;1.7130464735091485e-05;1.686737412639816e-05;1.702805559211562e-05;1.735408946991172e-05;1.7548096946140418e-05;1.739109732291101e-05;1.6971165600912798e-05;1.6496038068567195e-05;1.624029326866346e-05;1.6276039651449453e-05;1.6567135359967368e-05;1.6563941680728732e-05;1.6218370250459797e-05;1.5592194225654808e-05;1.4941461199875504e-05;1.448090206140314e-05;1.4357203251967738e-05;1.4497908521339247e-05;1.4659587805264152e-05;1.4750425845034434e-05
2152.426289314182;4.3729299815398384e-08;2.2694471011539493e-08;8.683455124097338e-09;4.2703179346678806e-09;2.207913667396284e-09;1.1303703073641663e-09;1.3190241739102042e-09;7.040139939789504e-09;2.809521322864924e-08;5.988036215950446e-08;6.841603631357044e-08;4.313482589267455e-08;1.6923742994428373e-08;4.625656395850736e-09;2.599210804006764e-09;1.5261782827865194e-09;9.332501135285047e-10;7.735739374607031e-10;2.223204169087543e-09;7.277865680470905e-09;1.5054511251640533e-08;2.4853375602782475e-08;4.008310220305639e-08;5.7633474714646e-08;6.477550599826102e-08;5.7211546768759695e-08;5.854323211299504e-08;7.399042979837638e-08;7.544712121572431e-08;4.753100988396125e-08;1.5683893215200108e-08;1.0066891283429012e-08;3.134887787314377e-08;8.225451828371968e-08;1.4789481596729805e-07;1.7821931157356397e-07;1.478743090788803e-07;1.0391485934849257e-07;9.82879066376848e-08;9.79753403582007e-08;6.65702029555864e-08;2.7543521409805552e-08;1.6918741689769827e-08;3.849131396044664e-08;1.12458833723253e-07;3.379462772863031e-07;1.0537585333871508e-06;2.531530913018525e-06;4.40509933099415e-06;6.094082850375176e-06;7.438517641606624e-06;8.78122394514666e-06;1.050441501797016e-05;1.2883196948294884e-05;1.5518318049834824e-05;1.7746983131911597e-05;1.9083330502651207e-05;1.972749321453486e-05;1.990555012029396e-05;1.9883472728647367e-05;1.9925545344261404e-05;2.0259759451627613e-05;2.103049215383588e-05;2.1819765452259468e-05;2.221258477373876e-05;2.19080004493888e-05;2.111142372560947e-05;1.9966311502031345e-05;1.8728204796431503e-05;1.7959621420922422e-05;1.761999321358523e-05;1.775947615347135e-05;1.813062703208704e-05;1.8514372768312477e-05;1.890525013700389e-05;1.9234833055079477e-05;1.936233546092764e-05;1.9143363684221945e-05;1.852282235227728e-05;1.782812850044457e-05;1.7338495763055082e-05;1.7247661890486416e-05;1.7562063921267675e-05;1.8071123762069458e-05;1.834913135872794e-05;1.838910081984051e-05;1.813929065276849e-05;1.7752493550407417e-05;1.7371582646281747e-05;1.701366540513319e-05;1.6689402041544678e-05;1.6452832011264044e-05;1.6202331931564695e-05;1.592907647091539e-05;1.5649059572758963e-05;1.536853068079686e-05;1.5241588910056964e-05;1.5163544327315073e-05;1.510032764434793e-05;1.5048391859282516e-05
2153.816760559996;7.998346585810102e-09;7.0365581913969645e-09;5.342516325743508e-09;3.0557198658203903e-09;1.210757866312908e-09;4.593336894573184e-10;1.4020090796830602e-09;7.665953193237518e-09;2.090008594931896e-08;3.3668601366053736e-08;3.848343406780862e-08;3.799855088519458e-08;4.1164969592012594e-08;5.1413420453049184e-08;6.435147851077682e-08;7.066366160875112e-08;6.380982756747897e-08;4.348608477556789e-08;2.29865338938854e-08;1.6404044985349573e-08;2.000966761423881e-08;2.6296516777136416e-08;5.0042634031115473e-08;9.483757441864252e-08;1.2663449611907594e-07;1.258849859047103e-07;1.1938098143036742e-07;1.2217916623977133e-07;1.038208082561305e-07;6.206590570828798e-08;2.3964642016675063e-08;1.1140553990874335e-08;1.9175555546397912e-08;2.4021377713944273e-08;1.5085369776033942e-08;5.424730708687789e-09;5.213056398547248e-09;1.888721156778264e-08;5.32848696477296e-08;6.572897291611409e-08;4.483726891516981e-08;2.1239606291625053e-08;4.090124908218672e-08;1.2307948690834908e-07;2.7765893480612296e-07;5.364430752478004e-07;1.040315191638462e-06;1.8516562732913665e-06;2.945148164705646e-06;4.4699424673147525e-06;6.509123624908077e-06;8.892110878035547e-06;1.1502388870436533e-05;1.4090972725714522e-05;1.631918303674424e-05;1.784682805089181e-05;1.8621321240042505e-05;1.91726680515812e-05;1.9778774565850213e-05;2.0575467134258466e-05;2.149822934714404e-05;2.2402118763731075e-05;2.3182231553600705e-05;2.3704863056081028e-05;2.378786204703547e-05;2.3393878946387648e-05;2.257742149515431e-05;2.141253931913358e-05;2.0025042918176803e-05;1.8628843247407744e-05;1.7561811232544495e-05;1.699501369860533e-05;1.705258474351627e-05;1.7511773917905058e-05;1.816174128069706e-05;1.8719077818588536e-05;1.8982419404470723e-05;1.8789299344149954e-05;1.8344175440317885e-05;1.7930292277109388e-05;1.775042679482307e-05;1.7891846614563016e-05;1.8230199164721363e-05;1.859696676985299e-05;1.8819667011642605e-05;1.889590790439456e-05;1.87521685951622e-05;1.8583267541668546e-05;1.840397730337468e-05;1.8227276893210183e-05;1.794302761537696e-05;1.776913951394758e-05;1.7601369705280444e-05;1.744494846889934e-05;1.729152694492355e-05;1.710718371394102e-05;1.684547721107814e-05;1.6532375992038916e-05;1.6282259710103088e-05;1.615640453193076e-05
2155.206609336863;8.727716093475106e-08;5.897253962915859e-08;3.1056153789131114e-08;1.3868264617700878e-08;5.776348366837617e-09;2.804634116531032e-09;3.949131464613485e-09;1.1112442321632671e-08;2.1337428745230312e-08;2.9112039735132145e-08;4.0522606130415696e-08;6.475216636474684e-08;1.1385695363595209e-07;1.8225728972342133e-07;2.3087641102785586e-07;2.3118139236323145e-07;1.8758084008045626e-07;1.177115606467305e-07;5.3969415351551444e-08;2.2116742742307897e-08;1.7598742395166802e-08;2.998885992117756e-08;9.32504400906367e-08;1.9460674740861118e-07;2.597734478294403e-07;2.473347238535015e-07;1.8460817346548357e-07;1.2533532602118725e-07;7.87016239960092e-08;4.9636998914398095e-08;3.1559311971704194e-08;3.12022932590684e-08;4.490730367503836e-08;4.670944109253608e-08;2.906532512992229e-08;1.0392266154847662e-08;5.287173134430068e-09;8.647576457774036e-09;1.3914877622588196e-08;1.7506654729956793e-08;1.0967203486326271e-08;9.40884830896353e-09;4.75747799696668e-08;1.505084775273775e-07;3.272513318850225e-07;6.068866033413289e-07;1.021515586825832e-06;1.6925352952788506e-06;2.761976659128324e-06;4.490962943047382e-06;6.911931091602767e-06;9.681598169800877e-06;1.2463468394024432e-05;1.4743345390004606e-05;1.65303675258119e-05;1.7755223292796368e-05;1.8694473931239547e-05;1.9741035303991504e-05;2.103770261093656e-05;2.249853100726006e-05;2.386044302458004e-05;2.486896788071006e-05;2.5184549995685732e-05;2.5128562943745338e-05;2.461189164748679e-05;2.382795338714425e-05;2.2932887655551723e-05;2.1968519937015456e-05;2.1067270775442585e-05;1.9890981298747312e-05;1.8844130523975123e-05;1.808193664005688e-05;1.782601758277577e-05;1.7931501634149904e-05;1.806508540427338e-05;1.8129005832735867e-05;1.8035396120562203e-05;1.811461866937516e-05;1.83000513787796e-05;1.8701090548177262e-05;1.902514423343054e-05;1.909762943158044e-05;1.880669892273962e-05;1.8259882475987676e-05;1.7892601630978127e-05;1.7864159535222676e-05;1.811903787391056e-05;1.8414325413585157e-05;1.858719601813589e-05;1.858615972239691e-05;1.8446209680059075e-05;1.822462164932584e-05;1.806608609802438e-05;1.8059974567512243e-05;1.7888818803413413e-05;1.7462041116673058e-05;1.6695759365040722e-05;1.5868802634029753e-05;1.534309548181007e-05;1.5111337466737997e-05
2156.5958357272866;2.05191424898702e-07;1.630415737139642e-07;9.632892459018327e-08;3.692688614148105e-08;1.4305934201311885e-08;6.643877774968862e-09;7.086136703379985e-09;1.4402482549608042e-08;2.1124934581758862e-08;2.1299706248279612e-08;2.313349626907667e-08;4.717576342549226e-08;1.2006488896670348e-07;2.2622939730367726e-07;2.870791627437423e-07;2.625001966560324e-07;1.8814716634275285e-07;1.0679152800034005e-07;4.515657529420377e-08;1.6045871088456252e-08;1.1116723034575237e-08;2.731843821740637e-08;9.057409579587413e-08;1.7522126144742705e-07;2.1408980674658923e-07;1.8625945952487442e-07;1.2272043205860198e-07;6.435531092621906e-08;4.2599173817527146e-08;6.001397517607754e-08;8.759650909035993e-08;8.535561530720931e-08;6.009048058410424e-08;3.8790017763839456e-08;2.0854820346692193e-08;1.1055167300742787e-08;2.4939477209830442e-08;5.4845770472450056e-08;6.441943581364314e-08;4.1269677603011706e-08;1.5086596555278952e-08;7.189589325305662e-09;2.9533143822546558e-08;1.0648799017991216e-07;2.613630884828344e-07;5.724717163715871e-07;1.1009169435933388e-06;1.946868553781316e-06;3.177917133126453e-06;4.951943853550202e-06;7.149391699710695e-06;9.576777134479564e-06;1.1975535232396272e-05;1.4208096797982402e-05;1.6131164904515287e-05;1.7699865877785645e-05;1.918933281486643e-05;2.0587525575820696e-05;2.1914035835608668e-05;2.3133241951771183e-05;2.3922078114602025e-05;2.417870040186101e-05;2.3920073552116124e-05;2.3382795678255143e-05;2.2755922532084343e-05;2.212023692533049e-05;2.155437828253932e-05;2.1127199541301705e-05;2.062894619835163e-05;2.006449128161431e-05;1.9603874038512253e-05;1.9438314093314985e-05;1.9564894244963826e-05;1.960837168949288e-05;1.920689219372205e-05;1.8421510210331658e-05;1.77753854103644e-05;1.7770492200314984e-05;1.8453502284090196e-05;1.9374386910617942e-05;1.989458848673626e-05;1.9612531443634266e-05;1.8588106540237586e-05;1.732963288794875e-05;1.6484988307457797e-05;1.6343624387501137e-05;1.677014851729345e-05;1.725245122407404e-05;1.743269786319146e-05;1.7307369897438063e-05;1.7017684601630437e-05;1.6815733519732277e-05;1.6737842558453748e-05;1.669208375111349e-05;1.649472023148638e-05;1.5865161389375122e-05;1.4925703505025588e-05;1.4087382169439913e-05;1.3638589045798728e-05;1.3475824575243117e-05
2157.984439813823;1.9519503525508002e-07;1.9290457512428667e-07;1.3103468736139093e-07;6.053000832814324e-08;2.3834087958649736e-08;9.851715197552402e-09;6.5555093703436726e-09;1.0667042980408408e-08;1.9217402742297332e-08;2.7306193248793037e-08;4.4214104230073744e-08;6.950113051894268e-08;8.895914125673664e-08;1.2477236843027337e-07;1.3704089777234993e-07;1.101089596304609e-07;6.730543006478075e-08;3.3693361062055125e-08;1.3741526177565768e-08;6.067019216489615e-09;6.476076493739197e-09;2.352527247819849e-08;6.991018096635919e-08;1.1496276694789307e-07;1.2144425357707738e-07;9.172070951068275e-08;4.999178910369322e-08;2.0784353688384404e-08;2.778717568404293e-08;7.678996166859507e-08;1.2691430932111946e-07;1.1259284943177822e-07;6.00519667011558e-08;2.5315886537151135e-08;2.0039638463982672e-08;6.51452440113619e-08;1.437075777112339e-07;2.130660648055899e-07;2.0112707441977315e-07;1.1834014657514129e-07;4.6304127001323786e-08;1.7118143835908676e-08;1.9527280938163353e-08;8.091114373224814e-08;2.3799093726673977e-07;5.52282185843369e-07;1.124545469497522e-06;1.9893977672877303e-06;3.154420385060582e-06;4.669478981680603e-06;6.513556217006944e-06;8.598935934668666e-06;1.085983046367089e-05;1.3259462807555838e-05;1.555567649307462e-05;1.7634648023041177e-05;1.934970937143316e-05;2.05974542329031e-05;2.1451332881742623e-05;2.2082473243325817e-05;2.239863752250936e-05;2.2408275801023424e-05;2.2163783252587108e-05;2.161855278274616e-05;2.1009134808144497e-05;2.040643384002817e-05;1.9950664901451616e-05;1.964656125340944e-05;1.931481590831389e-05;1.905916030570264e-05;1.90846971061189e-05;1.950478507375052e-05;2.01150451448808e-05;2.048186281239185e-05;2.017831822014196e-05;1.909385908656856e-05;1.799636468147455e-05;1.7274527923542593e-05;1.7329937812882598e-05;1.7684580268638548e-05;1.7971322938553084e-05;1.792095873549087e-05;1.7548994683094844e-05;1.708881425798905e-05;1.6849936280233716e-05;1.7011130373762893e-05;1.7466028916263906e-05;1.7884463798517973e-05;1.7993879931482085e-05;1.7672815857795462e-05;1.7047326768841343e-05;1.6420466226450162e-05;1.5950832524148705e-05;1.550326332421163e-05;1.51107899633744e-05;1.4519849219387864e-05;1.3898294800273804e-05;1.3531988307774774e-05;1.3467452194671735e-05;1.347968784536117e-05
2159.37242167904;7.999408990880604e-08;1.1705713054863789e-07;1.1690620774852004e-07;9.600438584585693e-08;5.9534063010154336e-08;2.9732255474777263e-08;1.3086549580388484e-08;8.060471011516555e-09;1.8048584948247344e-08;4.8475564389687854e-08;9.25932469554057e-08;1.1213511077543512e-07;8.790266694600399e-08;4.8609607698592806e-08;2.3871176125621014e-08;1.1548651221024682e-08;4.7704530701050065e-09;2.4575639701908083e-09;2.111064726589332e-09;2.8846483350211437e-09;4.1769293436745504e-09;1.2097522959041352e-08;2.8450469001016427e-08;4.1582433467858434e-08;4.13229845194174e-08;3.079477070204096e-08;1.8078171818640724e-08;1.0194152783481002e-08;1.317054008847248e-08;3.763761808747186e-08;5.801873088685653e-08;5.098880482608317e-08;2.825951767501519e-08;1.5264102122348082e-08;3.7613192777856775e-08;1.1394349076454257e-07;2.226397145435302e-07;2.759678205205186e-07;2.2420065356168194e-07;1.2276486858967318e-07;5.1431478885182986e-08;2.0385407528842543e-08;1.3090291252388996e-08;4.152732180369079e-08;1.4836232063380086e-07;4.377894897347428e-07;1.0187875906323702e-06;1.9733785806104205e-06;3.2794935859761784e-06;4.781768281526924e-06;6.501729395640121e-06;8.423481955461689e-06;1.0496493908131796e-05;1.2703673522467074e-05;1.4814392724869585e-05;1.672924900548259e-05;1.8147677642060498e-05;1.9231993714382183e-05;2.008443292914195e-05;2.0656003547692715e-05;2.1111897411567416e-05;2.144516739314276e-05;2.162489857974888e-05;2.1431484103351493e-05;2.092923354172266e-05;2.0256491700062543e-05;1.9559526934370663e-05;1.885349188639285e-05;1.832293724967172e-05;1.8127421040711828e-05;1.8330745313404945e-05;1.8826534802453908e-05;1.934550789380869e-05;1.96905278105095e-05;1.9641405283936037e-05;1.903658346576634e-05;1.8043724391482816e-05;1.7261942934027405e-05;1.6788572374113555e-05;1.6668170748906683e-05;1.6773753356276054e-05;1.7002160517670835e-05;1.7294615770517364e-05;1.7618238496024246e-05;1.7934476403643228e-05;1.8314404388654244e-05;1.8817229627565277e-05;1.9085188574998327e-05;1.901063208757424e-05;1.83870828725512e-05;1.7341758085062422e-05;1.6297538145010687e-05;1.5775933759325897e-05;1.5766945080296226e-05;1.591925006917218e-05;1.5876773085327134e-05;1.5479753537380418e-05;1.490639078182244e-05;1.441127429371839e-05;1.412442628446245e-05
2160.759781405552;1.332892625602134e-08;4.505664950316316e-08;9.175063401412353e-08;1.1124209310652368e-07;8.661642082752276e-08;4.7157617134242855e-08;2.1543936899542188e-08;2.3267457277439497e-08;4.894722228606672e-08;9.101655705705313e-08;1.2223311895841197e-07;1.124610916824852e-07;7.944571879110625e-08;3.240373463131717e-08;1.1517185617912908e-08;5.535757189785473e-09;3.2050793951919156e-09;2.603506532881242e-09;2.703923169519525e-09;2.8798944538302907e-09;2.5675288376765323e-09;3.7219092628691207e-09;1.3286012826001574e-08;3.2488434968578925e-08;4.6574522406160416e-08;4.2775420273632874e-08;2.773808231586095e-08;1.516357875328238e-08;7.019943979231563e-09;3.2503478928793412e-09;4.184233249390129e-09;1.98119667900354e-08;5.575768783944656e-08;8.515382312546366e-08;9.232126930410797e-08;1.0210569795411233e-07;1.497474805519249e-07;1.654154850644432e-07;1.1812456228249669e-07;5.48558328382628e-08;2.2548818103537106e-08;9.70656739686194e-09;5.104973890611476e-09;8.930726985530743e-09;5.205442290712935e-08;2.946292810838373e-07;9.658984772470194e-07;2.211363102571783e-06;3.84871595410011e-06;5.615444662945819e-06;7.384452076937621e-06;9.125701765328396e-06;1.0829268433216375e-05;1.2503433086693622e-05;1.4092809937705085e-05;1.553656681671582e-05;1.6787516400776802e-05;1.795645741308288e-05;1.914507030002656e-05;2.0113801148979428e-05;2.1032595389944552e-05;2.1722160727769743e-05;2.203889302160033e-05;2.204674859465527e-05;2.182557568566198e-05;2.139993171696469e-05;2.071920052966225e-05;1.987004551302617e-05;1.906674894470897e-05;1.859327515436723e-05;1.852295806879844e-05;1.865631319465017e-05;1.877107218516793e-05;1.881774484614454e-05;1.8665127298073973e-05;1.8320804108748493e-05;1.798155625488363e-05;1.7672912712147678e-05;1.751550282329581e-05;1.754212751043232e-05;1.7737505495453225e-05;1.7860543278104763e-05;1.780372817575255e-05;1.767542590948825e-05;1.7379553110013825e-05;1.721151516793177e-05;1.715528146451738e-05;1.7156503613519007e-05;1.716746893082814e-05;1.6875347928277064e-05;1.6312406583235804e-05;1.5758405863618884e-05;1.5703907330326654e-05;1.621131796002927e-05;1.682829518275694e-05;1.702175226265522e-05;1.656830960827665e-05;1.571122474759106e-05;1.4912728429266406e-05;1.4477101914252698e-05
2162.1465190759955;5.756167343838267e-09;1.3024836265561554e-08;3.7906822759735614e-08;5.117457317773554e-08;4.1779044419941095e-08;2.381346452619481e-08;1.777168497869496e-08;3.930866293094399e-08;8.560546672270386e-08;1.2773340989023022e-07;1.385754091091488e-07;1.1192056568961747e-07;6.269275322863564e-08;2.3286287815767608e-08;7.743325850441629e-09;4.253666544390681e-09;3.575638587395702e-09;8.078497793558421e-09;1.2834329374249044e-08;1.2375460615264041e-08;8.366990333033851e-09;1.0497657460344368e-08;3.137605383913473e-08;6.886266384257903e-08;9.404569389574553e-08;8.45018660027973e-08;5.228200088886125e-08;2.4219217703283472e-08;9.669256189846974e-09;4.079654343631837e-09;7.453345046770974e-09;4.128797321479888e-08;1.210298292566428e-07;1.7630636801400696e-07;1.501113799781718e-07;9.23493439648553e-08;7.552188970806909e-08;7.80942515957723e-08;5.555257375782153e-08;2.374000703022784e-08;8.532980672271053e-09;5.62923732497795e-09;3.6172164063993006e-09;4.669771264514497e-09;2.670960732587284e-08;2.152389137119592e-07;9.056783420157412e-07;2.2529693891214456e-06;3.9580777012416015e-06;5.7439092574177145e-06;7.549768909410821e-06;9.404566032029451e-06;1.1141899793418569e-05;1.2793838795269956e-05;1.4388355797682315e-05;1.5904965520249288e-05;1.7366014496856497e-05;1.874912519250909e-05;2.002707413189419e-05;2.116802853815829e-05;2.2121109978497487e-05;2.255851707110286e-05;2.2505228642227996e-05;2.229795246037791e-05;2.1975905313256373e-05;2.1658620266213745e-05;2.137158905655169e-05;2.1008166209356265e-05;2.047639747643617e-05;2.0189204819920497e-05;2.0132903656446577e-05;1.996508109338437e-05;1.9553717008884354e-05;1.8861318650837604e-05;1.805929108827782e-05;1.7352826940376366e-05;1.7016272160541958e-05;1.6790066441071473e-05;1.6689926602298954e-05;1.6771981546829295e-05;1.7003203710367517e-05;1.720032313219135e-05;1.717775936314382e-05;1.6933404501195067e-05;1.6629039601619787e-05;1.641697487905339e-05;1.6226985254807905e-05;1.6170438452530057e-05;1.6156269331900687e-05;1.6133473906850387e-05;1.6058491782026364e-05;1.592812650945224e-05;1.5855843548649107e-05;1.597669709823585e-05;1.6009025527701455e-05;1.569814473593103e-05;1.5066297764364033e-05;1.4441158371666526e-05;1.4189460692364024e-05;1.4219255849860589e-05
2163.5326347730406;4.4998309343389726e-09;2.723456147199513e-09;1.5218736068723439e-09;3.4921211315033726e-09;1.2097737936914397e-08;1.6887901245542623e-08;2.2453196540963613e-08;3.841088799371323e-08;6.296859489686532e-08;7.702209961813791e-08;7.429143535500195e-08;5.676021214689244e-08;2.7447675155763523e-08;9.171369649754964e-09;2.9729251311152223e-09;1.9048352622085232e-09;3.754005516451741e-09;1.1621402420723258e-08;2.0611081275782967e-08;2.0559214657965497e-08;1.4190834188406982e-08;1.481731256782362e-08;2.769388277224401e-08;4.66668573953381e-08;5.77196056380852e-08;4.8980697753229984e-08;2.85516590174197e-08;1.2871571206808304e-08;5.27299233191807e-09;2.521852365958582e-09;5.486815447943792e-09;2.8565275368108174e-08;7.822355220925408e-08;1.127082065786733e-07;9.495446362517243e-08;5.1242355494303785e-08;2.937259719598148e-08;3.1034225819219165e-08;3.5188932913726e-08;3.923316812690393e-08;5.481632798103772e-08;7.54027409251688e-08;8.866708579545846e-08;1.0033947554658117e-07;1.3926607269046097e-07;3.1156844940813014e-07;8.678853762550913e-07;1.922577616340973e-06;3.393409305600647e-06;5.095462187876045e-06;6.999364905220957e-06;9.113047816910104e-06;1.1262483299062424e-05;1.3382277740847104e-05;1.538410110840921e-05;1.7228759580879808e-05;1.8919674510762063e-05;2.0381302813441707e-05;2.154221899109336e-05;2.245950877527523e-05;2.2930588797981284e-05;2.289512433593659e-05;2.2480504956020192e-05;2.1820811797804032e-05;2.1134273668173173e-05;2.060200064384233e-05;2.03967287833254e-05;2.0533116536338357e-05;2.0840064861184664e-05;2.0964972474569365e-05;2.075711206769962e-05;2.0076960653652352e-05;1.8893327820305142e-05;1.771237670000233e-05;1.688547997032147e-05;1.6694023512305248e-05;1.6849131900396405e-05;1.6962786625478877e-05;1.6749928428930133e-05;1.6356470869272444e-05;1.601241293113888e-05;1.598129820586485e-05;1.6147679011871523e-05;1.639034808710795e-05;1.6790839319066268e-05;1.710759360465127e-05;1.713307330178668e-05;1.6984434952152957e-05;1.6569705262418856e-05;1.6274105874376513e-05;1.6163487855390262e-05;1.6125329719258815e-05;1.600192750912296e-05;1.5693951923597968e-05;1.5244575997168397e-05;1.475353381597596e-05;1.4317056878035864e-05;1.4256032777127194e-05;1.4608232638337154e-05;1.503466603952256e-05
2164.9181285793966;8.57378727117302e-09;4.791379081075291e-09;1.0840664143265174e-08;6.259381058729544e-08;1.6009231932114145e-07;2.118626615006005e-07;1.7161446657317326e-07;1.0221030190202213e-07;4.913642485434896e-08;2.349185694028156e-08;1.7836967321763076e-08;3.1757127708243524e-08;4.9660292427253024e-08;5.5879440178338553e-08;4.6605268319569145e-08;2.5100267642175014e-08;8.968745359904629e-09;8.870549267444827e-09;1.121434152648078e-08;1.0568954484735926e-08;7.38291741614332e-09;7.324782812106782e-09;1.1528775752815876e-08;1.5749968650556404e-08;1.8417134516791512e-08;2.7731324779681324e-08;6.857383785816458e-08;1.019574617438929e-07;1.1404645712449213e-07;9.60669621777297e-08;5.7768157933147225e-08;2.211057581316527e-08;1.933780505566017e-08;2.0244989690316083e-08;1.527478648016309e-08;7.549944919463582e-09;3.159533132708796e-09;5.729358957509497e-09;2.119065451481196e-08;5.324579920678525e-08;9.73371181449747e-08;1.4070607394260253e-07;1.7105346571679976e-07;1.950815297279743e-07;2.682953634464564e-07;5.347371842950193e-07;1.1456940383405317e-06;2.179802364275452e-06;3.5904432937331724e-06;5.093569228497985e-06;6.7698473468925165e-06;8.461889155820568e-06;1.040083236602103e-05;1.2541323261331952e-05;1.4861415058007414e-05;1.7174014481207203e-05;1.9312566097771525e-05;2.0980841943600537e-05;2.2177913775645863e-05;2.2876805780546192e-05;2.3000377403210984e-05;2.265534233577079e-05;2.2033991418257305e-05;2.1264412301627127e-05;2.06878000832148e-05;2.037249638801776e-05;2.0541186351589117e-05;2.0883183425074943e-05;2.125449218133785e-05;2.099309957277172e-05;1.998619088600708e-05;1.8686455124931625e-05;1.7347512118933626e-05;1.6534257380191996e-05;1.660570059917068e-05;1.7642262481762848e-05;1.894006109583334e-05;1.9582737222035704e-05;1.9240054280730212e-05;1.818500220474736e-05;1.7034645044084668e-05;1.626267778578016e-05;1.600500294229921e-05;1.635459133182144e-05;1.693373256399429e-05;1.7250740337788733e-05;1.7123320683915442e-05;1.6657153002986203e-05;1.618377746381866e-05;1.5902610818380648e-05;1.5823742002110217e-05;1.5800425263781774e-05;1.5615531994909184e-05;1.5131403074925208e-05;1.46019682321395e-05;1.428790953669606e-05;1.4331734625963018e-05;1.4720906025951195e-05;1.5301013363171316e-05;1.5791442415368536e-05
2166.3030005777982;8.55228475106038e-08;6.920458917355927e-08;5.722895593320179e-08;1.2784163417494966e-07;2.906027839642497e-07;3.80832877987484e-07;3.094546095418761e-07;1.877177011282569e-07;1.1890458358315847e-07;8.517066178724776e-08;7.014059646382072e-08;7.468042038637084e-08;1.0256399093889785e-07;1.1302439993587472e-07;9.492079252431099e-08;6.446665837363832e-08;5.3701940097854885e-08;5.841305487047235e-08;7.065177199536899e-08;7.58311032298451e-08;5.8529220892393744e-08;3.209133276453948e-08;1.8356788036509223e-08;1.3959765518896136e-08;1.7296311583130632e-08;5.455543114940259e-08;1.3226381417316105e-07;2.042107238339154e-07;2.333640093506807e-07;1.9799292601210906e-07;1.1696712259728083e-07;4.5561379098094255e-08;1.4780522334473586e-08;7.458125059998158e-09;3.966903236037534e-09;2.208651416432099e-09;1.4146116621682626e-09;1.9635853961480482e-09;7.480975036663038e-09;2.6285271178564647e-08;4.777380599112261e-08;6.989198906346192e-08;8.87502205364817e-08;1.0810541553416503e-07;1.838457564592001e-07;5.332963260193879e-07;1.3904009324538007e-06;2.72940681570672e-06;4.311004862213039e-06;5.770400290947103e-06;6.946120130643877e-06;7.936573713362445e-06;9.151628454332114e-06;1.0879889442131456e-05;1.329374404942438e-05;1.5988969554281082e-05;1.837960477163027e-05;2.0105372003759077e-05;2.102497380223711e-05;2.125414802465903e-05;2.1237361934191385e-05;2.10282305071097e-05;2.089528463242094e-05;2.0943985711170923e-05;2.1157947150201003e-05;2.1423293129996335e-05;2.165691621837081e-05;2.1633501283111023e-05;2.113473415295372e-05;2.0209411309881705e-05;1.8953401640449543e-05;1.782957373279386e-05;1.7222510854833315e-05;1.7095596111165338e-05;1.785481099605152e-05;1.903941068067338e-05;2.0118197896428343e-05;2.0577285429740437e-05;2.0152933193532505e-05;1.906222242732481e-05;1.776626144005698e-05;1.669706191891207e-05;1.6204907819218832e-05;1.6295248767700733e-05;1.6753838237389274e-05;1.7041719418830835e-05;1.710292917898423e-05;1.6903498961893582e-05;1.672700136089253e-05;1.6530129260591277e-05;1.6176996168665443e-05;1.5577489733324057e-05;1.4876007457093514e-05;1.4155478700482553e-05;1.3790565246926635e-05;1.3831060664054736e-05;1.424465444400949e-05;1.4621920445348153e-05;1.4922588658738769e-05;1.5138746337144269e-05
2167.687250851013;1.9372783196173785e-07;1.5130401188006461e-07;9.695105510555218e-08;9.13070219788038e-08;1.5077450573581392e-07;1.9346454751126402e-07;1.808836096375709e-07;1.713387791942059e-07;1.7966470248335437e-07;1.5759201826604845e-07;1.140836642629265e-07;7.839218490776677e-08;6.880664489745259e-08;6.501191969809856e-08;6.385354314207153e-08;9.290048187000325e-08;1.487134683059314e-07;2.002835617134598e-07;2.2685240515721454e-07;2.208770982772449e-07;1.8902704929532704e-07;1.439653969182362e-07;1.068108291021127e-07;8.700003104761126e-08;8.076706960746353e-08;9.178610081269398e-08;1.1249300724413117e-07;1.2635468734717225e-07;1.3477339715083833e-07;1.2239207061937708e-07;9.797436129637093e-08;1.0026278449848523e-07;1.631300191427143e-07;1.981889687899384e-07;1.735895101168806e-07;1.1744121753009081e-07;6.506187755133787e-08;2.9137620790378868e-08;8.168383558533413e-09;2.9194252953744183e-09;1.5784692966934576e-09;2.1478422572772403e-09;8.385037720098576e-09;2.252407606828235e-08;5.975021642284547e-08;3.15580852015772e-07;1.149828261451692e-06;2.6672422779685826e-06;4.585492810621103e-06;6.434208872259507e-06;7.813964670715138e-06;8.86642813892553e-06;9.87038612680552e-06;1.1156888023132384e-05;1.2838413952092215e-05;1.5099819682476591e-05;1.7135308914734614e-05;1.866494384185411e-05;1.9468160930427496e-05;1.980356029863492e-05;2.006135138263478e-05;2.058669746593093e-05;2.1380330296202588e-05;2.2172994581810963e-05;2.256810751306655e-05;2.239128745166475e-05;2.1785807195225268e-05;2.0912268533526357e-05;1.9898479783798077e-05;1.8866356267297163e-05;1.7982504836978158e-05;1.7422180174801867e-05;1.7394396237278723e-05;1.7798964431405395e-05;1.827367254121817e-05;1.856915025880908e-05;1.8639912329724997e-05;1.845724540246328e-05;1.809706443671707e-05;1.76217171662533e-05;1.7085721774754574e-05;1.6595870582017154e-05;1.6385271172735467e-05;1.6420897413955107e-05;1.6704788989420897e-05;1.7105905785228567e-05;1.7482985749066357e-05;1.772975400860452e-05;1.7753625560656346e-05;1.744569555963763e-05;1.6686934714383052e-05;1.5523986372921347e-05;1.4417190365571996e-05;1.3745029092596496e-05;1.3764746885583033e-05;1.4404964847651124e-05;1.5258565155200813e-05;1.5831733873809553e-05;1.5936619299503902e-05;1.5714970958653925e-05
2169.0708794818347;2.2086695548220163e-07;1.6780965511086034e-07;1.0100090054535839e-07;4.8411313345089415e-08;1.8386909412469032e-08;1.6178830369934752e-08;4.862610003207165e-08;1.1358141674507841e-07;1.5446559009207767e-07;1.328247676577757e-07;9.07384626278064e-08;1.063026718278688e-07;1.6477899122773242e-07;1.8017160389861092e-07;1.3723443325743886e-07;1.3034366378368924e-07;1.8663439470474838e-07;2.472852372497927e-07;2.677350350068807e-07;2.7356635903513816e-07;2.9520002571013255e-07;3.157602932824687e-07;2.966501457093072e-07;2.46131728702988e-07;1.8837399797628362e-07;1.3499260320470958e-07;8.703147996140939e-08;4.717443396763139e-08;2.990872041986691e-08;4.353806412026938e-08;1.103521037198539e-07;2.50150687504378e-07;4.254276350589356e-07;4.940220938146739e-07;4.05856113544055e-07;2.4804169605523105e-07;1.3680518349648372e-07;7.321107376190123e-08;6.860579530287883e-08;9.3899857042564e-08;1.086431447064549e-07;9.1264360318711e-08;5.520150959053544e-08;3.131526592449742e-08;2.3215045838603203e-08;1.819309876663109e-07;9.21988432524644e-07;2.5388949659692787e-06;4.788135175977174e-06;7.100304493232369e-06;9.02354288845098e-06;1.0395378015192776e-05;1.1349362909317456e-05;1.2160934821447293e-05;1.3115463424209066e-05;1.4298089505118269e-05;1.5819314242553357e-05;1.732989600153031e-05;1.8765905807986375e-05;2.010127888008376e-05;2.135873151969593e-05;2.245978969097893e-05;2.325841072565257e-05;2.3461528378104905e-05;2.309568764092255e-05;2.21599912833939e-05;2.117804345191309e-05;2.0377691781282125e-05;1.992462941198112e-05;1.956548954415732e-05;1.924916545001603e-05;1.8967402553355443e-05;1.8703422263259868e-05;1.8471671802459284e-05;1.7991322788778607e-05;1.7410639660703336e-05;1.673841274627043e-05;1.626392645102251e-05;1.6191944470261654e-05;1.639114743029594e-05;1.6619644808839476e-05;1.6663744094047967e-05;1.6648154617778345e-05;1.66540345365929e-05;1.6829222116601605e-05;1.718180170317031e-05;1.7582388894255244e-05;1.7766360971079337e-05;1.7416835594963547e-05;1.6698210895096974e-05;1.570962511302134e-05;1.4785290258282551e-05;1.4221530862621387e-05;1.42395899607528e-05;1.4866575293762255e-05;1.5519362674345493e-05;1.6100192599980437e-05;1.6189113875720292e-05;1.581541797426316e-05;1.5418905651238164e-05
2170.453886553096;1.815153561962713e-07;1.5659536221600512e-07;1.0628866016740828e-07;5.271438062493074e-08;2.545353814166413e-08;4.4129488830120016e-08;1.0234217039345997e-07;1.589179213588352e-07;1.766114136878519e-07;1.3572104316226872e-07;8.969773124080624e-08;1.5347625607841338e-07;3.0053434900655466e-07;3.462917908702006e-07;2.4347265724216365e-07;1.423079576937277e-07;1.4905027628156905e-07;1.979109342209259e-07;2.2532394050271205e-07;2.6539587845420893e-07;3.4269159899198017e-07;4.1041951115282493e-07;3.963911196395864e-07;2.912720970690501e-07;1.7489727429794934e-07;1.0165051622012752e-07;6.132585121583153e-08;6.78017540122121e-08;1.0597815692121005e-07;1.7226351421069365e-07;2.639111053421867e-07;4.045636285095256e-07;5.096858838642793e-07;4.883317201892578e-07;3.329210208896119e-07;1.7826090513528367e-07;1.002963049597831e-07;9.03720966724715e-08;1.405475013452621e-07;2.233970861538665e-07;2.659689006937362e-07;2.2074503637384837e-07;1.3528597739617725e-07;1.1372582649253755e-07;1.895698837765353e-07;4.491973501631693e-07;1.1861541560250793e-06;2.6336721035983902e-06;4.589470049643177e-06;6.652932471317197e-06;8.479163619480133e-06;9.952101560302505e-06;1.11249512142479e-05;1.217637890643857e-05;1.3392241298697166e-05;1.4578590306499166e-05;1.597148295533444e-05;1.7395473413228072e-05;1.880478482889006e-05;2.022663245518336e-05;2.151154035229644e-05;2.252028803145837e-05;2.3077085028835155e-05;2.3037286845131367e-05;2.249736288866393e-05;2.173411447077525e-05;2.1194287944666463e-05;2.127260511882345e-05;2.135786531507441e-05;2.130369395889492e-05;2.1022292864527527e-05;2.0548072907422098e-05;1.9890672398254047e-05;1.9044973281368825e-05;1.80585178205052e-05;1.708637061498305e-05;1.6223609133308552e-05;1.581759959815518e-05;1.5895792784868816e-05;1.625302396800733e-05;1.660317890416053e-05;1.674866083245188e-05;1.6699389903229685e-05;1.6544759634730213e-05;1.6419786305886037e-05;1.638517824870517e-05;1.640371214968583e-05;1.629596737458332e-05;1.5833490032950608e-05;1.5070201424665751e-05;1.4352951508356302e-05;1.4123234485146655e-05;1.4489531772078296e-05;1.545636147766366e-05;1.6302050332691646e-05;1.6553196181812273e-05;1.6126145749997237e-05;1.531337662635493e-05;1.4509828049150118e-05;1.4075542961367448e-05
2171.8362721476587;9.074728163422749e-08;9.428121190514624e-08;6.830516101918637e-08;3.1732608965859855e-08;2.2304089967287063e-08;6.999163742962566e-08;1.617790563046305e-07;2.301978499234772e-07;2.3564072916742398e-07;1.8168743019151653e-07;1.1092269838578843e-07;1.1852243622649281e-07;2.043600100554538e-07;2.484444657530951e-07;1.9218694851409018e-07;1.210750596788443e-07;1.288422193737492e-07;1.9057238531030246e-07;2.446604332545805e-07;2.751750137270624e-07;2.978376020493622e-07;2.835653333540437e-07;2.24650335301971e-07;1.3654203606885616e-07;6.302674903636069e-08;2.8641190067726964e-08;3.5636944565693944e-08;1.1060638479534217e-07;2.3404795536804418e-07;3.3723804497790205e-07;3.782243107151694e-07;3.869497410293897e-07;3.442963753891491e-07;2.582394665336793e-07;1.7268373317898513e-07;1.4901542373668762e-07;1.4369811441841833e-07;1.467980288208306e-07;1.6487860152916386e-07;2.141587242897095e-07;2.240173636014542e-07;1.783551219740156e-07;1.230439800305546e-07;1.779213749360914e-07;3.817131563126679e-07;7.974074310205886e-07;1.5580188756788951e-06;2.684680844638707e-06;4.0215198200993306e-06;5.384355376057029e-06;6.739444415415111e-06;8.147958454167956e-06;9.686764294181732e-06;1.1423091892021204e-05;1.340353778529325e-05;1.557871136733268e-05;1.7656606644019556e-05;1.9389522765306067e-05;2.0415761813180336e-05;2.080819713905789e-05;2.0745131732633813e-05;2.076409278406545e-05;2.103613572415086e-05;2.142343154435664e-05;2.1541499052382924e-05;2.1547477104474928e-05;2.142924727578447e-05;2.1378373502082616e-05;2.1211495107903803e-05;2.0983228700513756e-05;2.0770475909323054e-05;2.043091437453167e-05;2.0029616398035015e-05;1.9478506404822805e-05;1.87194917298802e-05;1.792316476450766e-05;1.7362069081354987e-05;1.7039367220924144e-05;1.6930134925490535e-05;1.6877602037775536e-05;1.682236203143904e-05;1.6792002812417004e-05;1.6587105209561836e-05;1.6252839737435315e-05;1.578113612306441e-05;1.5292051667933467e-05;1.4903835292195706e-05;1.4733095043840022e-05;1.4830891572269116e-05;1.495015091152586e-05;1.51234114503757e-05;1.5442642800642818e-05;1.5910050584965133e-05;1.6429816995182486e-05;1.6699378689236162e-05;1.6515523171105444e-05;1.5787438292099977e-05;1.5010553712508043e-05;1.441642069811226e-05;1.3991731586686602e-05
2173.218036348408;1.5565899421265536e-08;1.99655581190596e-08;1.3433332309409256e-08;4.6937093959589635e-09;6.986692290946199e-09;3.3932019873054294e-08;8.274428099221904e-08;1.2514163435744432e-07;1.3695245803697422e-07;1.1155771755108873e-07;6.604154394392654e-08;4.8981387586470195e-08;8.278878989318534e-08;1.3511161057776598e-07;1.531520987397866e-07;1.4015585030227153e-07;1.4009283724986524e-07;1.7554017561485946e-07;2.1642560158624947e-07;2.1371533169979817e-07;1.6051465283378177e-07;9.256843181438645e-08;3.9123403098589935e-08;1.4889290782544411e-08;6.520783254632374e-09;6.988093302736374e-09;2.9507285156190555e-08;1.246138115841326e-07;2.62353961043906e-07;3.246883430685384e-07;2.790717562050143e-07;1.996287948586879e-07;1.200350424190644e-07;8.531292108700019e-08;1.2858983152143574e-07;2.0091347852033497e-07;2.293972009882489e-07;1.971488666063572e-07;1.4599667078460466e-07;1.0303260464683021e-07;7.494528876310138e-08;5.133873491430081e-08;4.717441470481368e-08;1.392019785122479e-07;3.8877222016522713e-07;8.494265273165042e-07;1.5992510558575888e-06;2.625501011326454e-06;3.747484601779896e-06;4.887673121808709e-06;6.024875025028124e-06;7.34256241041851e-06;8.93317725332464e-06;1.086871078975149e-05;1.326831466604202e-05;1.6063433016278824e-05;1.887512761530764e-05;2.108987722920784e-05;2.198189372938308e-05;2.154355740130833e-05;2.054018457962743e-05;1.9889856982583508e-05;1.9976080816404655e-05;2.089678394764448e-05;2.182199680301881e-05;2.229031188888668e-05;2.1786703643045195e-05;2.0673487941368188e-05;1.9845696474644627e-05;1.930033922650748e-05;1.9529516315333795e-05;1.999149770949029e-05;2.0233544790400245e-05;2.0189046791626305e-05;1.986870753416997e-05;1.9478746842620146e-05;1.914172419112884e-05;1.8803618848225756e-05;1.845655064136784e-05;1.809383381836224e-05;1.7700257663171676e-05;1.729433941920974e-05;1.6844603905355156e-05;1.6371144269263483e-05;1.5862821262123152e-05;1.526326490315252e-05;1.491409462804485e-05;1.516351833084944e-05;1.5770148113382432e-05;1.6583194518712105e-05;1.7237270885504584e-05;1.741458239300541e-05;1.7110222970053442e-05;1.6443767018801356e-05;1.578923199893837e-05;1.5211681500704631e-05;1.4866617521195807e-05;1.4606964097414734e-05;1.4421617075435166e-05;1.4423223698166094e-05
2174.599179238274;2.512463965274232e-10;2.6017382944553985e-10;9.044986771524598e-11;3.273122020143708e-11;1.1306437490919435e-11;1.9641999585592367e-10;2.7479981231969728e-09;1.3848341192614782e-08;2.6850561393514688e-08;2.600258130069799e-08;1.5199363745134165e-08;1.375823804729701e-08;3.83203506085414e-08;8.845918542373057e-08;1.38612547947035e-07;1.5940677285915736e-07;1.5170718949951377e-07;1.4085192596711545e-07;1.276815531674395e-07;1.0065620681562056e-07;5.3016506798740613e-08;2.083244947312999e-08;7.0058849467698e-09;2.9817791811558713e-09;3.3243100111896862e-09;1.0461502750377036e-08;3.240215646183835e-08;9.395895977927028e-08;1.7156683611258649e-07;1.845991358766835e-07;1.2039642873932268e-07;5.026651933405449e-08;2.064284081791852e-08;1.7688114726813517e-08;5.533382432677772e-08;9.886345991030866e-08;1.1400250671048881e-07;9.69786727853718e-08;6.31950513597854e-08;3.0605301279645044e-08;2.9547918236884925e-08;4.3268842352304076e-08;9.375604212322133e-08;2.02403081189656e-07;4.36338353724382e-07;8.394813746972984e-07;1.524646547770516e-06;2.5395215593377704e-06;3.7605617169556633e-06;5.009707507924034e-06;6.24002625294132e-06;7.602981263502839e-06;9.247668576892452e-06;1.1218483511362125e-05;1.3749034278112932e-05;1.6912530163245922e-05;1.9898669267015087e-05;2.203852889589663e-05;2.2674544534462013e-05;2.192132765951688e-05;2.070462403762225e-05;2.0058405682159944e-05;2.0493487066750324e-05;2.1867494219020925e-05;2.338629269739765e-05;2.3916585254761035e-05;2.2968784185300857e-05;2.116572378313572e-05;1.9438595021812715e-05;1.8586779009009963e-05;1.872783926368381e-05;1.934585674170549e-05;1.9760088658545024e-05;1.9690010208868408e-05;1.93773339060866e-05;1.9047001004629257e-05;1.883226806355389e-05;1.877062480483004e-05;1.878127463332996e-05;1.880604336379233e-05;1.870409008765519e-05;1.838652779916791e-05;1.7999404310781728e-05;1.7646116262503192e-05;1.7297556499754245e-05;1.6984834566094257e-05;1.6691518990109965e-05;1.6633907166427686e-05;1.6989461959874823e-05;1.754349514661741e-05;1.7845470339278242e-05;1.7719379823683154e-05;1.7174770437368954e-05;1.6528176073481104e-05;1.5844912654093378e-05;1.5549859245473393e-05;1.5589269312463155e-05;1.580795397277822e-05;1.6091453005570805e-05;1.6357240198188453e-05
2175.979700900207;5.023232989397984e-10;5.201721422126714e-10;3.4268766210408087e-10;1.9955061855090723e-10;9.635495056591343e-10;4.370852395023513e-09;9.572420697034642e-09;1.63196858602673e-08;2.0402465432571212e-08;1.2126216657036145e-08;5.3237823137250095e-09;2.4065059254705704e-09;9.8730540638539e-09;3.222033196472798e-08;6.307208197931235e-08;8.516044063045616e-08;8.722249978623151e-08;6.44002329283953e-08;4.1677108002680765e-08;2.478991029812985e-08;1.2252067161878211e-08;4.996201911881206e-09;2.0403355256625396e-09;9.496649120693488e-10;2.536850990443684e-09;1.215553713745516e-08;2.820365704331521e-08;4.3856329453899553e-08;5.69310042410744e-08;5.325209249528396e-08;3.4370680631615853e-08;1.6872040371291612e-08;6.7585204452136e-09;2.4833996083782806e-09;1.1077582243630972e-09;6.234413386835451e-10;5.268701927867906e-10;7.988801027105096e-10;3.6428476975150284e-09;1.8442533237811255e-08;5.6256810675130474e-08;1.171519282218476e-07;1.8854711006910537e-07;2.827852531836347e-07;4.650164495861009e-07;8.761120038170982e-07;1.6726796655501089e-06;2.884212774109823e-06;4.299424854058275e-06;5.6326009323007065e-06;6.755047044738973e-06;7.790446367640693e-06;9.059199155888186e-06;1.083696546113746e-05;1.3391257355665398e-05;1.6532474827080832e-05;1.970470158890538e-05;2.2239306530606e-05;2.327554971461968e-05;2.316137475943356e-05;2.24533913092124e-05;2.173276140698853e-05;2.156705399284682e-05;2.191454364404569e-05;2.2281571876554188e-05;2.2223183868141084e-05;2.137154729772189e-05;2.0158250050878836e-05;1.920328871818924e-05;1.9131230212407372e-05;1.9394265799361973e-05;1.9567376704248765e-05;1.9293416488141487e-05;1.853234560683108e-05;1.7789076928601976e-05;1.7394777984772826e-05;1.7523594636874644e-05;1.803408055844678e-05;1.8456098724348115e-05;1.8455225486458022e-05;1.7963770335412704e-05;1.7341005481111606e-05;1.710158192361563e-05;1.749136507473794e-05;1.8232521057462752e-05;1.86655362426686e-05;1.852838340972772e-05;1.769701114511046e-05;1.6817534273634897e-05;1.6270274081252697e-05;1.6282261603357606e-05;1.664067071185887e-05;1.700807565120617e-05;1.7080952205211665e-05;1.695509130482918e-05;1.6794123402108704e-05;1.676929473832338e-05;1.6927534852822963e-05;1.7211962869435373e-05;1.7327131641977476e-05
2177.359601417189;2.51276044346555e-10;4.65910211292494e-10;2.8128256172637606e-09;2.3760995875166996e-08;8.442527810433996e-08;1.5737021284416456e-07;1.777199541999772e-07;1.3739594671741238e-07;8.730297065507779e-08;5.4899918776660843e-08;3.1865507369600306e-08;1.197801747940912e-08;4.668581082979848e-09;8.227828943193389e-09;1.0629793032228153e-08;1.2397283845255051e-08;1.2355790312145696e-08;5.182702681344457e-09;1.4803651472836082e-09;6.645995836796044e-10;6.795697903332914e-10;7.806229564666105e-10;6.456868996561276e-10;3.4512543967048385e-10;1.1157968705434626e-09;5.076732105026228e-09;1.0410777972868206e-08;7.909101307223359e-09;5.2658825507053795e-09;8.813594714452483e-09;1.4705873458193325e-08;1.5895721605953496e-08;1.0618042969042731e-08;4.498250533521828e-09;1.5472452996259059e-09;7.08530421924598e-10;4.101725631180372e-09;2.4286685179812693e-08;7.452971490421737e-08;1.5541147122437106e-07;2.3908605883336575e-07;2.6698189030701106e-07;2.1209962327139199e-07;2.1094015094318357e-07;3.7955386699134754e-07;9.264847524989796e-07;1.953345779112833e-06;3.3066688536007213e-06;4.640396833475453e-06;5.686422964916653e-06;6.446480496952689e-06;7.215997980906171e-06;8.415660765218159e-06;1.0214216906987476e-05;1.2611505043170152e-05;1.52203455498216e-05;1.7725135393030602e-05;1.9864907712741748e-05;2.1508417075718225e-05;2.276133397631584e-05;2.3440394856318905e-05;2.340868879217824e-05;2.275943246238188e-05;2.179258383846673e-05;2.064157438426527e-05;1.9550871823322805e-05;1.8667665628482037e-05;1.823684836978767e-05;1.8463999628244705e-05;1.9089003633465192e-05;1.966869903092565e-05;1.974847673584665e-05;1.914915785852105e-05;1.8218294051908346e-05;1.7424872425703316e-05;1.7192503208051993e-05;1.755865681873755e-05;1.8168292404033545e-05;1.8436319980941755e-05;1.7900611058018904e-05;1.676206614333029e-05;1.550871760898457e-05;1.515792331167056e-05;1.6096612781195137e-05;1.7673128848457215e-05;1.889240025624344e-05;1.916201962953145e-05;1.840371267800714e-05;1.6963737545060785e-05;1.5736648740798494e-05;1.5527413064526244e-05;1.605166190886958e-05;1.6778505363143478e-05;1.7221112852598025e-05;1.7113934778461373e-05;1.6573154762388342e-05;1.5848997607218925e-05;1.5316043522102528e-05;1.5016510664577028e-05;1.487825613140868e-05
2178.7388808722426;4.287880718868655e-09;4.939464755798159e-09;7.967518845389115e-09;5.0562778129361733e-08;1.874043394996628e-07;3.6801177656822084e-07;4.35810315975311e-07;3.39605375052822e-07;2.1351406445770601e-07;1.3082340690538856e-07;7.032599748204378e-08;3.010506716128285e-08;1.2950849278393721e-08;1.2388760418237503e-08;2.6081418651148192e-08;4.959153160627709e-08;6.57019159727107e-08;6.009591880128105e-08;3.575820211907751e-08;9.431135629133909e-09;2.7483178877595914e-09;2.2242925759303383e-09;5.43899073312225e-09;1.8930471947937166e-08;4.7495337409475626e-08;6.404238374424904e-08;6.09439335223624e-08;3.8136118760675407e-08;1.575753562126429e-08;1.1193065973279056e-08;2.05967490877198e-08;2.5449503936442943e-08;1.864287518915903e-08;8.123983800340066e-09;6.976876076130156e-09;2.5822631516832602e-08;6.358048769070297e-08;1.1831131698206212e-07;2.033846190658263e-07;3.269802252113013e-07;4.217509407097065e-07;3.850900159697548e-07;2.384155573647711e-07;1.440358566058976e-07;3.018526192766218e-07;8.861798814828882e-07;1.909472348357341e-06;3.175160112661668e-06;4.284748546449473e-06;5.096162085490375e-06;5.813284901539097e-06;6.95612554791511e-06;8.764676249459316e-06;1.106290581065589e-05;1.327272416006021e-05;1.5125751051563637e-05;1.6542357154615614e-05;1.7509158282027416e-05;1.8842138258399186e-05;2.0422437054466147e-05;2.2016285504893416e-05;2.294890711911721e-05;2.281337644556009e-05;2.185178574347074e-05;2.076250665021005e-05;1.9611366518064108e-05;1.877169009952901e-05;1.833815046611712e-05;1.832573442102184e-05;1.8561522185506597e-05;1.872950378073492e-05;1.8797125634749088e-05;1.866328165805852e-05;1.84408537914879e-05;1.831578897276288e-05;1.8333261546735945e-05;1.833603389177543e-05;1.8345917174168937e-05;1.813193099557148e-05;1.763811587449756e-05;1.682897715929594e-05;1.6035560051007738e-05;1.5685514771688678e-05;1.5970068234477433e-05;1.6692618835946058e-05;1.760155416608691e-05;1.813924599282868e-05;1.8191262601157862e-05;1.7682320760498072e-05;1.6949070775889953e-05;1.6477421788433517e-05;1.6341148506777762e-05;1.6396638428791245e-05;1.6518765419675836e-05;1.6293365265621614e-05;1.563975205617464e-05;1.4650075038351618e-05;1.3719086952719202e-05;1.3135428514429304e-05;1.2881569627400356e-05
2180.1175393484045;1.2582587510216452e-08;1.2562250710452832e-08;1.2977848719521392e-08;3.8847160398054e-08;1.500229080198856e-07;3.1387552180027335e-07;3.856460842804659e-07;3.193181555007083e-07;2.031472196839319e-07;1.127608606547636e-07;5.8074066171133116e-08;4.7520730434801916e-08;8.86880567277703e-08;2.044851279515827e-07;3.413971053456739e-07;3.7654075508908187e-07;2.975167087973599e-07;1.7936626428023256e-07;9.231170800803924e-08;4.540959399378871e-08;5.184205861169194e-08;9.068552655067957e-08;1.245087932008117e-07;1.3841181531636818e-07;1.437906339754065e-07;1.4839393958416314e-07;1.2989281214663786e-07;8.009743139728387e-08;3.22657914959642e-08;1.3158397968031353e-08;1.4403467702836429e-08;1.5035426110014226e-08;1.0626787556593888e-08;4.853316714714854e-09;1.0316076244951697e-08;5.007810519868132e-08;1.1516180994149785e-07;1.6401278040301684e-07;1.878256121594115e-07;2.2274053281278298e-07;2.836056381221967e-07;3.536972483295756e-07;3.560238823264321e-07;3.309905445571422e-07;4.306985820350407e-07;8.474987482957459e-07;1.6474087987901712e-06;2.814323993595214e-06;4.137679036429417e-06;5.51296600739276e-06;7.037718938216507e-06;8.819581375552166e-06;1.0833324956194927e-05;1.296180831002379e-05;1.483347187703566e-05;1.6249842902926435e-05;1.7409046929866442e-05;1.848014058138957e-05;1.963455420735906e-05;2.080175501122332e-05;2.1723650041969825e-05;2.20516299178266e-05;2.174010576768731e-05;2.1091618530730983e-05;2.056529200419736e-05;2.032687720922743e-05;2.0227682278583248e-05;2.003477555647991e-05;1.964693921440461e-05;1.9153658007596555e-05;1.871743126527733e-05;1.844138013302168e-05;1.845432738198052e-05;1.874334472861524e-05;1.9111790398025496e-05;1.9361967321834917e-05;1.9212641500494267e-05;1.8566442034512893e-05;1.7747070080502346e-05;1.7046610175047816e-05;1.6502339546514514e-05;1.6221559242463874e-05;1.6041244998228988e-05;1.5907429774593533e-05;1.5861705417417536e-05;1.5999371027025486e-05;1.640481407445884e-05;1.6809460872310182e-05;1.703869860794318e-05;1.6956301098124303e-05;1.6624534163144823e-05;1.622157774126083e-05;1.5886777794511083e-05;1.5699693470578507e-05;1.5475001300202625e-05;1.5023047145871174e-05;1.4426433861678348e-05;1.3929065934642496e-05;1.373413827344213e-05;1.37478971832664e-05
2181.495576928756;1.8226496310755173e-08;1.7791433700478724e-08;1.8786719143774844e-08;5.632423083133317e-08;1.4876318588900513e-07;2.2248236786694238e-07;2.149182014078263e-07;1.5004874043841166e-07;8.16340873994446e-08;4.151047176821444e-08;3.9044151340445604e-08;9.012195712102938e-08;2.0938699979949573e-07;4.313239098524877e-07;6.431240687729207e-07;6.325301557737379e-07;4.095742349563939e-07;1.8298385442155077e-07;8.712453780281458e-08;9.026637007362667e-08;1.8509075819927638e-07;3.043050587617648e-07;3.33624099788246e-07;2.6061786340195185e-07;1.625980222825458e-07;1.1101811478081225e-07;8.037968252809027e-08;4.7737411942425164e-08;2.0332159757084395e-08;7.591810543260018e-09;4.136785446624451e-09;2.3932856177958847e-09;1.3843300438766823e-09;1.3505095307294551e-09;8.487140009680812e-09;3.464347716969207e-08;6.871781947215276e-08;8.010165561294384e-08;6.238937738501993e-08;5.1387729509100034e-08;1.1272886719353736e-07;2.762058530281345e-07;4.542957252808766e-07;5.409490412127727e-07;6.243027681411864e-07;9.154444110202584e-07;1.5347050209900196e-06;2.449491119016432e-06;3.7877615563328215e-06;5.568776369032139e-06;7.78156895519127e-06;1.0013010329153322e-05;1.2109846433786612e-05;1.4038941180297664e-05;1.608161267793946e-05;1.793238113013653e-05;1.947138545301753e-05;2.0871196552268e-05;2.1906654556571068e-05;2.2403287230182407e-05;2.227268191736901e-05;2.1647780561194407e-05;2.107740532259129e-05;2.081230907363132e-05;2.109622200165621e-05;2.181628909192242e-05;2.239587640051228e-05;2.2432659668174972e-05;2.1802653521433257e-05;2.0740612962058706e-05;1.974910521883718e-05;1.8970580055203732e-05;1.8617062455318062e-05;1.876253189685407e-05;1.920878399471877e-05;1.961941294607292e-05;1.973782648384281e-05;1.92108289737136e-05;1.825663708586085e-05;1.7150923340888926e-05;1.6390620799518722e-05;1.5921721948925462e-05;1.5782366689966002e-05;1.5850435851941658e-05;1.590629730226149e-05;1.601872159857663e-05;1.604436672837464e-05;1.6162571817357318e-05;1.6342830184305795e-05;1.64420465845103e-05;1.6245636346222956e-05;1.5827367948156528e-05;1.5399212402154133e-05;1.5101563497415484e-05;1.5028045580859771e-05;1.4980449558665295e-05;1.5003701700376392e-05;1.52358400044811e-05;1.5397493123629047e-05;1.5549574697008538e-05
2182.8729936963937;2.42476613711259e-08;2.3753095802477858e-08;3.55834848170847e-08;1.0007453293661123e-07;2.1267989527507277e-07;2.541595203110853e-07;1.8932376304921245e-07;1.1135314869107316e-07;7.738222228308959e-08;5.7060168118133836e-08;6.003156078793462e-08;1.1059546180457417e-07;1.8967006992005573e-07;2.881010756589293e-07;3.58236733563877e-07;3.1552972018367085e-07;1.827585387242953e-07;6.708992968959596e-08;3.5771553493938995e-08;9.01949796493332e-08;2.2883165203215266e-07;3.471155153418964e-07;3.226914273441327e-07;1.9474000368633406e-07;8.400311498097088e-08;3.327925037952958e-08;1.4974130282411482e-08;7.726992237437284e-09;4.4340084333534885e-09;2.4370861105676326e-09;2.173338442711297e-09;1.696044354810961e-09;1.1980036952070034e-09;1.8189459933600287e-09;7.846837074574432e-09;1.97016246404658e-08;2.6599965787585193e-08;2.2460278976972248e-08;2.2550802568877443e-08;4.35488786654842e-08;9.869049780305305e-08;1.825744646487607e-07;2.72063032629646e-07;3.378846301842041e-07;5.19838106954804e-07;9.240681512544272e-07;1.5354069921546791e-06;2.315189325427107e-06;3.3575749469495707e-06;4.787387739401869e-06;6.524851044293796e-06;8.515084670935284e-06;1.0645396649638396e-05;1.2942241786270964e-05;1.5385384340248015e-05;1.7809396416057588e-05;1.988324478913741e-05;2.1360033859495257e-05;2.223262761682355e-05;2.2479362779990235e-05;2.2201763812778e-05;2.1760865220715845e-05;2.145130414302995e-05;2.1491756639296832e-05;2.1941963247234924e-05;2.265114405189165e-05;2.300977793357304e-05;2.2669524363102756e-05;2.1801020402106447e-05;2.066570463385568e-05;1.973056665358065e-05;1.928030090715137e-05;1.936558478893646e-05;1.960695488889749e-05;1.981296941135757e-05;1.9704829507864147e-05;1.9493226357934337e-05;1.8948464932672764e-05;1.824279379303295e-05;1.7651607054984505e-05;1.70464935952303e-05;1.6641529587931317e-05;1.648891054018185e-05;1.647376009157395e-05;1.6459238039803932e-05;1.6441921088907726e-05;1.6368009365267083e-05;1.6349999997025428e-05;1.6361321397238977e-05;1.6327554158465163e-05;1.6148637976082216e-05;1.5689284413251988e-05;1.5065414693439004e-05;1.4502061466047554e-05;1.4279581255578893e-05;1.442994538556974e-05;1.4811099396380538e-05;1.5136663106777775e-05;1.5392372696241596e-05;1.5537182222658787e-05
2184.249789734473;7.634634898318512e-08;6.824473265350701e-08;6.436495152549261e-08;8.32083100082128e-08;1.231775995821899e-07;1.4055759302515554e-07;1.1785656380959153e-07;1.1699658301453194e-07;1.2311133585923204e-07;9.515564818808033e-08;6.403775958479326e-08;5.8623108952079614e-08;6.374390237251754e-08;5.5123927798139536e-08;3.595539677463587e-08;1.44482837852565e-08;8.102956805679041e-09;5.2762295023856384e-09;6.187926626765298e-09;3.6397037117027475e-08;9.342720069763026e-08;1.3274124791087245e-07;1.1335618258146735e-07;7.687369335287959e-08;5.692765547088717e-08;6.055389455699469e-08;5.678275352282999e-08;4.162494258409726e-08;2.2621689069875238e-08;9.055892973915318e-09;3.6882018595776165e-09;3.2899221865964353e-09;2.6936148540487783e-09;3.195816668515163e-09;1.2491175590841816e-08;4.3420682157625824e-08;7.200010002296137e-08;7.943131861516823e-08;7.722665961353278e-08;8.987042419882178e-08;1.0557359325361057e-07;1.0030386732582005e-07;7.904004841421789e-08;1.605239786157881e-07;4.745200767617397e-07;1.0646915164651853e-06;1.827999474639704e-06;2.667628349702786e-06;3.474901643245151e-06;4.466717793190741e-06;5.648663369601328e-06;7.183684566779321e-06;9.132255543179187e-06;1.1436131747219832e-05;1.3816996291861142e-05;1.6173800895965194e-05;1.8312206431521864e-05;2.005781449164429e-05;2.133938781233391e-05;2.199762507914497e-05;2.2155915092987887e-05;2.2117402287452345e-05;2.1942115291129204e-05;2.175512799943992e-05;2.1555991587593044e-05;2.1447502538637436e-05;2.123911669618241e-05;2.079219474142696e-05;2.013067004669655e-05;1.946621700011369e-05;1.916560713558178e-05;1.937286824256641e-05;1.988968138969907e-05;2.0108292913990963e-05;1.9625560035012488e-05;1.8574274557959408e-05;1.744999364959868e-05;1.6659488466331637e-05;1.638321149394879e-05;1.6466873325430607e-05;1.661167453372397e-05;1.663589193206679e-05;1.6529899965337154e-05;1.6388424896786757e-05;1.6364365293781438e-05;1.6477620138356067e-05;1.67501824887584e-05;1.6840350538645428e-05;1.670043320858543e-05;1.639231958901001e-05;1.6024111303574492e-05;1.569263168091499e-05;1.5458433807591174e-05;1.535324285257704e-05;1.5190031444068234e-05;1.496314285966158e-05;1.4512161972766582e-05;1.3900581691300051e-05;1.3650597525643568e-05;1.3585600113012656e-05
2185.6259651261425;1.2132665474151173e-07;1.001169358688644e-07;6.552025927557877e-08;3.4510528439853826e-08;1.690130061572559e-08;1.3134801808698136e-08;2.7004925540248773e-08;5.1882808231649655e-08;6.368951746089265e-08;5.0702255702219124e-08;3.0262336750050134e-08;1.823809373534125e-08;1.4991263261340713e-08;1.044576189174338e-08;6.081581727533641e-09;4.296390102492351e-09;3.2162042421415483e-09;2.0270114808800966e-09;1.0264219384520382e-09;4.5265939015867386e-10;2.315695681131433e-09;1.3730649333925004e-08;4.477630564980688e-08;1.062397620851873e-07;1.8103427249052002e-07;2.109254992501309e-07;1.7514450241810197e-07;1.112215324699986e-07;5.562550791537899e-08;2.2081942456278444e-08;1.2588224250586141e-08;2.180378379884501e-08;4.933561432558132e-08;9.732272476662385e-08;1.5718007345566e-07;2.072255368071597e-07;2.101804526473477e-07;1.7145174058381698e-07;1.2012185007111332e-07;8.775449598889838e-08;7.12665422333554e-08;4.720178989305675e-08;7.296835771274083e-08;2.339296543827238e-07;6.258351010613489e-07;1.238760393097086e-06;1.989565409915767e-06;2.7902034635956687e-06;3.5702559242182157e-06;4.402040581710054e-06;5.521627525098758e-06;7.047303795400319e-06;9.051152364633922e-06;1.1310063859176182e-05;1.3568937339475927e-05;1.5700219194197195e-05;1.766314174546982e-05;1.9429894807094455e-05;2.068235088019806e-05;2.1427461445534903e-05;2.1831634462756636e-05;2.1884195014476324e-05;2.161882823385629e-05;2.109227874373978e-05;2.049541604584252e-05;1.9973433005020525e-05;1.9853913838321304e-05;2.0068531202442403e-05;2.0231809102631123e-05;2.022918924899265e-05;2.005621883219236e-05;1.9813857309156295e-05;1.942296618239561e-05;1.8583697483968485e-05;1.7393501115680514e-05;1.605569798716131e-05;1.494867151086142e-05;1.4864930610864074e-05;1.5440284810942664e-05;1.6065663715624168e-05;1.6533144367352978e-05;1.6488777051815463e-05;1.61399621048294e-05;1.5845924303947872e-05;1.601006652056601e-05;1.660750456390262e-05;1.7323210749515563e-05;1.7705405603328912e-05;1.743590243989248e-05;1.66828306961581e-05;1.5905445619996562e-05;1.5598728946940023e-05;1.5953627277684356e-05;1.672775900514725e-05;1.7272486047503796e-05;1.6979025766457088e-05;1.581168577626514e-05;1.4357218276068578e-05;1.3314899775318644e-05;1.2831323119897842e-05
2187.0015199546106;5.9314173292748096e-08;4.567936841169162e-08;2.5603594139063e-08;7.311849764684049e-09;4.622058048999922e-09;4.236265829952812e-09;3.105768228232853e-09;2.7183055085148803e-09;3.555276309058961e-09;3.970520907480779e-09;6.934730577944746e-09;1.5998600290184377e-08;2.1876123585410552e-08;1.7185595207342465e-08;8.716428732105198e-09;4.069640989069666e-09;1.867820196332676e-09;8.458791000472928e-10;6.348458370411864e-10;1.8937296361555576e-09;1.1795002003380558e-08;3.363178892065769e-08;8.16448991539488e-08;1.569767711758589e-07;2.457893408611884e-07;2.608167187575065e-07;1.9101147610787226e-07;1.0365449855222873e-07;4.685126968702139e-08;2.0622814177346123e-08;2.3057839897072205e-08;5.7527548288377104e-08;1.3153047891828724e-07;2.3812037887469854e-07;3.331366311112056e-07;3.4891083809116493e-07;2.6853548921736934e-07;1.5467077748149898e-07;8.272490465339709e-08;5.3294823957337695e-08;4.7412984831852976e-08;5.902966441223724e-08;1.0962923420227589e-07;2.63896763416382e-07;5.933308624292566e-07;1.083023957229189e-06;1.76274014923387e-06;2.623757555546637e-06;3.6191876204010815e-06;4.683954824504389e-06;5.972420757951036e-06;7.728041672115731e-06;9.911705901370537e-06;1.2408715587880642e-05;1.4909945628860204e-05;1.7111352281893902e-05;1.8747387034982265e-05;1.972919060596969e-05;2.030702422108128e-05;2.0577547624407555e-05;2.077495201628804e-05;2.086035407936844e-05;2.075810406279029e-05;2.0389590516951622e-05;1.9947551808890628e-05;1.9627538472557844e-05;1.97395600967896e-05;2.0263408876423332e-05;2.083815360008168e-05;2.1101463870872117e-05;2.0797574631783987e-05;1.988471437455322e-05;1.853721175061217e-05;1.702695885786049e-05;1.5786330347946102e-05;1.5013352688157931e-05;1.518839501688788e-05;1.601284534640056e-05;1.6972947324109534e-05;1.7514157947412096e-05;1.7390939617524888e-05;1.685776472305457e-05;1.6361797912279815e-05;1.6177448335432887e-05;1.6444295521060697e-05;1.70487035456563e-05;1.765118371803497e-05;1.7893240604420244e-05;1.7565627603544027e-05;1.6736902931663503e-05;1.5869053456345263e-05;1.5642414750486312e-05;1.6032820233687142e-05;1.68468055726378e-05;1.7557738493032813e-05;1.749180686549268e-05;1.6619648983071826e-05;1.541365331664293e-05;1.4465120847901344e-05;1.3951023198418647e-05
2188.376454303096;5.6821391609373416e-11;4.173234184344013e-11;1.0202881039101494e-10;3.9237055889410545e-10;9.52196656370494e-10;1.2346667878515495e-09;9.780270322925315e-10;7.110510065422048e-10;4.3844363630406776e-10;4.833153436372242e-10;1.7544158513419034e-09;7.3847939360892e-09;1.19339691304771e-08;1.0905352987741669e-08;7.085631686348247e-09;3.922941347102035e-09;1.8504155356961918e-09;8.260955804070817e-10;1.03861980663155e-09;5.637399079414031e-09;1.8427140187818894e-08;3.670498862577544e-08;6.518439789018908e-08;1.1408610034180135e-07;1.66965389077898e-07;1.6966184180058746e-07;1.134335399209852e-07;5.2678238270613904e-08;2.111665652025749e-08;1.1313028025193545e-08;2.147846324185797e-08;5.95890509424138e-08;1.227267356816232e-07;1.9384789085298955e-07;2.3596983934161105e-07;2.14248600983714e-07;1.3617231123450097e-07;6.19736506240635e-08;3.0445574448083615e-08;3.376295395792049e-08;6.085987916186461e-08;9.329799297381249e-08;1.3101758399435086e-07;2.15537640913326e-07;4.276945389797191e-07;9.249192902058324e-07;1.7342045048600668e-06;2.766643140851817e-06;3.919119335606277e-06;5.21267259806073e-06;6.732163029000265e-06;8.671757523161995e-06;1.1076008788734182e-05;1.3826252235092198e-05;1.6571346817242278e-05;1.8891602227456823e-05;2.032136961048689e-05;2.0798795373503807e-05;2.072431949466276e-05;2.0554678964498156e-05;2.049623612444389e-05;2.060899832546869e-05;2.0768172948653813e-05;2.0778212210179777e-05;2.0596725817184025e-05;2.0295025594388765e-05;2.007075630575386e-05;2.0049365981125418e-05;2.022253360331489e-05;2.036368960713609e-05;2.0118862008733758e-05;1.9268458975960356e-05;1.793135032642457e-05;1.6701533928403092e-05;1.593252438415088e-05;1.589232205621907e-05;1.6543825953267915e-05;1.7404977707419546e-05;1.7710791546681714e-05;1.7352079209855457e-05;1.66345707390712e-05;1.6072544336659485e-05;1.6013996589816968e-05;1.643250974829894e-05;1.702648993851788e-05;1.7686145462742098e-05;1.802622214976282e-05;1.784345093286307e-05;1.7304850088864985e-05;1.6685845731670108e-05;1.6246208666811193e-05;1.6173788564686283e-05;1.6328251560350676e-05;1.6524053301874687e-05;1.6483183345669496e-05;1.6167848759346514e-05;1.5611482359729457e-05;1.5008068005919578e-05;1.4565663301685249e-05;1.4347605399567706e-05
2189.7507682548603;1.7860174375885136e-08;8.9828231622806e-09;2.918433676951327e-09;9.185893155687183e-10;5.185069818886085e-10;5.968953434859737e-10;4.361645952165779e-09;2.061117332145881e-08;4.701721741813004e-08;5.990500234615894e-08;4.8922881323611173e-08;2.8938916306212944e-08;1.4301978959071176e-08;9.391264161440631e-09;4.4456745745826176e-08;1.0393064292075528e-07;1.204083918951634e-07;7.763239965717965e-08;2.562332238956872e-08;1.1868002873722325e-08;1.542108854048203e-08;3.2403792338817166e-08;7.258050679724418e-08;1.2307300390146465e-07;1.482791443376594e-07;1.277813292104595e-07;7.814424121730637e-08;3.630196322974125e-08;1.4982974458598984e-08;7.858752586789725e-09;9.85844178310112e-09;2.262606352414011e-08;3.957507708671291e-08;5.2024950802854536e-08;5.492326283215651e-08;4.9007038450476324e-08;3.432593872783391e-08;2.402190091719429e-08;1.5569959753921613e-08;1.5623035579970667e-08;3.0685353691968574e-08;4.574811713190439e-08;6.213512965636395e-08;1.0843927535972566e-07;3.1556835769432845e-07;9.585162929843722e-07;2.0005340668880627e-06;3.190190961340032e-06;4.369527775113562e-06;5.59917950887923e-06;7.110384929580023e-06;8.971591864204029e-06;1.1245243165973534e-05;1.383921843747696e-05;1.6532601959916233e-05;1.8956464267682674e-05;2.07228042412522e-05;2.1798068135521053e-05;2.210231182256953e-05;2.221506638528049e-05;2.2192664394120083e-05;2.1997948024826837e-05;2.1677813418475144e-05;2.144297038405342e-05;2.1044588302534435e-05;2.0552454600360708e-05;2.002436685793123e-05;1.960220708730713e-05;1.955310876539349e-05;1.9781375922489168e-05;2.0019171452803184e-05;1.9864562976394552e-05;1.91670461771713e-05;1.817989763214805e-05;1.7340658457225346e-05;1.7020258250556014e-05;1.695821170639452e-05;1.6948813075267092e-05;1.668194712316215e-05;1.6117965194180272e-05;1.554802130613021e-05;1.529276609773333e-05;1.557380448606178e-05;1.6349414662749347e-05;1.7292508197291117e-05;1.8109402285224947e-05;1.8403971952498266e-05;1.7999399235609993e-05;1.702276700608435e-05;1.6109267366157843e-05;1.5689445698350275e-05;1.5569392459564473e-05;1.564389118055272e-05;1.5588507209132086e-05;1.5350800689278884e-05;1.4993610479768988e-05;1.4571354905873216e-05;1.4200644250577514e-05;1.3991129430442569e-05;1.3971103724265971e-05
2191.1244618931923;6.54334793337621e-08;4.2631795374287413e-08;2.1244943737331528e-08;7.929831004646991e-09;2.8977054315343634e-09;1.77335615336536e-09;8.3611520833334e-09;4.064369248217004e-08;9.348576573266624e-08;1.1943562168268877e-07;9.767667619092517e-08;5.77486892743944e-08;2.8324807495463613e-08;3.421047199173647e-08;1.3557635818262988e-07;3.046519319065479e-07;3.542725800183411e-07;2.366547420587434e-07;1.0243515450744537e-07;3.927734394157199e-08;1.9488042787198122e-08;3.89346779769662e-08;9.96599070476481e-08;1.4656470074490538e-07;1.350649911339728e-07;9.167920413032685e-08;5.4076972155862214e-08;2.7413654492152872e-08;1.1907660425045011e-08;4.973452297958372e-09;2.266688086703805e-09;1.7054385731774715e-09;1.6119821309961315e-09;1.8549026729592947e-09;6.63921954387744e-09;2.0764880068046272e-08;3.790895338648077e-08;4.9977665785052484e-08;5.712724234702789e-08;5.9267680351969284e-08;5.1286300018249976e-08;3.4422993126035595e-08;2.1110409979686473e-08;5.1470525923801286e-08;2.841933107540361e-07;9.914355322155069e-07;2.206076692139865e-06;3.5468869829739425e-06;4.675834697258219e-06;5.698510323201678e-06;6.7836264487114085e-06;8.160343716125611e-06;9.916795839174744e-06;1.231129955258492e-05;1.5057490833665545e-05;1.7739593802494887e-05;1.9973291764889643e-05;2.161214640953591e-05;2.266860259094098e-05;2.328527815046092e-05;2.345176382336356e-05;2.3172089650384505e-05;2.252223155245133e-05;2.173814799187935e-05;2.098274715240598e-05;2.032724205717519e-05;1.97557573235026e-05;1.9362959291478835e-05;1.9298694900737044e-05;1.9562854591116938e-05;1.999175066699063e-05;2.021428584159307e-05;2.004772898119742e-05;1.944176361572121e-05;1.8707784915395723e-05;1.833364386953774e-05;1.817707729954973e-05;1.7913051568572806e-05;1.7518013506971445e-05;1.6970594416206888e-05;1.6440440221678093e-05;1.6111845514394066e-05;1.6207554632580883e-05;1.6779087727273247e-05;1.763958428798607e-05;1.8293200018880625e-05;1.8380516029058267e-05;1.758693631637234e-05;1.6192636868940987e-05;1.4787476657610224e-05;1.3909761541960032e-05;1.377313922302556e-05;1.4171478458836377e-05;1.4791371623939085e-05;1.5222399053296632e-05;1.5354497354321145e-05;1.5135502472372263e-05;1.4703991370705508e-05;1.4184604321304797e-05;1.3995858550525857e-05
2192.497535301401;2.107081098512333e-07;2.1391015013099995e-07;1.560161655304582e-07;7.387484087435584e-08;2.4751706274202003e-08;1.0008913826456812e-08;8.700170305506409e-09;2.2665445041053183e-08;4.796168065809744e-08;6.036829076135557e-08;4.920927224297889e-08;3.1142565364211475e-08;2.823929292594112e-08;6.2695862797518e-08;1.7731209914360417e-07;3.293918818818495e-07;3.582414963166939e-07;2.521729118663587e-07;1.745266244631197e-07;1.864150855546779e-07;1.8790880226991297e-07;1.430735781153435e-07;1.0551354171453644e-07;9.079246860617009e-08;6.637042557903819e-08;6.343216115514807e-08;1.0459793648019418e-07;1.533087792383998e-07;1.873164764629548e-07;1.9886171108255507e-07;1.8924387701573816e-07;1.5960236115261396e-07;1.198604859787558e-07;8.317095061888649e-08;6.023244186541199e-08;5.781896861260215e-08;7.35785000956202e-08;9.14365268968871e-08;1.0578426360922333e-07;1.1434446482090175e-07;1.0107480740676653e-07;6.829586053557701e-08;3.954922045229782e-08;7.023058777573993e-08;2.918056736766124e-07;9.631196592818337e-07;2.1267909944385554e-06;3.4107607941343046e-06;4.502755857691979e-06;5.3595501108144645e-06;6.246085360255969e-06;7.459709574440826e-06;9.204979943735096e-06;1.1615094960698249e-05;1.4478534678509647e-05;1.718555401182639e-05;1.9319346317092424e-05;2.0835202274143476e-05;2.1826458620095308e-05;2.260968276350212e-05;2.316571457048385e-05;2.343249194718596e-05;2.342426575445593e-05;2.280337022124475e-05;2.1987042215654774e-05;2.1035121324977392e-05;2.001370806757115e-05;1.9370145941670413e-05;1.903169310175289e-05;1.901600943799178e-05;1.916920674747355e-05;1.9059648770206043e-05;1.855962453490062e-05;1.8123187362932497e-05;1.807650861991832e-05;1.855287907216728e-05;1.923980102634389e-05;1.9723178271876615e-05;1.958127682129635e-05;1.8917860402360655e-05;1.793029039375842e-05;1.7162102165491124e-05;1.6854924235055837e-05;1.678110266682429e-05;1.6958659436875588e-05;1.715998726595753e-05;1.7121799747825128e-05;1.6558340801866758e-05;1.5573042359741997e-05;1.434967031682716e-05;1.3439339034831318e-05;1.3227955541338096e-05;1.3714903933509127e-05;1.4650145524693806e-05;1.5590569534571053e-05;1.6137894943364517e-05;1.6045062729615793e-05;1.5427702815235375e-05;1.4695801233250334e-05;1.4163712987599384e-05
2193.869988562845;3.204966395010605e-07;3.507179704796173e-07;2.6938349007557773e-07;1.3555920251006608e-07;5.2793751357033995e-08;2.564351036768785e-08;1.28469936889787e-08;5.960746456883951e-09;2.9786680848592722e-09;2.7629775792000703e-09;7.906090783263991e-09;1.7329241355770904e-08;3.593458938712962e-08;6.770756918756022e-08;1.0992417849763765e-07;1.390518022613491e-07;1.305698919916805e-07;1.0264168452574577e-07;1.5614772664700306e-07;2.960062974119679e-07;3.45166393003354e-07;2.4384664231929134e-07;1.2147669370332668e-07;5.9859417777548e-08;3.89364632388533e-08;7.152529448054395e-08;1.6780418553100738e-07;2.813043457076171e-07;3.6302517590477493e-07;3.94957911882183e-07;3.783649448857603e-07;3.191410952966943e-07;2.389903215533488e-07;1.64899290551341e-07;1.1413742499069581e-07;9.269491223876843e-08;9.247992535080317e-08;8.876971377694433e-08;7.63093216396416e-08;6.486182302215299e-08;5.3758832598120766e-08;3.579098459201256e-08;2.6254663501082465e-08;7.632254446836188e-08;2.920926118792392e-07;8.935246199113717e-07;1.94965311621196e-06;3.221824740905859e-06;4.5055092846659175e-06;5.6313866864284735e-06;6.8002998617879416e-06;8.14677981742257e-06;9.810011959241e-06;1.1883237797707784e-05;1.4288397912610904e-05;1.6740714713326322e-05;1.870371876814117e-05;2.0014276914292835e-05;2.0923149529244705e-05;2.178472123254082e-05;2.2595449956893525e-05;2.321139212126388e-05;2.3411695235825676e-05;2.29633737189449e-05;2.2048861098602697e-05;2.089568945278085e-05;1.98388820373615e-05;1.919817208960745e-05;1.90035133980588e-05;1.8991352149785177e-05;1.879517814534625e-05;1.8276476300607258e-05;1.7275144607632716e-05;1.641365402239338e-05;1.618817818728316e-05;1.6654054281284457e-05;1.766942294574965e-05;1.8715014719312665e-05;1.9288670506702195e-05;1.9132652092465328e-05;1.833409568997656e-05;1.7189386205777612e-05;1.6088615874764967e-05;1.533749086676132e-05;1.509478947183974e-05;1.5321071554661706e-05;1.5890859192711612e-05;1.635052761489535e-05;1.645026686220648e-05;1.606931045782697e-05;1.538858302323351e-05;1.4703382967653786e-05;1.4211366375622913e-05;1.4251089719559506e-05;1.4657147093368815e-05;1.5167836024880972e-05;1.5536967241715346e-05;1.559700853023711e-05;1.5454695172300094e-05;1.5148552655596618e-05
2195.2418217608865;2.1179941265577885e-07;1.971094869009796e-07;1.4154211487387841e-07;8.716512286994105e-08;5.77379748301397e-08;4.0438625939704094e-08;2.277355730920125e-08;1.1583680643809028e-08;7.773435543314991e-09;7.925733964682894e-09;1.5904822881664288e-08;2.99389317930167e-08;3.90056805819908e-08;4.2709540096795586e-08;3.0494588110556425e-08;1.4695218357989853e-08;1.5671193094079457e-08;3.4473650115177657e-08;1.0991439425121237e-07;2.1791626483422389e-07;2.434153646390831e-07;1.737530336442929e-07;9.9178307388826e-08;5.821875422025064e-08;4.0315128072685295e-08;4.67117955485662e-08;8.630088708962933e-08;1.414193493551229e-07;1.8404309629822297e-07;2.0317797217953281e-07;1.9610676953809518e-07;1.6429333930488238e-07;1.216812065222318e-07;8.3312429030879e-08;5.878379167862894e-08;5.1952469634785484e-08;6.049710865532624e-08;6.98417602850797e-08;6.176257595368435e-08;4.1776333150345344e-08;1.9968484425982636e-08;7.344296453503406e-09;1.0184833634857331e-08;5.465687397696455e-08;2.511190432021961e-07;7.878611889226328e-07;1.8144498406548891e-06;3.262906366580537e-06;4.889010304715684e-06;6.4912130164768325e-06;7.946310859958583e-06;9.313121549484643e-06;1.0699565326819148e-05;1.2206990874110523e-05;1.3912245236753288e-05;1.5996925535412105e-05;1.7960145105154838e-05;1.954440603733355e-05;2.08996856406134e-05;2.1982924754633533e-05;2.2685198017645728e-05;2.29061689538947e-05;2.255398333752327e-05;2.1720511932746183e-05;2.0788946170512705e-05;2.0055650802750195e-05;1.972034407417937e-05;1.95787127067492e-05;1.958797192308045e-05;1.9411609573725265e-05;1.8897338538331813e-05;1.8025389001946165e-05;1.7046603498865274e-05;1.6199853039885984e-05;1.574131000713691e-05;1.57353650354108e-05;1.6317310997336536e-05;1.7265071604753917e-05;1.817070339089471e-05;1.8582670202393324e-05;1.8530980591289826e-05;1.7777958275465336e-05;1.6555290534733024e-05;1.55662471547128e-05;1.4981255970340651e-05;1.512719067691055e-05;1.594748194363207e-05;1.693967567543072e-05;1.7636121380229017e-05;1.7753531186055137e-05;1.7142708651995916e-05;1.6098793199699046e-05;1.492434141694299e-05;1.4018162974678078e-05;1.3686735773070896e-05;1.4035042818782329e-05;1.487396622824637e-05;1.576530917538026e-05;1.6266555209905743e-05;1.6402241726046016e-05
2196.6130349789382;8.585599410807321e-08;8.752067690429679e-08;1.3530877484988246e-07;1.8933434837096762e-07;1.876182340580931e-07;1.332661583923772e-07;7.3016403290498e-08;3.71797567005214e-08;2.2396594800393647e-08;1.4303305628462364e-08;1.2847690828600072e-08;1.8585804356793163e-08;2.7681524224042504e-08;3.4198760983639844e-08;6.92948835434998e-08;9.85647224612066e-08;1.1196646840046068e-07;1.1570439299421937e-07;1.265127625659187e-07;1.3645560175971361e-07;1.1429099525854657e-07;7.591492159404618e-08;4.496891604771659e-08;3.2562861004515305e-08;2.2656968039597012e-08;1.1366238310933044e-08;3.918763655383318e-09;2.4084816409647894e-09;5.128137689654799e-09;1.060742372087436e-08;1.3524224710546878e-08;1.0277399656840148e-08;4.7368070522998584e-09;1.880289200858618e-09;3.473834537971155e-09;1.2540272082387526e-08;3.6894894095512864e-08;7.660966330890437e-08;1.0325852586545877e-07;9.075199825812132e-08;5.506701702791749e-08;3.039237296224624e-08;2.086129143366812e-08;4.424631584548152e-08;1.9886813387672586e-07;6.206675688712053e-07;1.4668793432407454e-06;2.80317669070375e-06;4.438795767537997e-06;6.267683832541692e-06;8.052163123228614e-06;9.744568323724944e-06;1.1377030508611604e-05;1.285699675819386e-05;1.4413234986768368e-05;1.6087704890672406e-05;1.793005993999039e-05;1.9704749537760614e-05;2.1232826344997443e-05;2.235786271782608e-05;2.2799555144498503e-05;2.254538699552813e-05;2.192250376327965e-05;2.1198825424615183e-05;2.055465023949989e-05;2.031767912469542e-05;2.0336570009618607e-05;2.0366115090207612e-05;2.0100442310126436e-05;1.967763349272237e-05;1.928352702130065e-05;1.893647342223514e-05;1.871044861147121e-05;1.84220163739743e-05;1.801734829186744e-05;1.76578924974085e-05;1.7548303529914953e-05;1.774330109312989e-05;1.818635901886512e-05;1.869766714772696e-05;1.902638319011783e-05;1.8989667523913946e-05;1.848640030556113e-05;1.7621558185197058e-05;1.666580750997999e-05;1.594481527574456e-05;1.5740183390496963e-05;1.618394580400056e-05;1.679981063258611e-05;1.720618569357949e-05;1.7137796795509783e-05;1.6545819754010876e-05;1.5654525861123326e-05;1.4745441316267152e-05;1.428677748520807e-05;1.438139781544826e-05;1.4988197729805536e-05;1.568734866840493e-05;1.6119826605279348e-05;1.628997793415338e-05
2197.9836283004333;4.3550738246802815e-08;1.1248775776830329e-07;2.510679299110125e-07;3.65606305606651e-07;3.933379608134271e-07;3.3342156686139105e-07;2.1726407983375306e-07;1.0653574586877145e-07;4.4907944295677566e-08;2.1232748868263932e-08;9.548218862555781e-09;8.220389485652437e-09;2.2892355452791856e-08;6.29415534763187e-08;1.3036434486174746e-07;1.928983577885256e-07;2.0339676334612018e-07;1.6236790146514793e-07;1.1322800277206892e-07;7.686819941095425e-08;5.14825947816201e-08;2.906839420044784e-08;1.54272354485803e-08;1.0738872232859068e-08;7.893537046567104e-09;4.308632845213693e-09;1.7892931729392122e-09;9.907277440899795e-10;4.1278362397623286e-09;1.2655329619908158e-08;1.9674365669135106e-08;1.8783622355583048e-08;1.5379709598767438e-08;2.6368215395180602e-08;6.833560913863717e-08;1.048092066609057e-07;1.3299093790079777e-07;1.5443397497352128e-07;1.6299020290042238e-07;1.4273350087699922e-07;1.1068635569949183e-07;8.092698084382735e-08;5.712872414111448e-08;5.709439020445192e-08;1.7825938393524306e-07;5.05344881837859e-07;1.1360939697294837e-06;2.175910363431388e-06;3.607565967564588e-06;5.346472665954206e-06;7.24422668070638e-06;9.186877373141614e-06;1.1117826876468713e-05;1.2985585524775988e-05;1.475373039389818e-05;1.6326265659987545e-05;1.7893670741774036e-05;1.9418993511127327e-05;2.067999076735726e-05;2.1466482477396625e-05;2.175406084816236e-05;2.1687630596924654e-05;2.140984850651082e-05;2.11841261710932e-05;2.0942677564500743e-05;2.0667994705774445e-05;2.029342840702317e-05;1.975539914244364e-05;1.9216953744779083e-05;1.8926152427868557e-05;1.8978230222947687e-05;1.948081226099153e-05;2.003454062947719e-05;2.0133361641524176e-05;1.969137441117334e-05;1.926418548734123e-05;1.891225041883856e-05;1.8560080133878417e-05;1.8229277762129843e-05;1.8028107770588888e-05;1.798415435648785e-05;1.8128428608866443e-05;1.82902318617144e-05;1.818170294519164e-05;1.7675696709367623e-05;1.6725627067909516e-05;1.57813119789542e-05;1.5372394222357037e-05;1.5678768254859118e-05;1.643767492513598e-05;1.7173882698481548e-05;1.7313218078993654e-05;1.6716591367928158e-05;1.563491330246515e-05;1.4625852646920264e-05;1.4142028480401534e-05;1.43721210777943e-05;1.4985110401025944e-05;1.5566256279619427e-05;1.5890381287611065e-05
2199.3536018088344;2.8447430791885985e-08;9.318101384780528e-08;2.0036801929736746e-07;2.8145817920798644e-07;3.507855835684746e-07;3.6213792946585673e-07;2.720140877280575e-07;1.3745536419616537e-07;5.1311134480819184e-08;3.2046257330397675e-08;7.14242504953984e-08;1.4405914530693454e-07;1.73666264655738e-07;1.4678340065811762e-07;1.1112367357191734e-07;1.108104649632846e-07;1.0980312021933085e-07;7.856490098975016e-08;4.172098350669122e-08;2.3629593448177672e-08;4.4228851047144266e-08;1.0842902450635433e-07;1.6981285978608938e-07;1.5971958098600764e-07;9.098147458347082e-08;3.3304973850089586e-08;1.0611786567329492e-08;6.527462198296087e-09;1.1758390384330928e-08;3.572554915540241e-08;8.238618303021005e-08;1.306207216334297e-07;1.4722980947021014e-07;1.448791461705135e-07;1.666229094379404e-07;2.108672729170239e-07;2.337780319152005e-07;2.270549669580532e-07;2.0306971707797326e-07;1.735916927634822e-07;1.405084765693022e-07;1.0320466143258665e-07;8.56599677263213e-08;1.4446253568633544e-07;3.686321556165412e-07;8.093102138372372e-07;1.4477040109384025e-06;2.275633854935001e-06;3.4166576149459745e-06;4.872201351633006e-06;6.702091954292733e-06;8.857689154317189e-06;1.118205193442006e-05;1.343865269338866e-05;1.533604097381078e-05;1.6738788543976692e-05;1.7691299704505893e-05;1.8541809442781785e-05;1.9427072917712296e-05;2.0172258800692888e-05;2.084113039541541e-05;2.131594391384701e-05;2.181143385031224e-05;2.200274903105278e-05;2.190490300541077e-05;2.1286188748760225e-05;2.0199880768612297e-05;1.887977682229687e-05;1.7861538322565165e-05;1.7414239973628073e-05;1.764192875804486e-05;1.8223330324573692e-05;1.866771444105978e-05;1.87537872369344e-05;1.8611376963199844e-05;1.8429503986870757e-05;1.8268489690726796e-05;1.7854861153914368e-05;1.7103529640621375e-05;1.6309078793026587e-05;1.5921934859905365e-05;1.6169067892815753e-05;1.6868238560447853e-05;1.7534162846263667e-05;1.7646521099315598e-05;1.7133929377351912e-05;1.639160612343518e-05;1.6006543206190717e-05;1.634599868479735e-05;1.7222006524990613e-05;1.806844290325681e-05;1.826555470096034e-05;1.749778291963485e-05;1.5894195846267474e-05;1.434103389979584e-05;1.3599934479167624e-05;1.3865437902439372e-05;1.471457605251746e-05;1.563517300785724e-05;1.6210174277870796e-05
2200.7229555876365;4.352068954379306e-08;8.27074607249492e-08;1.23972233818395e-07;1.469315093038666e-07;1.6154992012033957e-07;1.619253185845435e-07;1.237456324799572e-07;6.437839353064739e-08;2.474272231612758e-08;3.379470040382683e-08;1.4131882294048065e-07;3.263762289118741e-07;4.2518784225339125e-07;3.542828166841325e-07;2.142585845324736e-07;1.1233583306360187e-07;5.5126596118970514e-08;2.58046362996906e-08;1.2783441696922636e-08;1.3026048598648416e-08;6.909050209957731e-08;2.1000745465875665e-07;3.337051303824242e-07;3.124929576204125e-07;1.7587578355777378e-07;6.323126492963374e-08;1.9994798956809592e-08;1.2646859377409569e-08;2.2688076337797926e-08;7.149100746612022e-08;1.822748161550227e-07;3.136981368264783e-07;3.526608648158867e-07;2.783615881158462e-07;1.868670931765386e-07;1.5311614066507342e-07;1.369043452322417e-07;1.2218687844992994e-07;1.0614385334430241e-07;8.901192824674311e-08;7.111979924405845e-08;5.715422586195847e-08;8.471445197694748e-08;2.430609046852609e-07;5.836423342863599e-07;1.133465641922347e-06;1.8312990243166376e-06;2.671562859688972e-06;3.675797056043236e-06;5.03741943343583e-06;6.967564008124424e-06;9.463673942675191e-06;1.2212517680684316e-05;1.474680252664676e-05;1.6631356125319518e-05;1.7734884452977548e-05;1.825483510832068e-05;1.863778092867289e-05;1.9293566004958705e-05;2.028315863718528e-05;2.134299927084259e-05;2.224139679328591e-05;2.2912077387657663e-05;2.32788802068162e-05;2.3240059271252865e-05;2.259696601126753e-05;2.1347787677643997e-05;1.974239651926789e-05;1.8270577158251448e-05;1.7445651896165263e-05;1.7370643673942622e-05;1.7609758270810237e-05;1.7633689582576898e-05;1.7265566363520262e-05;1.6894796599582933e-05;1.6588492749378827e-05;1.6454299664543012e-05;1.6335250406665006e-05;1.6112880427402923e-05;1.5956063584996773e-05;1.6049320368185304e-05;1.6463236087363765e-05;1.6980869568957323e-05;1.7248062754490733e-05;1.7171442321721075e-05;1.6707924020829572e-05;1.6252114765449873e-05;1.617781725061507e-05;1.6562876111022622e-05;1.7278303938659315e-05;1.7742117756712493e-05;1.751172921606782e-05;1.6608741430923358e-05;1.533273771399956e-05;1.4296270289738054e-05;1.393381444874743e-05;1.43306471396339e-05;1.4954396008533084e-05;1.5421593768125678e-05;1.5747339774696907e-05
2202.0916897203606;1.351371795661698e-07;9.232435891678799e-08;8.616592406781487e-08;1.3343627073563536e-07;1.8732543510092322e-07;1.937894813800737e-07;1.4257719806063326e-07;7.942075448991478e-08;3.759849247071771e-08;3.0208400970525054e-08;9.332357788840919e-08;2.392427579030148e-07;3.680364752748537e-07;3.954763852084455e-07;3.2552311316372415e-07;2.2585252347839759e-07;1.244265144379193e-07;5.6048060600408e-08;2.0395285040819057e-08;1.24600462739015e-08;3.9114071446138436e-08;1.0915683370055385e-07;1.7056820193444493e-07;1.5916600376039018e-07;9.007414271146469e-08;3.3093071757276416e-08;1.0843060284520882e-08;7.500404481845167e-09;2.0371534253033778e-08;7.561165507178094e-08;1.938606316522991e-07;3.367517651438477e-07;3.9445997009839357e-07;2.996850465130559e-07;1.551058678755089e-07;6.65062847680332e-08;4.13516331089724e-08;4.629670840357324e-08;5.934918993970096e-08;6.149253809536646e-08;4.7741451478306216e-08;3.2945985378033347e-08;6.8040782442662e-08;2.011662619196219e-07;4.845780433270696e-07;9.843535058027925e-07;1.7714255303105415e-06;2.850010657979425e-06;4.100966379390093e-06;5.568109339465806e-06;7.457828368474977e-06;9.758148565754746e-06;1.2167298014298132e-05;1.4390112077491366e-05;1.6157520203573158e-05;1.7475949691720875e-05;1.8578410535453767e-05;1.957980051208064e-05;2.0790573549219185e-05;2.2109405740321865e-05;2.314021204112401e-05;2.360872884835716e-05;2.332824139692249e-05;2.282462954035272e-05;2.241907994266515e-05;2.209828230090132e-05;2.178056439347572e-05;2.116741144509102e-05;2.0380409045111857e-05;1.9602379704131885e-05;1.8981980163696823e-05;1.8448617143537883e-05;1.7859302555995282e-05;1.7208765003955032e-05;1.665685522761396e-05;1.6393099638791084e-05;1.6435873945609672e-05;1.6673015294422942e-05;1.6985962142516792e-05;1.7332776786399956e-05;1.7656652955715228e-05;1.7938941941592305e-05;1.798537706970942e-05;1.7653262936361494e-05;1.695067055114145e-05;1.6214366926748613e-05;1.5728820108642617e-05;1.57162695563534e-05;1.6058615270642663e-05;1.6502271824060526e-05;1.670307361973501e-05;1.640721593387667e-05;1.569510769760625e-05;1.4885361297855858e-05;1.437846584738648e-05;1.4351264207018744e-05;1.4629155834461072e-05;1.4913618187082536e-05;1.503487513867547e-05;1.502944018636958e-05
2203.4598042905563;2.15889594327372e-07;1.0249150624868097e-07;6.06520276249867e-08;1.5265762874285233e-07;3.196611437976379e-07;3.965798271142529e-07;3.164501754114141e-07;1.735566038648216e-07;7.827448932072536e-08;3.316127162563927e-08;2.575840317007603e-08;5.6453784731881135e-08;1.080474230543601e-07;1.5728225483357617e-07;1.839023726242944e-07;1.722229796415356e-07;1.2074865183003852e-07;6.077290154208495e-08;2.1783481719452913e-08;8.270966109441685e-09;6.310158016558011e-09;8.730722992923635e-09;1.790993805277479e-08;4.805231974706784e-08;6.002717380041468e-08;4.5254692097028986e-08;2.204194491476957e-08;9.6003657516783e-09;1.4756992437809271e-08;5.1208382706535076e-08;1.213368254265528e-07;2.005386824088787e-07;2.3226039098852e-07;1.8483486438163759e-07;9.33728089562158e-08;4.0765590492181e-08;4.6223269806516045e-08;7.804834514935122e-08;1.110961026670062e-07;1.1815154943490277e-07;8.831629567829651e-08;4.8658582532228426e-08;4.2264836987563795e-08;1.158876166463851e-07;3.82509533033067e-07;9.514041608451128e-07;1.8119872354337204e-06;2.8089022229980184e-06;3.875946625233593e-06;5.022352753194538e-06;6.51545848781223e-06;8.461283080584732e-06;1.065427553826561e-05;1.281661520006418e-05;1.4793954060036134e-05;1.65938850601626e-05;1.8314687971108065e-05;1.995535550724213e-05;2.146414829673217e-05;2.2761367109460555e-05;2.3514350001642017e-05;2.325738754497163e-05;2.2107826877582813e-05;2.072188400040102e-05;1.983573970892349e-05;1.98103319176154e-05;2.0441672790515068e-05;2.1130731671595035e-05;2.1267185493241025e-05;2.065627918738375e-05;1.958104758234895e-05;1.8553635429348587e-05;1.7988674315141415e-05;1.7973166290058233e-05;1.8272135778554447e-05;1.854995856116721e-05;1.8611061001362248e-05;1.844662757430811e-05;1.819836841615115e-05;1.810473459264544e-05;1.82458847982022e-05;1.842554226203953e-05;1.842003874535933e-05;1.8187023667211356e-05;1.7581124925940377e-05;1.6878988638654785e-05;1.619065580046335e-05;1.5877511106315627e-05;1.6051300708042745e-05;1.635536699607691e-05;1.6543161823041777e-05;1.647233553117082e-05;1.5926073285760052e-05;1.5283769196435736e-05;1.4817510614425817e-05;1.47006698247046e-05;1.472210549976791e-05;1.4856990908974942e-05;1.505051775344817e-05;1.5188572095089956e-05
2204.8272993818064;1.164349303967032e-07;5.594556416252466e-08;2.8559708788877464e-08;9.44824834414338e-08;2.0951598155874138e-07;2.826799752690711e-07;2.3650077630259759e-07;1.3348892912746545e-07;5.985288650554645e-08;2.653638919333112e-08;1.9400472265976333e-08;3.37831121549278e-08;5.6588382469241575e-08;6.85864282279043e-08;6.81619909688478e-08;6.828599030963911e-08;5.85548567995124e-08;4.54402604118985e-08;4.889263862105874e-08;5.7646414182720424e-08;5.7724683341006356e-08;4.7625521201462335e-08;5.499976183606328e-08;9.401356796333106e-08;1.1759736059136608e-07;9.079433023381454e-08;5.4397248299225275e-08;5.0403404260249346e-08;7.796579881237574e-08;1.1396411107520817e-07;1.3223629400675464e-07;1.2389726151647612e-07;9.815908374451473e-08;6.52065634884236e-08;3.504712162950108e-08;2.1330221906217837e-08;3.0360904331572065e-08;4.706023723916912e-08;6.039129259471037e-08;6.374243615635673e-08;5.735328080681355e-08;5.8239722081751936e-08;8.773130779818525e-08;1.9522017078279006e-07;5.199577426861205e-07;1.166811785896181e-06;1.9442158162676084e-06;2.66240060989822e-06;3.298320546103099e-06;4.039717111745062e-06;5.343166633522647e-06;7.352527767723528e-06;9.814177971038962e-06;1.226975416465649e-05;1.4528102242203037e-05;1.6508366169812985e-05;1.8121904126096495e-05;1.9369910861479436e-05;2.013310818563064e-05;2.0648824811325413e-05;2.0956745798437385e-05;2.08374204345473e-05;2.028609165035468e-05;1.9704614601866172e-05;1.926697509975819e-05;1.9222066892606048e-05;1.9503923365158276e-05;1.9857785416489685e-05;1.9776902990548364e-05;1.915149282371876e-05;1.8228508417788104e-05;1.750055661744401e-05;1.743572652379814e-05;1.798475667134919e-05;1.871642854897645e-05;1.9186254701441425e-05;1.916124798991488e-05;1.875000860121119e-05;1.827646741718874e-05;1.7974942695402684e-05;1.8071542077477964e-05;1.8354688781393823e-05;1.8517602854161508e-05;1.838487724413572e-05;1.797751549774284e-05;1.735380146494869e-05;1.66371604782757e-05;1.5975059720813407e-05;1.5552271144095948e-05;1.5440577592428683e-05;1.5465169341964173e-05;1.5356670023816235e-05;1.5091052002408917e-05;1.5044342518428522e-05;1.5275581033792706e-05;1.5799754158060564e-05;1.6255303379574293e-05;1.6329199404871188e-05;1.6127692355960876e-05;1.591271830626731e-05
2206.1941750777223;4.5987260669449655e-08;5.270746853328954e-08;5.9141007544260946e-08;5.980531313010134e-08;5.7956970967588365e-08;6.833374661249839e-08;7.37204490234756e-08;8.421693915865787e-08;8.027683980275129e-08;5.461815762810219e-08;3.810918476221192e-08;6.28862556922244e-08;1.0840058624717377e-07;1.193300575519112e-07;8.171830613008715e-08;3.62686569527696e-08;2.6511752017714258e-08;5.7178734953320944e-08;1.193373757697052e-07;1.898440908429572e-07;2.208981026645259e-07;1.8434744943907585e-07;1.206228317868372e-07;8.015803834228523e-08;7.158785650568935e-08;5.443931599252045e-08;4.711004498140116e-08;7.671902355338669e-08;1.3901208294710214e-07;1.90072286569931e-07;1.8510324095986966e-07;1.2895037976068122e-07;6.858793128768745e-08;3.194738276772974e-08;1.4911324744176424e-08;8.728801389006288e-09;8.96126117832087e-09;8.294129690958371e-09;5.383982481980887e-09;8.603644230902051e-09;3.042765682848012e-08;8.73514563493844e-08;1.9124107546695547e-07;3.43468069700921e-07;6.147362119067933e-07;1.1001919783989034e-06;1.7812546712357674e-06;2.582141817967697e-06;3.5469947228523847e-06;4.7570280231557465e-06;6.442618478885662e-06;8.598058273898126e-06;1.09392575774234e-05;1.3189282767621586e-05;1.518512757046468e-05;1.6854010873813522e-05;1.816717680106911e-05;1.9009592268977623e-05;1.942868740271925e-05;1.967695246034761e-05;1.9958024683628183e-05;2.025057586896041e-05;2.0538208999640865e-05;2.075576340124604e-05;2.0659418401218277e-05;2.0368322961929944e-05;1.9992939563157065e-05;1.9617411026262304e-05;1.919152228337176e-05;1.864857793149633e-05;1.8002365554264757e-05;1.7426401277558903e-05;1.72473877836158e-05;1.7457855167829297e-05;1.7656828770035206e-05;1.78688371135706e-05;1.7971339988083132e-05;1.7734873195899583e-05;1.7431527157307653e-05;1.728885470550088e-05;1.7413711200222094e-05;1.7758598371350717e-05;1.8039351826326225e-05;1.8067252971164048e-05;1.7659051766760696e-05;1.7072789690404656e-05;1.6602689630776338e-05;1.60403497865328e-05;1.532697825692896e-05;1.4752986560816062e-05;1.4398679129710002e-05;1.419981209233665e-05;1.4231109005462435e-05;1.4633203982977096e-05;1.5514937637083716e-05;1.673280551940991e-05;1.774838796169533e-05;1.7818453305224274e-05;1.710098044117702e-05;1.6291713262876168e-05
2207.5604314619304;8.435951980436747e-08;1.356316095046903e-07;1.691134424457549e-07;1.4960548504262842e-07;9.275521284875156e-08;4.063638890154461e-08;4.751636473797287e-08;9.96055399250369e-08;1.2675316446830962e-07;9.078559187875674e-08;4.610966687642446e-08;4.237908212400106e-08;6.085099226774852e-08;6.231195619001655e-08;4.1420322294921996e-08;1.3166502246841185e-08;1.2549521945094528e-08;4.996925960730663e-08;1.2286300887631152e-07;2.154221210463542e-07;2.7820376409368654e-07;2.485199744293552e-07;1.4533832568738737e-07;5.769442245454061e-08;2.1470382803975443e-08;1.1863647002140918e-08;1.6166864030625182e-08;3.607444883738868e-08;6.92653470275789e-08;9.581256969715433e-08;9.348143387384465e-08;6.517560288387045e-08;2.6875385036521663e-08;1.1627763998442852e-08;5.654352741469256e-09;2.9105808375117867e-09;1.6020191369042974e-09;1.013038167377862e-09;1.3013328859643756e-09;7.114175655611966e-09;3.3108304502709646e-08;1.0685727438427445e-07;2.346107083754435e-07;3.9156434184523546e-07;5.8933723134666e-07;9.130438044022008e-07;1.4884580084783578e-06;2.416210623810209e-06;3.694047457639144e-06;5.330576740936199e-06;7.352965247737203e-06;9.641293714818536e-06;1.1953260387675742e-05;1.412733986539013e-05;1.603533817740228e-05;1.765485724489273e-05;1.905235556161329e-05;2.020624176862547e-05;2.10876486417539e-05;2.174933951818315e-05;2.21607463443912e-05;2.2174383556789467e-05;2.1724165872134534e-05;2.1168999681760147e-05;2.0603894408020817e-05;2.0269523529108667e-05;2.0108782985530617e-05;2.005182665789509e-05;1.980699845613165e-05;1.937596551097244e-05;1.8879174089283543e-05;1.843736778893916e-05;1.8221219811472982e-05;1.828538024596393e-05;1.848985729042538e-05;1.861288998248808e-05;1.8354313936616856e-05;1.7588472362445645e-05;1.673264073104712e-05;1.6084320150846213e-05;1.5901656820585492e-05;1.6134118424089008e-05;1.6589957526221093e-05;1.7164848971135407e-05;1.7638981559492817e-05;1.800476544890074e-05;1.799778851435459e-05;1.739133228156213e-05;1.6318035643759278e-05;1.5113731521411187e-05;1.429465821210929e-05;1.4165259305729487e-05;1.4493759735033428e-05;1.5086385293259724e-05;1.592852306284823e-05;1.6722581386816612e-05;1.7403411453879444e-05;1.7324653547834122e-05;1.6590136809182705e-05;1.5824346767689612e-05
2208.9260686181115;6.486615074877308e-08;1.3143239200384696e-07;1.786158652352619e-07;1.7894393534009878e-07;1.3829227223613686e-07;1.0196782375632781e-07;9.285083993218177e-08;1.0258357555383546e-07;9.277849597015316e-08;5.739199161952706e-08;2.7570184951929703e-08;1.6280186963416966e-08;1.0576174025454089e-08;5.2237992998686395e-09;5.868577774672737e-09;1.2270918796002026e-08;1.8638100527727493e-08;2.8242457138155894e-08;4.9986720930762994e-08;8.649624576926415e-08;1.3705169623171384e-07;1.6224560516653372e-07;1.2621301381447606e-07;6.52875293545624e-08;2.542835139128896e-08;1.0397693291271831e-08;5.9211133931607585e-09;1.4605603352133602e-08;4.130383092485516e-08;7.023467171399957e-08;8.130204209499894e-08;7.28853319508308e-08;5.5478919561621524e-08;3.4755219380509815e-08;1.6650044826387394e-08;6.281561051665958e-09;2.524093745646877e-09;1.3434469370648143e-09;8.608633034692992e-10;4.350620075068303e-09;2.2541595726165317e-08;7.724782335408293e-08;2.0181729794384085e-07;3.830211654215561e-07;6.319372039407348e-07;9.920172684243766e-07;1.5163193458649383e-06;2.261710319131022e-06;3.2705911133546526e-06;4.640867850036744e-06;6.468260664396372e-06;8.690139510301077e-06;1.1116636925723216e-05;1.3588931975198484e-05;1.5891186974426163e-05;1.7876128663804006e-05;1.9609036013574e-05;2.110594784150823e-05;2.234263506586435e-05;2.3257285014811785e-05;2.3654317200901512e-05;2.332582746699114e-05;2.219165227593562e-05;2.059618797561198e-05;1.925991016291306e-05;1.8525857111327127e-05;1.8433935988498104e-05;1.876249938122989e-05;1.91476796743172e-05;1.9339434906577567e-05;1.940757847144297e-05;1.9589217652817527e-05;1.9788306049803723e-05;1.996968146400422e-05;2.0107852658746664e-05;1.9860991276907692e-05;1.9034424037998617e-05;1.8016144349475263e-05;1.6905713084590923e-05;1.62041093670299e-05;1.5811723979026592e-05;1.5656954949656668e-05;1.572286528839341e-05;1.6062978923691745e-05;1.6981227960645585e-05;1.812557711482097e-05;1.88264484836186e-05;1.8592599606859065e-05;1.7565381650346477e-05;1.613013603091858e-05;1.502076289544116e-05;1.463419762840503e-05;1.485093238160982e-05;1.5396243476799736e-05;1.5929526556776913e-05;1.632674317185278e-05;1.6446099740796956e-05;1.618434896157988e-05;1.556334940070439e-05;1.4995290374141722e-05
2210.29108662995;1.8060238359353977e-08;4.4446765031251316e-08;6.87754657938782e-08;9.538820212159348e-08;1.2750526236337698e-07;1.6468512722560024e-07;1.735351567433415e-07;1.5134471702531166e-07;1.0584715366770226e-07;6.321662786249024e-08;3.5956515807300686e-08;1.9240422492836632e-08;1.0106086241128061e-08;5.587529253608313e-09;1.0110776827798037e-08;2.3636916114015662e-08;3.1251199225492823e-08;2.3831383427590672e-08;1.1186177926651732e-08;9.308940024538842e-09;3.812625653601072e-08;9.284796507940229e-08;1.1728155699876052e-07;8.515001852980892e-08;3.950751301778557e-08;1.5622413296043122e-08;9.79104961212178e-09;2.7071996361004408e-08;8.092201341747065e-08;1.3867638597561605e-07;1.6139819046257708e-07;1.4978007148571744e-07;1.2168162906479e-07;7.95166849908999e-08;3.79551346081585e-08;1.3720632433446781e-08;5.203947885331707e-09;2.722780971882772e-09;1.4782046327703872e-09;1.6254737970984975e-09;6.721216632535375e-09;2.8314540175589193e-08;9.86758421221188e-08;2.539271884818488e-07;5.527431348015997e-07;1.043617162559469e-06;1.7934748046258863e-06;2.7431377732662874e-06;3.860844170365801e-06;5.145490820715064e-06;6.652568779067592e-06;8.433667975394217e-06;1.0466383055278551e-05;1.2701330895206635e-05;1.4904532133982855e-05;1.6991826118167063e-05;1.8819650990167535e-05;2.039446063366548e-05;2.17556515055623e-05;2.284701483344468e-05;2.3470208944650455e-05;2.338430666878197e-05;2.254133655358438e-05;2.096277040843871e-05;1.941714806509533e-05;1.8374852456899375e-05;1.80552510622071e-05;1.8304732595234062e-05;1.8869610048893595e-05;1.938426202250005e-05;1.979253907006399e-05;2.0196227234673797e-05;2.0541118265463044e-05;2.0646730635181156e-05;2.035569781503193e-05;1.9690069436572343e-05;1.885553320373176e-05;1.8204002720103467e-05;1.7807446289241732e-05;1.760363206852713e-05;1.73356933311058e-05;1.6805450076309507e-05;1.6079523099901258e-05;1.552559665783042e-05;1.561775649312967e-05;1.61688741400721e-05;1.7145052384820432e-05;1.7899361889212928e-05;1.800252272913205e-05;1.7330335878627125e-05;1.6597133099070828e-05;1.5961928487658498e-05;1.5588266336198088e-05;1.535587756277827e-05;1.527774196733865e-05;1.5011089479438228e-05;1.4622094824015576e-05;1.4308324937887613e-05;1.400408963643345e-05;1.3782557474393286e-05
2211.6554855811737;4.182487936112239e-09;2.7104388928884636e-09;7.294077571015091e-09;2.8932149265754607e-08;8.427305882975886e-08;1.5199445180239608e-07;2.10518079126406e-07;2.312839097382907e-07;2.0463926127110693e-07;1.4562416117497645e-07;8.22562219842456e-08;3.5946501575000885e-08;1.3615327887923572e-08;7.144264642953003e-09;7.692467657378747e-09;1.3378819541993373e-08;1.6809780997418772e-08;1.1843045141946582e-08;4.8359203705639455e-09;5.838009272083588e-09;2.111578593238742e-08;6.074555028288869e-08;1.0231825814549916e-07;9.841723751184656e-08;6.041452269370556e-08;2.8597905043186913e-08;1.5257937725135208e-08;1.827081645637857e-08;4.227538495025608e-08;7.038007091775218e-08;8.366461056909686e-08;8.548261768787806e-08;8.188143601819739e-08;6.396140913079253e-08;3.5315399108944584e-08;1.3183043598257965e-08;4.542172973788356e-09;3.078470312891298e-09;5.280630322081587e-09;7.924689132299194e-09;7.301821480451505e-09;6.2254053787332085e-09;1.5112495156138598e-08;7.78551366702614e-08;2.789297330415676e-07;7.630352158428025e-07;1.76938423483888e-06;3.3302572666042656e-06;5.0886670724023e-06;6.741580523801961e-06;8.188119462870928e-06;9.524454332485335e-06;1.0890388749869e-05;1.23724807196249e-05;1.394641153050094e-05;1.5543587124869105e-05;1.71654799464503e-05;1.8702282832966613e-05;2.0137411012901577e-05;2.140471637589431e-05;2.235149082175158e-05;2.2732013589024747e-05;2.24096924605976e-05;2.1435890379055188e-05;2.0237021090257744e-05;1.934502184845309e-05;1.901094117832256e-05;1.905341262017093e-05;1.9216164820666837e-05;1.9454349330597917e-05;1.9645118826106543e-05;1.965575502758989e-05;1.9581449231558407e-05;1.9568297975236675e-05;1.943355390150342e-05;1.9215337952324103e-05;1.892872266394002e-05;1.8806665601476905e-05;1.869951939411778e-05;1.8299930015515976e-05;1.7806868977705136e-05;1.7055392064083983e-05;1.6172693577388624e-05;1.5376818143406822e-05;1.4905096968816435e-05;1.5097760393821118e-05;1.5907011974975128e-05;1.698510828452257e-05;1.7689287757624382e-05;1.7740673562943217e-05;1.7265306971208366e-05;1.6569104257520684e-05;1.5896383422305565e-05;1.531782886529365e-05;1.497037348001381e-05;1.4676299374451004e-05;1.4233572886336744e-05;1.377340559213252e-05;1.3461929977849004e-05;1.3340196452073909e-05
2213.0192655555293;1.3707438282877092e-08;6.690919229093281e-09;3.2931119192297438e-09;9.359685280354091e-09;4.2197321015846945e-08;1.1246467265924653e-07;2.179730717833569e-07;3.136656197422099e-07;3.3130502721293485e-07;2.556407008301959e-07;1.5287948609532717e-07;9.93016214503823e-08;1.0855991280832161e-07;1.309433616531976e-07;1.1666612222014697e-07;7.04346689686908e-08;2.876271712364433e-08;1.1979600504112516e-08;7.153181766570306e-09;6.9218294168060445e-09;1.9595932223124347e-08;7.10473152905212e-08;1.5950404082182245e-07;2.226919017315797e-07;2.0986168104053297e-07;1.4338804385433398e-07;7.528631257187066e-08;3.0629350472966676e-08;8.9181509830994e-09;4.547538005140364e-09;5.853568976085006e-09;1.3059051195320197e-08;2.6187725293294777e-08;3.783165652462068e-08;4.10864389284336e-08;3.1938893696378934e-08;1.6428681058626613e-08;7.669101134168879e-09;9.857231260881656e-09;1.6799411629528964e-08;2.142916753288044e-08;2.950550343240296e-08;5.5541926534855743e-08;1.1909714578884249e-07;2.4353224339434254e-07;6.059563783304901e-07;1.5516249641644303e-06;3.181768529879395e-06;5.129829223416248e-06;7.008872988420687e-06;8.616709400314587e-06;9.997596231571164e-06;1.1222064810216632e-05;1.234123362999013e-05;1.3502080684529405e-05;1.4608428917847536e-05;1.5748519286009394e-05;1.7018284459159846e-05;1.840264082654308e-05;1.979496786755636e-05;2.1120462080404252e-05;2.190304622108111e-05;2.1962813051645552e-05;2.125200674263317e-05;2.006356278374188e-05;1.8998860086491465e-05;1.8423472930908105e-05;1.8395767850399192e-05;1.873674962764744e-05;1.9049286203372525e-05;1.9137164346117807e-05;1.908859444211034e-05;1.8989809047275352e-05;1.8944839569482465e-05;1.9029126113813864e-05;1.925585898552045e-05;1.946681470857853e-05;1.9467479189767797e-05;1.8912237774680145e-05;1.7978941114667733e-05;1.6873927893067906e-05;1.584465091557351e-05;1.505683339084553e-05;1.4583951301475412e-05;1.4645345986492094e-05;1.543202061208068e-05;1.6632074954398546e-05;1.7692096774591453e-05;1.8140673301711903e-05;1.7911644454549576e-05;1.6930185673101133e-05;1.5925827166233804e-05;1.5134606189375986e-05;1.4708559146962274e-05;1.4771420975545474e-05;1.528215184099224e-05;1.5422677157350537e-05;1.5234932725939004e-05;1.4709773684666108e-05;1.4303242620902984e-05
2214.382426636803;4.626253095081768e-08;2.2833495613863553e-08;8.841419186157818e-09;7.527427642541392e-09;3.0705935013187515e-08;9.878243551140425e-08;2.1316636679778875e-07;3.48726902166871e-07;4.565601452938295e-07;4.776083819018659e-07;3.878960478312502e-07;2.759543501647513e-07;2.5045350021051666e-07;2.7086671042885746e-07;2.3620757805762267e-07;1.4164562753670402e-07;5.634231177666688e-08;2.212356726690773e-08;1.2004283569269521e-08;8.180450740022984e-09;2.1332788595681222e-08;9.289381997679481e-08;2.253326238086267e-07;3.497263518461007e-07;3.792267634896898e-07;2.879137679324768e-07;1.5508093866286e-07;6.512610973485117e-08;7.183095569057479e-08;1.372216576854157e-07;1.71184783598136e-07;1.5088812187130934e-07;1.1217341564352259e-07;8.93480597112415e-08;7.735028941218962e-08;5.7736615885807167e-08;3.137270494749526e-08;1.2605634627791669e-08;8.802454036810648e-09;1.4460398726943033e-08;3.169892667158191e-08;7.110176447142312e-08;1.3497060654642476e-07;2.219315110945601e-07;3.731179724050822e-07;7.147457399319862e-07;1.4495787896927744e-06;2.8074399511594546e-06;4.598699844652046e-06;6.461218251836723e-06;8.188134092304956e-06;9.755620817161006e-06;1.1112382999629935e-05;1.2292584424894524e-05;1.3362096468114758e-05;1.4524886002406584e-05;1.595269616694944e-05;1.7699950140251505e-05;1.9636781869455708e-05;2.13243975165644e-05;2.239968985007082e-05;2.270680992330275e-05;2.232271714560122e-05;2.136696107477918e-05;2.021683434514209e-05;1.9176426631611136e-05;1.8561912217237875e-05;1.836230177751366e-05;1.84284632824414e-05;1.8436694034278928e-05;1.850471511646236e-05;1.8935959808542643e-05;1.9404357648203417e-05;1.9849309001097597e-05;2.0147898186087337e-05;2.023822335633483e-05;2.0105680004785257e-05;1.954107279767133e-05;1.86419993439022e-05;1.738215649307378e-05;1.5943598278695306e-05;1.4871564012399485e-05;1.4155276080671192e-05;1.3982331099288589e-05;1.4598433225439782e-05;1.5892004221012018e-05;1.7358144986547113e-05;1.8433792280930448e-05;1.859859668042208e-05;1.77340258656817e-05;1.6248740636443435e-05;1.4816684909755804e-05;1.3890996429767186e-05;1.377175055319001e-05;1.4337385820078124e-05;1.5243958801773577e-05;1.600832967107724e-05;1.622577957107744e-05;1.5937983409674467e-05;1.5583415598863053e-05
2215.744968908799;1.2375605390347906e-07;8.804519068410885e-08;6.995282970464875e-08;6.862117633242265e-08;7.890409901077941e-08;1.1012532687889201e-07;1.7294750647007137e-07;2.629334870050743e-07;4.136553130951162e-07;5.534224932610878e-07;5.211985354411714e-07;3.4265436860707733e-07;2.068969971399708e-07;1.646723140291931e-07;1.3488323781189094e-07;8.78322789079745e-08;4.634726605491535e-08;2.284011552899017e-08;1.1759309620890904e-08;5.606831722347265e-09;1.1992463141568158e-08;5.594938442201857e-08;1.455043582799287e-07;2.459998011122904e-07;2.894063499800704e-07;2.324893180894006e-07;1.3245733384278785e-07;8.530785965705513e-08;1.5127468087021797e-07;2.914416823558513e-07;3.8948816215302326e-07;3.78866675183787e-07;2.8921096253832377e-07;1.851018209609402e-07;1.0321699971218416e-07;5.7273941782335226e-08;2.8628263810492288e-08;1.1856735914366425e-08;7.452155428988656e-09;1.7631851327084076e-08;5.533722579414883e-08;1.2708458520175238e-07;1.9165658765259666e-07;2.228741706164221e-07;3.353268083527151e-07;6.602174201180107e-07;1.3476656301114e-06;2.593958365697771e-06;4.348199225302272e-06;6.2977821979279015e-06;8.174112651861782e-06;9.838003701775583e-06;1.1247504059369455e-05;1.246518304521736e-05;1.3658993317628871e-05;1.5149133576373146e-05;1.701315333962391e-05;1.937719491682893e-05;2.177646059125513e-05;2.345560524240099e-05;2.375829923913518e-05;2.319299903167098e-05;2.2330206899019684e-05;2.155011426393515e-05;2.094900553283166e-05;2.056388399419783e-05;2.023217857654271e-05;1.9600087708104304e-05;1.8554096785378776e-05;1.7414073919489514e-05;1.6864176775083537e-05;1.702532351579434e-05;1.7781875407800318e-05;1.879429477964411e-05;1.9635610414175492e-05;2.0011539612726547e-05;1.9868746903201028e-05;1.9247196121867157e-05;1.825238974201697e-05;1.7157238404214974e-05;1.618496273259002e-05;1.5483772348262864e-05;1.5035747599574426e-05;1.4982136391470727e-05;1.5360433346808163e-05;1.612904132125817e-05;1.695704358515651e-05;1.7398798566364692e-05;1.7180578146311714e-05;1.62114176342654e-05;1.4793701216045433e-05;1.3430393255465794e-05;1.2923704569229092e-05;1.3472466157797427e-05;1.4497572394097623e-05;1.5607168932287136e-05;1.6373509484417227e-05;1.6444605740525397e-05;1.6110218610049818e-05;1.580773844913479e-05
2217.1068924553583;1.3927550985276434e-07;1.2211859667566225e-07;1.1656389904165365e-07;1.2092349397037412e-07;1.2512206643507686e-07;1.2757600562248477e-07;1.3141194502458378e-07;1.6704312599897758e-07;2.525501391677993e-07;3.155548527268079e-07;2.768909564675996e-07;1.614850566039823e-07;6.253365586156119e-08;2.2792461259609253e-08;1.5362626817067833e-08;2.2806853967255665e-08;3.792613523645485e-08;4.873028010324185e-08;3.5707060244943965e-08;1.5817216000739362e-08;6.7415795273857995e-09;1.2035325148522325e-08;3.4345927191627085e-08;6.70033624523603e-08;8.410797971126408e-08;7.88507583744145e-08;7.946603493332294e-08;1.101400259037082e-07;1.8099333183952722e-07;2.777518771293108e-07;3.385796046435494e-07;3.4338141260280935e-07;2.887647275463605e-07;1.870032420567324e-07;9.6462664905752e-08;4.95854856522055e-08;2.8718349695733624e-08;1.4465303341629436e-08;9.145599600847783e-09;2.5040164339975927e-08;7.54975814831449e-08;1.6314615886411425e-07;2.264848871705984e-07;2.344360496814709e-07;2.912467359258173e-07;5.152220141372975e-07;9.804238341377767e-07;1.8405611920530705e-06;3.228243893398229e-06;5.160559697725202e-06;7.47126996251877e-06;9.886610291836954e-06;1.1886848339081006e-05;1.3519001798175624e-05;1.484100257555786e-05;1.6205956900743395e-05;1.7736731202466997e-05;1.951401169579574e-05;2.1241575370946128e-05;2.2461780828928957e-05;2.2675293351488943e-05;2.213844621559608e-05;2.153550001263812e-05;2.1303457805433017e-05;2.1495913379010223e-05;2.1916942318591807e-05;2.1881153490945573e-05;2.100605253293193e-05;1.9259216159861823e-05;1.7238486582796367e-05;1.5683603273327234e-05;1.4872430918141326e-05;1.5239990740159555e-05;1.6266975386115873e-05;1.7576793566302757e-05;1.852918324926324e-05;1.87518498467585e-05;1.824758999119726e-05;1.7430089900401326e-05;1.6886600345937832e-05;1.674364261561167e-05;1.6754000689101983e-05;1.6767600210323944e-05;1.6640669867214276e-05;1.6401510459666897e-05;1.6154843003852625e-05;1.6071913279475716e-05;1.589891186796414e-05;1.553992340384612e-05;1.4949153796025332e-05;1.4383626569755768e-05;1.4107487436931744e-05;1.4412082303392597e-05;1.5170676863516904e-05;1.58902169795673e-05;1.624359550557258e-05;1.6001266281859845e-05;1.549157358023335e-05;1.5091824969870762e-05;1.4896698947665808e-05
2218.46819736034;5.2763672907376775e-08;5.2615660560504945e-08;5.4552654390046735e-08;5.814575167836807e-08;6.17972745104153e-08;6.780342629392657e-08;7.371641595107802e-08;1.1387413428246047e-07;1.4933156788032382e-07;1.2244732791665276e-07;6.768700521508596e-08;2.9934046909732824e-08;1.0591455027051312e-08;3.78008864687272e-09;3.415600896543808e-09;1.1017114005697164e-08;3.817318423848669e-08;6.553758812367531e-08;5.639841108381463e-08;2.7642138729085973e-08;8.715446390261588e-09;2.878045638934447e-09;1.345672513096e-09;6.37349683477866e-10;2.175783146184185e-09;2.0674890276778974e-08;6.577538888621798e-08;1.2285598360747902e-07;1.7448427111422405e-07;1.8195343370893934e-07;1.4591708253877857e-07;1.1835425401417545e-07;1.0261798568696553e-07;7.286407992082806e-08;4.6010700982867695e-08;3.4620686655023696e-08;2.9268461940659184e-08;1.63651730301046e-08;7.953431375571833e-09;1.65515654807079e-08;5.0410416901794137e-08;1.0592308013552728e-07;1.5206633242534256e-07;1.8644780754544013e-07;2.816052768520537e-07;4.203191007012735e-07;5.932678074586957e-07;1.0917089130167866e-06;2.147827447335267e-06;3.933034510701756e-06;6.4244542401552e-06;9.12007465606008e-06;1.1619904685589248e-05;1.359221052707594e-05;1.508773120043041e-05;1.6606322256507435e-05;1.8443147111237745e-05;2.030587381304072e-05;2.176988902588062e-05;2.2489550430124414e-05;2.252862861565602e-05;2.212095599412741e-05;2.188784620559153e-05;2.217662752033455e-05;2.2946790144314026e-05;2.3506320858106335e-05;2.32768885284975e-05;2.2091756401500966e-05;2.0107508493437687e-05;1.811367760839669e-05;1.6563134017724304e-05;1.6001762048369128e-05;1.6234606167410873e-05;1.712118465989691e-05;1.816406254785605e-05;1.8708438354534516e-05;1.836456861779654e-05;1.758420535371377e-05;1.6901768451925763e-05;1.673691124457336e-05;1.7025794355341305e-05;1.7359425877176126e-05;1.746811414862423e-05;1.7021473780925955e-05;1.6403271605771523e-05;1.5821438147678027e-05;1.530050304001154e-05;1.5025278684110334e-05;1.4797377083165212e-05;1.471348572533293e-05;1.5013092643003312e-05;1.5677327492152177e-05;1.6650788966038048e-05;1.7413092869322025e-05;1.7553069265913466e-05;1.7141235085554824e-05;1.6400021856570385e-05;1.564151022406535e-05;1.5334277807707176e-05;1.52259001586456e-05
2219.828883707636;5.970669919468209e-10;2.8551023185929457e-10;8.372441472143065e-11;8.361315658595503e-11;3.636762183670315e-09;2.175640627909228e-08;5.8500015856237697e-08;9.852670129041743e-08;1.100668091546161e-07;7.282443305042658e-08;3.6869424767024525e-08;1.8192738550483005e-08;1.7742154102486964e-08;4.2676030726555415e-08;5.8635855548008353e-08;5.126603873081132e-08;4.289690603725172e-08;4.062993827915711e-08;3.1034813097944514e-08;1.6560797083488272e-08;7.357888464450874e-09;6.009694959098154e-09;9.826667345081409e-09;1.3553987553941756e-08;1.4060036092742918e-08;2.2308107182429223e-08;4.2390280408769466e-08;7.096310626285403e-08;8.789927600973e-08;6.523912444638952e-08;2.984374328293156e-08;8.700399131487932e-09;2.410663554995511e-09;1.404664079127841e-09;3.353340609104526e-09;1.2113497658547034e-08;1.6473023331996266e-08;1.3487785259480853e-08;9.503277163056428e-09;1.0042027239273551e-08;2.1011094963607745e-08;3.634988366840213e-08;5.0275201454794965e-08;1.0128753089838865e-07;2.6828682356692137e-07;5.561576476342702e-07;9.801332138350549e-07;1.7234565888472809e-06;2.874487262723166e-06;4.435762212059149e-06;6.269757455061281e-06;8.098935412906394e-06;9.99850973317744e-06;1.1740671171332654e-05;1.3679845298907236e-05;1.6127973664176557e-05;1.8950189115460027e-05;2.15496179552558e-05;2.311411204903099e-05;2.3261966890475104e-05;2.2448826534825163e-05;2.1663309751047747e-05;2.1573478273221352e-05;2.2320253226747083e-05;2.3322369070167173e-05;2.36358446232004e-05;2.2870521031549e-05;2.119688206199281e-05;1.928509412375875e-05;1.7898140784919655e-05;1.7341391153242214e-05;1.7505483377762854e-05;1.810303686036109e-05;1.8921053092078382e-05;1.954577924034427e-05;1.9771536558647367e-05;1.9469933706139352e-05;1.8834658886576904e-05;1.8179946107917352e-05;1.771791209549846e-05;1.7403455514893857e-05;1.7100757221409736e-05;1.6626694905611562e-05;1.60079532102704e-05;1.5424913121811108e-05;1.4986386813492947e-05;1.4609989216553882e-05;1.430205806674034e-05;1.3986034334398896e-05;1.3863232111303938e-05;1.41323616961616e-05;1.477306761423628e-05;1.575969642899388e-05;1.672663460631389e-05;1.7355496548275146e-05;1.7636521453987963e-05;1.7604965441760184e-05;1.7355655238717626e-05;1.6975989040363442e-05;1.6594972345957793e-05
2221.188951581171;6.099188610784888e-10;8.112627774891326e-10;6.89329100752107e-10;4.3019254876484117e-10;6.903719143848263e-09;3.6455269366910566e-08;8.505955599758566e-08;1.1672914801635372e-07;1.0561028793701353e-07;6.897712442407204e-08;3.4486900286553566e-08;1.6281789259449082e-08;3.30473133216305e-08;8.222465426105828e-08;1.1537692245297985e-07;9.57797423501331e-08;5.0048923694578285e-08;2.085687797675977e-08;1.2838569620519334e-08;1.1943430663650707e-08;1.1984603887620272e-08;1.4369845349908982e-08;2.5457982816216598e-08;3.687114988706916e-08;3.5047001163665823e-08;2.5764827970980152e-08;2.1754265918169642e-08;1.8719350011858418e-08;1.1957945544766304e-08;4.851106376930937e-09;1.6673426315303099e-09;1.9944153472192582e-09;6.236619098216818e-09;1.4360795268452928e-08;1.9877636995650642e-08;1.817322531112445e-08;1.4634518393043711e-08;1.43632454055255e-08;1.3827057529773298e-08;1.1201593451899346e-08;1.2175701796398828e-08;1.6433637748869512e-08;2.222878436042021e-08;7.682729699669105e-08;2.932897715870261e-07;7.606003134871473e-07;1.5212800456706331e-06;2.58758994567187e-06;3.907139699334359e-06;5.338893394805069e-06;6.75872953791872e-06;8.1386400000128e-06;9.503257991655512e-06;1.103750591947167e-05;1.3054382761144292e-05;1.566839247862253e-05;1.860385840793741e-05;2.1079433040608268e-05;2.231611394923877e-05;2.215378382931295e-05;2.121219421409464e-05;2.026464489821412e-05;1.9937175032138484e-05;2.0324851584121305e-05;2.0992128539712824e-05;2.130774324437506e-05;2.107335409711809e-05;1.999819228101416e-05;1.8967087929254603e-05;1.816204748134897e-05;1.7696521657951158e-05;1.7429842156951568e-05;1.773563492743587e-05;1.8292186203343828e-05;1.916025236692913e-05;2.0079600471487463e-05;2.052647504531448e-05;2.0141922968037334e-05;1.9256767489465285e-05;1.821591952293951e-05;1.716397874899593e-05;1.6294771993610612e-05;1.561220152498631e-05;1.5123885038892682e-05;1.4665771818111866e-05;1.419604329046895e-05;1.3764050837730092e-05;1.3447740432573276e-05;1.3316944755744922e-05;1.3309800271546651e-05;1.3566871171582993e-05;1.4011242457925358e-05;1.4429801697694704e-05;1.4993504112993925e-05;1.555886370852929e-05;1.6122452355621886e-05;1.6623977229525548e-05;1.687137392856422e-05;1.6780910304109038e-05;1.660149082343599e-05
2222.548401064887;1.1952552875889795e-08;1.0123028952872978e-08;6.307209064029891e-09;2.7505520127423674e-09;4.528423444045057e-09;1.8773145620173763e-08;4.484909408641063e-08;7.146307844584785e-08;8.786665342195683e-08;9.442900418733517e-08;8.6270112463217e-08;6.597535566183086e-08;5.5394052871427274e-08;6.179471711544164e-08;6.526976229762011e-08;5.1297757010953095e-08;2.8014205410115447e-08;1.4436810129268958e-08;1.8361817174933543e-08;2.2731106820789737e-08;2.070429092076712e-08;1.799559694718519e-08;2.4396048075865145e-08;3.50570697458012e-08;3.667486400681165e-08;2.8356795172805747e-08;2.160141659881134e-08;1.5359782668004934e-08;7.973603919541932e-09;2.743794695963337e-09;1.2429801295430528e-09;2.790541983556685e-09;1.1776326487780073e-08;2.8307612264322967e-08;3.948615862910437e-08;3.4169007374031074e-08;1.9723464022714604e-08;1.1175479737651602e-08;8.432884977759529e-09;5.914083316903508e-09;5.299884547475837e-09;1.3658448729590037e-08;5.4831178719404425e-08;1.6066348122386246e-07;3.62243388627943e-07;7.042748142757193e-07;1.3081981917814052e-06;2.364900308919893e-06;3.8239946116955176e-06;5.515656808117127e-06;7.291853220259529e-06;9.05973424378613e-06;1.0865303214170994e-05;1.252883182573118e-05;1.4190471545001567e-05;1.6014970203547756e-05;1.8013300152764743e-05;1.9808756009481398e-05;2.0939497178362052e-05;2.1210993098396204e-05;2.0919461071186867e-05;2.0362801284481355e-05;1.995390004525314e-05;1.988129767652296e-05;2.0096460491186868e-05;2.044112604586853e-05;2.0802594716561027e-05;2.105078319518495e-05;2.098738509489792e-05;2.039194290437459e-05;1.9268667881990868e-05;1.7950279115721952e-05;1.7082339090277785e-05;1.7080748455981317e-05;1.7945633539985882e-05;1.901667129051121e-05;1.9572010682239464e-05;1.9334423389047395e-05;1.845063313908604e-05;1.731426168085598e-05;1.631751774438026e-05;1.5548114771843174e-05;1.508677598839017e-05;1.4767638136689086e-05;1.4502295833885085e-05;1.411636212662226e-05;1.3877624397468763e-05;1.398211663593749e-05;1.4452950266293667e-05;1.5157744886019628e-05;1.5723097847937284e-05;1.588021282851518e-05;1.5669303970277512e-05;1.530826749821585e-05;1.5084923781199835e-05;1.5157098705609843e-05;1.5561928856178637e-05;1.5895808513836904e-05;1.6004324778187523e-05;1.6045061735130584e-05
2223.907232242764;5.2500017806064064e-08;6.227090945789987e-08;6.634825695099696e-08;5.557210052795457e-08;3.3571111234260404e-08;1.3970127154050682e-08;6.707737840599113e-09;1.52926310921264e-08;5.0141828857757375e-08;1.0009387354368477e-07;1.2946004920411468e-07;1.2011529347691265e-07;8.012287930457386e-08;3.8971238848646924e-08;1.3908222007624804e-08;5.7209457174051255e-09;4.5263260335893306e-09;9.397013621204931e-09;1.8164041490732376e-08;2.2437832311757112e-08;1.7498906910479434e-08;1.0111398390967112e-08;8.667346488853209e-09;1.1899496593545108e-08;1.6513392784397656e-08;2.2408184511138323e-08;2.3722949284429422e-08;1.7104459791045177e-08;7.058087029545804e-09;1.864586208789318e-09;9.21740581449602e-10;1.605900876054269e-09;6.0057170595159165e-09;1.4222137431004545e-08;1.9785374014317697e-08;1.700028802709883e-08;9.237733236817964e-09;3.3820463444237563e-09;1.436707791554622e-09;8.939308917949291e-10;1.260695747741392e-09;1.5792767341025427e-08;9.185937108671377e-08;2.469405456696608e-07;4.1674516472748987e-07;6.203586085245884e-07;1.0885802673944403e-06;2.119646730394942e-06;3.694703881851217e-06;5.584976469969439e-06;7.612935409327179e-06;9.660685704372678e-06;1.1686138417015205e-05;1.3484369479970482e-05;1.4941661936134176e-05;1.6228071541734767e-05;1.7581520625538774e-05;1.89887929942266e-05;2.031290713520521e-05;2.120689752068573e-05;2.1692269190618853e-05;2.1801860774536823e-05;2.1641781005300795e-05;2.138945126431132e-05;2.1086779048589725e-05;2.1097948790611925e-05;2.102334169471218e-05;2.1199627307343133e-05;2.0950514877289012e-05;2.0144602920847937e-05;1.883062284151082e-05;1.7352652825134086e-05;1.6356654929100444e-05;1.643034311413744e-05;1.720550321248593e-05;1.7996985569798677e-05;1.8366434291593884e-05;1.817915723908572e-05;1.738268742800395e-05;1.652473433310951e-05;1.5883346307542918e-05;1.547677042611922e-05;1.537801516819538e-05;1.5361450666835143e-05;1.5401549864772974e-05;1.54665011125116e-05;1.5610204436324838e-05;1.5975808188485714e-05;1.6568473188755792e-05;1.726289327643857e-05;1.756264835148344e-05;1.731244877789655e-05;1.6721462452118278e-05;1.59871542764854e-05;1.5576365745448607e-05;1.5578125864489572e-05;1.5852872827011513e-05;1.608596585805685e-05;1.6036634536453333e-05;1.5841929276157045e-05
2225.2654451987983;7.269762647169904e-08;9.890664298213499e-08;1.1780668499516064e-07;1.0508741581667573e-07;6.481415300849697e-08;2.675148717043381e-08;9.353086121318374e-09;6.557587532593652e-09;1.6010697449248653e-08;4.6585142398578496e-08;6.90625262991167e-08;7.84508840064845e-08;6.807308302404328e-08;3.8082934603231953e-08;1.6262675614380152e-08;5.5740984222106654e-09;2.882997967352062e-09;4.635136146722843e-09;9.950824774799186e-09;1.1348371840188394e-08;8.018958866412975e-09;3.073036125856406e-09;9.685107881413731e-10;6.188992289496255e-10;2.1580251207289773e-09;8.402290469201528e-09;1.1518522390130429e-08;8.716254396156132e-09;3.380005172820834e-09;7.441703825361685e-10;3.8964685389939767e-10;2.378427797342503e-10;1.5132736224876862e-10;1.0525289739331612e-10;7.129083516324406e-11;9.970695299051692e-11;3.1582358473239833e-10;6.054067618454712e-10;6.489407304127716e-10;4.1502902152378145e-10;1.9558375718646887e-10;7.034600335470591e-09;4.6637986303328235e-08;1.3492479304617625e-07;3.011971595994276e-07;5.99496207234311e-07;1.3035675114450232e-06;2.59693682122252e-06;4.356092023626031e-06;6.2890728416530485e-06;8.182299402244261e-06;9.852094822493553e-06;1.1266475262374311e-05;1.2543063215546564e-05;1.3883083231260264e-05;1.5384763442704488e-05;1.7044863708103856e-05;1.8814046598357968e-05;2.0292714762328665e-05;2.152113275055967e-05;2.2309792125882024e-05;2.240768836326948e-05;2.1964475764837745e-05;2.13278507168501e-05;2.081008283840441e-05;2.057121320707077e-05;2.043191716777002e-05;2.009685950325238e-05;1.942056839020206e-05;1.832803128222996e-05;1.7068816878459257e-05;1.6071673702697313e-05;1.581880435768086e-05;1.6364153325026393e-05;1.756626395467119e-05;1.868117745968684e-05;1.914968185266093e-05;1.8798672153481764e-05;1.7902813727666743e-05;1.6944233661246357e-05;1.6286521677318327e-05;1.6092881155519306e-05;1.623654540411226e-05;1.6495385470996374e-05;1.671801276459247e-05;1.6884797619669514e-05;1.686563333444535e-05;1.6864857507214507e-05;1.691017519177081e-05;1.699999175220292e-05;1.705997395844185e-05;1.6883446028980976e-05;1.6368490518191166e-05;1.56824998764498e-05;1.5100444334376914e-05;1.48184490267364e-05;1.485514239754283e-05;1.5061812250511215e-05;1.5148745428800446e-05;1.5085100984151194e-05
2226.623040017028;3.15477098135783e-08;4.769760440004706e-08;6.544414377394225e-08;6.627715228425069e-08;4.598357781991699e-08;2.2080551684004632e-08;7.873252102363103e-09;2.7994922083438003e-09;1.4043464437781136e-09;1.309080728384311e-09;1.0186550457666452e-08;4.1870631482954195e-08;9.289551746528918e-08;1.4069498657117677e-07;1.629873888297416e-07;1.4113182372704918e-07;8.743990247303608e-08;3.826540002170993e-08;1.6104858582203562e-08;9.922323520393246e-09;9.272359546781209e-09;1.0803639815950384e-08;1.1363043571221493e-08;7.975694103188713e-09;3.4404716627311173e-09;1.251319260348842e-09;8.091601442649538e-10;6.001237164883803e-10;3.5621934512222034e-10;1.5633333559374994e-10;7.491237675998924e-11;6.439948362356713e-11;6.759062501330925e-11;6.219319277288259e-11;3.7878771834487336e-11;3.413547235774934e-11;9.44751442095086e-11;8.232229422107497e-10;8.479592713261288e-09;3.3539122573846676e-08;7.950444250045852e-08;1.330220735898959e-07;1.6363614210251704e-07;1.5931295230862906e-07;2.078815015668475e-07;5.23618489522609e-07;1.332556518256992e-06;2.7229473504648392e-06;4.578637335201555e-06;6.494742982122065e-06;8.031302239263434e-06;9.170897226242963e-06;1.0083712394340882e-05;1.121724061918992e-05;1.2941163822174083e-05;1.5122524169764e-05;1.732361255282213e-05;1.9077867338089185e-05;2.0136397257671232e-05;2.066482979599487e-05;2.073485794246114e-05;2.0567409049817416e-05;2.0366982086643523e-05;2.0309582771350703e-05;2.049646214498624e-05;2.0515724746412683e-05;2.032020961079177e-05;2.000254184548509e-05;1.9386261720300377e-05;1.86077167174994e-05;1.798790926460808e-05;1.7508261962150298e-05;1.7156152175498402e-05;1.717459717935667e-05;1.7626579761079646e-05;1.838740497895666e-05;1.903175958560352e-05;1.922862878041497e-05;1.89754275899744e-05;1.820712946085265e-05;1.733375354223212e-05;1.6754228482173596e-05;1.6496722432943402e-05;1.6637486531283516e-05;1.6927669972826233e-05;1.7059683780661447e-05;1.6910231518624786e-05;1.6569779654884212e-05;1.6226347838158654e-05;1.6116376308119336e-05;1.6263053617539333e-05;1.6536645893464498e-05;1.651001556809994e-05;1.5980515939993216e-05;1.5113023987005925e-05;1.4278142514079074e-05;1.3792377324701804e-05;1.3839566362926724e-05;1.4218806533271472e-05;1.4531200811826716e-05
2227.9800167815083;5.261591717264851e-10;6.437965499048019e-09;2.6042997709541308e-08;5.983111879742107e-08;8.323289004764285e-08;7.013097711220266e-08;3.5530066280093946e-08;1.2536977022451484e-08;1.0622154650631168e-08;2.5034382103656743e-08;7.275656982826295e-08;1.671623711635893e-07;2.59817699873168e-07;3.148794344499135e-07;3.316991454282977e-07;2.836426532041766e-07;1.759252915535653e-07;7.623957743367352e-08;2.915042830530513e-08;1.5062526625123724e-08;1.4872362519251881e-08;2.2278724630702733e-08;2.491528810459196e-08;1.782868875457535e-08;8.511903102582955e-09;3.765031049032111e-09;1.976954852587344e-09;1.5298315896892067e-09;5.4377156354209284e-09;1.6539060946866152e-08;4.3246360221879815e-08;8.172762890733174e-08;9.381343524689538e-08;6.133485639928341e-08;2.2267656526673418e-08;5.790987470866321e-09;2.8453424285147743e-09;2.927703397597719e-09;1.7054277733539523e-08;6.697893346057464e-08;1.5929582920570072e-07;2.690884989981263e-07;3.298275780398175e-07;2.9551007718871925e-07;2.032794990131833e-07;2.985324822764652e-07;8.686237826039308e-07;2.081416783368382e-06;3.841799938864137e-06;5.668199928244362e-06;7.072595736314088e-06;8.08949838437569e-06;9.221086812962416e-06;1.117466809816439e-05;1.4129237472054151e-05;1.741536186957711e-05;1.9996388233424483e-05;2.106229249205545e-05;2.087969163579297e-05;1.9986900722740867e-05;1.9204854287470464e-05;1.902897788217472e-05;1.9442789274008795e-05;2.0164680904697228e-05;2.0785823898622515e-05;2.0945068799319357e-05;2.069908944855206e-05;2.035011514002746e-05;2.018238203814944e-05;2.0286782363077127e-05;2.0373107124313275e-05;2.000546177330768e-05;1.914108593329028e-05;1.810076296806846e-05;1.7262313991206955e-05;1.714291662186441e-05;1.7638030358190316e-05;1.8371954764468404e-05;1.8786512992727662e-05;1.8528570231205163e-05;1.7691319125735437e-05;1.6690214787508442e-05;1.598908631263514e-05;1.5798379901172417e-05;1.5988502949006624e-05;1.6260345126077145e-05;1.6322533960002702e-05;1.6055806353968668e-05;1.5743937574664405e-05;1.5654896972613914e-05;1.5867928973511993e-05;1.6271304509908446e-05;1.6495510513949772e-05;1.617515515200217e-05;1.5399516463302086e-05;1.4446691904130734e-05;1.3805403939585154e-05;1.376214608805916e-05;1.4277279958015296e-05;1.4804606903416638e-05
2229.336375576324;1.0335259201609475e-09;8.773563359194234e-09;3.255099413475604e-08;8.93621172475046e-08;1.542895452712516e-07;1.7481097370666984e-07;1.4652505756661426e-07;1.067715000724886e-07;8.585346140132507e-08;9.716593119509609e-08;1.681722172960315e-07;2.8182152269667373e-07;3.2901165880702735e-07;2.733470557566113e-07;2.0668636450206456e-07;1.5502746453469433e-07;9.433042099964733e-08;4.140886445464564e-08;1.6446363663256808e-08;1.033683984383617e-08;1.565430278986599e-08;2.605845195581513e-08;3.0058209240526587e-08;2.2366636437108045e-08;1.3013958148802734e-08;7.3311590554548275e-09;3.850049907662283e-09;3.856551597471766e-09;1.3267987695671036e-08;3.658122506919409e-08;8.925461535022845e-08;1.646185115145705e-07;1.87852988505907e-07;1.2327642285044164e-07;4.737600912026961e-08;1.7496180435935513e-08;1.3370892277385168e-08;1.046247518407878e-08;1.5556009867481858e-08;3.6155987111520274e-08;8.157845168885309e-08;1.4184588566055882e-07;1.823300729094909e-07;1.6638262133185927e-07;1.2178162606511946e-07;1.654095843420856e-07;6.018573154145288e-07;1.7148674808055394e-06;3.309665431228364e-06;5.0046455164305696e-06;6.616396851547938e-06;8.016222044247276e-06;9.854305958079748e-06;1.2443080504804464e-05;1.5542264603728446e-05;1.875378780673229e-05;2.1042088468364327e-05;2.2001916295744976e-05;2.1792174411517832e-05;2.1278795004714704e-05;2.0707593487947423e-05;2.0299846866935092e-05;2.0131658112374612e-05;2.023353401877532e-05;2.058934991915636e-05;2.088041449194879e-05;2.129184297136057e-05;2.1522660643363733e-05;2.1834536463811e-05;2.210617411484538e-05;2.1844889578061556e-05;2.093218955055309e-05;1.9673813251017824e-05;1.829977372710959e-05;1.7382954942866465e-05;1.7110527700513458e-05;1.7387367109072072e-05;1.7957756380700312e-05;1.8281695608843164e-05;1.800695908587644e-05;1.7267067179101507e-05;1.6356837434663604e-05;1.5597884742371e-05;1.520453637520498e-05;1.5152032650596275e-05;1.5311960267146286e-05;1.5391773673686493e-05;1.519680665378094e-05;1.4977667250414835e-05;1.487388730648006e-05;1.4987695278745495e-05;1.5159090816876527e-05;1.5223658498411038e-05;1.5019510494504463e-05;1.4593297309101238e-05;1.41194375074217e-05;1.38292643612259e-05;1.387728321258872e-05;1.4122914074539368e-05;1.4352753957521264e-05
2230.6921164855885;5.168366320528802e-10;4.095462741589803e-09;1.5374145421801486e-08;5.05740435522585e-08;1.1385906927978965e-07;1.7444712391344374e-07;1.995725895895952e-07;1.797948758838492e-07;1.418293502922453e-07;1.205328897492303e-07;1.383937526598124e-07;1.694373763894076e-07;1.523495981966578e-07;8.676273309179208e-08;3.096509097793948e-08;1.0738996722063511e-08;5.335490626767562e-09;3.026754795300647e-09;2.9919997464934403e-09;1.0497758187029396e-08;3.4985791180590895e-08;7.078867535816544e-08;8.698804723288613e-08;6.859058227126288e-08;3.732179034385909e-08;1.6192474438420104e-08;6.942255450715251e-09;5.611374046141557e-09;1.2108819726227918e-08;2.4604147109713756e-08;4.975184285572301e-08;8.49785792301305e-08;9.496903820394012e-08;6.315048926073624e-08;2.9537495642697625e-08;2.3312236203874424e-08;2.7362193254175915e-08;2.2955794325583865e-08;1.2536324036444082e-08;4.854215473657839e-09;3.927992681175683e-09;1.443774887864468e-08;4.87299612280009e-08;1.0929670043902702e-07;2.2928229634340155e-07;4.896161082649553e-07;1.0298947857574369e-06;1.9477888314189527e-06;3.224667447699811e-06;4.806327551022622e-06;6.642199228662532e-06;8.708402388703235e-06;1.1011007962972324e-05;1.3302374880991158e-05;1.536134511874711e-05;1.7052300585955837e-05;1.834529233798952e-05;1.940093040463172e-05;2.0383453793282368e-05;2.121892609887793e-05;2.164159155203399e-05;2.1545646378293732e-05;2.1136460626011843e-05;2.089897912665134e-05;2.1036895226147824e-05;2.158107548805304e-05;2.2198645939837364e-05;2.2511780287766517e-05;2.24008152845581e-05;2.182568587413697e-05;2.092100219232455e-05;1.9869221279273973e-05;1.8876404635608047e-05;1.817537126284464e-05;1.7796263067587012e-05;1.78229050838279e-05;1.801742399089558e-05;1.8233592782140648e-05;1.8251098606581263e-05;1.794589162281395e-05;1.746475801170718e-05;1.6931342560302543e-05;1.6449698313203135e-05;1.6169991475789524e-05;1.6070880695793027e-05;1.6023516280731436e-05;1.586916924984134e-05;1.55714248029643e-05;1.5246833326790208e-05;1.50430753444719e-05;1.4937851806421262e-05;1.4834020370613717e-05;1.4609351336029082e-05;1.4234905562091857e-05;1.3899210384691727e-05;1.3799820155624172e-05;1.392538931953739e-05;1.413529233988236e-05;1.4261469260986929e-05;1.4198603401091817e-05
2232.047239593434;3.132082289192676e-12;1.8657142534026163e-11;8.723150425133183e-10;1.0337423593638832e-08;4.0895194934111414e-08;8.457919642258024e-08;1.1053763579124405e-07;9.982530283428185e-08;7.049704199836458e-08;4.953059293270194e-08;3.9303935348238e-08;3.169158594286119e-08;2.4794328921417325e-08;3.067912971716558e-08;4.5684575128121934e-08;6.085770071661168e-08;6.726060790417698e-08;6.12445183758012e-08;4.9923268655255664e-08;5.52822029726125e-08;8.452766742113325e-08;1.2948079610522658e-07;1.4217436750108637e-07;1.0903085179128589e-07;5.781138658727824e-08;2.3273702817621437e-08;9.134284086551093e-09;5.049385439358127e-09;4.981592567927738e-09;5.3059618410616285e-09;4.5287224295660444e-09;2.8179001070105993e-09;1.4337737000828161e-09;1.774447345096231e-09;8.935537518890585e-09;2.883663967148165e-08;6.08495254563965e-08;7.308052961035054e-08;5.9023567122183216e-08;3.8098418842743145e-08;2.2430168830009614e-08;3.3813357410885814e-08;1.1906032313646937e-07;3.132464786581423e-07;6.257780368526214e-07;1.0875236271828183e-06;1.699396075385146e-06;2.4999269147571623e-06;3.678065309092219e-06;5.329266897818131e-06;7.314766496359933e-06;9.545327197289097e-06;1.1571299992035202e-05;1.3301409992873024e-05;1.46544660124395e-05;1.5500544637425553e-05;1.626864065222307e-05;1.714171365446228e-05;1.8288345593988484e-05;1.9334050821754985e-05;2.0133463283090142e-05;2.0636017449005687e-05;2.0946639956469814e-05;2.1237523441604165e-05;2.1563522543621136e-05;2.1994095785324835e-05;2.206314491630918e-05;2.1674715369785517e-05;2.087299810032264e-05;1.987774063073037e-05;1.8927522781742077e-05;1.8151379590781093e-05;1.764113502749283e-05;1.7539741524432904e-05;1.7785675708995884e-05;1.8283218644137525e-05;1.8897248866406943e-05;1.9193844477992116e-05;1.9142230974730702e-05;1.8852583053614397e-05;1.8386282985513992e-05;1.78268076399381e-05;1.729090469327918e-05;1.6841587554914776e-05;1.659035307397267e-05;1.6497505901842782e-05;1.653801073890536e-05;1.6549225539288424e-05;1.651442693563785e-05;1.650254735748643e-05;1.6427825547473613e-05;1.6126721482098892e-05;1.562581048673156e-05;1.5040759578093508e-05;1.4497465845707014e-05;1.4267728355466813e-05;1.4480792377611018e-05;1.4835109215515247e-05;1.5133262674157869e-05;1.5276193438943243e-05
2233.401744984036;6.085150244447798e-11;4.033272247791706e-11;7.689361252667872e-10;7.654873432605497e-09;2.7831838687647183e-08;6.033051520646739e-08;9.436935078743788e-08;1.1492645014514572e-07;1.2008406718829064e-07;1.1449245774133032e-07;9.637188878969409e-08;6.742385550107831e-08;4.093931860837843e-08;5.2898204260290327e-08;8.878932907167843e-08;1.234164019937415e-07;1.3954297942985786e-07;1.357400159988149e-07;1.250188592787619e-07;1.1524384966871739e-07;1.0920968343184378e-07;1.0378302972706329e-07;8.831550222309143e-08;5.981170991546128e-08;3.112475341249316e-08;1.3434221208087286e-08;5.585229848415466e-09;2.63564189296977e-09;1.4061320830258887e-09;2.0492247459195296e-09;3.3234157697445063e-09;4.3816483463602866e-09;3.733744553080011e-09;2.16513760325436e-09;1.0223806787728717e-08;4.16823276468954e-08;8.792986843951365e-08;1.1631044208330847e-07;1.0623880222725657e-07;7.138072468691914e-08;3.980340050124071e-08;4.5029454198420934e-08;1.4088453345982026e-07;3.62236796858738e-07;7.023095155680916e-07;1.1539631458874209e-06;1.7910577340774555e-06;2.759556075053517e-06;4.192721152024125e-06;6.059837272969763e-06;8.124245830550876e-06;1.0043747868304142e-05;1.1621109256805937e-05;1.2915912940054564e-05;1.3809516228640756e-05;1.46418852541559e-05;1.546489948069337e-05;1.6388943356919e-05;1.7376524911215816e-05;1.83047650288278e-05;1.9038867393881266e-05;1.9698679322212103e-05;2.0294874503185008e-05;2.0780673404112503e-05;2.1217543647520156e-05;2.1474319859512078e-05;2.139409390506596e-05;2.107509623789495e-05;2.0564441938620663e-05;1.99627578653544e-05;1.917323115272431e-05;1.8205255375088517e-05;1.729376603438199e-05;1.6907991428521466e-05;1.73304856440729e-05;1.8309228385721603e-05;1.9444968731142204e-05;2.014630215360628e-05;2.0238878960269485e-05;1.976844153504549e-05;1.895702720259248e-05;1.800369358736126e-05;1.705611508439505e-05;1.6153816557629536e-05;1.5555025417082128e-05;1.5460197190150833e-05;1.5702444596157466e-05;1.6045340112328075e-05;1.6296320695496567e-05;1.6393716380107325e-05;1.6335478114706838e-05;1.6199085241983345e-05;1.6103457243418284e-05;1.6064791890679455e-05;1.6084973233628633e-05;1.6024879762360812e-05;1.5856902091426557e-05;1.543195764317828e-05;1.4964132302757636e-05;1.4653666339739887e-05
2234.755632741584;1.3116901265689622e-07;1.284083675643311e-07;9.622084340024355e-08;5.6621041839280886e-08;4.304122721956353e-08;6.723796943876769e-08;1.2949786010510234e-07;1.9493395661749365e-07;2.3185179856359165e-07;2.2936493355846305e-07;1.9309956021636614e-07;1.2842812848396657e-07;6.479108959097174e-08;4.282548831054496e-08;5.478745649633864e-08;8.314817883294955e-08;1.193878241968895e-07;1.611049053871118e-07;1.8944527447299265e-07;1.7036348430631545e-07;1.1649745270483538e-07;6.117062057309603e-08;2.9013438573965053e-08;1.4486172720247231e-08;1.2957815681541096e-08;2.5122396643667724e-08;5.3447924185601924e-08;8.520001540019826e-08;1.0237195276583745e-07;1.1625334599831225e-07;1.3034749081826744e-07;1.4049015192399404e-07;1.3714760116284977e-07;1.1466188619788433e-07;8.234195368484907e-08;6.410197682278764e-08;6.446184363769174e-08;6.472244369912246e-08;5.636045736838174e-08;3.7707313767257054e-08;2.220110899817997e-08;2.4914987643591337e-08;6.251438962648032e-08;1.6584881767879382e-07;3.779670292444146e-07;7.461817148805053e-07;1.4118726217841057e-06;2.504192968365711e-06;4.0467054877793625e-06;5.903544236784913e-06;7.842169787843074e-06;9.563647908366813e-06;1.094862864203153e-05;1.2006029584066862e-05;1.295022972095412e-05;1.389852455013088e-05;1.4869980445053506e-05;1.5941149912227884e-05;1.7069160850709727e-05;1.8113431785916308e-05;1.8941775258452348e-05;1.9564686541367743e-05;2.004148371941217e-05;2.0376732274027964e-05;2.0681153210020738e-05;2.0995690494238818e-05;2.129326032367929e-05;2.154502885311053e-05;2.170083191367174e-05;2.1639609431321587e-05;2.103816326523767e-05;1.984502597197803e-05;1.8500709331868283e-05;1.765806323253364e-05;1.7753749685105384e-05;1.865513309402769e-05;1.9614072293901963e-05;2.0141341392693563e-05;1.9907776413777133e-05;1.920550266884835e-05;1.830082063556208e-05;1.7389560804396525e-05;1.6532069819569797e-05;1.5781561431348562e-05;1.533065972109162e-05;1.509932042645775e-05;1.4963928369804657e-05;1.497698188693751e-05;1.4990319868680924e-05;1.50804581393878e-05;1.530320021300786e-05;1.55638883995415e-05;1.6000831821886883e-05;1.6467708545633268e-05;1.687485907947226e-05;1.683702131293542e-05;1.6250175721363914e-05;1.5139140544191518e-05;1.3916289653752518e-05;1.3096272877567293e-05
2236.108902950298;3.127241471738993e-07;2.761246343564894e-07;1.9624211099426347e-07;1.0716503379718653e-07;5.1679380136980426e-08;4.041546054390645e-08;6.537600273187071e-08;1.0144528360639336e-07;1.3120193744005976e-07;1.495178076218089e-07;1.517097351055508e-07;1.2791326878811453e-07;8.407663763940353e-08;3.6494381154490235e-08;1.906570955999353e-08;4.0279935106107145e-08;9.770845173189929e-08;1.7995210631592453e-07;2.32285540023781e-07;2.080101424539293e-07;1.30347648068949e-07;5.949016409605463e-08;2.4178191888884853e-08;1.6004153831540048e-08;3.2717700413935074e-08;7.470292808337891e-08;1.4128078460615966e-07;2.2192372738213538e-07;2.7332849192971745e-07;2.911501644891391e-07;2.911738732326056e-07;2.866877388937837e-07;2.6907862618802974e-07;2.2657865217826085e-07;1.5378730471180754e-07;7.992331316993706e-08;3.4425248152410925e-08;1.9952338811579163e-08;1.980341963497772e-08;1.493225867650476e-08;9.579628199686251e-09;8.428469889406841e-09;8.98001896105712e-09;3.8970702451534844e-08;1.7481469653971095e-07;5.170958451691806e-07;1.2170368904419392e-06;2.3443840626590403e-06;3.7967477232333097e-06;5.472447286637861e-06;7.160059272516189e-06;8.714385413934266e-06;1.0099842842691356e-05;1.1381928036441768e-05;1.2666485609012885e-05;1.3868147876441922e-05;1.5011021345851557e-05;1.62004993531201e-05;1.7362679572660942e-05;1.82941664608062e-05;1.8946743637002133e-05;1.931581088676189e-05;1.951329140855862e-05;1.9591004920722795e-05;1.9696221799057503e-05;1.9962820606048475e-05;2.0435501527972408e-05;2.0977977486964142e-05;2.154894495784529e-05;2.174388778324588e-05;2.12594500805854e-05;2.0007392313952032e-05;1.871955807486421e-05;1.7899037623306467e-05;1.8038389112411453e-05;1.889886972228069e-05;1.976396493701822e-05;1.9907381090248345e-05;1.9202733588231e-05;1.7945325071582166e-05;1.6534113166603222e-05;1.577990418018893e-05;1.5682036576218372e-05;1.5875029107289637e-05;1.5833741349381734e-05;1.5489642483101606e-05;1.4955431625281005e-05;1.4506144059087264e-05;1.4461469940153658e-05;1.4932887333647411e-05;1.5745378637092873e-05;1.6503604421878962e-05;1.6846799903905856e-05;1.6733093718445484e-05;1.6195793860406262e-05;1.568266869078284e-05;1.5224308053319709e-05;1.4877917103055616e-05;1.4510623842931708e-05;1.4312963598128938e-05
2237.4615556944227;2.475482447059864e-07;1.787221866842845e-07;1.0967154059712259e-07;5.9014180789938664e-08;3.363486283969165e-08;3.391733493078297e-08;5.694779188583979e-08;8.37485414298931e-08;1.0336803395119235e-07;1.1803884729720193e-07;1.329727854423657e-07;1.3396689675349477e-07;1.0118939580900353e-07;5.364259738943215e-08;4.154198689102665e-08;8.396288283775008e-08;1.4540039971916097e-07;1.881632608220102e-07;1.968355873891635e-07;1.637120997959375e-07;1.233469877711413e-07;1.1040409472493173e-07;1.342377204837155e-07;1.649023839965611e-07;1.826863165514309e-07;1.892463652717643e-07;2.043942230756989e-07;2.466778597438535e-07;2.6880389292775816e-07;2.500235566624909e-07;2.099671627036709e-07;1.7338350372704388e-07;1.4695812262772148e-07;1.1868177633413741e-07;7.979981107081164e-08;4.3229938005315566e-08;2.3537387656103792e-08;3.210353980254752e-08;3.719754173556946e-08;2.899273657698457e-08;1.4651935339523411e-08;5.720353612190413e-09;3.91523834918165e-09;1.983612363158542e-08;1.0430329765085997e-07;4.078298842758395e-07;1.1133095799517583e-06;2.2520692554589267e-06;3.713490042445397e-06;5.297300596434387e-06;6.889477065982675e-06;8.522680125728747e-06;1.0258931310925118e-05;1.2069543403220098e-05;1.378917257617597e-05;1.5231180440284884e-05;1.6381890160394036e-05;1.726221449106433e-05;1.8088897821678572e-05;1.8661061142848244e-05;1.8905669339710163e-05;1.9004635180134208e-05;1.9025862042764094e-05;1.901859094925007e-05;1.9032760698511008e-05;1.9169684474757583e-05;1.9453948373700404e-05;1.9839807992069733e-05;2.0211532054320577e-05;2.036600388453785e-05;1.9909134472229262e-05;1.880178386669212e-05;1.7551432917899068e-05;1.691749091015831e-05;1.7290448129091014e-05;1.839686403596031e-05;1.9518544178157053e-05;1.9845148881376124e-05;1.9380947836502628e-05;1.8226226635923324e-05;1.6993081387116764e-05;1.626470766920778e-05;1.6074611452110504e-05;1.6173639825107002e-05;1.601764989944001e-05;1.5625145639776745e-05;1.5099627075678747e-05;1.471586211333958e-05;1.4733425600468052e-05;1.5250701052351592e-05;1.5862666053050358e-05;1.6471962907947027e-05;1.6555915572823482e-05;1.6127172238507877e-05;1.5451843577077426e-05;1.5112611291442436e-05;1.5137359559202823e-05;1.5531010982194196e-05;1.6036391544432405e-05;1.638799327954544e-05
2238.813591058235;1.4485663823302405e-07;7.724064235012428e-08;2.9109184688167374e-08;1.2332225342720214e-08;2.6433001230446943e-08;1.1903130334080696e-07;2.808946672855909e-07;3.8826643783194106e-07;3.5967886576176e-07;2.5609527276921664e-07;1.6300911751305365e-07;1.025016366648909e-07;6.89962172928069e-08;6.18397413838076e-08;1.0057697626291837e-07;1.6887213875794375e-07;2.100749929682424e-07;1.8563105566331978e-07;1.2719061188050068e-07;9.163441365814821e-08;1.0534909385379263e-07;1.6355614749214133e-07;2.539269477884849e-07;3.398736039973814e-07;3.71416919934842e-07;3.2833085963107377e-07;2.445840628595814e-07;1.721592136374423e-07;1.2122484203687818e-07;8.318501672501243e-08;5.3919288443522016e-08;4.0292368932040286e-08;5.199605708276575e-08;8.671880988441818e-08;1.1016999615778365e-07;9.533574247089969e-08;6.40845541929145e-08;4.703093328170437e-08;3.8322247939502495e-08;2.6319952617706322e-08;1.1982363030716192e-08;3.931949812830835e-09;3.992462645488239e-09;3.0758876749246055e-08;1.484565809690971e-07;4.663341671055752e-07;1.0936084112650208e-06;2.0950931683307577e-06;3.411000846312125e-06;4.887082835003103e-06;6.503686207075824e-06;8.339715962742844e-06;1.043366102658658e-05;1.265410622838104e-05;1.4755584861313748e-05;1.6355457043852914e-05;1.755719730007788e-05;1.839694405531838e-05;1.8905944103931585e-05;1.907537694212422e-05;1.906851431987805e-05;1.9029686831238117e-05;1.9189928215575147e-05;1.9491936345074583e-05;1.986059854767215e-05;2.0039844106035272e-05;1.994989092688167e-05;1.9614873770112432e-05;1.9156888995725936e-05;1.8751437956625075e-05;1.839623396754605e-05;1.8051390973399188e-05;1.745652145411453e-05;1.718566451226745e-05;1.7291977431683115e-05;1.7708321824051627e-05;1.840023699972464e-05;1.885494561318132e-05;1.8951564283315057e-05;1.87496298918614e-05;1.850485298911704e-05;1.784591285956759e-05;1.7001443616034236e-05;1.612065486524208e-05;1.5495149378600696e-05;1.5098285418559035e-05;1.5040675106064723e-05;1.4983318853819364e-05;1.492211629715163e-05;1.4770036747161076e-05;1.4711413193701427e-05;1.476801693382667e-05;1.5007263031284232e-05;1.5401610640760315e-05;1.5819854500926122e-05;1.6074288045785746e-05;1.6112808250667272e-05;1.6052632174142192e-05;1.5969335048817672e-05;1.5925615657922762e-05
2240.1650091260344;1.578125662096699e-07;9.25161456435747e-08;3.9706773716874506e-08;1.5583172052501904e-08;3.1813151753075494e-08;1.6717305089031605e-07;4.0684595246729643e-07;5.46502458343769e-07;4.632643346656117e-07;2.8051338594328285e-07;1.3273403904137686e-07;5.08381449764114e-08;2.8711012284893294e-08;5.88619682843203e-08;1.1911026739201269e-07;1.6504331738395889e-07;1.6348425981938518e-07;1.1853246872025441e-07;6.040978109343122e-08;3.6882982890318304e-08;4.9584844138112e-08;8.662863007412835e-08;1.4230257074009316e-07;2.110191443435525e-07;2.62807830430167e-07;2.500516633389314e-07;1.7190062803978312e-07;7.755826531994125e-08;2.9123023723819183e-08;1.1499859568132058e-08;9.346969055657566e-09;2.7747804995438386e-08;7.96482284000618e-08;1.6285475578856162e-07;2.155501460577911e-07;1.856675909418309e-07;1.0814311245514973e-07;5.1174454209041595e-08;2.5311469550536093e-08;1.3077296331091741e-08;7.753045240121333e-09;1.3442365171895597e-08;5.1315847556695294e-08;1.751383243743737e-07;4.433534018380041e-07;8.467918217312136e-07;1.3567720258590997e-06;2.07426015054852e-06;3.138425827544056e-06;4.5421741992918e-06;6.1646856073640645e-06;8.030050062805599e-06;1.0114168256309362e-05;1.2279252903813826e-05;1.433108745326193e-05;1.6134016011237127e-05;1.7673333900402294e-05;1.904605972258681e-05;1.993603599257031e-05;2.0274534283913836e-05;2.029603930876456e-05;2.017651279402524e-05;2.0078592435391434e-05;2.0299721073969275e-05;2.0704240804462037e-05;2.091985877321913e-05;2.064695751174431e-05;1.9836652665390067e-05;1.8797024340116948e-05;1.795631991802825e-05;1.7556569778813323e-05;1.749364072553561e-05;1.751089945774216e-05;1.739719627945001e-05;1.711232958841348e-05;1.6767411485101977e-05;1.6576216118310163e-05;1.6818118056670397e-05;1.7474122201183243e-05;1.812105572505801e-05;1.837429844848809e-05;1.7959530196749584e-05;1.704299949038527e-05;1.5973723786183722e-05;1.5191619347704498e-05;1.4937710783026398e-05;1.5111146904916173e-05;1.5286525374279538e-05;1.5175784911356054e-05;1.4764862036193251e-05;1.4399263394490792e-05;1.428528042734036e-05;1.4715238037375388e-05;1.5580270213070814e-05;1.6398457081295666e-05;1.672693861279695e-05;1.628867085649073e-05;1.5327587528151138e-05;1.4446519828347195e-05;1.3887585821361152e-05
2241.515809982149;7.899815392835804e-08;4.6720826815464786e-08;2.0698060661973722e-08;8.572762916755702e-09;1.479570759501438e-08;7.227185990176012e-08;1.7796339246337552e-07;2.365472915345595e-07;1.9648512719829458e-07;1.2810555752508097e-07;9.05054729111298e-08;7.178042974831825e-08;6.088192966429335e-08;5.7405860775618607e-08;6.767058825246648e-08;6.61407343187567e-08;4.9586303626337526e-08;2.8083257348764397e-08;1.1509957898256571e-08;4.812484116649598e-09;3.4599304794966926e-09;4.565149352544326e-09;1.0868126604555478e-08;2.7667714873884505e-08;5.157693991034109e-08;5.974368206403293e-08;4.312354264715041e-08;1.533073824303687e-08;5.887650524714149e-09;2.6968241884513794e-09;2.270183708921866e-09;1.1083827695288257e-08;3.962461336143487e-08;8.20749465892947e-08;1.1028236928751127e-07;9.603370647553028e-08;5.56767405475327e-08;2.3892645916117557e-08;7.967483750923763e-09;3.378062017937935e-09;6.395750879741122e-09;2.6720686999554214e-08;1.0908970991452941e-07;3.220974452959907e-07;6.933531265349011e-07;1.17897723267783e-06;1.7399824876243136e-06;2.5006546344023678e-06;3.725676713616017e-06;5.343759183258604e-06;7.135573304149266e-06;8.898675148310372e-06;1.0488429222252211e-05;1.2064584416766638e-05;1.3556164826053145e-05;1.5161739842071014e-05;1.6816397143981336e-05;1.8469169633104752e-05;1.98942535653326e-05;2.087175126776173e-05;2.127712347301608e-05;2.1273173147071836e-05;2.106999313577466e-05;2.088241563555388e-05;2.077998313887408e-05;2.0740135272721157e-05;2.032392100285937e-05;1.953341953205381e-05;1.852212378153086e-05;1.7817167713407746e-05;1.744553838317556e-05;1.736771935419871e-05;1.7401592644291496e-05;1.6995069676149787e-05;1.6369202643288013e-05;1.5614793048127625e-05;1.507122902684029e-05;1.5339667539087022e-05;1.6286875382575244e-05;1.7475847455567968e-05;1.820520240693793e-05;1.8437062512602137e-05;1.782191874307039e-05;1.6878126128559752e-05;1.5974014329525183e-05;1.5327164316265097e-05;1.5036604395808478e-05;1.5035719180656628e-05;1.5144123695215431e-05;1.534799691489326e-05;1.559325064223714e-05;1.5625531787482675e-05;1.539678512979207e-05;1.5192499478113949e-05;1.4997547217505537e-05;1.4817126609384232e-05;1.4511253696195887e-05;1.4054986297847486e-05;1.3588932024525287e-05;1.3260345037130405e-05
2242.8659937109296;9.666948763076338e-09;2.2002618815160744e-08;3.34608512560866e-08;3.9746578357736996e-08;4.513050144015243e-08;5.584012146791056e-08;6.472024117946541e-08;6.08599678965533e-08;4.41840686438956e-08;4.98048455347854e-08;8.10757695726168e-08;1.0864455277203864e-07;9.893371912500673e-08;6.063280688600326e-08;2.6697847621269232e-08;1.0375627918406769e-08;4.564224243731843e-09;2.53224126921089e-09;2.0587927741839972e-09;2.645299128313047e-09;2.833901817536967e-09;1.9222384304477363e-09;8.544743319403138e-10;2.046866463683169e-09;9.511893411424562e-09;2.6628100109660592e-08;5.681487220278455e-08;9.467328713927213e-08;1.261631342685506e-07;1.308735476937107e-07;1.0181707999881485e-07;5.789029951593872e-08;2.0302779688711252e-08;6.715565135429803e-09;5.8343407891625854e-09;5.532031778171938e-09;3.752528594577876e-09;2.041030366909422e-09;8.60679035851642e-10;1.1070121551064551e-09;5.2432888127164275e-09;2.676901078565396e-08;1.0128998989948537e-07;2.709186996963982e-07;5.526199931361729e-07;9.6913393363373e-07;1.533270990619088e-06;2.437805235722876e-06;3.888581653393431e-06;5.834874545174452e-06;7.990519780098765e-06;9.806263209409462e-06;1.12467407144108e-05;1.2405316780630774e-05;1.3489095288348168e-05;1.4615272224173824e-05;1.599200056132673e-05;1.7354355415561023e-05;1.8665789003185257e-05;1.981601180764046e-05;2.0706433835709613e-05;2.1281504787920297e-05;2.157438868200089e-05;2.1470309215039546e-05;2.110381207947012e-05;2.0579149625637568e-05;1.986622707773923e-05;1.901399107906785e-05;1.822095181053655e-05;1.7786535285334906e-05;1.7791388623667148e-05;1.822609678583405e-05;1.8502298300916158e-05;1.815842565321257e-05;1.7193681301863988e-05;1.5886958529929667e-05;1.501942352105748e-05;1.5053472640359386e-05;1.571273286626935e-05;1.6674308415057216e-05;1.755036168398577e-05;1.7966112759267232e-05;1.7722633372267195e-05;1.698916469380973e-05;1.595557496379348e-05;1.4898932210934075e-05;1.4171862866707364e-05;1.399758686256571e-05;1.4441487268311506e-05;1.539505356080556e-05;1.638693579858209e-05;1.6752911637363836e-05;1.602499654270816e-05;1.4625428770456074e-05;1.3345987136039006e-05;1.2738219480633304e-05;1.2894895565971685e-05;1.348882837651513e-05;1.3858558569704877e-05;1.4100073985083502e-05
2244.2155603967512;4.983056880707994e-08;7.44307820536009e-08;9.608274028306783e-08;1.0749418817604858e-07;1.1446243148278317e-07;1.2335117090984262e-07;1.3059934833206077e-07;1.2749212104939417e-07;1.078502414382576e-07;8.051790727393379e-08;6.482148713286023e-08;6.5279214865341e-08;5.4278569446325606e-08;3.293907656917165e-08;1.0211575854912581e-08;4.2727167312084784e-09;4.794738576896472e-09;1.030342996095113e-08;2.9645575245149503e-08;5.22563401600826e-08;6.15782661724681e-08;5.194513431705381e-08;3.2209269224901525e-08;1.5415857783672055e-08;2.1964316614495962e-08;5.420241512325809e-08;1.136139788583187e-07;1.8877556270905374e-07;2.534048360418481e-07;2.6724898017973104e-07;2.1181940401885626e-07;1.2172347032019814e-07;5.11836631759005e-08;2.2032580614247612e-08;1.2574064086832002e-08;7.298894412652971e-09;3.94241422336674e-09;2.253243398302488e-09;1.572424662717491e-09;1.561354890861055e-09;3.9500355654594344e-09;1.780363774526964e-08;5.7381654825369834e-08;1.326747062840283e-07;2.483969559691212e-07;4.266828392484773e-07;7.633462798305744e-07;1.518149212406348e-06;2.960863851229804e-06;5.0587970651247404e-06;7.438699415550288e-06;9.6552202138105e-06;1.1590580632462838e-05;1.3095444912901255e-05;1.435217984825366e-05;1.5408567498956226e-05;1.6312906316686673e-05;1.717333383450911e-05;1.8067889654523185e-05;1.9054940411480185e-05;2.0023970059556257e-05;2.079640282303431e-05;2.112668571932029e-05;2.1040340973360788e-05;2.067968794570628e-05;2.0178698719550767e-05;1.9690602887823336e-05;1.9157518867617928e-05;1.8627445178416815e-05;1.8383694743529392e-05;1.8616706952507947e-05;1.901473781879705e-05;1.9277729932642617e-05;1.895464954538564e-05;1.8069441225507485e-05;1.711804672813164e-05;1.683321691516239e-05;1.7063913048109445e-05;1.7595610956376687e-05;1.7899247927933655e-05;1.7757386751480437e-05;1.703259268455902e-05;1.6266756986290237e-05;1.563728832291885e-05;1.5180556848845689e-05;1.4832819217571891e-05;1.4650053335876408e-05;1.463421136099299e-05;1.49557650426877e-05;1.5687168421217782e-05;1.6399913429539997e-05;1.6843214511709154e-05;1.650249000412084e-05;1.5314804706342407e-05;1.4026935489609984e-05;1.324596363819919e-05;1.3126885330077291e-05;1.3491276753550053e-05;1.3832474873597258e-05;1.4051884581891726e-05
2245.5645101240298;1.6136426399848306e-07;1.7412859146420705e-07;1.857236656556631e-07;1.868829627776128e-07;1.7166285072418305e-07;1.443811862434445e-07;1.249352902569985e-07;1.3615587237856245e-07;1.6855947833949478e-07;1.616061952611141e-07;1.1307869815113501e-07;5.978040698717357e-08;2.7529311764571445e-08;1.1995671239447752e-08;5.328055457783848e-09;2.762759823474013e-09;4.970153117749904e-09;2.4847843791420372e-08;7.32565225475734e-08;1.2675068140261138e-07;1.4321168432732153e-07;1.1560850107494655e-07;7.072746031618514e-08;3.47912216127551e-08;2.1757313294429484e-08;3.166350826390079e-08;5.979068666033244e-08;9.800843538129321e-08;1.3650844920899798e-07;1.5492928013747086e-07;1.3620380927515165e-07;9.932391408606985e-08;7.48425498677365e-08;8.00717287227267e-08;8.617392053254698e-08;8.238369401232726e-08;7.148622294872467e-08;5.333124231527558e-08;3.1824504602200155e-08;1.474110883832148e-08;7.197118216505531e-09;9.073677672126798e-09;1.967768846230221e-08;4.7612713189684825e-08;1.141476959058216e-07;2.253215747886585e-07;5.388330415407805e-07;1.2865845150014088e-06;2.666189858884072e-06;4.652055143859799e-06;6.875578544450887e-06;9.15883151204264e-06;1.1298835228222364e-05;1.324143905798388e-05;1.4899841391544486e-05;1.6343945649778236e-05;1.744320992234835e-05;1.84914891058152e-05;1.94019305897906e-05;2.0071034906626544e-05;2.0440833747853405e-05;2.0442974583172124e-05;2.0201161856736e-05;1.9832483250599424e-05;1.956777370304496e-05;1.9499462081198535e-05;1.956014868179117e-05;1.95415143187956e-05;1.950257659219442e-05;1.944525957152773e-05;1.942373365268472e-05;1.922961644358793e-05;1.8868179008674697e-05;1.83404541146709e-05;1.7871431474239444e-05;1.79350779328874e-05;1.8693928766650087e-05;1.9626901997579467e-05;2.025514070780441e-05;1.99693588004289e-05;1.8658351855411397e-05;1.6950338342168483e-05;1.5672874447772244e-05;1.5122159503111211e-05;1.5205261156162392e-05;1.5483967337694847e-05;1.56870157233881e-05;1.5681467854868502e-05;1.5710258397385026e-05;1.591111799366067e-05;1.6316443551939902e-05;1.672105869938041e-05;1.6933195497009147e-05;1.6676379421092707e-05;1.6047008757679885e-05;1.5341793724437136e-05;1.4759067634023696e-05;1.4332190566365726e-05;1.4127473055909929e-05;1.3963263815723702e-05
2246.912842977188;4.0735799160276027e-07;3.332079654116136e-07;2.700075923416764e-07;2.4116488668850857e-07;2.062481495392904e-07;1.5461333946614457e-07;1.1795781316840443e-07;1.3493712475833082e-07;1.948061334676185e-07;2.192214384398928e-07;1.7370244504838057e-07;9.960899580900785e-08;4.649722235879972e-08;1.9360236950822232e-08;7.831325576379426e-09;6.288788065694452e-09;1.6523048560255283e-08;5.0487323172784035e-08;1.096633303911982e-07;1.670024419210352e-07;1.7075986350664768e-07;1.2303028266270754e-07;6.841926921901847e-08;5.5103599837418094e-08;8.07551881808152e-08;1.1604955589974793e-07;1.3983931355803109e-07;1.4291597663020149e-07;1.3365698000178128e-07;1.2861234599000273e-07;1.2843604907328462e-07;1.3031066644269945e-07;1.4180126257971526e-07;1.5975715907784946e-07;1.6517177732494116e-07;1.5784398265956172e-07;1.394320221511686e-07;1.0473219946323155e-07;6.187656275274949e-08;2.779678147787564e-08;1.1648251024946404e-08;8.656871901664597e-09;1.9034254795901097e-08;7.52733818330878e-08;2.148375847777785e-07;4.205661366954608e-07;8.117641267571959e-07;1.6632903279070831e-06;3.0868417035433064e-06;4.984917361275549e-06;6.9337987733606015e-06;8.821705682642239e-06;1.071432139108356e-05;1.2498905293843827e-05;1.4313606132002178e-05;1.609928720402586e-05;1.7857411817097684e-05;1.9539536392038808e-05;2.0996671482854685e-05;2.1893907946605217e-05;2.2232320018263364e-05;2.204738823077581e-05;2.150533322098845e-05;2.0811762363050223e-05;2.021375813644911e-05;1.982832267143193e-05;1.961992134609946e-05;1.9585200740049982e-05;1.960231870889008e-05;1.9664577828869923e-05;1.9635747756622112e-05;1.956557487469085e-05;1.9307629878306905e-05;1.9023924618632168e-05;1.883705087665221e-05;1.895780636397764e-05;1.917168342834157e-05;1.9386113943121384e-05;1.9279216243156373e-05;1.8824912873525423e-05;1.7955661114646585e-05;1.6832010642255053e-05;1.6178848106224453e-05;1.594653199507031e-05;1.5879791591983333e-05;1.5830656234154147e-05;1.558467623046542e-05;1.533431582722233e-05;1.5214858201650309e-05;1.5379916863909423e-05;1.584906381079701e-05;1.6439464657521233e-05;1.7122660581726645e-05;1.7481218901154057e-05;1.7446534710640527e-05;1.6982173928435674e-05;1.6302098923965706e-05;1.555281073263033e-05;1.5025251170610927e-05;1.4712601598284653e-05
2248.2605590406893;4.968831989581703e-07;3.284938219907361e-07;1.95268721069093e-07;1.439857915327385e-07;1.3948037709572292e-07;1.42915030243883e-07;1.3397764891472258e-07;1.306042368777063e-07;1.3619372760584206e-07;1.2123567058884733e-07;9.203220813262148e-08;5.2332904080238986e-08;2.4624606878567376e-08;1.0485548825384648e-08;5.229673517970221e-09;1.0902428734666241e-08;3.650698085907725e-08;8.48141851413475e-08;1.409105315593843e-07;1.8258651348465775e-07;1.6444726991041485e-07;9.699808517240434e-08;5.007786912053e-08;8.304922540049016e-08;1.7169232138351045e-07;2.5154550048693826e-07;2.8911748204794975e-07;2.8327741486533645e-07;2.507371715169663e-07;2.211026787371042e-07;2.0345106553229118e-07;1.8088389572747958e-07;1.607940388636387e-07;1.3426350090019345e-07;1.0923638773402456e-07;8.930098643605005e-08;7.390128564642633e-08;5.58942031802173e-08;3.5625757612356265e-08;1.949520889685732e-08;1.0953818148221804e-08;1.0837146298142252e-08;3.208223485207574e-08;1.215468678628488e-07;3.2143740193651244e-07;6.027362667920383e-07;1.0205805977279355e-06;1.899341359859958e-06;3.429326187098115e-06;5.311419080502779e-06;7.174492710364471e-06;8.858002418607905e-06;1.041752759489492e-05;1.1966314285004158e-05;1.3632723393217951e-05;1.533158015655935e-05;1.7017044433888853e-05;1.8692221875501245e-05;2.036008065564747e-05;2.1874859522186997e-05;2.3077221350397304e-05;2.3757878665903657e-05;2.376315934742801e-05;2.3232723255527616e-05;2.2450612492735343e-05;2.163057852901309e-05;2.0820522620485388e-05;2.009078380437881e-05;1.938674910433909e-05;1.903787309008816e-05;1.9202541888058277e-05;1.9682918211818874e-05;2.014118501050884e-05;2.042204119472689e-05;2.0316963398716444e-05;1.987484034596253e-05;1.9070069919374627e-05;1.809440482905649e-05;1.7223562977239138e-05;1.6742805275892602e-05;1.6641007751720807e-05;1.6693570208491478e-05;1.673690863995687e-05;1.6625140902168057e-05;1.6319334711949174e-05;1.5941502076856824e-05;1.5530612429311327e-05;1.5281943616787272e-05;1.5271563719603363e-05;1.5456330797026194e-05;1.5885762881666484e-05;1.655018768995094e-05;1.716502651656932e-05;1.7447610829304364e-05;1.703528935716439e-05;1.6228912698562196e-05;1.5454992800455227e-05;1.5036127665793754e-05;1.4954659992339735e-05;1.5022675839578418e-05
2249.6076583990143;2.160051975398241e-07;1.3117413708878618e-07;1.0668490652503907e-07;1.7919532190795601e-07;2.842892881512954e-07;3.602467741059069e-07;3.494345576541986e-07;2.1290099207076897e-07;9.106917281125862e-08;3.2159313875534614e-08;1.4290413074812392e-08;6.933356665804834e-09;3.65561826432065e-09;2.0805919953180212e-09;3.064178048406672e-09;1.591273005788356e-08;4.803513888341554e-08;8.626739303514395e-08;1.0781651351946897e-07;1.0702432501049373e-07;8.17810476101203e-08;4.0886505609348447e-08;2.689172972084076e-08;7.058885550963634e-08;1.5115498145129885e-07;2.193320723782192e-07;2.35228708901498e-07;1.9745024484145293e-07;1.579433783388393e-07;1.263808695817316e-07;1.0704364479979117e-07;8.817712660367828e-08;6.519133884455078e-08;4.983221562709152e-08;4.7000270404995024e-08;4.41495148112835e-08;3.02354334582599e-08;1.5934203387641347e-08;1.1371155033613668e-08;1.1711820047444681e-08;9.649042584761382e-09;7.906850123007666e-09;1.8697673359128773e-08;8.038213574924409e-08;2.805009297580096e-07;6.824935847906058e-07;1.352870192117756e-06;2.395821730390558e-06;3.8007529544910656e-06;5.349740611368717e-06;6.991754194753866e-06;8.598350441568347e-06;1.0237137085251218e-05;1.2069475210037132e-05;1.3880225748046778e-05;1.5546403512539967e-05;1.6956917228244385e-05;1.8215500779818767e-05;1.940108712566826e-05;2.074230593084276e-05;2.201481051170981e-05;2.300140943186261e-05;2.3481767692090837e-05;2.354756230649009e-05;2.33336864793748e-05;2.280995541547592e-05;2.193363478274842e-05;2.0693930220094363e-05;1.9344387067216494e-05;1.8297059164672986e-05;1.8146182128693016e-05;1.8763382344804803e-05;1.970580540454237e-05;2.046125301910888e-05;2.0647910350540387e-05;2.0226465793358527e-05;1.917835591725557e-05;1.797617215542565e-05;1.6843919379469512e-05;1.592499539051725e-05;1.5461694653244337e-05;1.55689500506872e-05;1.575781369338856e-05;1.5829483142197196e-05;1.5762862321034544e-05;1.564450965537366e-05;1.5448490156552586e-05;1.539240588626537e-05;1.5586317674718633e-05;1.6011499626036865e-05;1.657872582070479e-05;1.7078129330912904e-05;1.70730483355284e-05;1.6388291262197025e-05;1.5112681841308976e-05;1.3804438410602986e-05;1.317723325673378e-05;1.3431814502829107e-05;1.41636282304757e-05;1.474159062153559e-05
2250.9541411366736;5.1104280530419683e-08;6.019207429180612e-08;1.4664968225544533e-07;3.274018216244348e-07;4.910907431672528e-07;5.495911225400325e-07;4.782985429927371e-07;2.9048755632513924e-07;1.1977789400468757e-07;6.004863241649025e-08;5.964390910089105e-08;5.6867223121400286e-08;5.3860749375260455e-08;5.1666721959994647e-08;5.2695379597095655e-08;5.62763082180823e-08;7.001367941151945e-08;8.193503666819852e-08;7.538769489572944e-08;5.5963864015671374e-08;4.811988467047277e-08;4.72668177293642e-08;3.5770247343244635e-08;3.8077497071978193e-08;6.631401525712197e-08;1.1037870010567284e-07;1.2685687964916821e-07;1.0248494575059326e-07;6.305324429956298e-08;3.1889781402100724e-08;1.5963306727633552e-08;1.935997322394038e-08;3.983797736738664e-08;7.725974083636888e-08;1.410487957937465e-07;1.8895951164874385e-07;1.818529211124764e-07;1.3400936325401686e-07;8.345244965001005e-08;3.395312145662942e-08;1.5130164558409987e-08;6.856724918441229e-09;5.178692346891603e-09;2.6806752424774086e-08;1.7516717295156005e-07;6.144562972485995e-07;1.524813734894891e-06;2.920058597155568e-06;4.522043068571391e-06;6.033404612155674e-06;7.323606507337529e-06;8.613575294177853e-06;1.0256483888452277e-05;1.2341728793370151e-05;1.4703154813327435e-05;1.6822495624630735e-05;1.836551039787795e-05;1.9313211814560984e-05;1.9892841251076923e-05;2.0341627743367443e-05;2.0745312385380244e-05;2.120939565843288e-05;2.1662727526138705e-05;2.192298555083026e-05;2.1891745108828523e-05;2.1567827846766597e-05;2.098302808619974e-05;2.007982353359241e-05;1.893782357165662e-05;1.782592635386284e-05;1.7310969328165293e-05;1.740650434848256e-05;1.796292671138938e-05;1.854000483464925e-05;1.8977967729704085e-05;1.9104697700222715e-05;1.8818231080327137e-05;1.8219308757813644e-05;1.7143248733576113e-05;1.5943857874636457e-05;1.4953177207856496e-05;1.4576900143066276e-05;1.485241071015801e-05;1.540742413844815e-05;1.5845263660335005e-05;1.5977175660155905e-05;1.5749277232504695e-05;1.5404254844090346e-05;1.525308659327759e-05;1.5439577810820802e-05;1.5823183046322228e-05;1.611742098491893e-05;1.59714398820368e-05;1.5239913508941849e-05;1.438476464209283e-05;1.3601416068198043e-05;1.3275676756459772e-05;1.34087582707243e-05;1.380218395700694e-05;1.405445849758072e-05
2252.3000073382027;1.2987980563175246e-07;1.1871170057978633e-07;1.3776790173018878e-07;1.944380927435392e-07;2.569453905356149e-07;3.156630198409323e-07;3.606841565244276e-07;3.464260885840111e-07;2.7935604364401257e-07;2.259417359415356e-07;2.114810351546166e-07;2.128768040112536e-07;2.241010362187138e-07;2.440965260776004e-07;2.561915443033978e-07;2.3483373499256198e-07;1.8637345424272126e-07;1.4393142484120245e-07;1.2133289805625465e-07;1.1434845169190661e-07;1.0862341876256126e-07;9.107102543472692e-08;5.960486763896861e-08;2.9900362295507084e-08;2.201143108569172e-08;4.07065526259678e-08;7.05311881290624e-08;1.0535543027711113e-07;1.3630297213464441e-07;1.3728429541327009e-07;1.0530401086221129e-07;8.169421460973735e-08;8.358400218527915e-08;1.3016416043892773e-07;2.076302563321868e-07;2.749181023810887e-07;2.853681393193211e-07;2.3174484684833585e-07;1.5011153953241909e-07;7.479411918954912e-08;2.9217695905550482e-08;1.1799270950998126e-08;6.478241152371584e-09;1.1342533890114056e-08;7.670358327739955e-08;3.822372773426845e-07;1.226895823446055e-06;2.885623544890336e-06;5.003634972031753e-06;6.869729927376014e-06;8.168283375431888e-06;9.135012864434512e-06;1.0462635642974926e-05;1.2562054815949993e-05;1.528791050843589e-05;1.8036233183746497e-05;1.9758332423685136e-05;2.018802792151409e-05;1.9800746076864707e-05;1.9155009003897554e-05;1.8988584080134097e-05;1.9560258153896523e-05;2.0620171700844083e-05;2.1333952953345663e-05;2.1410681323352527e-05;2.099095319323376e-05;2.031360474501173e-05;1.951602340165989e-05;1.8767158482993783e-05;1.816575350179739e-05;1.7709924305095044e-05;1.740344496595318e-05;1.726673130148264e-05;1.7270379358530208e-05;1.743839290901798e-05;1.7768247175111342e-05;1.7938098731960836e-05;1.7807216942391376e-05;1.73644188175626e-05;1.655435689772924e-05;1.5896253548672e-05;1.5639313276366847e-05;1.5808082688818373e-05;1.6195559421594182e-05;1.6553811149686318e-05;1.6603004226121447e-05;1.62971306608041e-05;1.5704354378963848e-05;1.5175024444132653e-05;1.4910244580262398e-05;1.4829216506494898e-05;1.4883329549601773e-05;1.4967928495043926e-05;1.5041551397061742e-05;1.5053255135980608e-05;1.4945372129890593e-05;1.4648753505956716e-05;1.4276055119096714e-05;1.399623763343132e-05;1.38744566994894e-05
2253.6452570881597;2.573354112508259e-07;2.0961005644649235e-07;1.3915907733971085e-07;7.23427384317677e-08;4.344412845757052e-08;1.1390848429816769e-07;2.784442423638664e-07;4.087950203604022e-07;4.13403726822715e-07;3.574077862159804e-07;3.22003322253746e-07;3.4957835759258145e-07;3.952865094002496e-07;4.277233449046726e-07;4.306588972888649e-07;4.126256718486326e-07;3.903638418824857e-07;3.675573042105317e-07;3.225927696246581e-07;2.4365977858359155e-07;1.4527687895588718e-07;8.327160976393498e-08;4.403084193969791e-08;2.0724355272548218e-08;1.1946272585352602e-08;2.89843564062928e-08;1.1936173888269934e-07;2.6753992263419057e-07;3.918294546413288e-07;3.796068007596517e-07;2.572047947909212e-07;1.4076277320067494e-07;8.704449318448774e-08;8.031611058960807e-08;1.0079267377459753e-07;1.2476239920288552e-07;1.360497118431787e-07;1.312416757863885e-07;1.263995155519661e-07;1.4153992672201602e-07;1.3604822203207686e-07;1.0715505488233944e-07;6.07881309616781e-08;1.885196982686008e-08;3.2335063553508133e-08;2.4126941412553805e-07;1.008038282800926e-06;2.713700684716019e-06;4.998873930573691e-06;7.144005913803216e-06;8.657769290384994e-06;9.677745500528384e-06;1.079298798917992e-05;1.2711235776456168e-05;1.530820393237578e-05;1.7850385314806544e-05;1.929372062637332e-05;1.927861462250588e-05;1.853937708161579e-05;1.785472320638627e-05;1.803637377448308e-05;1.958548524411654e-05;2.142968392825618e-05;2.2629374136188627e-05;2.2690210482845137e-05;2.1839665798097704e-05;2.068037442299873e-05;1.963145619451038e-05;1.8998356127986045e-05;1.8700431651878853e-05;1.854176696728628e-05;1.8598056451351684e-05;1.8658462391989447e-05;1.860962977816803e-05;1.841098803018665e-05;1.80539612884321e-05;1.7611752404873717e-05;1.7119366389792044e-05;1.6769246904057944e-05;1.6473759569060477e-05;1.628485504745097e-05;1.6239123771247647e-05;1.6317329416293458e-05;1.6460272155944917e-05;1.662900197238409e-05;1.6608767803464275e-05;1.6560103375210082e-05;1.634349186401044e-05;1.6005226135710397e-05;1.5707698291034103e-05;1.5441784494417388e-05;1.513140678665305e-05;1.5083112310799242e-05;1.5147202187670482e-05;1.5142987979507255e-05;1.4980872385931027e-05;1.471927978404299e-05;1.4495503667057611e-05;1.445994833842365e-05;1.4552798152891444e-05
2254.989890471133;3.462625067147243e-07;2.728296578523099e-07;1.7805199092865066e-07;9.758534440458085e-08;6.564900900937284e-08;1.017197545976139e-07;1.873082357530817e-07;2.707566699198683e-07;2.5638489434191045e-07;2.335648970232387e-07;2.652386455956708e-07;3.555936534287273e-07;4.2390497506486274e-07;4.26900189857609e-07;3.8806940701760884e-07;3.88545068840323e-07;4.688381372011937e-07;5.374400382935789e-07;4.901838023341066e-07;3.393658061310799e-07;1.809606731250014e-07;7.416058851935278e-08;2.777284375121664e-08;1.4996675804395262e-08;9.925761065984769e-09;4.268328777443094e-08;1.719345674938316e-07;3.6601505727762077e-07;4.679901352163615e-07;4.018149472348942e-07;2.614201624095408e-07;1.521990565700685e-07;1.1535750109377973e-07;8.511645879795918e-08;5.3571648296964357e-08;2.169413466972233e-08;1.5611521461514647e-08;4.3374296383145755e-08;1.0979954133773328e-07;2.079421753484981e-07;2.8219891223725255e-07;2.694922486342841e-07;1.8973312260441454e-07;1.0820759072115253e-07;7.227818570978459e-08;2.519288853338995e-07;1.035555273284577e-06;2.5726703842926326e-06;4.7126465047438064e-06;6.964203403399528e-06;8.852539284863894e-06;1.0416301932964143e-05;1.183817410827545e-05;1.346711812974898e-05;1.5290957250843897e-05;1.674830825344317e-05;1.7679492998510537e-05;1.8029915012127807e-05;1.8102547349512967e-05;1.846909518512973e-05;1.945805947789119e-05;2.094072915708608e-05;2.237085757535596e-05;2.3121159735791283e-05;2.281928883409572e-05;2.18448057063275e-05;2.076519525154993e-05;1.9920531549376884e-05;1.9293986642588095e-05;1.8844217273532537e-05;1.8634506463157093e-05;1.8420295538228736e-05;1.8251663391518424e-05;1.7998913421504476e-05;1.7787574196782794e-05;1.757784067466529e-05;1.7512058074107603e-05;1.7279070034215577e-05;1.6876497959502712e-05;1.6547690231784742e-05;1.6205570831500427e-05;1.6057599625534893e-05;1.618495886385992e-05;1.6500118064494943e-05;1.6795479827788617e-05;1.6967940139549535e-05;1.702689324923308e-05;1.6999109807354376e-05;1.6816721600874678e-05;1.6487080405298013e-05;1.606943918210076e-05;1.5669040031417842e-05;1.5311327415178482e-05;1.5018100694255937e-05;1.4695592077374109e-05;1.439985609788533e-05;1.4239179733860148e-05;1.4273953804235936e-05;1.4454449485016238e-05;1.461134074595992e-05
2256.3339075717377;1.739862089827097e-07;1.3678418263934662e-07;9.023083065504434e-08;5.83452626769163e-08;5.8674223193415654e-08;8.003626594911243e-08;9.8735531838252e-08;1.040415268112423e-07;1.026194426870116e-07;1.1117301767624804e-07;1.5629904553758316e-07;2.1482050111791115e-07;2.503795116763148e-07;2.393563500655012e-07;2.08772974379472e-07;2.1465398271309014e-07;2.654749441307509e-07;2.9856742374161533e-07;2.769591723674829e-07;2.562732726955337e-07;2.486733412662906e-07;2.444068276492386e-07;2.1908043387758385e-07;1.5951445958136292e-07;9.01123079791218e-08;5.8621930387287364e-08;9.407477457724816e-08;1.629120024622039e-07;1.8681569134558459e-07;1.503841675435026e-07;1.124290339201206e-07;1.1630395148584669e-07;1.386997305563306e-07;1.3455053931494966e-07;8.824851042130788e-08;4.3830109000019536e-08;4.5950252194971095e-08;8.351035136293228e-08;1.290543288520072e-07;1.886480767883215e-07;2.3665698301483178e-07;2.526250667972746e-07;2.388778754357531e-07;2.551916452500148e-07;3.205151258455333e-07;5.246504979980015e-07;1.0583535188002298e-06;2.0564687394393894e-06;3.71368196265118e-06;5.965922377974728e-06;8.492165614342692e-06;1.087100622235971e-05;1.284001275803706e-05;1.4215004650901245e-05;1.5109200210376476e-05;1.57581274108031e-05;1.6648320228030688e-05;1.795435438586199e-05;1.9356212342514315e-05;2.046660405322113e-05;2.1283603926614507e-05;2.1524050922515417e-05;2.183933517286014e-05;2.1740241952337704e-05;2.1397764856211185e-05;2.104097006652067e-05;2.0725742409035123e-05;2.037072094207105e-05;1.9854151066356368e-05;1.9180267304115135e-05;1.8371696045524543e-05;1.7420112607495352e-05;1.635637595019251e-05;1.5411676752993223e-05;1.527056028477336e-05;1.593308880017282e-05;1.6978126131038183e-05;1.774780988226417e-05;1.7898787292357393e-05;1.7856004650539244e-05;1.7690209382099642e-05;1.742995235070579e-05;1.7183552341885894e-05;1.6942397541217093e-05;1.677519735561746e-05;1.6602797631953885e-05;1.6219389269208286e-05;1.6034134582453915e-05;1.5940915654524963e-05;1.5976577613012898e-05;1.609961330249872e-05;1.629618114682498e-05;1.6131192948638903e-05;1.560286176640126e-05;1.4877306026041812e-05;1.4217822949416123e-05;1.3847173988416629e-05;1.3915453195309976e-05;1.412231233120569e-05;1.4260286561837933e-05
2257.677308474613;5.8859720238824065e-08;6.952702032202925e-08;6.807338993298585e-08;5.8289128073118e-08;4.6855820702564287e-08;4.3000479625614106e-08;3.9231310866380585e-08;5.6810338990287036e-08;1.0175570227536389e-07;1.210505575100958e-07;1.0802961154791112e-07;8.151847939777881e-08;6.27600125969733e-08;5.502698941226019e-08;7.111719197483323e-08;9.970468588321941e-08;1.06079243425658e-07;8.2753058815995e-08;7.064181339586294e-08;1.4282070673891562e-07;2.967279113963436e-07;4.151272882627542e-07;4.112413171568603e-07;3.0953404843243257e-07;1.8837619496951093e-07;1.1846187998575193e-07;8.435063394774637e-08;6.355243589000015e-08;3.655666990735939e-08;1.6588042561674763e-08;1.7401228358448135e-08;4.256773165220006e-08;6.539859500374403e-08;6.749244891264306e-08;5.547380355488527e-08;6.0854546929505e-08;1.0444615498308413e-07;1.6096257266494613e-07;1.7997100996759305e-07;1.531576484236138e-07;1.1068695840934803e-07;1.0099742111996257e-07;1.394786522425073e-07;2.68327800487503e-07;4.983933784104162e-07;8.313757103831578e-07;1.287326308712098e-06;2.004854987033193e-06;3.2732692950168494e-06;5.30380749045996e-06;7.953528493618155e-06;1.0547689632810113e-05;1.261425972314873e-05;1.3953190489460596e-05;1.4698575117283845e-05;1.532713746856432e-05;1.658190144871221e-05;1.8489442407984066e-05;2.04977322293304e-05;2.1677896625638583e-05;2.186637475467761e-05;2.1388124912154384e-05;2.0774557463447567e-05;2.0320600825276577e-05;2.019347516066857e-05;2.0302069521013796e-05;2.0542502651248634e-05;2.0465917753284357e-05;2.0037016257641824e-05;1.9272545100333145e-05;1.8142038059527525e-05;1.7129345824511238e-05;1.6106986287063025e-05;1.5584113937170264e-05;1.54610501649825e-05;1.5847541961998302e-05;1.6518238273483873e-05;1.720504748568347e-05;1.7586996690461904e-05;1.7911925109947e-05;1.809724423213473e-05;1.7990320122746662e-05;1.7453458613531473e-05;1.6555994453858043e-05;1.5545133247657426e-05;1.4702072429577956e-05;1.4180199235022663e-05;1.4032737865903976e-05;1.4272656255786231e-05;1.4921216061463798e-05;1.5802092398487372e-05;1.6578348843733437e-05;1.6857032378747725e-05;1.6485277799909184e-05;1.56390239048051e-05;1.4689177840430432e-05;1.4100464427473129e-05;1.4103479066681152e-05;1.4531888076584627e-05;1.4920081471791838e-05
2259.0200932644148;1.1558477500921904e-07;1.3806809707352108e-07;1.3414203220565938e-07;1.157253963869508e-07;1.383418295670115e-07;1.8558801319502518e-07;1.810578852333579e-07;1.3704545257314952e-07;1.3694365195075416e-07;1.515230907619296e-07;1.2200651220923788e-07;8.557867764258743e-08;9.895475665404463e-08;1.3434456185532789e-07;1.545934701026695e-07;1.6307309812016973e-07;1.530507002528259e-07;1.1545361411196865e-07;7.481166486458791e-08;7.786539127061926e-08;1.7713045353684474e-07;2.669409076035973e-07;2.9287285481250013e-07;2.465363727526276e-07;1.840990750316581e-07;1.5052365368481252e-07;1.3626624316932368e-07;1.0959978652150453e-07;6.164765639702583e-08;2.3880141986077463e-08;8.679714106258538e-09;4.174930870051008e-09;2.1516814640811256e-09;3.836907418276821e-09;2.136041351893618e-08;7.058013547032198e-08;1.5312831430388265e-07;2.3652905278679587e-07;2.682697434025557e-07;2.1079558511561778e-07;1.2231782190964306e-07;7.355913972130903e-08;9.935580638036876e-08;2.144916614750221e-07;4.3961760846439356e-07;8.388001214040958e-07;1.500148336354041e-06;2.454974097395704e-06;3.7855491216319215e-06;5.5983224032589e-06;7.765977716547217e-06;9.984508881153944e-06;1.1924722172733093e-05;1.341246198211095e-05;1.457962520013098e-05;1.5790188929050575e-05;1.7248647173607485e-05;1.8861301873216197e-05;2.0332217635399768e-05;2.0950963366483382e-05;2.069002028358928e-05;2.017055397758826e-05;1.954568162046856e-05;1.946497516180964e-05;1.9816405818817205e-05;2.0222653041520546e-05;2.0400182470496213e-05;2.0199061842588367e-05;1.940131382500794e-05;1.829931244154824e-05;1.7266864804281958e-05;1.6572439372859788e-05;1.647606695649552e-05;1.677069217276965e-05;1.7088867609847996e-05;1.7373098166590292e-05;1.7531683719759674e-05;1.758693150145673e-05;1.759799930916908e-05;1.7312515746420197e-05;1.7060178869688242e-05;1.662095369085929e-05;1.5761483483610763e-05;1.4788769828369794e-05;1.3752254057757536e-05;1.320107977846748e-05;1.3295807055003096e-05;1.349176567326996e-05;1.3995897023590614e-05;1.4648673284433396e-05;1.5280691584405374e-05;1.5777846553955884e-05;1.602820787300716e-05;1.5956945954130637e-05;1.5575422028224507e-05;1.5005841941387518e-05;1.4524292257345176e-05;1.4375604038627216e-05;1.4622132267472494e-05;1.4999292473359325e-05
2260.362262025836;5.7630175306912674e-08;6.915091780038913e-08;7.033105101132342e-08;9.698189978441404e-08;2.465368556794325e-07;4.618722192243304e-07;5.440890041414496e-07;4.1527661946931874e-07;2.391656432964143e-07;1.441379775352143e-07;9.661908959654101e-08;9.318067619125465e-08;1.6767844633110412e-07;2.491775332436177e-07;2.47732743659078e-07;1.8970382909076803e-07;1.3863594675346578e-07;1.0449836335422965e-07;6.815853153711389e-08;4.4475624347240455e-08;6.23712384220412e-08;1.6091682891060144e-07;2.892749989498903e-07;3.19944735652232e-07;2.35684302502183e-07;1.3002582898473934e-07;9.358706548724146e-08;6.659572543146723e-08;4.6470419174229585e-08;5.2188471907742576e-08;6.627648876068221e-08;5.8221694030981294e-08;3.1147492019853875e-08;1.3161940703957096e-08;1.7508009801596247e-08;6.716825690279262e-08;1.9063805089078658e-07;3.554511737405694e-07;4.285723796018361e-07;3.434589355566925e-07;1.8869980296868013e-07;1.1609384357082673e-07;1.341983976894088e-07;2.159661673809508e-07;3.783629689828527e-07;7.723566772834162e-07;1.4799889289521551e-06;2.4320479020512147e-06;3.710312341465091e-06;5.446369142816199e-06;7.4462198509428355e-06;9.51885715949801e-06;1.1387808821861146e-05;1.3031186807345076e-05;1.4563874803140312e-05;1.6161591711687253e-05;1.7665042560107966e-05;1.8910211877168957e-05;1.9872601796691028e-05;2.0306489022850275e-05;2.045789877669727e-05;2.067224143089537e-05;2.0879352778063887e-05;2.115674378373857e-05;2.121929095265449e-05;2.084627532130722e-05;1.9920539879785624e-05;1.8836714768651222e-05;1.7806362603226527e-05;1.7057673817098265e-05;1.6732512580707244e-05;1.6715877401751302e-05;1.692250505882131e-05;1.701659364845769e-05;1.744240964487351e-05;1.7860167488967636e-05;1.830929964188569e-05;1.8466559113700626e-05;1.82982315022193e-05;1.768336017433064e-05;1.6929897208368323e-05;1.607330033343473e-05;1.50812206786664e-05;1.4101298618417463e-05;1.3450314050972268e-05;1.3425505619054168e-05;1.4026214692536257e-05;1.481939876145716e-05;1.5369509908216946e-05;1.5523247204410408e-05;1.5317786855661007e-05;1.497945159819955e-05;1.479462264893704e-05;1.4857955561292663e-05;1.500327973010105e-05;1.5038706695092532e-05;1.4784358551307212e-05;1.4358854484706135e-05;1.4126765412602724e-05;1.4095481458733178e-05
2261.703814843586;5.9540336598948154e-09;2.175842294182696e-09;6.504292992087486e-09;4.81030891377217e-08;1.870741587358804e-07;4.153151285569451e-07;5.700657562092899e-07;4.982825312619805e-07;2.776479906097792e-07;1.047829523351265e-07;4.3000874215299856e-08;4.658099853304738e-08;8.523964856969798e-08;1.2529831646846454e-07;1.2022448334092458e-07;8.235111845940654e-08;6.02834438544691e-08;6.457148660297224e-08;6.019708438248791e-08;4.4374481281107056e-08;6.130509129706395e-08;1.801096503388408e-07;3.701294574842735e-07;4.356128241709296e-07;2.995563518855887e-07;1.2445820668869578e-07;4.33560577462281e-08;2.3349932364726265e-08;3.0720870648593e-08;7.798586580495503e-08;1.2492624103405794e-07;1.1264453348611913e-07;6.034642841497929e-08;2.2627786408599797e-08;1.6242580844503112e-08;6.718138985028283e-08;2.3554464749181025e-07;4.50677878603195e-07;5.172239431862282e-07;3.751044967828155e-07;1.860396389907993e-07;9.158606972983692e-08;9.097923720831445e-08;1.5735950161037852e-07;3.206041943684204e-07;7.334902323292876e-07;1.4250566040429463e-06;2.2605198312958003e-06;3.301034943527901e-06;4.815703635103188e-06;6.779187370169248e-06;8.881967270949572e-06;1.0871341873933332e-05;1.2679659694540413e-05;1.433997902764942e-05;1.58209790297728e-05;1.713673440971315e-05;1.8292738651863037e-05;1.925972372315463e-05;2.0417773168156747e-05;2.186374375182413e-05;2.3268680339750785e-05;2.4411409901975156e-05;2.4719590665914978e-05;2.377257792626325e-05;2.1875519319131e-05;1.972784431145903e-05;1.8174127834610708e-05;1.7653804339687715e-05;1.7798583600445562e-05;1.811529488695072e-05;1.815900969895388e-05;1.7837540742461786e-05;1.7446577043851004e-05;1.7390043162009544e-05;1.7723523059371362e-05;1.8241533851676187e-05;1.845463157804016e-05;1.82573755976764e-05;1.7698611273738572e-05;1.694597977292957e-05;1.627539909483444e-05;1.570401954741729e-05;1.504209608222164e-05;1.4808785785440422e-05;1.5046555699981474e-05;1.5685578517170993e-05;1.6454987539148853e-05;1.6693289109501223e-05;1.6347407840891285e-05;1.5611066946516253e-05;1.4776916251979225e-05;1.4251024931495036e-05;1.4202911052222969e-05;1.4457307196731182e-05;1.4698790770686762e-05;1.4649428945989996e-05;1.4336927998820312e-05;1.397220637850212e-05;1.3741980648298188e-05
2263.044751802412;6.108640902573127e-08;6.848177771444402e-08;7.006570645528159e-08;6.879641096612224e-08;8.299696038479804e-08;1.3802542787856542e-07;2.0458832028123482e-07;2.0470954412684927e-07;1.3047033192847309e-07;4.8096408612464716e-08;1.7346322191881075e-08;7.973850195948788e-09;5.682843934540941e-09;6.723163361625648e-09;8.796463795364318e-09;1.40823051076235e-08;2.2232181483159152e-08;3.097990216006022e-08;3.233056986830153e-08;2.5815851705440825e-08;4.269446626564495e-08;1.1628675917018837e-07;2.145104012349842e-07;2.385684009504581e-07;1.6317630152306398e-07;7.181247184279841e-08;2.447204687098462e-08;2.1663937029047517e-08;2.7928664910330575e-08;5.069511122012726e-08;6.802699698214803e-08;5.8128484365688884e-08;3.083723084034388e-08;1.1799227000216768e-08;1.3879828636997416e-08;6.31203775505352e-08;1.9552053042644206e-07;3.391632940476683e-07;3.7985349715919146e-07;2.969255465810305e-07;2.017541036930693e-07;1.5286003692844666e-07;1.4152246224701484e-07;1.6831876195315738e-07;2.987384665730505e-07;6.964028282152113e-07;1.3579439043906638e-06;2.261923369915767e-06;3.4690449441573653e-06;5.12030699431954e-06;7.1866579464195065e-06;9.398712832630224e-06;1.1495063832111e-05;1.324117368765836e-05;1.4474717433802474e-05;1.55243033812285e-05;1.6444814302540735e-05;1.7595242349595643e-05;1.9080763238450275e-05;2.0866686818393584e-05;2.257325118532539e-05;2.396212826906736e-05;2.4598252497470683e-05;2.428837961022717e-05;2.306977817248556e-05;2.1469021976605303e-05;2.0132953845047133e-05;1.9481413465412826e-05;1.95121183779333e-05;1.954398153023305e-05;1.93190436562358e-05;1.863084688522584e-05;1.7857241042685454e-05;1.736233323482739e-05;1.7332851206489364e-05;1.7970334604665423e-05;1.8649405149264483e-05;1.898411955557007e-05;1.862457948480624e-05;1.786901039033909e-05;1.7058081366849132e-05;1.6425167585570708e-05;1.606897214898677e-05;1.5977562480253055e-05;1.6133373920555885e-05;1.6467394726381914e-05;1.6707741747690485e-05;1.670961640956501e-05;1.636894215779243e-05;1.570187603669166e-05;1.5010662549106865e-05;1.458133295965507e-05;1.4533829639140985e-05;1.4614760372402072e-05;1.4533715544186877e-05;1.4216878348920665e-05;1.3620685324529065e-05;1.3270214502104772e-05;1.3168382711881426e-05;1.3218856676851747e-05
2264.3850729870683;1.0553303307655184e-07;1.362568001735091e-07;1.5445645751796552e-07;1.4825143937512005e-07;1.1627617404903317e-07;7.245239068483355e-08;3.7517070055438505e-08;1.9114403792798497e-08;1.2520464928012157e-08;9.028364509560185e-09;5.428039854208959e-09;2.9401372272022543e-09;4.5774147182248255e-09;9.537264358268417e-09;1.4012776511667197e-08;1.7945562694086832e-08;2.257914028913378e-08;2.2620602921875872e-08;1.5177321007405418e-08;9.770741474487476e-09;2.6217209682999905e-08;5.8082009333134455e-08;6.649736405556875e-08;4.478583395898209e-08;2.200733699021942e-08;1.4885005421501224e-08;1.8126120385073428e-08;2.8491619215680167e-08;3.445082810943579e-08;2.6381578929338393e-08;1.2476197575719952e-08;4.071201800672294e-09;1.934350011156153e-09;3.339372342829757e-09;1.8686146515019272e-08;5.834531991745874e-08;1.2220011679326644e-07;1.8881387902159478e-07;2.241047121202567e-07;2.376669175538395e-07;2.422245532963032e-07;2.433911655729878e-07;2.3322275027708567e-07;2.176277774601129e-07;2.588344793515866e-07;5.136868086584495e-07;1.1523859792383824e-06;2.275930382064531e-06;3.85376017325789e-06;5.820738318874527e-06;8.043799399698188e-06;1.028255296978471e-05;1.232904347458382e-05;1.3963487881652457e-05;1.49943895483522e-05;1.5737207418450456e-05;1.6673363036282627e-05;1.803629409454529e-05;1.9743280374725756e-05;2.150234171174469e-05;2.271735704348882e-05;2.3098475636973405e-05;2.2708091669299796e-05;2.182010888643067e-05;2.080860672206244e-05;2.019394678179039e-05;2.0002397625187854e-05;2.003660043960393e-05;1.9966145328547785e-05;1.960010218163684e-05;1.888388819920807e-05;1.8016535382435117e-05;1.7293651284936238e-05;1.6975034971131093e-05;1.7097416508941773e-05;1.770297397287059e-05;1.8616074852106907e-05;1.9170053778126508e-05;1.9071176695536896e-05;1.849609911853877e-05;1.77043356339784e-05;1.699218826883927e-05;1.6556291507205997e-05;1.6492714474063748e-05;1.6560462932149643e-05;1.6747616188237784e-05;1.6749782291585126e-05;1.6441973441244577e-05;1.594318098672608e-05;1.5366461208372764e-05;1.5034258721032029e-05;1.5172082647141182e-05;1.554874726000026e-05;1.5653996573075277e-05;1.5157349571315765e-05;1.4164338069052026e-05;1.3125219213577668e-05;1.251432646640772e-05;1.2643859391727345e-05;1.2950256130685832e-05
2265.7247784823485;5.1876247878329184e-08;7.780326346176656e-08;1.1573693212590116e-07;1.6205860929783774e-07;1.8634608700048762e-07;1.6737390379719829e-07;1.1386972272510816e-07;5.3510870467333786e-08;2.198078231009288e-08;9.485366131003346e-09;4.1171394294165745e-09;2.6177165154494194e-09;3.5006241632955713e-09;6.920663470224701e-09;1.1026234378353697e-08;1.8550005859232213e-08;2.7809909457218303e-08;3.0353432598063063e-08;2.1236418254200388e-08;9.93266320264308e-09;1.2111627268073387e-08;2.205906236395237e-08;2.15681599588726e-08;1.2105667942971046e-08;4.699271645813469e-09;7.86068506735199e-09;2.4174972913892683e-08;4.5662449249229614e-08;5.7127165281312965e-08;6.157964008666876e-08;7.07724566794667e-08;7.039625886165432e-08;3.5845760843161065e-08;1.9487036028089564e-08;2.8186915632951963e-08;6.223360203899414e-08;1.0636986176991106e-07;1.4069463082540786e-07;1.4808964274541694e-07;1.429595372018522e-07;1.4127283482611944e-07;1.3171470359534528e-07;1.2873360716299878e-07;1.4855697592082007e-07;2.402048273097035e-07;4.79730637693189e-07;1.1085594415999524e-06;2.2679169174315288e-06;3.7705149135209066e-06;5.540839988005006e-06;7.527357898974535e-06;9.67081487094829e-06;1.1883165084226716e-05;1.3856633557399115e-05;1.5520902138067395e-05;1.677655046960372e-05;1.793384037083133e-05;1.896237906742794e-05;2.01033072131473e-05;2.111722302308687e-05;2.177641380301881e-05;2.19262742573086e-05;2.180623339055519e-05;2.145133206112248e-05;2.1042820267954803e-05;2.0711253353752374e-05;2.0563543690942405e-05;2.0424407021923398e-05;1.9966784195963467e-05;1.9280046992668175e-05;1.8504813762495293e-05;1.7984497202488283e-05;1.7721023895393356e-05;1.7617339061580503e-05;1.7654456208786864e-05;1.7956242287217777e-05;1.834095829847336e-05;1.852608538071571e-05;1.8461235543501043e-05;1.8124569783672143e-05;1.755133189919037e-05;1.6845070355720797e-05;1.618380129635608e-05;1.572506693427969e-05;1.5607442345827835e-05;1.593028089698228e-05;1.659587446326099e-05;1.7253631264367177e-05;1.7663680997349532e-05;1.7604320994592746e-05;1.713081742241488e-05;1.6487661521031248e-05;1.588236769902377e-05;1.526911799088743e-05;1.4620179228238884e-05;1.393739591286591e-05;1.3585166198804588e-05;1.3700551614978954e-05;1.429068949696804e-05;1.482017165318168e-05
2267.0638683730613;1.4704772165075568e-08;1.570292947206789e-08;3.599087927980119e-08;8.871387407731808e-08;1.583721458807163e-07;1.8195754892051909e-07;1.319227021045185e-07;6.82046657206207e-08;4.45022928450658e-08;4.3651543189959847e-08;3.782133054985305e-08;1.9911283944977693e-08;6.715033528913516e-09;5.085212134498628e-09;7.139954937403534e-09;1.1994151957344612e-08;1.8946302033295525e-08;2.1067069225656305e-08;1.5032201143786804e-08;6.551543388167817e-09;2.8545449093662623e-09;3.6653943554106165e-09;4.4489954190844845e-09;6.915822985564066e-09;2.1941344062065722e-08;4.6641056708209057e-08;6.98758897898704e-08;8.893748583576746e-08;1.0069048712652089e-07;1.2620309748329854e-07;1.7244351054274227e-07;1.7785682651301157e-07;1.1798857825631358e-07;5.595881464326181e-08;3.155604830217947e-08;3.651539340438901e-08;5.241005661018271e-08;6.08485275617393e-08;5.57320553872187e-08;3.9473709277825314e-08;2.8195399792312078e-08;2.5082081630071518e-08;4.0598250759547034e-08;1.1813165634274365e-07;3.347087550590924e-07;7.437999758212897e-07;1.382004812619139e-06;2.3019123751806925e-06;3.490884598169736e-06;4.980854307831284e-06;6.873512763355335e-06;9.16435864986924e-06;1.1680909040392602e-05;1.4065865514930232e-05;1.6148639802986834e-05;1.774285452259798e-05;1.876009583458793e-05;1.9369522032463827e-05;1.9726370973247564e-05;2.001273337151776e-05;2.025303934799061e-05;2.0490313700968304e-05;2.0974105140052768e-05;2.1513087849099803e-05;2.1971757966019888e-05;2.2292966432963136e-05;2.2258675395852665e-05;2.171399135040537e-05;2.066853785247873e-05;1.932635392074373e-05;1.82561635762916e-05;1.7880899443905404e-05;1.8141281384748843e-05;1.851399370281213e-05;1.865861298960817e-05;1.852489606200813e-05;1.814848106610044e-05;1.7947601732044572e-05;1.784930596405609e-05;1.780306372527905e-05;1.7612042403417776e-05;1.7027552653762395e-05;1.611418780387428e-05;1.5178344381957316e-05;1.464240252541004e-05;1.4893127074377162e-05;1.593920527610305e-05;1.733122358475037e-05;1.843061038398095e-05;1.8718320955242638e-05;1.802804210359144e-05;1.6688459299429876e-05;1.5220974757351465e-05;1.4000251010926952e-05;1.3322051763770488e-05;1.3292366999309078e-05;1.396416802050935e-05;1.527796426588281e-05;1.6676630477977413e-05;1.7622542424940022e-05
2268.402342744052;2.6375185775788906e-08;1.7642911289205582e-08;4.2757168232477785e-08;1.1102313501602633e-07;1.791181740069679e-07;1.7388970005988489e-07;1.0469697602764041e-07;5.845976999698818e-08;5.7508350848384514e-08;7.434603007578995e-08;7.234818015178216e-08;5.565183227482895e-08;5.9038486418704034e-08;8.85587567192371e-08;1.1760011782073868e-07;1.2350119901484242e-07;1.0613529349131633e-07;7.949395008007578e-08;5.7354792206525035e-08;4.9064671103174874e-08;5.512107413699481e-08;5.778070710532247e-08;4.223385537155639e-08;2.909716613995437e-08;4.440534952083105e-08;8.72484905106571e-08;1.2678561170915666e-07;1.4543880490966546e-07;1.4746391319685385e-07;1.5874979056252217e-07;1.9834021810109506e-07;2.250547629912776e-07;2.34492525663374e-07;2.205841193262093e-07;1.992576089090103e-07;1.5974873487632353e-07;1.0413099613192001e-07;5.230151973618017e-08;2.0002192390724448e-08;9.668706454245951e-09;1.5253867384898818e-08;2.956172731947021e-08;5.304951226361455e-08;1.455253898481195e-07;4.198865334397866e-07;9.369639459983724e-07;1.6341012812344e-06;2.4328661856349915e-06;3.5225260431561923e-06;5.055568006777477e-06;7.062095874689319e-06;9.385138233667455e-06;1.1859727093936928e-05;1.4252450825151324e-05;1.6327503694186808e-05;1.7855022605354808e-05;1.8831677403639556e-05;1.9480122128984954e-05;1.97343285623628e-05;1.9825485646442048e-05;1.9721298904746884e-05;1.9534748695265472e-05;1.978910255383701e-05;2.059747727137506e-05;2.173762678217313e-05;2.2772342076312173e-05;2.29254961773406e-05;2.1979785311236512e-05;2.019346076149336e-05;1.8289830849094637e-05;1.7058844227454584e-05;1.6996993827779252e-05;1.7848737494996017e-05;1.877849867966423e-05;1.9032607802893305e-05;1.855214921969075e-05;1.7850918077529486e-05;1.7554348433987434e-05;1.782347944616856e-05;1.8442802193060592e-05;1.8955160561362814e-05;1.871894550985429e-05;1.7718001482126646e-05;1.635143199564148e-05;1.5259750435548416e-05;1.4871342484693904e-05;1.526886090977667e-05;1.6128757547243186e-05;1.6900646571163252e-05;1.7222433349728747e-05;1.693520872003474e-05;1.6146770462817234e-05;1.5122315181077845e-05;1.4135053353305912e-05;1.351062874087056e-05;1.3594136742935913e-05;1.4610991599316234e-05;1.6230107797946126e-05;1.7818481644277214e-05;1.8855078157692627e-05
2269.740201680179;1.3731758031282491e-08;2.0680819696586188e-08;8.604186786298361e-08;2.1419175108459526e-07;2.973428720568256e-07;2.574306238931044e-07;1.5362673551481468e-07;7.626315224378547e-08;5.0108766034051896e-08;4.6516896157446695e-08;5.120407644593829e-08;7.884081864037034e-08;1.4641905375630766e-07;2.3053762435666965e-07;2.8680532747805724e-07;2.800111511617282e-07;2.1849729948705766e-07;1.661727389838627e-07;1.728849923990042e-07;2.075936546625297e-07;2.27015038098212e-07;1.9251790096883968e-07;1.1511688237417641e-07;5.36248263976133e-08;4.255564877145518e-08;8.639218920528491e-08;1.5672440079132805e-07;2.075039512295071e-07;2.105277779384365e-07;1.836474917692027e-07;1.772031877308378e-07;2.31103328929317e-07;3.333755451592912e-07;4.2431804795695547e-07;4.328905146353947e-07;3.502608553784809e-07;2.1960567324301282e-07;1.0663773771413105e-07;4.055824542369783e-08;1.6100909450741165e-08;1.1768441981539733e-08;1.8084478036150997e-08;3.900497086717504e-08;1.4062987720797884e-07;4.285342798187925e-07;9.86500678259494e-07;1.7620965610790417e-06;2.6011949252007857e-06;3.66967210082939e-06;5.196977753508582e-06;7.185832183833327e-06;9.42401430733746e-06;1.1696713814450536e-05;1.389889784437672e-05;1.5931367829276742e-05;1.768367760436367e-05;1.9057557173720292e-05;1.999399123625965e-05;2.0563708500632416e-05;2.065822086806508e-05;2.019359378621572e-05;1.9486495220636396e-05;1.8900570000129167e-05;1.9108224087127347e-05;2.0146036217888985e-05;2.1170233786566555e-05;2.1595651986256226e-05;2.086502459670469e-05;1.9214696232293094e-05;1.7549583617417696e-05;1.6547121740829043e-05;1.6561340956141826e-05;1.7499208825409326e-05;1.8516971965635327e-05;1.890101186685531e-05;1.846929502902984e-05;1.77270268943824e-05;1.728821775167776e-05;1.736993229452305e-05;1.7763354787276434e-05;1.8090654856210838e-05;1.8068622924274565e-05;1.763763440215561e-05;1.7015452627076352e-05;1.6451260026564857e-05;1.6140148101516766e-05;1.614355316528983e-05;1.6367224995228944e-05;1.6528782204679746e-05;1.6680488339699275e-05;1.6787402793939946e-05;1.675980084809821e-05;1.64578470012867e-05;1.579224112781469e-05;1.4941177675560643e-05;1.4261809726432809e-05;1.430179683220948e-05;1.5104328750322353e-05;1.6267693434485423e-05;1.7143441317199522e-05
2271.077445266328;2.933821585569079e-09;2.3148068189245248e-08;9.614340553551799e-08;2.2314220299452266e-07;3.094674688689526e-07;2.812489750760326e-07;1.808954659584151e-07;8.762573536648728e-08;3.4935392651115346e-08;1.5850466236875367e-08;2.548470876117218e-08;6.936795232406832e-08;1.422985138988919e-07;2.0851650990777813e-07;2.3360292606693895e-07;2.043945169910958e-07;1.4976881346269662e-07;1.316408631807785e-07;1.917921319381593e-07;2.7631304993274094e-07;2.924064594333604e-07;2.179439232005858e-07;1.1525218154346027e-07;5.253179228688701e-08;4.9532905090777716e-08;1.2642532957769288e-07;2.295967335761968e-07;2.937733293490276e-07;2.82654074634948e-07;2.198833864690697e-07;1.6743768472703618e-07;1.814964784873292e-07;2.5783270087688824e-07;3.309139424618703e-07;3.311288569508283e-07;2.52982524098258e-07;1.466812114852972e-07;6.623459794415519e-08;2.569995253492709e-08;1.0697293053209588e-08;5.8019233097156135e-09;4.302937017296815e-09;1.6026332252748187e-08;8.971347223465819e-08;3.548819819170644e-07;9.435301581936448e-07;1.7978107344595231e-06;2.735063559202628e-06;3.7925849591562777e-06;5.194022433760687e-06;7.033716110111807e-06;9.199655926999423e-06;1.1373880313953257e-05;1.346689186419512e-05;1.545562041007706e-05;1.7271381051506403e-05;1.8832801340453624e-05;2.003221235723468e-05;2.085761779253204e-05;2.117266160970372e-05;2.0816470306355697e-05;1.998967537686376e-05;1.916674451363937e-05;1.884099958735671e-05;1.910764602858269e-05;1.9696456022506892e-05;2.006151104269934e-05;1.9735457203965893e-05;1.8776516390077123e-05;1.758642128347449e-05;1.690162193017819e-05;1.6907461816001848e-05;1.7639612278006804e-05;1.8647846542476587e-05;1.9281089718691038e-05;1.9244615713109364e-05;1.8782152721844293e-05;1.8140702373211447e-05;1.7494334878771725e-05;1.6828818155314827e-05;1.6228963766212528e-05;1.597222316231968e-05;1.609440986789958e-05;1.6494376074900122e-05;1.694513473050134e-05;1.720986781647693e-05;1.7132099253179885e-05;1.681446076860827e-05;1.6531229899626105e-05;1.6558447364855003e-05;1.6908641724571195e-05;1.7329202703190526e-05;1.7377247476649196e-05;1.6685214324011985e-05;1.535612671696296e-05;1.3820978464660708e-05;1.290999490949914e-05;1.3190569055834532e-05;1.4258602938253476e-05;1.5186939043226069e-05
2272.414073587413;1.491308147624184e-08;2.8809290544834663e-08;7.056696195806866e-08;1.3659021732253045e-07;1.7884240934081814e-07;1.5816897377992152e-07;9.969571890895805e-08;4.8050963922836225e-08;1.7017757928309066e-08;1.1475456122573769e-08;2.2310096971444826e-08;4.698158138000912e-08;6.877480784699387e-08;7.46732109288756e-08;7.107292230633096e-08;7.116915102015664e-08;7.832103921385722e-08;9.995615018068741e-08;1.3223389458280105e-07;1.5083883786175518e-07;1.3678141345871665e-07;8.84842426962975e-08;4.407839751098047e-08;3.3346912700319766e-08;7.318632106101345e-08;1.6632371638400858e-07;2.662480212707707e-07;2.956698320951573e-07;2.4679753371095484e-07;1.6342681671889485e-07;9.642465108365678e-08;7.14639018302342e-08;7.884927607219189e-08;9.24554428869006e-08;9.108108626799167e-08;7.018037354259783e-08;3.869097462026605e-08;1.4769298769512777e-08;7.309591127726766e-09;1.0867632379688342e-08;1.5034380137669456e-08;1.4541535748846393e-08;1.2260343382671402e-08;4.99453332154319e-08;2.468009267242894e-07;7.947914120491599e-07;1.7256858700545843e-06;2.8713396429356804e-06;4.157141229178533e-06;5.757760787176063e-06;7.524340377982445e-06;9.44348942778526e-06;1.1396873612448416e-05;1.3308078797097194e-05;1.5131349606512364e-05;1.6853567909486754e-05;1.8365507394453585e-05;1.9640598997048195e-05;2.0673992047148507e-05;2.134400353665597e-05;2.1480538700758895e-05;2.1041887785730625e-05;2.0360378121709177e-05;1.9807537682950235e-05;1.951607422532717e-05;1.9472744115130773e-05;1.917100343610392e-05;1.8658293089609856e-05;1.7984694499203697e-05;1.71936988859295e-05;1.689026499011761e-05;1.7346631605488908e-05;1.819073482324277e-05;1.9115509482222116e-05;1.971861635364733e-05;1.99872698022142e-05;1.993849098808544e-05;1.948976697946845e-05;1.865466449693349e-05;1.7552577560120153e-05;1.6451062720495395e-05;1.570242169191964e-05;1.553597556741856e-05;1.600917677370327e-05;1.6758980244045407e-05;1.7297329267776253e-05;1.7211066171028877e-05;1.6519684608140606e-05;1.5798044813731017e-05;1.538652009429513e-05;1.5502326885172896e-05;1.5852289094919953e-05;1.5938482637510224e-05;1.5441223834062078e-05;1.4515665356587784e-05;1.364412953420128e-05;1.342589055997256e-05;1.4147311294921949e-05;1.5257101694928828e-05;1.6037043947117507e-05
2273.7500867283707;3.9964615018431246e-08;3.2282093892104726e-08;3.1678899759885194e-08;4.1624985515348876e-08;4.804866418784815e-08;3.910301174284615e-08;2.2674036113581083e-08;1.0240881295109391e-08;4.7016897289984385e-09;8.065664700845471e-09;2.151437891462565e-08;3.587040063409444e-08;4.008310918410797e-08;2.7695370552673324e-08;2.0774108683638273e-08;4.523780767771418e-08;9.251748066723972e-08;1.218051581295406e-07;1.0894325331083817e-07;7.04829579516765e-08;4.051068216451903e-08;4.140796934984276e-08;6.439540902413765e-08;8.585594923088224e-08;1.1655143042418135e-07;1.5409569967517586e-07;1.8985927527257962e-07;1.7964285066002456e-07;1.29639057820294e-07;6.867502563176095e-08;2.634456861936765e-08;1.1705353838202212e-08;6.9498800640202705e-09;9.102778148751785e-09;2.1201624533324464e-08;4.9000978732290274e-08;1.0157641724894762e-07;1.2149687973399566e-07;1.0112875707990862e-07;7.104074893419856e-08;5.190111962227443e-08;3.615992577769437e-08;2.1921688557519365e-08;4.8003406365140174e-08;1.8804099238841162e-07;6.626172445137108e-07;1.6423536777768295e-06;3.025885351576065e-06;4.582529723454527e-06;6.216985659854481e-06;7.844876395676003e-06;9.426484179765757e-06;1.1167421156311789e-05;1.3004727708218354e-05;1.4860263582416264e-05;1.6661802371075985e-05;1.8287088353033727e-05;1.967706453303128e-05;2.0826135531245207e-05;2.1656161661763438e-05;2.2011762604266187e-05;2.1829260735234703e-05;2.114985160802503e-05;2.0159316703185657e-05;1.917411399459952e-05;1.823979454162385e-05;1.754258301796409e-05;1.7169668831361765e-05;1.7109443045891927e-05;1.729397845929537e-05;1.7635660166356026e-05;1.822500430642295e-05;1.880624632057845e-05;1.9229348251138086e-05;1.958950656304246e-05;1.9864863208172403e-05;2.008992936616993e-05;1.9976893710365997e-05;1.9306595475327567e-05;1.8159764745691828e-05;1.6816014836631323e-05;1.576268357629787e-05;1.5377517626295138e-05;1.572756350141155e-05;1.655566362559168e-05;1.7291675234689256e-05;1.7329778320120664e-05;1.662124410910396e-05;1.5575049639770348e-05;1.4774779502961654e-05;1.452134644119239e-05;1.462173915109378e-05;1.457400318248438e-05;1.4197418209197492e-05;1.380042949263919e-05;1.3800744841915108e-05;1.4531548105262784e-05;1.5671309973919484e-05;1.6763085761648097e-05;1.7321914405763194e-05
2275.085484774161;1.511217311449673e-07;8.729034055036405e-08;3.6577908222602094e-08;1.44309579985487e-08;7.844106730944481e-09;7.789754418618563e-09;7.271034016513887e-09;4.971669418240222e-09;2.867117644212296e-09;4.556255307146587e-09;1.2426390316232725e-08;2.2973692914694242e-08;3.508487701648031e-08;3.5759747699104366e-08;2.39312851719936e-08;2.274999984196216e-08;4.76511594607269e-08;6.413746828579024e-08;6.655168578296935e-08;9.409760689196585e-08;1.4389265916851896e-07;1.962976100676791e-07;2.153056530838047e-07;1.922025528967877e-07;1.5157500900584777e-07;1.1612214922865164e-07;8.334734643210799e-08;6.071689567379392e-08;4.20881649556418e-08;2.638478786502955e-08;1.7319685776333014e-08;1.2073789869105967e-08;7.885366443102231e-09;9.291309701823286e-09;2.737285006390188e-08;8.757360702068043e-08;1.856711021577478e-07;2.403056724098592e-07;2.0061543622355986e-07;1.2254515568813274e-07;6.438421265083827e-08;3.3114299685990875e-08;3.029385464573317e-08;8.357129525367382e-08;2.969937485264544e-07;9.515172716011932e-07;2.152453352374142e-06;3.575045628147929e-06;4.9114285980809525e-06;6.018667076321364e-06;7.221013392872462e-06;8.555692129667546e-06;1.02310242903574e-05;1.223042847144206e-05;1.4358599214510364e-05;1.6427675349423256e-05;1.828673495581535e-05;1.9790815841080367e-05;2.100935572650768e-05;2.185061825660993e-05;2.218549260273685e-05;2.1973943419478143e-05;2.135773266547597e-05;2.040324538198322e-05;1.9211350246482207e-05;1.8085385878519005e-05;1.7439668199710847e-05;1.7377209464854055e-05;1.7727191714953315e-05;1.8094157206984314e-05;1.825174425996672e-05;1.824441852996968e-05;1.8427720196257698e-05;1.8971261923866112e-05;1.9501990292585942e-05;2.003195231417729e-05;2.018420909580314e-05;1.9648361789685964e-05;1.845373477992616e-05;1.7046850945503012e-05;1.5921869608515194e-05;1.5429698287095645e-05;1.5526128372894207e-05;1.600760432852928e-05;1.6513537546391252e-05;1.6843804918616136e-05;1.676046464949843e-05;1.633392610804247e-05;1.578619737711785e-05;1.541505445315478e-05;1.5425104395802867e-05;1.5529809030193085e-05;1.5227103707236007e-05;1.4451265445734449e-05;1.3601860077451503e-05;1.3262225623606105e-05;1.3584433198146578e-05;1.450159967308352e-05;1.5531771386106894e-05;1.6203811801388628e-05
2276.420267809768;2.547980378606608e-07;1.9841877071105667e-07;1.9461824536597093e-07;1.796666819647757e-07;1.1016133848972055e-07;4.299587952681832e-08;1.709819927851821e-08;1.0344465511393047e-08;6.624247353305368e-09;4.339549136547844e-09;4.078878815834269e-09;1.074642038643302e-08;2.67807685752168e-08;4.403757351825426e-08;4.0659688735064034e-08;2.2897176383849014e-08;1.3548178721473992e-08;2.047975440978288e-08;4.817819051490871e-08;1.2542501340083893e-07;2.391865789514136e-07;2.9776428077696935e-07;2.535343335449887e-07;1.645500234815868e-07;9.651574202948326e-08;4.9646017132656585e-08;1.884150076400128e-08;8.031150513558581e-09;6.101299635690834e-09;9.919771566219478e-09;1.7044637364794748e-08;2.5397270975197392e-08;3.397353564774738e-08;4.740135709014442e-08;7.471071938905082e-08;1.2659627948503853e-07;1.813036475875601e-07;2.114584623420814e-07;1.6852365812399094e-07;9.472134682460725e-08;4.0146202249875334e-08;1.7395247133122696e-08;4.6555809131006614e-08;1.987948246182581e-07;5.886144101683136e-07;1.3839334547722857e-06;2.524460018645297e-06;3.677005426920889e-06;4.613044197918433e-06;5.437616407234541e-06;6.503340006803125e-06;7.964868383012139e-06;9.798387133334933e-06;1.2018143733826098e-05;1.4397026981122206e-05;1.6654674785623073e-05;1.849491713832424e-05;1.9876635221323175e-05;2.092516919984254e-05;2.1557392756562117e-05;2.1815153936503725e-05;2.179846861154584e-05;2.154015403969019e-05;2.106141156870529e-05;2.0549292227929093e-05;2.011300100716029e-05;1.9745564404308027e-05;1.938982919841377e-05;1.8942771757896545e-05;1.825928507724493e-05;1.7157960369774305e-05;1.6337280762640035e-05;1.6302391223346868e-05;1.699156804899917e-05;1.79554571759601e-05;1.8882249937956335e-05;1.901719640593532e-05;1.821559305876109e-05;1.6856760954278386e-05;1.568110451708763e-05;1.529476594986442e-05;1.5669481495592524e-05;1.642853995033749e-05;1.684973625851874e-05;1.6881495932357768e-05;1.666228516476123e-05;1.6388784705122725e-05;1.6187976687976195e-05;1.6126464839274976e-05;1.6208024073781324e-05;1.632564208278907e-05;1.6318315897562688e-05;1.5973977065032978e-05;1.5259673345024463e-05;1.4398361178571556e-05;1.36672865471269e-05;1.3337443612483967e-05;1.3486128477699558e-05;1.3907621137868667e-05;1.4303314695046807e-05
2277.7544359202;1.4286606982492032e-07;1.858431560017948e-07;2.991155978561189e-07;3.2342127466055773e-07;2.026718077263568e-07;7.406243704243521e-08;2.764962266718937e-08;2.216952365858384e-08;2.0507757874990973e-08;1.2966718138804716e-08;6.361095799106448e-09;7.300876682158547e-09;2.427897103461017e-08;4.9139161145484264e-08;5.449520833940596e-08;3.632323631148304e-08;2.5154260851841413e-08;3.820850440150136e-08;6.005673705139913e-08;9.894356158744719e-08;1.398984079789637e-07;1.4544367423186833e-07;1.0133735231679128e-07;4.821651950175541e-08;1.9678718089029972e-08;7.260161059751266e-09;5.538393344920621e-09;4.471046398680961e-09;3.3173488389741642e-09;4.765051640831228e-09;1.5231397054565823e-08;3.4808302125739493e-08;5.8024634908856374e-08;8.51989293854927e-08;1.1854940796963029e-07;1.4969089752706838e-07;1.599346154052605e-07;1.423296923255228e-07;1.0253756916708221e-07;5.49839088536216e-08;2.839443250901752e-08;4.4878966146061366e-08;1.457219465658609e-07;4.210224338021832e-07;9.148211748796304e-07;1.576000455422126e-06;2.3218752164127435e-06;3.012094808445725e-06;3.712212489330277e-06;4.61855395514969e-06;5.947074139986775e-06;7.779295389163728e-06;9.99167646019659e-06;1.2416251982569668e-05;1.4866644844595887e-05;1.707127593264471e-05;1.880841662906383e-05;2.0095567438017475e-05;2.0892947052365345e-05;2.144707174632837e-05;2.1807848786589167e-05;2.191565792759116e-05;2.1607250379464e-05;2.113514134347321e-05;2.06424376592659e-05;2.0301409244735872e-05;2.006575759783881e-05;1.96526129803645e-05;1.8800153555470703e-05;1.753380982318703e-05;1.6142201050488627e-05;1.5109917534633096e-05;1.486230808416356e-05;1.5085018217755072e-05;1.575505402392999e-05;1.634563666684251e-05;1.6715451420663367e-05;1.678541312787241e-05;1.6773928274398545e-05;1.677890488124395e-05;1.6911019945264205e-05;1.712231525468728e-05;1.7312909687064076e-05;1.7190775464492665e-05;1.7036896797893295e-05;1.6885010374476735e-05;1.6770084223251275e-05;1.674268904012379e-05;1.6704007858197764e-05;1.671857238413355e-05;1.6539212780582927e-05;1.6245805224074966e-05;1.589305638931451e-05;1.5429794492310927e-05;1.4934062603830848e-05;1.434234326522864e-05;1.3899428645774488e-05;1.3669828855817247e-05;1.3609200460859614e-05;1.3607495739626172e-05
2279.087989190495;1.2819988723040982e-08;5.965281017015907e-08;1.3563490640611144e-07;1.5661923933412858e-07;9.99117763995351e-08;3.888906880163961e-08;2.2970566264225127e-08;2.862772205826684e-08;2.880504482540079e-08;1.899537141278471e-08;7.639688143141493e-09;4.023367862110691e-09;1.2284144395399037e-08;2.4769535282476336e-08;2.7419685583265232e-08;1.8323696502268533e-08;1.4828903440802062e-08;2.769688737957753e-08;4.3175942685076565e-08;4.3816189100048895e-08;2.8968616295012314e-08;1.3018413816706424e-08;4.450522441097112e-09;2.1352382200013103e-09;2.1760513020512687e-09;3.6354160629066846e-09;4.9394166111177335e-09;4.411964489548067e-09;2.517295679708349e-09;2.3481049682818927e-09;7.132486467739306e-09;1.6579341183567788e-08;2.8969506383519272e-08;4.3442931238521164e-08;6.03662098687285e-08;7.539708263806116e-08;7.446212151047127e-08;5.83851566077389e-08;4.2491571330544575e-08;2.4412665981047884e-08;2.3119506895797973e-08;7.205589817632127e-08;2.1751060641093025e-07;5.071835596508035e-07;9.516282665798656e-07;1.5665601164375134e-06;2.334488843517664e-06;3.183986103447379e-06;4.119525684299974e-06;5.254276998594343e-06;6.711457030003362e-06;8.574556096672233e-06;1.0739014713407611e-05;1.2967710390319105e-05;1.5086474191944163e-05;1.704169475551971e-05;1.867293820159742e-05;1.9894490960153665e-05;2.0796276904583863e-05;2.16116896678125e-05;2.22410694787182e-05;2.239441096493071e-05;2.1933807003056307e-05;2.1074221063563256e-05;2.009276544681968e-05;1.939358942362162e-05;1.9186887903880908e-05;1.923874090308695e-05;1.906554982056696e-05;1.837839711314302e-05;1.7534780987319952e-05;1.662856592797645e-05;1.5891279040416124e-05;1.536882985080486e-05;1.5029163301242452e-05;1.477402994795616e-05;1.4977902734606605e-05;1.5791759908978725e-05;1.7063212169831237e-05;1.8180629767443708e-05;1.8573550200781572e-05;1.8284350394897077e-05;1.7508926692736242e-05;1.675785055760255e-05;1.6279728129130524e-05;1.61259589070049e-05;1.6174985984437147e-05;1.6310500686694976e-05;1.647691108160332e-05;1.6570203256515865e-05;1.6496449968027227e-05;1.6198423264112795e-05;1.5737333181829283e-05;1.520552031943543e-05;1.4672168684950874e-05;1.4184395505977248e-05;1.3783667081503494e-05;1.3555804313279168e-05;1.3384417555380975e-05;1.3298606884074772e-05
2280.4209277057053;1.0206150198167535e-09;8.657167531009548e-10;6.160490880178921e-10;1.4438650972494743e-09;5.117373538729704e-09;1.4178975584787708e-08;2.6956695844575264e-08;3.1825865382715337e-08;2.4516247877843445e-08;1.341041836382554e-08;4.924911683695125e-09;2.844057536211566e-09;8.314560145411436e-09;1.8167407302538745e-08;2.1750940831722418e-08;1.4713853603984385e-08;7.380568075928174e-09;8.783636862380401e-09;1.4360281690034444e-08;1.2163008514808256e-08;7.900931727551724e-09;3.5821689213290493e-09;2.4390090518565688e-09;4.575810714177945e-09;8.196976614925628e-09;9.394766386914248e-09;7.014496116954222e-09;4.00115190913361e-09;1.9017159991100172e-09;1.9239246913965196e-09;2.4051812438519393e-09;1.931616484774878e-09;1.084824084522661e-09;9.717951338977215e-10;8.893930626025448e-10;8.180491971174938e-10;2.867671494912124e-09;8.457362170650312e-09;1.1559608129646246e-08;8.208417041302665e-09;1.0327321622558061e-08;3.649133931401293e-08;1.072664567786036e-07;2.3759601222258842e-07;4.826882045417826e-07;1.1002236075230605e-06;2.1845600378935533e-06;3.657684780934504e-06;5.333262072648188e-06;6.999385018574585e-06;8.502379697496695e-06;1.0055061722054216e-05;1.1839690640225805e-05;1.3821570379345877e-05;1.5833001046338142e-05;1.743173386787959e-05;1.8492963838885936e-05;1.9142485707910097e-05;1.991270015035673e-05;2.0728954824872348e-05;2.16276636908346e-05;2.2391064988609e-05;2.2652357649266047e-05;2.2281679364280464e-05;2.1501827496593088e-05;2.0681645083120643e-05;2.019439453568772e-05;2.018028450826726e-05;2.0423232380827614e-05;2.047423945657455e-05;2.007682482473888e-05;1.940438692019408e-05;1.844421479858236e-05;1.7420614639242164e-05;1.6363345915941903e-05;1.543825712201537e-05;1.4918164453751796e-05;1.5294143280794425e-05;1.651457618593632e-05;1.782165204659659e-05;1.8503368089837516e-05;1.8291351656618563e-05;1.747995187280768e-05;1.665509353685537e-05;1.6071465227142945e-05;1.570511898711509e-05;1.5484756077470397e-05;1.5437264021652497e-05;1.5570939402478686e-05;1.569904026048805e-05;1.5892667958858285e-05;1.58618384368513e-05;1.5571115770066138e-05;1.5128698225321546e-05;1.4597958804933257e-05;1.4099724382718622e-05;1.379167935357807e-05;1.3715549972913771e-05;1.3865154311945644e-05;1.4013363111036904e-05
2281.753251550912;3.8988560657271525e-08;4.1401532648771524e-08;3.604038732005878e-08;1.7504403730629817e-08;1.1457949881880817e-08;2.3443884907922937e-08;3.757864983947933e-08;3.6081632038448434e-08;2.0601579753765196e-08;7.4171186723416604e-09;7.397779323978113e-09;2.3491254921735744e-08;5.106652204752899e-08;7.063335862791869e-08;6.292657785932704e-08;3.66769880047412e-08;2.2284254052409073e-08;4.0170171872980643e-08;6.56485150517348e-08;6.30625625042828e-08;3.750398233483082e-08;1.5392510396372757e-08;6.817660746701813e-09;8.939851538041801e-09;1.5134684392631857e-08;1.5552870884238878e-08;9.24589545181399e-09;3.2832724575353717e-09;1.8162360003047994e-09;5.309525060479503e-09;1.5698863681820355e-08;4.1276105311726034e-08;6.092963326032685e-08;6.206768933735814e-08;4.1793632223045016e-08;1.3880174078226715e-08;5.188034132018173e-09;8.521376304086123e-09;1.5154603712845503e-08;3.646722094478109e-08;5.816676771835388e-08;7.133232980064914e-08;7.304209540721896e-08;8.170175506046752e-08;1.88309283052924e-07;6.801026191375313e-07;1.7217095489401846e-06;3.282448956672124e-06;5.240517326500763e-06;7.220914532071619e-06;8.991800746726436e-06;1.0585758737477692e-05;1.227311077150859e-05;1.4180918460702668e-05;1.6113233192929074e-05;1.751178263981493e-05;1.8080352435104612e-05;1.8106842767261487e-05;1.822502199625622e-05;1.8968410621983144e-05;2.036961650924175e-05;2.1978529535054334e-05;2.3238982011289323e-05;2.354743809862135e-05;2.2834444163286e-05;2.152564988325497e-05;2.036057409833872e-05;1.991357312411943e-05;2.006233145935393e-05;2.0313584046358965e-05;2.025965660584889e-05;1.983502174450415e-05;1.913135908949069e-05;1.8392904597751072e-05;1.771980257187404e-05;1.7247231719795464e-05;1.701028372567403e-05;1.711490166758196e-05;1.752858881783018e-05;1.8026289413750496e-05;1.834564254135152e-05;1.826186281784288e-05;1.794362550470547e-05;1.7698081740680097e-05;1.7460759286602155e-05;1.6958052043251008e-05;1.6400516648500937e-05;1.592201221829396e-05;1.5594836514583754e-05;1.5493288198414202e-05;1.5519159493884816e-05;1.5484022576208003e-05;1.5178863080968566e-05;1.4619474919496758e-05;1.391963250328716e-05;1.3325646140424933e-05;1.3157380654815653e-05;1.351280559138314e-05;1.4182272956925336e-05;1.468228229779241e-05
2283.084960811222;7.795014699762559e-08;8.277457039463277e-08;7.19794734248725e-08;4.255672458411732e-08;1.833469366349203e-08;1.4900198095473006e-08;2.0254769274285052e-08;1.89094119721345e-08;9.684511344719945e-09;3.6138938229850366e-09;1.110713120751953e-08;4.18464523331488e-08;7.947937535328024e-08;8.846324010261129e-08;6.156027204342277e-08;2.978747691548016e-08;2.8150793029720873e-08;7.521295817675724e-08;1.2870242329866078e-07;1.246523558044512e-07;7.41735266884312e-08;3.026722715160063e-08;1.1234516990851749e-08;7.46100080684886e-09;9.093578768958661e-09;8.655821285997391e-09;5.160212291727877e-09;1.7287111281808516e-09;2.588443018230109e-09;1.4271607071758652e-08;4.228802914724196e-08;8.321826839124219e-08;1.2094565112509417e-07;1.238526133165126e-07;8.351861761539766e-08;3.582487579984969e-08;1.176983766291027e-08;8.832885707092866e-09;2.4383091121382422e-08;6.514360467817077e-08;1.1299505672095109e-07;1.374268273906641e-07;1.3257604505079346e-07;1.374806816075645e-07;2.612688860934072e-07;6.234551321021911e-07;1.3596311360648833e-06;2.685335564883172e-06;4.531119317608829e-06;6.656001877804828e-06;8.831422733692914e-06;1.0817107816528004e-05;1.2618650827072744e-05;1.4271323931523172e-05;1.564591303276428e-05;1.6377512774130786e-05;1.6470692971908077e-05;1.6267171118613676e-05;1.6349832696207304e-05;1.7414060249328977e-05;1.9242799431606243e-05;2.122107025425887e-05;2.254806906591543e-05;2.25196261268662e-05;2.147875087185278e-05;2.00730022341138e-05;1.90951914337785e-05;1.866541998060584e-05;1.8657739145422847e-05;1.8688207773599305e-05;1.8300187414714005e-05;1.736728639632346e-05;1.655680571846499e-05;1.6079077321027273e-05;1.623573919835881e-05;1.695497474786279e-05;1.7843516188499637e-05;1.8463250739420637e-05;1.8563610030120072e-05;1.841423289014448e-05;1.820633186323035e-05;1.8045895523620327e-05;1.7988060098512665e-05;1.7895926801989792e-05;1.7666452847039374e-05;1.7213855386945147e-05;1.658306315368997e-05;1.5926444242464744e-05;1.5678595862803023e-05;1.588314411905905e-05;1.6129945317338477e-05;1.6030654929273466e-05;1.542188552967198e-05;1.4400182858181889e-05;1.331577209233228e-05;1.2607894473358774e-05;1.252664273710917e-05;1.3034820169583188e-05;1.375272915365363e-05;1.428853123135091e-05
2284.416055571757;4.0899178497829055e-08;4.762439265000212e-08;5.4575541540346e-08;6.331729349195618e-08;6.86739298799388e-08;6.378689706876368e-08;4.2552602966426896e-08;1.8442729708485404e-08;6.273460597405514e-09;3.144936139216939e-09;6.6958684351159464e-09;2.0771665702414623e-08;3.6414478128936015e-08;3.5704359194199587e-08;2.0283213850766072e-08;9.107949629702016e-09;1.885008355838759e-08;5.2161601880557415e-08;7.848428744764742e-08;6.93334990774042e-08;3.8866279697771056e-08;1.5621142402102452e-08;5.661650503660838e-09;2.189524874635087e-09;1.1437992807499151e-09;1.442941487525514e-09;7.832438807327359e-09;2.4445508286566878e-08;4.767396087866993e-08;7.177074021155305e-08;8.960949005550663e-08;8.731904812917176e-08;8.915140233363273e-08;7.419134328596276e-08;5.963208847664356e-08;5.59854203887077e-08;6.109812019242797e-08;6.669967771517738e-08;6.899999078293276e-08;6.526642164999302e-08;7.401824559875373e-08;7.301970357533345e-08;7.502504956012182e-08;1.2703800030638598e-07;3.0308905307563454e-07;6.552256049203e-07;1.2932343793697462e-06;2.467016334874521e-06;4.277709315992267e-06;6.616617388859623e-06;9.102609744138091e-06;1.1418019471551656e-05;1.3318273211588488e-05;1.4672552422725853e-05;1.5411865468162467e-05;1.563360614081631e-05;1.562063474320396e-05;1.6154501162662986e-05;1.7206780262990372e-05;1.8702134181107172e-05;2.0317933934025285e-05;2.1635015039746167e-05;2.213182525306359e-05;2.163069810452715e-05;2.0470588509820766e-05;1.9307530303194888e-05;1.8458257950425497e-05;1.8025052637500645e-05;1.778065998447807e-05;1.7409827356979218e-05;1.668241522504213e-05;1.5702712367218565e-05;1.4837984733231838e-05;1.440560278856762e-05;1.4820809364190749e-05;1.5855090060597024e-05;1.699204891934328e-05;1.7708023827918422e-05;1.776201209348388e-05;1.725785489427353e-05;1.656600767077916e-05;1.6309518481353346e-05;1.6419218138118144e-05;1.6778215894103333e-05;1.6877582068834756e-05;1.6755444442536208e-05;1.6102296677026414e-05;1.534307841733865e-05;1.514406432325956e-05;1.5616144576673994e-05;1.63255402985762e-05;1.6612371734647926e-05;1.6118272617276952e-05;1.4988933360850098e-05;1.3743199303955005e-05;1.287343659615573e-05;1.2689823051060072e-05;1.3012353210965882e-05;1.342712836332873e-05;1.3753827125548485e-05
2285.746535917682;3.6989531337661844e-08;3.316540549063157e-08;4.5293310541404534e-08;7.825633422857417e-08;1.1715932817488197e-07;1.2227864994905698e-07;8.260329669069457e-08;3.5522311017984735e-08;1.3418053163019313e-08;1.7557750138620562e-08;3.4314379901982976e-08;5.6254857978581783e-08;6.977685718103332e-08;6.30208573913628e-08;4.0706089953723066e-08;1.6290628835384263e-08;1.6583597884743283e-08;2.442089196798524e-08;2.1547832038634213e-08;1.0836493989347431e-08;3.5554627438474518e-09;1.2807920042162555e-09;1.1925010973598681e-09;4.421163180647318e-09;1.0489218602184024e-08;1.616607323441305e-08;2.6746054378455463e-08;5.4451320663135336e-08;9.333414292651426e-08;1.2410169411834317e-07;1.2385450397399526e-07;9.044732776538684e-08;6.822639872798967e-08;9.670438654240577e-08;1.5334277038534545e-07;1.8467943321743046e-07;1.745063215407876e-07;1.5003617085531366e-07;1.1762803228099209e-07;6.868753636325549e-08;2.9013538593472532e-08;1.9512891363336873e-08;5.1289165111670825e-08;1.6141196839372188e-07;3.656437284571013e-07;7.599508265115878e-07;1.5348900564852858e-06;2.872152977645028e-06;4.701812215787695e-06;6.849264145797849e-06;8.92434880924926e-06;1.0652202696704762e-05;1.2094690931403348e-05;1.3475321383385247e-05;1.4752243825523776e-05;1.6051035843709195e-05;1.725484434410293e-05;1.858490144144459e-05;1.9966899798902595e-05;2.1168004858668777e-05;2.216244274659371e-05;2.28538513381031e-05;2.3093488606544287e-05;2.2637478871212625e-05;2.146193663031828e-05;1.984129907609193e-05;1.820466328517401e-05;1.6977380992063958e-05;1.6340523269405653e-05;1.5952624425693476e-05;1.5689079798341612e-05;1.5641370469727495e-05;1.541477928735177e-05;1.5598304730566778e-05;1.601669710794965e-05;1.6473959456205846e-05;1.683985933988758e-05;1.7004712807941817e-05;1.6802919936944336e-05;1.6422230533464964e-05;1.6421001991894735e-05;1.65112825282829e-05;1.6869937785952148e-05;1.7309819671180783e-05;1.7589020547210123e-05;1.7467002108940945e-05;1.6857750065909273e-05;1.616708433987045e-05;1.5672737395008066e-05;1.5633576592601824e-05;1.584955823160596e-05;1.5794806558115436e-05;1.547133567833445e-05;1.4860157213827062e-05;1.417417721899551e-05;1.3666196031016809e-05;1.3358746622759167e-05;1.3173129866241764e-05;1.310294208342622e-05;1.2985883309238484e-05
2287.076401934158;1.024721153642819e-07;8.102612102878369e-08;6.22391784463233e-08;6.120617480256436e-08;6.679584297607051e-08;6.40934578736595e-08;4.2973267133064276e-08;1.8853810974970048e-08;1.1683793655319885e-08;2.8123831240711593e-08;6.518186651208e-08;1.1380357812199314e-07;1.4966511004747094e-07;1.4371580581047198e-07;9.664175556106189e-08;4.51157545260309e-08;2.1440227738004496e-08;1.5341179502209963e-08;1.0832145149566274e-08;6.292632952251698e-09;3.828457784419015e-09;2.362111744254646e-09;4.6788881373521594e-09;2.0489664876774192e-08;3.918227246827376e-08;4.505255393043237e-08;3.8661385543914853e-08;3.935943922980625e-08;5.0983740937061967e-08;6.385134545594325e-08;6.297386109381196e-08;4.9586954827792274e-08;6.474278597644067e-08;1.6585875649324678e-07;2.6693498710636384e-07;2.776075498168341e-07;1.9621364954567767e-07;1.1594034997299425e-07;7.380663216920822e-08;4.2403885884099447e-08;1.9522767819412957e-08;3.3647541626255696e-08;8.345703958326879e-08;1.688532616201725e-07;3.1484355000554906e-07;7.071188586851948e-07;1.7091150516489585e-06;3.374778196392833e-06;5.307714543757376e-06;6.991156820250739e-06;8.12675212343772e-06;8.889369081174395e-06;9.964107364418074e-06;1.1956639443905544e-05;1.469105021913972e-05;1.7303658931348535e-05;1.917022617182799e-05;2.0006665499667253e-05;2.0354066365164617e-05;2.0631403295581365e-05;2.108709279185765e-05;2.190877693551804e-05;2.2642715952901824e-05;2.266554544322764e-05;2.1661442946067745e-05;1.991581704686785e-05;1.799680148029541e-05;1.63906931143449e-05;1.5546435848380292e-05;1.5424588747249737e-05;1.6056078746231083e-05;1.6941845991553865e-05;1.796730162946688e-05;1.8668825357502746e-05;1.856168414496428e-05;1.7718529723549797e-05;1.6608732234377682e-05;1.5811769774746253e-05;1.5791072623880002e-05;1.6518173457853942e-05;1.7682835304745567e-05;1.8448368330535804e-05;1.8630088640088063e-05;1.824281377535039e-05;1.7717458656069365e-05;1.7215331414687174e-05;1.689987841565315e-05;1.6774294283886633e-05;1.6564161002866495e-05;1.6182260453654414e-05;1.5613239044547822e-05;1.4907624320118084e-05;1.438751504287318e-05;1.4155194132043522e-05;1.4166241508794255e-05;1.4292973447551431e-05;1.4190610259240922e-05;1.3804873956200054e-05;1.3389760002748628e-05;1.3075703150008656e-05
2288.4056537063952;1.824289604359315e-07;1.4573642785271425e-07;9.09119426797438e-08;4.139375992106236e-08;1.4322905184626186e-08;6.923084921254569e-09;7.265363446613069e-09;8.574435622010756e-09;1.1921105837335624e-08;2.000874044537464e-08;3.540877358645621e-08;6.232416007864057e-08;9.247097885877967e-08;1.0453634866775187e-07;9.311889306830416e-08;7.738634874379748e-08;7.649641496158857e-08;7.15102372352585e-08;4.839378707516881e-08;2.3869982243483987e-08;1.1456850804385756e-08;7.2124015175359925e-09;1.1245550382855672e-08;2.92351712751994e-08;4.782500759157205e-08;4.545700624344152e-08;2.6919608985698583e-08;1.27325303815431e-08;9.422645017128256e-09;1.1661650364818493e-08;1.235781084836116e-08;1.0635256174342008e-08;2.8608009382455635e-08;8.47944161016986e-08;1.3926937091406745e-07;1.3689765736909965e-07;8.163705321574523e-08;3.088030325717608e-08;1.4811278808692564e-08;1.6706131562616766e-08;2.6466685469707894e-08;4.2008050736201086e-08;6.038589124531723e-08;9.907503108833783e-08;2.3183129261928726e-07;6.600464583250851e-07;1.7430954050061152e-06;3.4205488197089165e-06;5.237710096715448e-06;6.692001436342484e-06;7.771535975937803e-06;8.98963270514921e-06;1.0668607406851386e-05;1.299590587143668e-05;1.5665960125693976e-05;1.7878499339722505e-05;1.908649371777313e-05;1.9504956245514892e-05;1.9520034287644768e-05;1.96537826176536e-05;2.0052652171043688e-05;2.0459675405408608e-05;2.070554623943433e-05;2.053414192183121e-05;1.989648837536549e-05;1.893536559502211e-05;1.7851114915238643e-05;1.6996421362906492e-05;1.6662796005960766e-05;1.7043328313425402e-05;1.7972177801603915e-05;1.9313581639980336e-05;2.074841761477064e-05;2.1254327759307037e-05;2.065231302388392e-05;1.9308432294921545e-05;1.7743882866656792e-05;1.6618261434796784e-05;1.6468800656222893e-05;1.6999995090801518e-05;1.754831693376565e-05;1.799660371821987e-05;1.788835770812054e-05;1.7423160621027078e-05;1.686871476707207e-05;1.6457723203539808e-05;1.6427736011319793e-05;1.648721874877105e-05;1.634074102328361e-05;1.59781899640836e-05;1.5340916534436727e-05;1.4839980217336873e-05;1.4471121547890884e-05;1.436947692297294e-05;1.438343970967882e-05;1.435798844902335e-05;1.425876081381409e-05;1.3984747440893031e-05;1.3734081969990057e-05;1.3660966356468627e-05
2289.7342913196157;2.2190613463125402e-07;1.679277316364005e-07;9.451296750278213e-08;3.5260361638617194e-08;1.517377099304313e-08;1.6519855177967752e-08;2.6757310047158962e-08;3.11877772207085e-08;2.6399037091920752e-08;1.4828810198970412e-08;6.216403029988131e-09;7.62435376087095e-09;2.3870290714194316e-08;4.8396799324592977e-08;6.975162322824376e-08;9.716410657589657e-08;1.322415665786874e-07;1.50197844839979e-07;1.419724591889761e-07;1.162665595901479e-07;8.28481924840118e-08;4.97241936183603e-08;2.8536382200414528e-08;2.0953626335115463e-08;2.2064464224881097e-08;1.7478283002765523e-08;8.82890181334111e-09;6.329102257336471e-09;1.6450114153958153e-08;2.8733743444017012e-08;2.9375268505223174e-08;1.7748736302482474e-08;6.667009438411157e-09;6.016052204857412e-09;1.520134866054344e-08;2.1785312291838664e-08;1.69772789709888e-08;8.269496010385347e-09;8.837477911499862e-09;2.7993473894531782e-08;8.523650584724464e-08;1.659528031223584e-07;2.4897170749290016e-07;3.31747681973102e-07;5.116865300340369e-07;9.712553409222077e-07;1.8759543436243012e-06;3.235039849345211e-06;4.727109329016552e-06;6.384240649483043e-06;8.22369977383088e-06;1.0451990716322064e-05;1.2642697470360748e-05;1.4587296259850053e-05;1.6202552444025166e-05;1.7291804641181254e-05;1.7966003171038123e-05;1.856298318881376e-05;1.9253060363867063e-05;1.996145064977973e-05;2.0402351314814644e-05;2.003774656619896e-05;1.921341884658352e-05;1.85481762174239e-05;1.8469591271574544e-05;1.879722730093712e-05;1.932699441306138e-05;1.9655503545917983e-05;1.955282017338597e-05;1.9271146440008688e-05;1.899839461696485e-05;1.9309098500874257e-05;1.9975708306170804e-05;2.0554506064387556e-05;2.0688621360933957e-05;2.030931008169877e-05;1.9465287807718417e-05;1.858265162388521e-05;1.791861003321005e-05;1.749708310379636e-05;1.712026037063791e-05;1.6801073805634243e-05;1.6598415244628612e-05;1.6539009811521372e-05;1.687384185326131e-05;1.7178230692389898e-05;1.7293827066607748e-05;1.707320115247642e-05;1.6635709588786268e-05;1.6024970718970305e-05;1.531579632758462e-05;1.4936838912781452e-05;1.4726550712821865e-05;1.4600402977476948e-05;1.446519758845293e-05;1.4253648716300274e-05;1.3948337373392822e-05;1.3732979567276138e-05;1.3645789285873444e-05;1.3701426717656955e-05
2291.0623148590566;1.068791436787046e-07;7.650142813356695e-08;4.387213731031057e-08;2.7281392905933088e-08;3.09312076132105e-08;4.45451651977459e-08;7.109321375887649e-08;1.092491303992881e-07;1.3500854370242306e-07;1.2421197348981105e-07;7.882455931262801e-08;3.875853018647563e-08;3.3278261315371604e-08;5.0969275872955646e-08;5.895164464909288e-08;6.556259023478584e-08;7.621434051399563e-08;1.0679656306728867e-07;1.5487403169148185e-07;1.7569614579832692e-07;1.4386128157334197e-07;8.70954078725302e-08;4.130344391665832e-08;1.7521234965302702e-08;2.560303822360421e-08;5.4482830776691696e-08;8.004478833441477e-08;8.250752783503617e-08;7.05726798318281e-08;5.841186172492036e-08;4.5100687868996516e-08;2.8208739655177712e-08;1.239696378729123e-08;7.969634686079515e-09;1.58993152350321e-08;2.7122053522937647e-08;2.7128708167399016e-08;1.6074177161400946e-08;9.63486773731356e-09;3.4291920110016955e-08;1.1769768194394344e-07;2.711349150404454e-07;4.746506477976223e-07;6.757507019360097e-07;9.134254350019236e-07;1.3303855065861925e-06;1.998327733284303e-06;3.006719030656377e-06;4.3989935983692416e-06;6.28252394252854e-06;8.636394089834057e-06;1.1076400444388204e-05;1.3395147735632226e-05;1.518140549124428e-05;1.6228623777109007e-05;1.6738356649121024e-05;1.7110797409762448e-05;1.7680416545362696e-05;1.86024728891184e-05;1.961723759205605e-05;2.0145329245347177e-05;1.985781812509133e-05;1.940175226993197e-05;1.939016618443575e-05;2.011741128847741e-05;2.124804862828284e-05;2.2211639307734987e-05;2.2531515653084737e-05;2.165854842392526e-05;2.019964907583589e-05;1.8777511202004427e-05;1.8053854767347663e-05;1.8134024163643084e-05;1.8657876072645548e-05;1.8933083134436628e-05;1.877697221714876e-05;1.8280244823764493e-05;1.758833337663685e-05;1.69925923562043e-05;1.658100047509129e-05;1.6255139866202898e-05;1.6082960199827228e-05;1.604643070097158e-05;1.6191786515458706e-05;1.6606506673978123e-05;1.7170325769354062e-05;1.744853173003763e-05;1.7427872330890527e-05;1.7296235526891076e-05;1.68129986317179e-05;1.621636087907348e-05;1.5466453450847445e-05;1.4674262396069078e-05;1.399634670950755e-05;1.369242331106716e-05;1.3673575117599565e-05;1.3768044926229106e-05;1.3874788736124342e-05;1.384297964389471e-05;1.382104374220876e-05
2292.38972440999;4.5277854341582596e-08;4.092070499783654e-08;2.8599617297939483e-08;3.0544565819814195e-08;4.564000564680684e-08;6.190417239919326e-08;1.0120671511184489e-07;1.867037311670609e-07;2.559626866158255e-07;2.4704503318273625e-07;1.671172261034479e-07;8.40933133595713e-08;4.1824731628859226e-08;3.3340029091175e-08;2.961416405961472e-08;1.7522415736950355e-08;9.457190398152864e-09;2.3489652592645566e-08;5.971825270282484e-08;8.371029000762149e-08;7.353727513562728e-08;4.503927205375818e-08;2.1198452865901103e-08;2.2201791601092016e-08;1.0861023774234317e-07;2.812985417858349e-07;3.87545015295381e-07;3.213045029080562e-07;1.8348204278949661e-07;9.24502099877897e-08;5.793085519780648e-08;3.6744739603440296e-08;2.2153367834539437e-08;5.607771372343981e-08;1.411958061622388e-07;2.1835722148186538e-07;2.3810266474471197e-07;1.9094903129790155e-07;1.0608545576324389e-07;5.1962026480589984e-08;9.045111462746759e-08;1.8279428846575144e-07;3.297507829896084e-07;5.288081703771207e-07;7.779861624525264e-07;1.1188889128353242e-06;1.6855013000606243e-06;2.6866746289122366e-06;4.300184418002368e-06;6.408646568537184e-06;8.716820793862254e-06;1.0936664720541456e-05;1.3012980038467594e-05;1.4686785437638102e-05;1.5631024836894958e-05;1.6092034652444035e-05;1.644224183432633e-05;1.709403587691448e-05;1.813721758960091e-05;1.9509651711292343e-05;2.0844213038674025e-05;2.1720842517134145e-05;2.2183935897174325e-05;2.2534967684352765e-05;2.289837449455233e-05;2.3095352628084083e-05;2.2992307279613984e-05;2.214933486645319e-05;2.099861080422448e-05;1.978756587013246e-05;1.878403369264583e-05;1.8205466706644813e-05;1.8023162397346845e-05;1.7980640956856466e-05;1.7755867253150992e-05;1.7318848259029308e-05;1.6866355766203787e-05;1.649367174179665e-05;1.6286017360282045e-05;1.6230810974242166e-05;1.6436127540447953e-05;1.6547434071266564e-05;1.6511337785895448e-05;1.635376805171067e-05;1.5977970903337338e-05;1.567352605810431e-05;1.5652209891165014e-05;1.6027815258305445e-05;1.67260168047585e-05;1.7396882819342258e-05;1.7573811743063157e-05;1.6814036371210208e-05;1.5478403805115112e-05;1.4114853468694102e-05;1.320570024789868e-05;1.2914216829936503e-05;1.2927833821274555e-05;1.3129729293105936e-05;1.336129573773192e-05;1.3511892109142757e-05
2293.7165200577147;9.052430201659346e-08;8.132180899918318e-08;4.5954080879993926e-08;2.562880030010084e-08;3.09651499608542e-08;4.7257732686664185e-08;9.593719786563692e-08;1.884088976542404e-07;2.6876655254588804e-07;2.592242786300596e-07;1.946529106481235e-07;1.13248630849937e-07;5.2755894604440414e-08;2.0912109981423043e-08;8.297275593764954e-09;4.450936846911629e-09;2.772143870261842e-09;2.176365959768979e-09;2.534856730204375e-09;3.273321226934428e-09;3.3681422969281567e-09;3.527300639625142e-09;6.952219104783063e-09;3.3233506531885564e-08;1.678956185941759e-07;4.177945316614505e-07;5.435844272472208e-07;4.044155827692881e-07;1.8825970518133727e-07;7.59334413167279e-08;4.338223373126769e-08;2.8002785919364932e-08;2.656847015234052e-08;1.0030410405369537e-07;2.6405493046065694e-07;4.049862738587676e-07;4.4235304016946853e-07;3.627718790891162e-07;2.0550515177359858e-07;9.420242931590723e-08;8.188180769239307e-08;1.0877925374273253e-07;1.4845781147239646e-07;2.1318405769667762e-07;3.2313186640578786e-07;5.374718378845134e-07;1.0599500176863437e-06;2.230094556277796e-06;4.041244090366501e-06;6.156880727468344e-06;8.082515206589905e-06;9.720133521126034e-06;1.1362348078646326e-05;1.3169998943307224e-05;1.49492090296341e-05;1.6200758015449787e-05;1.7022083677177316e-05;1.7753198965618925e-05;1.8772606260266736e-05;2.022248263014877e-05;2.176658422265436e-05;2.307111036369312e-05;2.349787740887087e-05;2.329514950663529e-05;2.280238770909285e-05;2.2315934790432448e-05;2.176494406441377e-05;2.104634193285141e-05;2.0561216506606383e-05;1.989440388113021e-05;1.924490426267868e-05;1.8613734602682605e-05;1.7906619273690373e-05;1.752703349845825e-05;1.7737358513347668e-05;1.8226322373791464e-05;1.8633387600343e-05;1.8662401944072405e-05;1.8261962125130665e-05;1.769601608226319e-05;1.7304253967960908e-05;1.7014424750022437e-05;1.690671569673538e-05;1.664233947600908e-05;1.5983569786048495e-05;1.5502428557981418e-05;1.556664422935789e-05;1.6198474099515658e-05;1.7307635807928583e-05;1.8386467708385987e-05;1.8650178484874225e-05;1.7953276463222828e-05;1.6573581264695812e-05;1.5035516807972391e-05;1.3638811961636907e-05;1.2680985653001658e-05;1.2179267213563112e-05;1.2019176819273051e-05;1.2250111094698063e-05;1.2566152651764294e-05
2295.042701887538;4.823958005065483e-08;4.18811572206092e-08;2.2360728168308203e-08;9.247279488543914e-09;1.3768369133619057e-08;3.354612038024013e-08;7.738008140917157e-08;1.4702315528474313e-07;2.17961963239535e-07;2.452744352577184e-07;2.085493240445082e-07;1.3534791353633266e-07;1.0366526402674002e-07;1.3258950940070677e-07;1.716681398537696e-07;1.6787481870773466e-07;1.267846085499656e-07;7.479859553243385e-08;3.166642797870498e-08;1.0493468081748125e-08;4.144442273559573e-09;4.797827001465344e-09;1.3925102652463282e-08;3.5716529102556824e-08;9.977461897730743e-08;2.0282998211452397e-07;2.425681700609848e-07;1.671986688027694e-07;7.813955810573431e-08;5.4530106443049384e-08;7.363820240786004e-08;8.373363508730915e-08;8.537772841053113e-08;9.893327117278897e-08;1.5832434135723718e-07;2.125330576967364e-07;2.466168013965258e-07;2.490054864132487e-07;1.961011935937653e-07;1.542720149276377e-07;1.2494803541943108e-07;1.1843229118622073e-07;1.2625746229144736e-07;1.4285728007628392e-07;2.237891204456162e-07;5.355707990537299e-07;1.2026987041864166e-06;2.381038061894244e-06;4.010403223186503e-06;5.819358014863962e-06;7.603167866898187e-06;9.247030396409644e-06;1.120301183435912e-05;1.34351114068701e-05;1.5595046126150634e-05;1.716258858808865e-05;1.8096455538373933e-05;1.8758349197608423e-05;1.9632255433960568e-05;2.080873546772761e-05;2.1733705693440543e-05;2.20546431012618e-05;2.1449984912790205e-05;2.0537255998607817e-05;1.997455467345013e-05;2.007370550308957e-05;2.04103959215115e-05;2.09861148124834e-05;2.106193539236e-05;2.0659761866840923e-05;1.9843671477484468e-05;1.879557658741993e-05;1.7934144976585087e-05;1.7741482798448835e-05;1.8433148518874294e-05;1.9752603837644406e-05;2.09889989618786e-05;2.1287378166934455e-05;2.0475964432659307e-05;1.8974131064556328e-05;1.7421695664987545e-05;1.6390556076554063e-05;1.5989765757809812e-05;1.5965384753458308e-05;1.6119996956218297e-05;1.6478092529291558e-05;1.7134291453012446e-05;1.8014266792019928e-05;1.881747005112409e-05;1.9088974742505733e-05;1.8652561855856396e-05;1.7320608470546687e-05;1.5864023397122817e-05;1.4535004266514424e-05;1.351082298849514e-05;1.2684262661836536e-05;1.2194750549220244e-05;1.1875029030185384e-05;1.191344674403838e-05;1.2071110611004068e-05
2296.368269984803;5.354791499166673e-09;2.4079229745696926e-09;7.254645969482571e-09;4.2982049632044e-08;1.1319671786697309e-07;1.7377342601515677e-07;1.6392468332939017e-07;1.301641785873537e-07;1.230648226167787e-07;1.349386493872279e-07;1.249611105276718e-07;9.320035691832325e-08;1.1846301161915434e-07;2.336699831463628e-07;3.340197665763373e-07;3.314183364769643e-07;2.572760554735786e-07;1.781401253231673e-07;1.298931985768035e-07;8.656742349170627e-08;4.8076266873470816e-08;2.3200421937786093e-08;1.659030824912452e-08;2.0450136481251637e-08;2.5251044952160082e-08;2.229150759689248e-08;1.4202831320965586e-08;8.940404080654784e-09;2.7625420786491276e-08;7.409395261649645e-08;1.210824834134116e-07;1.482708483986629e-07;1.4222357308529537e-07;9.804994885709553e-08;4.479960417049753e-08;1.7649983317707262e-08;3.568320031899984e-08;9.64181179940485e-08;1.60818268012817e-07;1.8628204614671024e-07;1.624122575238646e-07;1.2704743218280458e-07;1.2721804663395506e-07;1.868989011230371e-07;3.585624026228764e-07;8.075043110411374e-07;1.6173637870132243e-06;2.7281186301179263e-06;4.1658105889186935e-06;5.952448824823303e-06;8.097683073435323e-06;1.0372237793602991e-05;1.2644397116695352e-05;1.4564763092177766e-05;1.600156021007481e-05;1.6884964955684635e-05;1.742320602655315e-05;1.828950021657905e-05;1.953187347711073e-05;2.101963963819024e-05;2.208564449883068e-05;2.204964172475636e-05;2.0947470864687665e-05;1.941852217407892e-05;1.8495155886981022e-05;1.8558367557741124e-05;1.8996670682087703e-05;1.9424536693169435e-05;1.9161095832351117e-05;1.8587127002612057e-05;1.809431556627361e-05;1.782877939507549e-05;1.8134818450423933e-05;1.87285364274405e-05;1.94411764137943e-05;2.026072904788164e-05;2.0776401713215293e-05;2.0554176802449614e-05;1.968218512148048e-05;1.8504993439668895e-05;1.7282694613225616e-05;1.6374589237797402e-05;1.6167609588652488e-05;1.630899101231281e-05;1.6728690921624878e-05;1.7027119518049793e-05;1.7316738729898693e-05;1.753253825415906e-05;1.7586957267994186e-05;1.7352659235778392e-05;1.667036013775879e-05;1.56081711055418e-05;1.4482280959166076e-05;1.3619442423806344e-05;1.323823243373852e-05;1.2966062905673354e-05;1.2594708566920571e-05;1.2391565061553142e-05;1.2310760253558814e-05;1.2289742273053268e-05
2297.693224434872;5.637477333927193e-09;3.0202654473076877e-09;2.58089144568053e-08;1.295566072002422e-07;2.742067550331073e-07;3.384054786835955e-07;2.8287747889060185e-07;1.9108947694295358e-07;1.492360243722262e-07;1.5253320140393661e-07;1.396186085121454e-07;9.394286197138332e-08;8.57193942291282e-08;1.465221866680739e-07;2.128514809964157e-07;2.3402402312858437e-07;2.2151120392628294e-07;2.1643231291298477e-07;2.0029810368283973e-07;1.527308436631244e-07;8.820401513562374e-08;3.9715549488293366e-08;1.748271220162712e-08;2.1038397628206793e-08;7.833071513518826e-08;1.775212479836907e-07;2.500053697099673e-07;2.422926898002716e-07;1.7049833246968457e-07;1.1036133692828905e-07;8.733495557852422e-08;9.146576613173273e-08;9.267992355150592e-08;7.204626338488725e-08;3.31623765056534e-08;1.3728893212197394e-08;1.2769489747946832e-08;3.102701929041949e-08;7.014997679845113e-08;9.239660045804057e-08;8.8368172261985e-08;9.4453521660903e-08;1.3948466204021845e-07;2.603580779051883e-07;4.4975989759728213e-07;7.992777744488766e-07;1.4400966289467565e-06;2.4007367246851586e-06;3.7690302196548847e-06;5.684658360585866e-06;8.06710605461442e-06;1.0537202941666468e-05;1.2752088496984444e-05;1.4358346783740628e-05;1.5338778086283e-05;1.5965429773157126e-05;1.6556304058499308e-05;1.7396106779916893e-05;1.8638518250377437e-05;2.023528909724081e-05;2.173746799952311e-05;2.246330553565272e-05;2.233731168846591e-05;2.133375541726634e-05;2.0152774944092583e-05;1.926468183188287e-05;1.859451783031801e-05;1.7795150995328672e-05;1.6893242165988657e-05;1.611439976149861e-05;1.602016815139856e-05;1.675522639068638e-05;1.7925439429063773e-05;1.883963896990318e-05;1.918361056402864e-05;1.906690642081615e-05;1.8650469230024267e-05;1.816071976078296e-05;1.7659385962058383e-05;1.724897519792811e-05;1.70062907141295e-05;1.700152947156677e-05;1.7208547451518317e-05;1.7338385724482254e-05;1.717079744013181e-05;1.6728783382980806e-05;1.6030423607708468e-05;1.537849486763601e-05;1.500492136728262e-05;1.4910754269354275e-05;1.4851169234371788e-05;1.485056241707768e-05;1.4804067159468134e-05;1.4699667073267483e-05;1.4529761067133429e-05;1.4212248138291633e-05;1.3802771027764966e-05;1.343001397577362e-05;1.3133941732732075e-05;1.2950636758714192e-05
2299.01756532312;1.9631818627416837e-08;5.868236263146542e-08;1.4927727054398946e-07;2.9911228050142894e-07;4.0196167522422605e-07;3.708721046900942e-07;3.090634064744073e-07;3.4455972794522013e-07;4.619636813211252e-07;5.224125371963416e-07;4.143649876911006e-07;2.2213610532969498e-07;8.526009794923326e-08;5.2412551819472864e-08;7.260723546796151e-08;1.3736577825398357e-07;2.1802088332206082e-07;2.500265897203081e-07;2.062052210959412e-07;1.4216832597557548e-07;7.383224027567152e-08;3.2112407580538744e-08;1.4185052686366291e-08;3.934448447840723e-08;2.160721961160811e-07;5.058696222613078e-07;6.938519165042037e-07;6.45706489437655e-07;4.616806703650119e-07;3.103148788944749e-07;2.116976909324184e-07;1.292246894067501e-07;7.00219880723182e-08;4.470992114864831e-08;3.0054967598819034e-08;1.3654547520770749e-08;4.75140812975877e-09;2.385157250806512e-09;1.980641882193709e-09;6.754133563637302e-09;3.4565164805259133e-08;1.1603490814607993e-07;2.659511116684216e-07;4.597464086743837e-07;6.462168087642332e-07;8.804024533979578e-07;1.3829879812161957e-06;2.281155038885381e-06;3.6099052569961416e-06;5.392976774453576e-06;7.493153628856341e-06;9.746266738277395e-06;1.1800920306295122e-05;1.3440140857085046e-05;1.4575676523307215e-05;1.5625326241069323e-05;1.6656700705104397e-05;1.75620941262792e-05;1.8561699776965876e-05;1.967102713185538e-05;2.081761055608197e-05;2.160800032662094e-05;2.188883299186002e-05;2.162216214108331e-05;2.0960096943288787e-05;2.0082891262459223e-05;1.9247982101176053e-05;1.842695340203283e-05;1.78123746279185e-05;1.744931317037119e-05;1.744066391447895e-05;1.769195543995532e-05;1.795657169398764e-05;1.8077141334365777e-05;1.787005629914089e-05;1.7400168808059256e-05;1.7012660628528253e-05;1.695217051028998e-05;1.7074278813272226e-05;1.7177742595006803e-05;1.7315619435168854e-05;1.7506789902201155e-05;1.7390081402634665e-05;1.705742954351592e-05;1.644015743354158e-05;1.5658028209250817e-05;1.4764091570023482e-05;1.4156991420525386e-05;1.3864543248601392e-05;1.389935196657944e-05;1.4276448140119023e-05;1.4861275007733817e-05;1.5413619896224585e-05;1.568296388078525e-05;1.5553830404098262e-05;1.5166580611605943e-05;1.4795363495681817e-05;1.4507227708623745e-05;1.4357260921650264e-05;1.4302723897050972e-05
2300.3412927349677;2.9138203895085604e-07;2.956354341477654e-07;3.490143714556958e-07;4.4946255493394345e-07;4.738698006513842e-07;3.790446129661951e-07;3.071996115070997e-07;4.149553672450479e-07;6.117706705240037e-07;6.529354919475766e-07;4.7396157186707165e-07;2.343811052462834e-07;8.767969696571634e-08;3.655235336195325e-08;4.5449714598741857e-08;1.3235910808343406e-07;2.61362653544683e-07;3.046238559029724e-07;2.29551378979422e-07;1.2534546361879018e-07;6.003026490388046e-08;2.4825541315242776e-08;1.0507190313756082e-08;4.4274372921670826e-08;2.2097781843764565e-07;5.077114972132219e-07;6.644650083204074e-07;5.955406182553709e-07;4.753199033258627e-07;4.291819019475619e-07;3.573119597325206e-07;2.1510993658713365e-07;8.904507571537682e-08;3.8513398760740695e-08;2.3375624782214144e-08;1.2204066489705778e-08;5.5664507897884535e-09;3.473172260819569e-09;4.7559398660296175e-09;1.7292669971052022e-08;6.098217165564174e-08;1.5276200108711316e-07;3.063179829473916e-07;4.724905829236437e-07;6.742531566040799e-07;1.0217098932201147e-06;1.6674316034378996e-06;2.650653444615457e-06;3.921824276540761e-06;5.429943774319383e-06;7.075871666496491e-06;8.828941052160148e-06;1.0636629806602876e-05;1.2414441353245092e-05;1.4084679604323496e-05;1.5603266846955983e-05;1.6973757874756843e-05;1.81267383718357e-05;1.90699562505062e-05;1.984509392730076e-05;2.04915503628006e-05;2.0854033713860826e-05;2.0975891573019007e-05;2.085760490468545e-05;2.0618120170745924e-05;2.0345916349429244e-05;1.996307142694609e-05;1.9462984590344067e-05;1.8891091264178343e-05;1.841162836238724e-05;1.809407870459147e-05;1.7925306748398287e-05;1.7754409156253047e-05;1.7546715968140417e-05;1.7213130980602198e-05;1.6799563495029686e-05;1.659412862017372e-05;1.6729707701722137e-05;1.7111147428688306e-05;1.7493814115921196e-05;1.7700206551010294e-05;1.7668302841758853e-05;1.731898251341584e-05;1.678959672914548e-05;1.611403823222725e-05;1.540654314030773e-05;1.4730165419539824e-05;1.415932592658568e-05;1.3700713609840776e-05;1.3391612181226658e-05;1.3397483021405866e-05;1.3756277218212797e-05;1.4140123557295997e-05;1.4532865518469037e-05;1.477993648095299e-05;1.487060658756708e-05;1.4888640938993892e-05;1.493242140720462e-05;1.504554619279802e-05;1.5164188082929625e-05
2301.66440675583;5.342456265910339e-07;4.268157214669688e-07;3.265516685301179e-07;2.995626045750359e-07;2.754115972048425e-07;2.073259364454889e-07;1.668709863521242e-07;2.2888546046876577e-07;3.337561432553333e-07;3.570639810269788e-07;2.744442246244735e-07;1.6552862346357905e-07;1.1306921822247542e-07;7.60713994465596e-08;6.634896642924345e-08;1.1429567165168817e-07;2.291063488906969e-07;2.659872633702569e-07;1.8356981113173999e-07;9.323619797479254e-08;7.689654113403062e-08;8.882379609515478e-08;8.301076779188884e-08;6.921205580641291e-08;1.0159098885186312e-07;1.7993159964147407e-07;2.2283630906077237e-07;1.9989626745639506e-07;1.7926945787760393e-07;1.9359811025301984e-07;1.8753594984936162e-07;1.372903919653581e-07;8.434537954298907e-08;4.9534043503503697e-08;2.259933714304837e-08;1.4187581610937071e-08;3.088639251526208e-08;6.097873161036892e-08;8.181331976708827e-08;8.496568060262856e-08;7.975748715963251e-08;9.445781496062996e-08;1.3564039254182276e-07;2.5360502589028124e-07;5.359416545975577e-07;1.1094866874493237e-06;1.9284146070396752e-06;2.890118043192021e-06;4.023673815352787e-06;5.353790396167398e-06;6.878913740439572e-06;8.596073187105309e-06;1.048991779744862e-05;1.2489342624802363e-05;1.445752680723391e-05;1.6131132824908196e-05;1.7452125348388233e-05;1.8453570337054014e-05;1.9204049812703056e-05;1.986350163610331e-05;2.042631585172517e-05;2.094271401538382e-05;2.122662038814941e-05;2.129509620699916e-05;2.1365475521933637e-05;2.1275881524688053e-05;2.1023353729267328e-05;2.030331855445612e-05;1.921852318501737e-05;1.8088919561308986e-05;1.7347365617614616e-05;1.7233848285181057e-05;1.7524105324311776e-05;1.776198225566417e-05;1.7766085579140544e-05;1.7435431362604475e-05;1.7036447479228477e-05;1.685439810277316e-05;1.6990190860426996e-05;1.728999555099613e-05;1.7511592589713454e-05;1.7547498402217555e-05;1.7295248273991592e-05;1.6923426830899733e-05;1.6416566184183474e-05;1.5782252155995136e-05;1.5117988934679536e-05;1.4594352163469336e-05;1.4318427693957525e-05;1.406695727217061e-05;1.3852041756298711e-05;1.3670217714951468e-05;1.3736015013455826e-05;1.395828088539955e-05;1.4114221962868913e-05;1.402361349923553e-05;1.388963428357716e-05;1.3855269983461294e-05;1.3946144656682811e-05;1.4055793409265452e-05
2302.9869074711714;2.8830948089690364e-07;2.0291974488651267e-07;1.1833076229727413e-07;7.406453569929096e-08;5.121675705737756e-08;3.7365140532238316e-08;4.1890614045287964e-08;6.577962982546639e-08;1.0436910466553403e-07;1.4180949172338266e-07;1.6186307663477455e-07;1.6073759398989606e-07;1.4469799127278305e-07;1.2056603291383585e-07;9.409178845374315e-08;8.22238662792697e-08;1.116478926853707e-07;1.0915673127248812e-07;6.63719831183659e-08;4.509031851122741e-08;8.94693867711306e-08;1.505810303476136e-07;1.5599262571276833e-07;1.0306816656067039e-07;5.935638034070101e-08;4.8113353299717254e-08;3.572396728544604e-08;2.296278028599371e-08;1.2390882295093612e-08;1.070283272839141e-08;2.8307884958667318e-08;6.63359415291619e-08;8.59736074042082e-08;6.59897095449772e-08;3.5986414662233746e-08;3.3990975101332476e-08;6.611939592603349e-08;1.2221697044667574e-07;1.5828111855222505e-07;1.461351545470733e-07;1.0045719872620461e-07;5.5756715058581175e-08;5.8538490869310796e-08;1.9129431943549933e-07;5.554614707068543e-07;1.177373692540594e-06;1.9886328122747304e-06;2.868769670455016e-06;3.85387825942744e-06;5.158189831042031e-06;6.839307590348277e-06;8.805960075450924e-06;1.0840872555719802e-05;1.2842300897988986e-05;1.4730445617227898e-05;1.6400967816793638e-05;1.7680128496438682e-05;1.8633106436852177e-05;1.936661691258134e-05;1.9971684177231036e-05;2.0409215352124155e-05;2.06315441375942e-05;2.077490464315317e-05;2.0883130844892355e-05;2.1032405879906895e-05;2.1219201367183868e-05;2.122924076262416e-05;2.080727989889191e-05;2.0003471637038975e-05;1.9070014534278097e-05;1.8359282978822342e-05;1.8053562419247145e-05;1.803535920129748e-05;1.805290449750833e-05;1.7834489877273382e-05;1.725588842460458e-05;1.6509745180680468e-05;1.5915336926213057e-05;1.583310572859795e-05;1.6232502440995672e-05;1.679781478863313e-05;1.7191429971464305e-05;1.7066886296903526e-05;1.6579817677844625e-05;1.5873672290865768e-05;1.527478470951146e-05;1.4986701841699665e-05;1.504480216378713e-05;1.5272210919821256e-05;1.573870381428259e-05;1.6092900921508488e-05;1.6289687496933612e-05;1.6288257855510636e-05;1.5922078627901544e-05;1.5149252152164732e-05;1.408165835262755e-05;1.3284869084031356e-05;1.2966793659433185e-05;1.297106295605773e-05;1.3054869265750608e-05
2304.3087949664514;3.9889714387539097e-08;2.0133141019855443e-08;1.2646337048993394e-08;1.4565429905207e-08;1.921463500016148e-08;3.282198777893484e-08;4.403576950625045e-08;4.373487298427473e-08;4.518182064813956e-08;6.503386254078059e-08;1.1791282461407853e-07;1.5499859956674133e-07;1.4501175629334698e-07;1.1106814571417825e-07;7.07375942362446e-08;4.2108220796154384e-08;2.2450622966686663e-08;1.83113713423604e-08;1.4811308572281653e-08;1.7415246308548642e-08;4.8625092753651763e-08;7.891663741506303e-08;8.191892214810502e-08;7.027839349342504e-08;6.788868211578254e-08;7.492507638184138e-08;5.388605266904408e-08;2.9876860400114275e-08;3.8513181101106746e-08;7.049523302977823e-08;9.187510414970664e-08;9.100432836925944e-08;7.25359248296968e-08;4.75365664401975e-08;3.4996528373445544e-08;4.291614946168949e-08;6.277874856889783e-08;9.153014257733853e-08;1.2445594789434334e-07;1.3844771709366374e-07;1.2805220693673317e-07;9.072009613868857e-08;8.26256753550506e-08;1.849813140992513e-07;5.048971309095327e-07;1.098312589114512e-06;1.8835334605237123e-06;2.8224131194305995e-06;3.86109077452476e-06;5.14170072211192e-06;6.708234184705594e-06;8.530335645340285e-06;1.0501901182991292e-05;1.252399623180764e-05;1.4499234590573426e-05;1.6334066185221423e-05;1.784661933076763e-05;1.900589670266494e-05;1.991979890906428e-05;2.0602376102170268e-05;2.097083114499461e-05;2.1056719230071512e-05;2.092878538180292e-05;2.0636245805884118e-05;2.019626264762582e-05;1.9948417560859847e-05;1.9833861886370543e-05;1.9743526414054813e-05;1.9571124271425628e-05;1.9311511136493413e-05;1.902247756035545e-05;1.8712778178184475e-05;1.8353678836502007e-05;1.7902894461113974e-05;1.726168929264323e-05;1.6418879159399846e-05;1.5514696607465367e-05;1.4849707342766296e-05;1.4770367193941678e-05;1.5264394963674967e-05;1.6051208465598888e-05;1.6732066166441756e-05;1.7037392965232565e-05;1.684987735845926e-05;1.6306489866123478e-05;1.5735726218248034e-05;1.5411006349538725e-05;1.5413843272561266e-05;1.5706284212101663e-05;1.6469072842807274e-05;1.736274685779008e-05;1.815180585094508e-05;1.8301006655402195e-05;1.7612360806734696e-05;1.6273017352733635e-05;1.4991025077813872e-05;1.4042690586732388e-05;1.356341806448155e-05;1.3421561418416136e-05;1.3398425636278362e-05
2305.630069327184;1.1097284694208657e-08;6.0514410725780825e-09;3.5730363559708812e-09;3.17629417515941e-09;7.965487349233595e-09;2.5214617632460693e-08;3.8691525993950154e-08;3.298299085166733e-08;2.0111300223842244e-08;3.111644036084774e-08;8.383550301211578e-08;1.4436439212296184e-07;1.4676144863633838e-07;9.309056195466683e-08;4.065293618168582e-08;1.7144344787533252e-08;1.104323737896628e-08;1.9317937639051367e-08;3.545640427754586e-08;5.615646206668424e-08;7.716383793685279e-08;9.12624942733823e-08;9.295355908575097e-08;9.139982102048849e-08;8.338808249092625e-08;6.101469753271765e-08;3.7622963072920514e-08;3.940824084055928e-08;8.167276454761516e-08;1.4771595497648186e-07;1.6483148533811317e-07;1.1832411241652929e-07;5.97577384775228e-08;2.6893647763422728e-08;1.9666342724082964e-08;3.364609171588773e-08;6.512444513904078e-08;9.971888834749636e-08;1.3223243731600717e-07;1.6197645178700673e-07;1.6562261416729526e-07;1.2606930727409752e-07;7.853185197321016e-08;1.0080591677499041e-07;2.9396862144516066e-07;7.843634921908916e-07;1.598286274165473e-06;2.800327129687173e-06;4.2776654235211685e-06;5.727062406439335e-06;6.955724171935727e-06;8.37977921477907e-06;1.0154800028664328e-05;1.2173931071492258e-05;1.4375177681308223e-05;1.6437200211859778e-05;1.810062902911272e-05;1.9284181773422635e-05;2.0090206385077444e-05;2.0676879878068212e-05;2.12262797353027e-05;2.1902698329060737e-05;2.216613557126477e-05;2.202265115997855e-05;2.1222336458346716e-05;2.0122517368519247e-05;1.9151261823776778e-05;1.854820318638727e-05;1.833793605963197e-05;1.830166443758793e-05;1.830268637653732e-05;1.823236187691088e-05;1.8047567674508022e-05;1.7740406942925266e-05;1.72966610632757e-05;1.672394642468397e-05;1.6084510220996878e-05;1.553938292362107e-05;1.5298437985537674e-05;1.5444052493965036e-05;1.5907402600052568e-05;1.6480391852728872e-05;1.725543881187558e-05;1.7904643083109147e-05;1.8176343877347825e-05;1.793421611702309e-05;1.7237216909401286e-05;1.6417619704622743e-05;1.6013543841923678e-05;1.6187494288714067e-05;1.6920219938417773e-05;1.7665771439566122e-05;1.7807720750988475e-05;1.7263041865283783e-05;1.6398067478093477e-05;1.5648977098695902e-05;1.5231150900656108e-05;1.500450967193973e-05;1.4817693354663086e-05;1.4669251933737104e-05
2306.950730638877;1.4309987023089846e-09;7.133050488970079e-09;1.7817313639118398e-08;3.300304090526836e-08;6.423175260891502e-08;1.3940842017949466e-07;1.997861031727554e-07;1.7156150787886436e-07;8.938599277743216e-08;4.1335691522595934e-08;4.224862681631669e-08;7.382870948146125e-08;7.84973686416988e-08;4.670675085922923e-08;1.9556447755514932e-08;7.71189516721614e-09;5.605992879875269e-09;2.113513750154857e-08;5.578670628893954e-08;9.885255887120552e-08;1.4092839132864716e-07;1.717578961084024e-07;1.7790092277342404e-07;1.550827730631237e-07;1.095601668038921e-07;6.02829590474876e-08;3.0353903533729695e-08;3.6422607694672206e-08;7.38319387979614e-08;1.0960940171337377e-07;1.1491086420120233e-07;9.737901087553404e-08;6.564497587675883e-08;4.102828025922359e-08;2.14052052750992e-08;2.9639698398261676e-08;8.100001510945165e-08;1.370718118232603e-07;1.5385084204368297e-07;1.4174787728788393e-07;1.214808763903166e-07;1.0485669504262835e-07;9.722603871515152e-08;1.076083744653957e-07;1.8946523992124092e-07;4.98405463717799e-07;1.1845385558337466e-06;2.469001580003392e-06;4.253347504687623e-06;6.025438456711199e-06;7.4718163826003106e-06;8.750611357042237e-06;1.0241389875929832e-05;1.2133273627268086e-05;1.4268786850488818e-05;1.634951500290318e-05;1.8041772631632497e-05;1.9149410383132647e-05;1.980849601889796e-05;2.020892551441518e-05;2.0817106655993784e-05;2.1752846341074606e-05;2.257870367936054e-05;2.286735772902395e-05;2.2397608373405343e-05;2.140987244737123e-05;2.0314968896007752e-05;1.9523898009670957e-05;1.914991859260323e-05;1.9041682624402875e-05;1.8980523639828795e-05;1.8806194788875523e-05;1.8478201570784903e-05;1.805292541256605e-05;1.762984275682864e-05;1.7255602798841618e-05;1.693584709602484e-05;1.6641721529204438e-05;1.637188807980894e-05;1.6216342116267575e-05;1.622040352427032e-05;1.6448965385481125e-05;1.684841221779662e-05;1.7345131948849847e-05;1.7723619544998772e-05;1.773723548410087e-05;1.7172305904616634e-05;1.618783177683192e-05;1.5267148710505825e-05;1.4792398106109308e-05;1.496649271876369e-05;1.5490563957423826e-05;1.6012782156792576e-05;1.6470625306327713e-05;1.682771015605766e-05;1.7158864608903042e-05;1.7343965109625236e-05;1.7166883055682086e-05;1.6643569909149095e-05;1.618217701669371e-05
2308.270778987069;1.546303261113556e-08;5.018925449741008e-08;9.724952415304449e-08;1.175070611053982e-07;1.4801636331727786e-07;2.574615857059156e-07;3.519215205873141e-07;3.088420096361113e-07;1.631862618718724e-07;5.5915256498115066e-08;1.9947497564619447e-08;1.0694654930048004e-08;7.400287083732748e-09;6.1089566310603695e-09;4.407531654123606e-09;2.2653154944099717e-09;1.8854769052620733e-09;1.0665206558080417e-08;2.8446533273411952e-08;4.993974756949545e-08;7.036273743946628e-08;8.540352488221103e-08;8.9457142476254e-08;8.46615772420856e-08;7.693631239730852e-08;6.69259894918422e-08;5.8265915327437443e-08;6.646681640450682e-08;8.240313198211626e-08;6.949789186732357e-08;5.2764733644657924e-08;6.138720828692355e-08;7.16961086237867e-08;5.6501666851280366e-08;2.9039144493401283e-08;1.98413683912598e-08;4.2082917198938714e-08;6.656860303997312e-08;6.714245649166904e-08;4.68480036535857e-08;3.5907313334487536e-08;6.419175609348174e-08;1.2467410925058318e-07;1.7117884648248248e-07;2.1470757375273645e-07;3.978096703282672e-07;9.234881941826076e-07;2.0050626328625883e-06;3.722312996979078e-06;5.767492386925305e-06;7.897700255519478e-06;9.815665133560273e-06;1.1579173550724815e-05;1.3356667903754583e-05;1.5030751041681097e-05;1.659838829204914e-05;1.7977860492490482e-05;1.9080823849749905e-05;1.99396998268246e-05;2.0614326790760013e-05;2.122634022503241e-05;2.1834087870778465e-05;2.235131509041591e-05;2.248826820823997e-05;2.2332378341043786e-05;2.185546729918096e-05;2.1207840788252333e-05;2.0638130643818596e-05;2.0363188243591065e-05;2.0291461122025806e-05;2.0210657519280143e-05;1.992769382268411e-05;1.928627459092061e-05;1.8495543207713448e-05;1.7851220554354015e-05;1.7479757428141928e-05;1.7434499246678052e-05;1.758236471085659e-05;1.7745609754426042e-05;1.7675395770690244e-05;1.7258273031665154e-05;1.664610675797954e-05;1.6076508083275573e-05;1.5729286502157717e-05;1.5737053039443892e-05;1.5754749408960965e-05;1.543684940150208e-05;1.4672100687352574e-05;1.3872151188044984e-05;1.3233742200089756e-05;1.3194750844607136e-05;1.384869680074829e-05;1.4952198081391128e-05;1.609740334398412e-05;1.7083338016053534e-05;1.7544573334560265e-05;1.7414122623117535e-05;1.6806211757043095e-05;1.6198916623914656e-05;1.587837223439667e-05
2309.590214457334;1.2938327249579313e-07;1.7467221537641906e-07;2.131778291845598e-07;1.8741438973299777e-07;1.4203339981650482e-07;1.4757670800414818e-07;1.8385414172983846e-07;1.734204778852568e-07;1.1091883743750745e-07;5.7735810024446735e-08;5.091223552854516e-08;6.983651879819893e-08;7.452657644452755e-08;5.2001477964370185e-08;2.3141510121638496e-08;1.0516294599233385e-08;1.2372911630123654e-08;1.2473970229705545e-08;9.842109519086403e-09;6.145361764421579e-09;2.8955301246994794e-09;1.0726931298509543e-09;1.256987186476329e-09;6.123240412014199e-09;2.1699837021403345e-08;4.8031849305396754e-08;8.789162639074045e-08;1.3558350909062238e-07;1.4745428042762376e-07;1.0387692135365963e-07;5.2109176466802296e-08;3.4192079341974115e-08;4.0811409007388095e-08;3.4351746664390734e-08;2.8544119854599194e-08;2.6489928085780626e-08;1.7491801907123028e-08;9.396303704864496e-09;4.1802268320365334e-09;4.41888298629495e-09;1.1874988662061782e-08;3.230011331094575e-08;8.392345214288035e-08;1.4289419429120418e-07;2.250678103847282e-07;3.905948949667776e-07;8.669598700504602e-07;1.7993368330800926e-06;3.394633319633223e-06;5.6696497025583726e-06;8.304201603972339e-06;1.1011361822950052e-05;1.3443271242791768e-05;1.539222676520987e-05;1.6800657810835298e-05;1.7838887532012416e-05;1.8613703365804896e-05;1.924163023389764e-05;1.997489052382041e-05;2.057115616801355e-05;2.098523956624086e-05;2.142248654886762e-05;2.1689965406815283e-05;2.178773787929488e-05;2.165562680168019e-05;2.1142882884223976e-05;2.049820663815729e-05;2.002467277631622e-05;1.985637324778064e-05;1.9974425446100295e-05;2.0028200385170675e-05;1.9616312164732303e-05;1.8605044021022927e-05;1.755169618916099e-05;1.6819676641062526e-05;1.671241440165637e-05;1.724353391396786e-05;1.808655629501691e-05;1.8817586032127048e-05;1.8963870442218447e-05;1.8349779302808466e-05;1.717129202068218e-05;1.5992099068220734e-05;1.525694592425535e-05;1.5009018412714634e-05;1.5017034962004597e-05;1.487677217104901e-05;1.4383758558553884e-05;1.368602008186176e-05;1.310965196445511e-05;1.3114937979862116e-05;1.3836822207861368e-05;1.4946729694872294e-05;1.5845972478692522e-05;1.645602927142852e-05;1.6346070990721408e-05;1.5678065090096688e-05;1.4949068035334728e-05;1.4564093535640564e-05;1.448737754558822e-05
2310.909037135254;2.96222002180922e-07;3.326565499242699e-07;3.108426780076562e-07;2.1781375185240387e-07;1.1879557254941595e-07;7.133762243766185e-08;1.0356856890913413e-07;1.6787463571303936e-07;2.049391046747745e-07;1.878937327452429e-07;1.5795949379246585e-07;1.5581123008625366e-07;1.499925327607578e-07;1.038660245020435e-07;4.5972387728456855e-08;2.3875115608887812e-08;5.324594143337701e-08;1.1682494023707553e-07;1.462016420973303e-07;1.0941763163798117e-07;5.3332207093250625e-08;1.9896661667747493e-08;7.323690260591457e-09;4.069289697192394e-09;1.0317365674260209e-08;5.2157850049812963e-08;1.615954517614696e-07;2.609800318667927e-07;2.647961717484142e-07;1.8281341373407697e-07;8.725230244434758e-08;3.2205882303429145e-08;3.479971980501785e-08;1.0243091056712407e-07;1.790045702841347e-07;1.746792354467759e-07;1.0592415750203357e-07;4.572033297585061e-08;1.6919328684960743e-08;7.519917208381402e-09;7.174180890626533e-09;1.3944235014197064e-08;4.399367902161241e-08;1.4154770016480933e-07;4.385665091528429e-07;9.431325782878042e-07;1.6878408800740258e-06;2.705201062336855e-06;4.096112122622419e-06;5.949798575255553e-06;8.135824497769879e-06;1.0433531195496643e-05;1.262026880826444e-05;1.4641846015871748e-05;1.644636083632162e-05;1.7952526240492927e-05;1.9080427999489423e-05;1.9679204491308654e-05;2.0098132429849648e-05;2.048128414312567e-05;2.083399198277064e-05;2.1075243104776395e-05;2.123265436047853e-05;2.130994710701423e-05;2.120618675394121e-05;2.089563365090737e-05;2.0498202128736497e-05;2.017310426285605e-05;1.9998303682812167e-05;1.9927753351801915e-05;1.962781818067765e-05;1.878643570142561e-05;1.7555443909452732e-05;1.615952541224481e-05;1.5234061407166468e-05;1.5210534440734294e-05;1.603710327860579e-05;1.7145127394768955e-05;1.8057573212488963e-05;1.8485074101667524e-05;1.837562810203408e-05;1.7576340251076028e-05;1.6531617613952515e-05;1.5538742065991696e-05;1.480499831063253e-05;1.4405052662026116e-05;1.4464517778626727e-05;1.4718715411901485e-05;1.4653869596569442e-05;1.4529243543436484e-05;1.439662418901863e-05;1.447870080288617e-05;1.4864140044997195e-05;1.5287108318346572e-05;1.5608197777833946e-05;1.5792986625058623e-05;1.553388972176322e-05;1.4824439302851816e-05;1.3993127325804358e-05;1.3339577460493736e-05
2312.227247106432;2.760929201704185e-07;3.3232537045307056e-07;3.100522458845234e-07;2.129445549178755e-07;1.2557901079133476e-07;1.159803045707703e-07;2.185741280658156e-07;3.604005471188657e-07;4.2213162875819466e-07;3.582525749954963e-07;2.2908543117847807e-07;1.3450505924243822e-07;9.239669611123133e-08;5.9208223054977016e-08;2.70797291399e-08;2.0825555507845057e-08;7.99468099110365e-08;2.1240758841750245e-07;2.9328172553440653e-07;2.67805114380353e-07;1.718922785295475e-07;9.551393884785944e-08;4.695144074965493e-08;1.9137793175841098e-08;1.4002178629270798e-08;7.24192954026149e-08;2.247245992180515e-07;3.484985303310696e-07;3.390452684814092e-07;2.350844068142723e-07;1.2059506114273425e-07;5.14547498840396e-08;6.744875635068303e-08;1.9362051013129482e-07;3.2441839148191657e-07;3.112410829499553e-07;2.1446173771189882e-07;1.3561657992672625e-07;8.202730100492633e-08;3.070661796013444e-08;1.2551940677943422e-08;1.4732823816090397e-08;6.214931743880639e-08;2.5309745734978045e-07;8.006163411830405e-07;1.7752253496796833e-06;2.9868997827049406e-06;4.210329361155102e-06;5.394224603638532e-06;6.573512051176296e-06;7.786415990001043e-06;9.082880284866033e-06;1.0402467376465522e-05;1.2048873735202852e-05;1.398507237412295e-05;1.590006462793406e-05;1.750776099045321e-05;1.8768646442141872e-05;1.9613186303887048e-05;2.057953545860418e-05;2.1443163346382103e-05;2.171250765657449e-05;2.198934111230689e-05;2.1961103112744585e-05;2.1768735535237337e-05;2.1477013441068867e-05;2.11518494682376e-05;2.067603210144157e-05;1.9886323024659263e-05;1.917588168546014e-05;1.8518832745167664e-05;1.796921570295673e-05;1.7475314361912964e-05;1.7010222644975883e-05;1.661106543879408e-05;1.6428434642079648e-05;1.6518576136763287e-05;1.671136855448396e-05;1.697570745953537e-05;1.710335638230114e-05;1.7035194976643035e-05;1.666859244524824e-05;1.592766299858608e-05;1.4953715866494124e-05;1.4107975630692392e-05;1.3770940916374756e-05;1.411974188888758e-05;1.502101890893922e-05;1.5907010147119394e-05;1.6362916216153937e-05;1.6230992801345697e-05;1.5746461093098556e-05;1.518981934425251e-05;1.493906264921897e-05;1.5104025188480651e-05;1.5512284102966077e-05;1.588296850198198e-05;1.5642837970572418e-05;1.4902305184250938e-05;1.4267359151692198e-05
2313.544844456497;1.8036408138971786e-07;1.9562946053176767e-07;1.6818434561759112e-07;1.112421733641929e-07;6.89738463495617e-08;7.99412133615615e-08;1.677452127429255e-07;2.801942458190596e-07;3.213474223623269e-07;2.557043384836325e-07;1.3717016091444052e-07;5.060197943528006e-08;1.6994326405052705e-08;7.824193334045061e-09;4.933655970046937e-09;1.0005899785080752e-08;4.862613031801641e-08;1.420900569074659e-07;2.29697740605324e-07;2.473304791211859e-07;2.03394544668413e-07;1.3921795778169693e-07;7.52133898080816e-08;2.9665432586402832e-08;1.384988662466742e-08;4.0079796214991534e-08;1.1384863077090023e-07;1.7397758448415657e-07;1.7035256944024745e-07;1.3019886693436054e-07;8.727498345655577e-08;5.3309489211521496e-08;5.3833439780780446e-08;1.0465635289057169e-07;1.6555502013143428e-07;1.853282219224092e-07;1.8693667171198763e-07;1.778805238108525e-07;1.3116238104387877e-07;6.787160858307873e-08;3.3173971648799514e-08;4.456746595797041e-08;1.3473228105685677e-07;3.944521201971778e-07;9.341602209672504e-07;1.8236590951721533e-06;2.874090373120425e-06;4.022802354093574e-06;5.259580626644852e-06;6.5965208536194585e-06;7.82901809001254e-06;9.150231524239978e-06;1.0522791984524684e-05;1.201750286151836e-05;1.3546872025889509e-05;1.47603532741514e-05;1.5715105019024416e-05;1.656014459517352e-05;1.748374751494148e-05;1.873850319827209e-05;2.0106019780670225e-05;2.1300716745775303e-05;2.200227236001737e-05;2.1911393796187937e-05;2.131529883899355e-05;2.054844410967803e-05;1.9786372331002635e-05;1.900237132286914e-05;1.817575812988129e-05;1.7539819907650992e-05;1.7085834921862224e-05;1.7017773273031995e-05;1.7318797466555854e-05;1.79124824807957e-05;1.838119249793525e-05;1.841988251950724e-05;1.8108229722579192e-05;1.7652137647161965e-05;1.7084816104368516e-05;1.6508007298551735e-05;1.5714698099916787e-05;1.509102712874474e-05;1.4367725630250465e-05;1.372862302427075e-05;1.338451125463124e-05;1.3695086373353336e-05;1.461960217789206e-05;1.5732762144144458e-05;1.6798790061776273e-05;1.7260492011970093e-05;1.7223355408899123e-05;1.684474602112592e-05;1.616789207472294e-05;1.5636871432802086e-05;1.536392282268383e-05;1.5501189744580714e-05;1.5905460063308492e-05;1.6396228575545383e-05;1.6614091007391802e-05;1.6762305213351673e-05
2314.861829271107;1.7006371573643065e-07;1.3004196383199466e-07;7.28909938338555e-08;2.8543971005012762e-08;1.1742219095255594e-08;1.9008119034722573e-08;4.1852758508297576e-08;7.143570792821364e-08;8.21342041872293e-08;6.282224603954991e-08;2.87362632836617e-08;8.585246021697779e-09;4.336782199851002e-09;1.4621306204193954e-08;7.796720366975813e-08;2.1816303132873698e-07;3.337756787881709e-07;3.218696585370098e-07;2.3422661556950737e-07;1.5476924411282046e-07;1.1481516174986241e-07;7.70386339264043e-08;4.16749296217506e-08;1.7248700667830982e-08;1.0144566137461526e-08;2.058476213512016e-08;3.2984457185805746e-08;3.35656207747712e-08;2.451811331178352e-08;2.682648564399148e-08;4.0511558281511874e-08;4.1497590605453923e-08;2.5944641644991482e-08;1.0657945726614848e-08;6.943310616062343e-09;2.8713562435730134e-08;6.40176666623702e-08;9.486790143522584e-08;1.1120287042665135e-07;1.1650009818842936e-07;1.0444842325952389e-07;1.0623700923675837e-07;1.884872840327729e-07;4.29233950974283e-07;8.586510661478963e-07;1.489841444817002e-06;2.2782473644935978e-06;3.291931217034077e-06;4.544167356933329e-06;6.051311378183432e-06;7.747062729874272e-06;9.534408899034727e-06;1.1436791099322012e-05;1.3199675364643362e-05;1.4658450934916626e-05;1.563350903249182e-05;1.6197049470320433e-05;1.665335321373951e-05;1.7338378804481298e-05;1.840698173039909e-05;1.970646846552395e-05;2.087424871530285e-05;2.106568531420884e-05;2.0521452689118296e-05;1.930921292405299e-05;1.829423591108873e-05;1.7627180381588033e-05;1.725838136153092e-05;1.7240062466214328e-05;1.7089502712804353e-05;1.704998093307288e-05;1.7060658710908636e-05;1.7340153192339456e-05;1.766258665649264e-05;1.8210491569038367e-05;1.8670881859479743e-05;1.8767339147630808e-05;1.848938035960672e-05;1.769152473128077e-05;1.6721681230792173e-05;1.574273784004175e-05;1.4888510169599985e-05;1.425629153901104e-05;1.391986535104835e-05;1.4084299653252186e-05;1.4753920544906913e-05;1.5634692526326913e-05;1.6252183399969012e-05;1.639044093783184e-05;1.609437656059687e-05;1.5724719409548288e-05;1.5658551173264952e-05;1.5936764828505997e-05;1.636762791122312e-05;1.6504903103965725e-05;1.6276467368029238e-05;1.5825763038122092e-05;1.5412449248924957e-05;1.5354049448527923e-05;1.547087123033206e-05
2316.1782016359284;1.699469883719067e-07;1.3523725024756964e-07;7.777040692959226e-08;3.1700964903554664e-08;1.1083967616385252e-08;4.561568282645882e-09;2.899797609184108e-09;3.945008937336759e-09;6.353299261224706e-09;7.0763759785230155e-09;4.546323725268148e-09;2.1291351659547743e-09;2.54157476835114e-09;2.5038473677933087e-08;1.5271710710833485e-07;4.300137746037224e-07;6.473771797285501e-07;5.734079655742419e-07;3.172807271272772e-07;1.2865859520295714e-07;7.127402011011182e-08;6.756382369992066e-08;7.98417810293113e-08;7.246346608327177e-08;5.3556336800171665e-08;5.5189565121694014e-08;7.136669234484932e-08;6.687896151149857e-08;4.1259122307871196e-08;1.9664188573321583e-08;2.05710434048044e-08;3.4270357506653214e-08;4.7245314199741716e-08;8.186359211232947e-08;7.026398635282709e-08;3.4931381719825284e-08;1.3669806709981692e-08;2.5984569293361913e-08;8.337731165392608e-08;1.4804280847847966e-07;1.5624862263266978e-07;1.197381728827159e-07;1.2921158629233874e-07;2.838930254731595e-07;6.512545594333046e-07;1.3240238878123756e-06;2.286397287633239e-06;3.343992404504424e-06;4.4709422043892735e-06;5.63109942908874e-06;7.133415403577709e-06;8.858034790135798e-06;1.0884942369071555e-05;1.3041167938559958e-05;1.5028838906001389e-05;1.6677197991984447e-05;1.778962775715312e-05;1.8732660054284256e-05;1.9596360677860144e-05;2.0398314146660894e-05;2.100371397790421e-05;2.115760332011514e-05;2.0535102386069535e-05;1.9518941994633696e-05;1.853047997387034e-05;1.787845788196364e-05;1.766085500732337e-05;1.7563007112215755e-05;1.7341816179777255e-05;1.7026038880225427e-05;1.7022937482431e-05;1.7422987158821873e-05;1.791081355932456e-05;1.8651231150509644e-05;1.9202099067853916e-05;1.968103733166053e-05;1.983821711211514e-05;1.952912283653144e-05;1.8780733765653808e-05;1.7711157905415997e-05;1.674357093199628e-05;1.598547229703426e-05;1.5593391623074645e-05;1.5552465651573577e-05;1.5794199323930454e-05;1.6166618327303422e-05;1.6142126886896212e-05;1.5593640907549137e-05;1.4536260963766622e-05;1.3341675131044674e-05;1.2591193021200164e-05;1.2779169509482913e-05;1.3885009047370964e-05;1.53962030312364e-05;1.6492743222656708e-05;1.6513625220954367e-05;1.5399624208589832e-05;1.3979406119609972e-05;1.2974300559737942e-05;1.248538092410441e-05
2317.493961636661;1.7058457585961317e-07;1.4076929706044104e-07;8.274882749138003e-08;3.5320782967664474e-08;1.3440216005321828e-08;5.0402038868226775e-09;2.433759251988654e-09;1.595077878580171e-09;1.906814506430864e-09;2.787282302529333e-09;3.098946237189185e-09;2.4199381133243742e-09;3.299463289596902e-09;1.4879169683514613e-08;7.767008301278112e-08;2.1530669376177933e-07;3.236223224731219e-07;2.868384643731826e-07;1.6195134218531293e-07;8.003392205538389e-08;9.777712517826573e-08;1.7486804135947402e-07;2.2505537699494135e-07;1.8984428151135162e-07;1.151880416656655e-07;6.864731038955588e-08;5.2305565120263924e-08;4.0006238837558696e-08;2.2536748576520857e-08;9.922807211564862e-09;1.2935694329661348e-08;3.494813369515558e-08;9.875937051941205e-08;1.60200217678464e-07;1.3839828503779773e-07;6.977676107792488e-08;2.775091495950529e-08;1.7676311068074525e-08;3.877161759359767e-08;7.602789050015102e-08;7.666024872630886e-08;5.027189807957915e-08;3.8338256776383945e-08;9.067054894426773e-08;3.139565369691557e-07;8.886932908988164e-07;1.865057152901824e-06;3.073861331197153e-06;4.31744615338372e-06;5.576360211115493e-06;6.983996739038482e-06;8.512499808304986e-06;1.0250144883352223e-05;1.2200534205323654e-05;1.428626765443955e-05;1.6355707664172407e-05;1.81812613408935e-05;1.960303158858069e-05;2.059485650157615e-05;2.11500874555032e-05;2.115115014074792e-05;2.0558275441572903e-05;1.9755332003965867e-05;1.898423649914344e-05;1.8776287061249816e-05;1.8729744965491557e-05;1.8802413802654588e-05;1.8515090530013168e-05;1.778704005798877e-05;1.6922232849639443e-05;1.654600663882938e-05;1.7092982182050323e-05;1.816405726952224e-05;1.9227764186323214e-05;1.9841753641814667e-05;1.9995589726978077e-05;1.9793702484477796e-05;1.9409640724497543e-05;1.8815473351069755e-05;1.799274511941376e-05;1.710173791793313e-05;1.6400689867948827e-05;1.610152324656861e-05;1.6133341506476868e-05;1.6346724980957858e-05;1.6290556525541073e-05;1.582062386410879e-05;1.490969453585444e-05;1.3869400923869852e-05;1.2971543579801258e-05;1.2524510088697264e-05;1.2679120623889336e-05;1.3252338889079452e-05;1.4111811461321991e-05;1.481465043601857e-05;1.4951076394845072e-05;1.4342968329395798e-05;1.3448415411330767e-05;1.2474946501637764e-05;1.1932574423481891e-05
2318.809109359016;8.527450974573799e-08;7.036503362257118e-08;4.1364499830204344e-08;1.7708810669281342e-08;6.9402886321715105e-09;2.9677938442882287e-09;1.3089937677504615e-09;5.528892535915961e-10;4.141184709894875e-10;9.665973428932111e-10;3.524054756565018e-09;1.0949261792767321e-08;3.487217984527578e-08;8.877330716008929e-08;1.525793415540513e-07;1.789111297086411e-07;1.56619648894706e-07;1.1202273247313082e-07;7.050218820091444e-08;5.7171347505301175e-08;1.1177693649594797e-07;2.034355329925735e-07;2.379377833848933e-07;1.772692218259462e-07;9.149892488767825e-08;4.05189356022002e-08;1.7641465490814143e-08;1.3917738879788597e-08;2.6519030853938864e-08;6.121579419857825e-08;9.360941373329399e-08;1.2242159395791685e-07;1.626443902619653e-07;1.645443988020579e-07;1.3264509644199866e-07;7.157242665797118e-08;3.244497670201048e-08;1.4190600935459729e-08;1.133696057187604e-08;1.9572311487195853e-08;4.10532397095498e-08;6.690315297896433e-08;7.190332597597692e-08;5.9438480687369824e-08;1.4268548639275406e-07;5.89129823083273e-07;1.6178627724853777e-06;3.149258457936838e-06;4.909110915755306e-06;6.723688720127605e-06;8.351397062560527e-06;9.613908540371763e-06;1.084441691960342e-05;1.2069418779702037e-05;1.3493656994435104e-05;1.530887291064212e-05;1.715474405322776e-05;1.873128993010186e-05;1.9817208000758964e-05;2.035661228382008e-05;2.026674168604611e-05;1.9755726288382703e-05;1.924661893606657e-05;1.8821052511298263e-05;1.8689237908156137e-05;1.8647939034852148e-05;1.8625819798667365e-05;1.8471845710683443e-05;1.8212599782638185e-05;1.7978187086810484e-05;1.803858968120854e-05;1.8342667129875243e-05;1.8741734461769773e-05;1.855854246313351e-05;1.8174163882515545e-05;1.7689976102084522e-05;1.733181595116193e-05;1.7121023026709128e-05;1.6916379132436558e-05;1.6588102624906743e-05;1.6130340299562865e-05;1.566019813458466e-05;1.5311699675181958e-05;1.5096125823806536e-05;1.4954947842491965e-05;1.484285738389898e-05;1.481718002973402e-05;1.4922945780029768e-05;1.5253972058878006e-05;1.5578883531298368e-05;1.57049679242212e-05;1.5496760131908483e-05;1.4964377495592896e-05;1.4125519948121169e-05;1.3570764588895906e-05;1.298396122932596e-05;1.2618993751712067e-05;1.2336622657931774e-05;1.21928857737539e-05;1.2220324603011442e-05
2320.123644888732;8.001202109845093e-12;3.307848258707537e-12;3.0216676340213996e-12;3.637809727778559e-11;1.6959887508956367e-10;3.862444341251993e-09;1.9682702600642845e-08;5.192155953347471e-08;9.269731515380714e-08;1.1954127598456017e-07;9.29487444590467e-08;7.248094785322979e-08;9.281043834268261e-08;1.848166097947757e-07;3.069645740699455e-07;3.5892718102443853e-07;3.141527218655871e-07;2.230381998364249e-07;1.375833635211742e-07;7.881630740828556e-08;7.17054910556404e-08;9.063533275593665e-08;8.994845042564047e-08;5.78063490302864e-08;2.686547669542264e-08;1.9488651708681816e-08;3.4981559535184854e-08;7.606650066734376e-08;1.3611384882811034e-07;1.874045885907727e-07;2.1523874285533255e-07;2.22969989696605e-07;2.0714733709032786e-07;1.6885492528040592e-07;1.273963255358328e-07;1.027113335465112e-07;9.562673510944749e-08;9.39102713890845e-08;8.83760330551178e-08;8.503305344611723e-08;9.745289237482761e-08;1.369127182923024e-07;1.4001404769246702e-07;1.092197471426551e-07;1.8156729451916426e-07;6.599894104023233e-07;1.7925166193227425e-06;3.436592261477323e-06;5.410186115917848e-06;7.443559300514938e-06;9.207353556761931e-06;1.0550947838467196e-05;1.1528075802986504e-05;1.2398277363254826e-05;1.3337137223487843e-05;1.451483698824822e-05;1.5903795022086413e-05;1.728284656992008e-05;1.8397468433844452e-05;1.906375351554885e-05;1.946088198446942e-05;1.966198891345397e-05;1.976378395320796e-05;1.9727005374270445e-05;1.951933501153985e-05;1.9222677681080397e-05;1.8795600307428054e-05;1.831855635972643e-05;1.825921490651217e-05;1.859168553512864e-05;1.9087831275981324e-05;1.9312201247798544e-05;1.8918021289223308e-05;1.791002538130119e-05;1.6674189052588075e-05;1.5892229696656067e-05;1.569723034494533e-05;1.602192480161257e-05;1.6570272092882915e-05;1.7003667415573772e-05;1.7004693626589635e-05;1.6434281522814553e-05;1.5437607911412285e-05;1.436386496672686e-05;1.3519994893749457e-05;1.329149551102729e-05;1.3826615483852543e-05;1.4975557233222582e-05;1.6169931163777826e-05;1.7182591806609576e-05;1.755039376911363e-05;1.705374059441194e-05;1.5953420680204794e-05;1.4489713163254296e-05;1.307808791321108e-05;1.2066640034108228e-05;1.1577100533735158e-05;1.1742952440091792e-05;1.2521377253590418e-05;1.3184288716251994e-05
2321.437568311576;5.830232519335941e-09;2.0031106102356292e-08;4.7646845088329565e-08;7.085154132118086e-08;6.462625460342268e-08;4.423864649723557e-08;5.40918797824915e-08;1.0945155591156805e-07;1.8789737077247618e-07;2.3979266814456173e-07;2.27979707164519e-07;1.695121214123928e-07;1.209397481813063e-07;1.2636782452249988e-07;1.7036987109050133e-07;2.0251649092362293e-07;2.010990202031692e-07;1.788480423846464e-07;1.491215869152195e-07;1.0438806430988376e-07;5.0169867841253356e-08;2.0543710659983425e-08;7.527828725144556e-09;5.1402744793692005e-09;1.964544260278596e-08;7.674815668281968e-08;1.4081302401821122e-07;2.0067414381157745e-07;2.398044290865992e-07;2.3105762358178555e-07;1.835020667750837e-07;1.3988441060982824e-07;1.1402229374217309e-07;9.500450305763037e-08;8.362549291365028e-08;1.0575834146931637e-07;1.4496932527189934e-07;1.6835875480048575e-07;1.5630410346177732e-07;1.215177278628101e-07;9.782474522503125e-08;1.0348868729629665e-07;1.1929307861816684e-07;1.3042228094767045e-07;2.2634187467839538e-07;5.696394844177479e-07;1.3392396118202142e-06;2.61570131632538e-06;4.464064395618326e-06;6.727419164515984e-06;8.949952746972541e-06;1.0698894410047986e-05;1.158580477834377e-05;1.2139409173518096e-05;1.2604738379312073e-05;1.3457699409274166e-05;1.4818166730136272e-05;1.6400236740030776e-05;1.7816017998464766e-05;1.8858118450659537e-05;1.967048750823841e-05;2.0274200561720568e-05;2.070601769687109e-05;2.095398516442739e-05;2.088776012655596e-05;2.054093788347873e-05;1.985885326014483e-05;1.8955416065733818e-05;1.820125659990904e-05;1.796467799399094e-05;1.797057844234058e-05;1.8208960465288573e-05;1.8176285009065356e-05;1.7663580781162932e-05;1.6949511793819845e-05;1.643773067729557e-05;1.6307501534236763e-05;1.6800450745119386e-05;1.77673552253472e-05;1.873966176126885e-05;1.9121053530260423e-05;1.8483408457107776e-05;1.7051738791899426e-05;1.555907591787289e-05;1.4560591869972876e-05;1.4261770164927826e-05;1.4670061587058372e-05;1.5501179129848957e-05;1.6133716207430872e-05;1.655146924547467e-05;1.6493284037893882e-05;1.619895247339676e-05;1.5713900019233268e-05;1.5265794151782994e-05;1.446966920747638e-05;1.3824750323954588e-05;1.3366694076927484e-05;1.3366797766014738e-05;1.3779355509699842e-05;1.41292217678311e-05
2322.750879713316;2.373093840041518e-08;6.16561602534737e-08;1.1692633934626384e-07;1.5417260014410065e-07;1.3303127487203517e-07;7.9367154960016e-08;5.22220848499879e-08;7.33884007883798e-08;1.3416075966429176e-07;2.2557433419050597e-07;3.310278871252421e-07;3.303661022202437e-07;2.2372330458934333e-07;1.0544569006433985e-07;3.97379496995052e-08;4.934875190823526e-08;9.041278733513381e-08;1.3653205230072708e-07;1.5442973767657814e-07;1.197223795761061e-07;6.114873066057998e-08;2.213846505808957e-08;8.27476081550676e-09;1.1088500530325611e-08;5.1302089196420194e-08;1.344757564104739e-07;2.10502229501752e-07;2.3173985045450866e-07;1.952336133633433e-07;1.2645324154968216e-07;6.174225574189854e-08;2.38925324191777e-08;1.0316029548783373e-08;1.2179733765680245e-08;2.590148535034667e-08;4.957139415717481e-08;7.58202777718367e-08;9.670882005300502e-08;1.0875524243568937e-07;1.0776554731221145e-07;1.1506738804807813e-07;1.0178512463169944e-07;1.042561309049225e-07;1.558092990985158e-07;2.854998158077019e-07;5.797342268045754e-07;1.1900881488849038e-06;2.337811805066182e-06;4.170142543181425e-06;6.44133160682416e-06;8.795781144630956e-06;1.04976310523609e-05;1.1432262982395883e-05;1.1851987775203095e-05;1.2426129343162075e-05;1.3478381236932846e-05;1.5046885436847416e-05;1.6812490998536487e-05;1.826709329131152e-05;1.93880399057316e-05;1.988482447026557e-05;2.0214286437383625e-05;2.038246583679244e-05;2.050318823477765e-05;2.059057350044717e-05;2.0549062075141613e-05;2.0187940529776245e-05;1.952809195129957e-05;1.865143133849443e-05;1.815455393122689e-05;1.805196827352123e-05;1.818935938790549e-05;1.831675097368873e-05;1.817428799881136e-05;1.7624783674220087e-05;1.685742486524494e-05;1.6287709949288934e-05;1.6230898194611466e-05;1.6848348910680403e-05;1.7813981724160583e-05;1.853810015552996e-05;1.8632919748274677e-05;1.80572034890513e-05;1.7261194517215035e-05;1.661721745670661e-05;1.6013761884471274e-05;1.573708460431138e-05;1.5445148786995703e-05;1.5303773845601767e-05;1.5218805655411116e-05;1.5255413437139649e-05;1.54815254231261e-05;1.5802324039932e-05;1.6014057787654175e-05;1.600524873063588e-05;1.555775455407033e-05;1.4874296730846896e-05;1.4269583357684288e-05;1.389533011859596e-05;1.3816597729861097e-05
2324.0635791797577;3.002109990047439e-08;6.325236780851822e-08;9.094406011569229e-08;9.58352604765443e-08;7.328995371530891e-08;4.00588097481822e-08;2.039324241037262e-08;2.6896855221009507e-08;7.659457796928584e-08;2.0947908937447602e-07;3.8742752618288097e-07;4.473894515150902e-07;3.258237912135179e-07;1.589081824995174e-07;8.146819171889546e-08;9.559300167109239e-08;1.351025762486042e-07;1.444325000212804e-07;1.1591486435134209e-07;7.19311270224296e-08;3.4968524944780775e-08;1.7483892329884523e-08;2.6285593860696337e-08;6.185011708459546e-08;1.1213169497491461e-07;1.3631668784250645e-07;1.5606926762895932e-07;1.3592601418401708e-07;8.826828369134195e-08;3.2202005001449e-08;9.143868516768657e-09;3.658225039749746e-09;2.420683959363992e-09;3.8074726270692695e-09;8.763318050184213e-09;2.1978363235026556e-08;3.563363736735994e-08;6.808152225921838e-08;1.1466828617882944e-07;1.533686550323819e-07;1.6628976760817425e-07;1.4540975850201832e-07;1.0161766921852133e-07;1.204099949558358e-07;2.897391555457359e-07;7.304761880655839e-07;1.7315866474150938e-06;3.3918051070681445e-06;5.2765797924672005e-06;7.051915614821781e-06;8.591724045787779e-06;9.706398700396467e-06;1.069002012056015e-05;1.1818684306422163e-05;1.3226177632505954e-05;1.4946269962661886e-05;1.684583987552023e-05;1.836413434045331e-05;1.9421984067048608e-05;1.987231852983004e-05;1.985661872702658e-05;1.9740209807200568e-05;1.9701932202062884e-05;1.972399451734048e-05;1.961781268565061e-05;1.922402683216615e-05;1.858309262850164e-05;1.802648278411781e-05;1.7934531375597462e-05;1.8320972801429815e-05;1.912763655218845e-05;1.9592847570640847e-05;1.9530009865030712e-05;1.8877494189679185e-05;1.7807186084368835e-05;1.65363485371021e-05;1.5431835793841937e-05;1.4864686827639484e-05;1.49652866614073e-05;1.5742277250477716e-05;1.672555131671976e-05;1.759317446367268e-05;1.8092022516634576e-05;1.78419373888573e-05;1.712243238993541e-05;1.6030632962758406e-05;1.4769290071679149e-05;1.3850486385698822e-05;1.38182873259697e-05;1.4454563321032586e-05;1.5449297760449856e-05;1.612903750339451e-05;1.6329968976372202e-05;1.607715996214086e-05;1.5506741653581983e-05;1.4626793309676456e-05;1.3959215243577991e-05;1.35221699148739e-05;1.3284481702570988e-05;1.3163815089603863e-05
2325.375666796732;1.2953965875579816e-08;2.2009644652167683e-08;2.1771116683585818e-08;1.3602021972265692e-08;1.0495770342834944e-08;2.3140728054639665e-08;7.28597020393957e-08;1.5817805630812834e-07;2.0910183123574778e-07;2.1810471607544677e-07;2.41019861381593e-07;2.3994045023651845e-07;1.8037299168223789e-07;1.3429627522653805e-07;1.9083287390709138e-07;2.7768009464026925e-07;2.994309293156676e-07;2.178419050102729e-07;1.0548136965504563e-07;3.763759094605717e-08;1.5425196348457563e-08;1.6780140594959648e-08;4.691649789563791e-08;1.217098453326576e-07;1.9418349242512938e-07;2.1620263456118367e-07;2.1061975036314469e-07;1.8286476261534156e-07;1.19930470849155e-07;4.9297760796881535e-08;1.495196913057565e-08;6.024610349375737e-09;2.9319708227660573e-09;2.307272400135268e-09;5.096299904636274e-09;2.6039651413137092e-08;7.43246325980223e-08;1.391671832950373e-07;1.9171979474675446e-07;2.091236196939475e-07;1.894127165135217e-07;1.572788070288209e-07;1.078797073448823e-07;7.07919429575122e-08;1.9613515304884477e-07;6.5888340761557e-07;1.8268091609240515e-06;3.803181887093091e-06;5.949104035767548e-06;7.906833838845134e-06;9.17343590097083e-06;1.0104006137737786e-05;1.0996150674699576e-05;1.2242871197722137e-05;1.3823211876332176e-05;1.5686778434703543e-05;1.7632513461749088e-05;1.9311014781810065e-05;2.043954573815433e-05;2.1087760544131447e-05;2.1399984645747065e-05;2.124589623924724e-05;2.085624371229077e-05;2.032651767221325e-05;1.951671665400776e-05;1.8403828848899823e-05;1.7187138227076534e-05;1.6671008623932077e-05;1.7140175765966027e-05;1.84843236312648e-05;1.992760648339799e-05;2.068623886572754e-05;2.0385768589799764e-05;1.925955140982619e-05;1.7830456850723403e-05;1.636858146970212e-05;1.5202272694802074e-05;1.4469433377979258e-05;1.4219957495800653e-05;1.4539906004525473e-05;1.5436833749729514e-05;1.6496311004492338e-05;1.7247812559333064e-05;1.724012713179669e-05;1.656899715865658e-05;1.562526364255399e-05;1.4665822832710462e-05;1.434065395132021e-05;1.4691399189895897e-05;1.5424179194750462e-05;1.6125917905648177e-05;1.6555881072571198e-05;1.6415200881259673e-05;1.591457014388645e-05;1.5217306826869586e-05;1.462779091711834e-05;1.4119138635889128e-05;1.3680437054190266e-05;1.3248149937007626e-05;1.2927481987148052e-05
2326.6871426500693;3.744732943465385e-08;2.5363922640155443e-08;1.0900626660333169e-08;3.986448099240958e-09;1.19422186605892e-08;4.407291300650508e-08;1.4127594531993137e-07;2.956954506308503e-07;3.493918694429163e-07;2.4040276617066325e-07;9.531682046681463e-08;3.2846187676607925e-08;3.42447727133187e-08;1.0336576947195127e-07;2.6202499816517776e-07;4.0528714050953293e-07;4.163386665832934e-07;3.044100028996523e-07;1.914715259550075e-07;1.2394045777744125e-07;8.42605116688863e-08;5.681026861668378e-08;5.019073293639061e-08;9.023432528611825e-08;1.571990832898638e-07;2.33990533020108e-07;2.8803548776663016e-07;2.8572572843611124e-07;1.958257006602376e-07;9.299147954325234e-08;3.6404057798428855e-08;1.6155120870230523e-08;1.3451260023521868e-08;2.629074710864096e-08;5.386551274850055e-08;1.0200542573461068e-07;1.725777318348009e-07;2.3934364053556733e-07;2.720509808012289e-07;2.577110463363326e-07;2.2727178420448078e-07;2.082461369137184e-07;2.25247104901586e-07;2.8766247210547544e-07;4.4207701690854085e-07;8.222928058359848e-07;1.6588999145211082e-06;3.1475545417358145e-06;5.202555230625337e-06;7.474356808177516e-06;9.4529677343866e-06;1.1030938983827894e-05;1.2310459774103768e-05;1.339110033906362e-05;1.4614252033103705e-05;1.5764822957661327e-05;1.7210245577171703e-05;1.877613436453541e-05;2.025178514869008e-05;2.1500878701802104e-05;2.220405563461072e-05;2.2183413516508196e-05;2.1599071063580636e-05;2.0753368450005172e-05;1.985311188529829e-05;1.8916037101774764e-05;1.8309323642569898e-05;1.820522485043152e-05;1.8734400224924e-05;1.965695452100357e-05;2.050693864155553e-05;2.085356998821491e-05;2.042084361464252e-05;1.949045843540562e-05;1.8292713982980798e-05;1.6964745985093216e-05;1.5719239224067052e-05;1.4716154929446896e-05;1.4130349881357284e-05;1.386547221773256e-05;1.4169739299797157e-05;1.4747490135749454e-05;1.5124266974704643e-05;1.5208929035490223e-05;1.498928457729532e-05;1.4867800632100983e-05;1.5164494711459946e-05;1.5814546821013384e-05;1.634803026657977e-05;1.662273578545776e-05;1.646320061822141e-05;1.593268007212916e-05;1.5397367278014075e-05;1.5180257382918964e-05;1.524588121880468e-05;1.5436712380121546e-05;1.5333332263211292e-05;1.4770438848536394e-05;1.3889017653850406e-05;1.3251437988341409e-05
2327.998006825645;7.322593356395732e-08;4.9953055970051954e-08;2.1584055638384328e-08;7.150200043779138e-09;1.1748523557898529e-08;4.381834674369474e-08;1.4268051684084272e-07;2.935163651419302e-07;3.614794490166412e-07;3.104322722509428e-07;2.0717004494873677e-07;1.5027920141467536e-07;1.328272965599899e-07;1.5833042978716014e-07;2.4141253901786217e-07;3.131571250511238e-07;3.2488303076896045e-07;2.834749639378708e-07;2.327689277921303e-07;1.9093816624653689e-07;1.4623776695313578e-07;9.316388866782603e-08;4.75346728537438e-08;3.4702887483103835e-08;6.732756294012968e-08;1.3918793727733261e-07;2.162477797575908e-07;2.3450393805154466e-07;1.7771380022492218e-07;1.1459690062951676e-07;9.24010905082652e-08;1.0530363558096653e-07;1.4409604491153606e-07;1.988818246629183e-07;2.605056364461583e-07;3.255743434220396e-07;3.870300443832479e-07;4.258664947375365e-07;4.423734549873471e-07;3.906360519353793e-07;3.088225892585692e-07;2.5739407434637185e-07;3.112382395551618e-07;4.912456760288776e-07;7.387942299691952e-07;1.0528651640995534e-06;1.5631760470503417e-06;2.459081903318973e-06;3.9522542450736014e-06;5.800240748163596e-06;7.922016373485771e-06;1.0033541802219477e-05;1.195480338922176e-05;1.3597032910798736e-05;1.5025181396332284e-05;1.640486467265656e-05;1.7794152748121768e-05;1.911929256538599e-05;2.0413086112702285e-05;2.1140421862422685e-05;2.140601455114746e-05;2.1322872384223207e-05;2.097951440525551e-05;2.06536813307782e-05;2.0525493906327184e-05;2.045265144460129e-05;2.0406700879890726e-05;2.0048415331321952e-05;1.9768583097915537e-05;1.9368724879186645e-05;1.933860487198059e-05;1.979472991286532e-05;2.0194477834150127e-05;2.0377637437687708e-05;1.982731379066584e-05;1.851818394057257e-05;1.6928367857965962e-05;1.5603871606899356e-05;1.4959802341795074e-05;1.5153617104613704e-05;1.5752143480070657e-05;1.60783482659967e-05;1.568128364418515e-05;1.4673799294093602e-05;1.3587936464407796e-05;1.3300162288773716e-05;1.3911652481913986e-05;1.5128798090837009e-05;1.6385932304379673e-05;1.6925794204997098e-05;1.671968720344641e-05;1.587903834412132e-05;1.5109895637439747e-05;1.4763905767753663e-05;1.492281754837228e-05;1.531139001164361e-05;1.5410890706863805e-05;1.4839339221179253e-05;1.3986349736040346e-05;1.3218149087721018e-05
2329.30825940934;3.7459461473040647e-08;2.5339601187098023e-08;1.089254868657404e-08;1.100262586209786e-08;5.4202192448488526e-08;1.5756095509577305e-07;2.926533160569105e-07;4.005263180759605e-07;4.368309275192853e-07;3.991859099233696e-07;3.320200015282364e-07;3.0376219097646225e-07;3.301237820283081e-07;3.6212870710407885e-07;3.404858590056605e-07;2.784696179624237e-07;2.1729150674711198e-07;1.644487357164701e-07;1.244173287535541e-07;9.986268657309025e-08;7.604501712560139e-08;4.919047826916032e-08;2.6963121520964177e-08;2.0918257773980616e-08;5.196154660977549e-08;1.1113928354572757e-07;1.7801530732007138e-07;2.2287722992281738e-07;2.119389293632008e-07;1.648218059603604e-07;1.516953880002986e-07;1.92610308534608e-07;2.626259469469952e-07;3.268361186897886e-07;3.6897331157955137e-07;3.902837834293477e-07;4.048026527800031e-07;4.1917414338944283e-07;4.165376526123267e-07;3.73800308960993e-07;2.916450191025624e-07;2.1269876611575459e-07;2.1229927324644826e-07;3.4410811240111537e-07;5.778488704519156e-07;8.91939585123201e-07;1.4034816006254637e-06;2.211535917817429e-06;3.3700799002220705e-06;4.812301064230348e-06;6.557017610589852e-06;8.584341022156e-06;1.0648393662880865e-05;1.272332146569354e-05;1.4905587138324027e-05;1.7258493015150694e-05;1.934997644573441e-05;2.1033318196529625e-05;2.1777587557339664e-05;2.16787829965137e-05;2.1164880712829355e-05;2.0721173558182254e-05;2.0851417229734304e-05;2.1505511116849496e-05;2.23626539313449e-05;2.296192658976041e-05;2.264958974039628e-05;2.135341047603463e-05;1.948727471892093e-05;1.7882077418900384e-05;1.746607383590934e-05;1.8116997392303043e-05;1.9393444607264557e-05;2.048770751015513e-05;2.0376478407468777e-05;1.920654569362301e-05;1.77631679810583e-05;1.691809535923214e-05;1.6901486249711787e-05;1.7864411074728887e-05;1.8956642936641527e-05;1.919307123480397e-05;1.808480887924802e-05;1.6063593211057057e-05;1.414170907768595e-05;1.3325523168758056e-05;1.3880097412793985e-05;1.5348201683308762e-05;1.7003511019035437e-05;1.8003718911891667e-05;1.7957926407853165e-05;1.7083282493341462e-05;1.581092506335724e-05;1.4869838480407437e-05;1.4456023268110712e-05;1.4568554905080482e-05;1.4608398616602162e-05;1.4153533886535568e-05;1.335983308099261e-05;1.2729702347732016e-05
2330.617900487061;1.607195670536298e-08;4.133919880622214e-09;8.747062424081137e-10;1.361900297007556e-08;9.571360324769801e-08;2.563324260632717e-07;3.801115686739234e-07;3.886743206551986e-07;3.4754959188101745e-07;2.8240670185395066e-07;2.158151559412326e-07;2.193953373853565e-07;3.21984060728194e-07;4.367183974430121e-07;4.453899733137762e-07;3.289110309019592e-07;1.7913460278277158e-07;7.367340926863454e-08;2.7288972758868184e-08;2.0462985480461683e-08;5.332278408565536e-08;1.1794066429487575e-07;1.66997945948829e-07;1.746733420226171e-07;1.6390317244585225e-07;1.650867141015122e-07;1.9953697672498642e-07;2.44345293633518e-07;2.396095038875299e-07;1.779244905601805e-07;1.2080144475167233e-07;1.1384356772771942e-07;1.3642343131128125e-07;1.6703292369343577e-07;2.0098255721892218e-07;2.486752069814888e-07;2.851485175374232e-07;3.064738869313128e-07;2.5175313650153865e-07;1.736135785559053e-07;1.28116800062643e-07;1.0904203298062353e-07;1.772014107573045e-07;4.438025627381519e-07;8.284960563553821e-07;1.1855264968038536e-06;1.5413117259027294e-06;2.2200888145159367e-06;3.25706665074926e-06;4.682166953236848e-06;6.402361138587664e-06;8.32158549563088e-06;1.035489181865902e-05;1.2458410594388355e-05;1.4871904918591703e-05;1.733786056859679e-05;1.961987316444424e-05;2.1170966829862347e-05;2.169748804104365e-05;2.128135738783051e-05;2.040829988073985e-05;2.0089665462367865e-05;2.0865598688924253e-05;2.230185968690012e-05;2.363927313383198e-05;2.402629155352333e-05;2.297727884094413e-05;2.092865412803302e-05;1.8557229763044743e-05;1.6958764093457196e-05;1.6468115142821722e-05;1.6810986512389553e-05;1.7746476117709497e-05;1.835352866445022e-05;1.843010681838391e-05;1.810003195789573e-05;1.7678930432097724e-05;1.7486519613396793e-05;1.769715883766488e-05;1.811653630473592e-05;1.8444286879697788e-05;1.8267044986642937e-05;1.7516139566625597e-05;1.6426376967433426e-05;1.5435344137754762e-05;1.5095005664527727e-05;1.5438986029966935e-05;1.6351358886125374e-05;1.750324871138638e-05;1.8596086173890075e-05;1.868020566135216e-05;1.7578552612583298e-05;1.5833458587929396e-05;1.4234177880242858e-05;1.3362411232821042e-05;1.330332554256507e-05;1.367851273323872e-05;1.3952832273915958e-05;1.3637397237492756e-05;1.3346134824749374e-05
2331.9269301447384;3.043873297206471e-08;1.1185805249726974e-08;2.8222408626187584e-09;7.700565481549339e-09;4.732380601041991e-08;1.2040196986841448e-07;1.5935515136281362e-07;1.368371821706021e-07;1.0608998896884189e-07;9.840278052698685e-08;9.0316988080902e-08;8.514205134434288e-08;1.2870533729434304e-07;2.19234610328069e-07;2.903700721730155e-07;2.575199382455773e-07;1.3650538304501332e-07;5.101998053199775e-08;2.2238933191925854e-08;2.8518492771530497e-08;9.801356683424626e-08;2.28805230159389e-07;3.243599706185732e-07;3.305120359850961e-07;2.771845177159447e-07;2.2085169435871025e-07;2.0698477701336267e-07;2.205445213304277e-07;2.1426712764297197e-07;1.754626374065782e-07;1.2222851042362397e-07;7.443843896048604e-08;3.842777546659093e-08;2.7660907413239233e-08;6.100393945813365e-08;1.5542655875270153e-07;2.84983476652487e-07;3.188498032627503e-07;2.122473356597721e-07;1.0281949467925097e-07;9.218636606625789e-08;1.6367511317570854e-07;3.637726135962864e-07;7.879669176302635e-07;1.2670879799365224e-06;1.617596469654764e-06;1.9647309576047514e-06;2.576922431047806e-06;3.7059568739889456e-06;5.316483277672722e-06;7.291211253232617e-06;9.321251945794866e-06;1.1170950440795853e-05;1.2863952000495083e-05;1.46627993023666e-05;1.653773768340119e-05;1.839385859769228e-05;1.989007090938837e-05;2.0815994006647493e-05;2.1199427012714987e-05;2.088432464283727e-05;2.0417330827838653e-05;2.0429492011555267e-05;2.0651921073298293e-05;2.1107254840340284e-05;2.1264914968977108e-05;2.069358590369409e-05;1.932948558524461e-05;1.7823493020974014e-05;1.7005882952155543e-05;1.671112971911198e-05;1.6751326077183666e-05;1.66964519172135e-05;1.634559490929684e-05;1.603845245594797e-05;1.6057651235148126e-05;1.652892431662657e-05;1.7079696235831673e-05;1.7344159976621402e-05;1.7164250590257777e-05;1.6652087346697023e-05;1.591711473295653e-05;1.5511214919995914e-05;1.542374643169757e-05;1.5513991291447228e-05;1.565540261639584e-05;1.589078207798208e-05;1.633978778939764e-05;1.7104391530482336e-05;1.7812592332740418e-05;1.7884728174896012e-05;1.7023162262666712e-05;1.5553530022863372e-05;1.3900806888860753e-05;1.28871294919081e-05;1.2677353014753005e-05;1.293689667762207e-05;1.3455589526743888e-05;1.3834252920301978e-05;1.4000434847716573e-05
2333.235348468319;1.8085699981539328e-08;2.515708196194185e-08;5.377278759710323e-08;7.725173779127382e-08;6.726304021415273e-08;3.732759566901568e-08;1.5650091956663512e-08;9.994674395927581e-09;1.7709632115248252e-08;5.421879453638517e-08;1.1047889932700719e-07;1.410855440057118e-07;1.2805684670480353e-07;1.0707182040776745e-07;1.1142873275654657e-07;1.0508642302955081e-07;6.21405211545108e-08;2.9733299257777304e-08;2.7195573500284873e-08;4.021915023594976e-08;7.756935293853682e-08;1.3286166153515778e-07;1.683860322458475e-07;1.6786949786558054e-07;1.44690697019728e-07;1.349433594253542e-07;1.5444053676625765e-07;1.842600265373032e-07;1.9967733614650655e-07;1.944773977865486e-07;1.6796083706123847e-07;1.1771347792775257e-07;6.259744792471972e-08;3.009148715945417e-08;2.6734436751831268e-08;6.140652922242271e-08;1.4315274600181584e-07;1.65655246822443e-07;1.410040084874715e-07;1.9022296344792348e-07;2.952627597891748e-07;3.9368582242472986e-07;4.986778216575969e-07;7.150326284718883e-07;1.046565205559377e-06;1.515465667473353e-06;2.2713077849169496e-06;3.246945891734516e-06;4.492310162857315e-06;6.033471767820724e-06;7.840727547840705e-06;9.793152699363104e-06;1.1725084474059912e-05;1.3502474857673869e-05;1.4942660680981168e-05;1.6270212138405134e-05;1.7645769196617904e-05;1.917128813176972e-05;2.0589761096478348e-05;2.1669581001648043e-05;2.189984118107327e-05;2.1116181854185864e-05;1.989439455277752e-05;1.8954637313451963e-05;1.861952540343893e-05;1.8809669599130533e-05;1.8889023383186448e-05;1.8528466616254387e-05;1.7921742930353254e-05;1.749621684075597e-05;1.736303160231803e-05;1.7192561415917967e-05;1.661252864883293e-05;1.5784439616124655e-05;1.5010382149659663e-05;1.477895250468158e-05;1.541139884120623e-05;1.647667151788826e-05;1.7255909616198302e-05;1.7218995327816244e-05;1.6360302761308838e-05;1.5287466511744793e-05;1.4583034148035047e-05;1.4425887007353316e-05;1.4727447339227972e-05;1.5103831203816818e-05;1.5591897770949352e-05;1.6165780986422165e-05;1.6677932565230628e-05;1.69740072108526e-05;1.675730958776676e-05;1.60769807493944e-05;1.5092690925679368e-05;1.4126490024811112e-05;1.3539144708286522e-05;1.3185270416054366e-05;1.3278449047321165e-05;1.363311810982856e-05;1.3995296804000614e-05;1.4150215312904748e-05
2334.543155543768;1.6463528347681304e-07;1.4515506177356945e-07;1.6123044189154432e-07;1.78016143348939e-07;1.4020486875297113e-07;7.658130120894047e-08;3.1684531711582335e-08;1.3097680587725042e-08;9.18828555332148e-09;3.8593802192340494e-08;1.2468935251475745e-07;2.1093369068499365e-07;2.1666835977451957e-07;1.424366973352352e-07;6.784344812992963e-08;4.9943402052850967e-08;7.562411604584333e-08;1.1360041032891074e-07;1.2908731405680536e-07;1.0781653385397932e-07;6.711480446554396e-08;3.2138844954253274e-08;1.191203018860594e-08;5.169734875005693e-09;6.8441984849353564e-09;2.1295478309199e-08;5.167254983011548e-08;8.003373398995268e-08;9.39865106692403e-08;9.482239290882767e-08;8.311167200297586e-08;5.8505204352296215e-08;3.6612612717768335e-08;5.406760100142053e-08;1.1320777143943261e-07;1.6339610575653529e-07;1.621079429308947e-07;1.2650147718566206e-07;1.4123248259943098e-07;2.632525514075103e-07;4.214697040387148e-07;4.770689200891804e-07;4.098902706435133e-07;3.8869237327725765e-07;5.7353523758343e-07;1.0695076272417482e-06;1.885167885307948e-06;3.0950894171002297e-06;4.663848422503527e-06;6.158736054406691e-06;7.580252265351556e-06;9.261352421303808e-06;1.122998987661846e-05;1.321502658932967e-05;1.4890136428139646e-05;1.6088940033744604e-05;1.6937889757285706e-05;1.7769069262179466e-05;1.870045560663305e-05;1.9399188755068452e-05;1.9767902748876363e-05;1.964404162205896e-05;1.914011942428429e-05;1.8868499240960654e-05;1.8665911789250173e-05;1.867296491584937e-05;1.8264762665102343e-05;1.763783467051646e-05;1.7076279923503804e-05;1.672069542769976e-05;1.687524076529173e-05;1.7058239773766053e-05;1.7053595098894487e-05;1.6805728848532803e-05;1.63705127201235e-05;1.5983913384039382e-05;1.5922053337247265e-05;1.6169888211556077e-05;1.6615340162978727e-05;1.6596968481572115e-05;1.609212700788871e-05;1.5545799352392323e-05;1.5012689047176182e-05;1.485201272010536e-05;1.5023540627330563e-05;1.53878958162454e-05;1.5849742907804214e-05;1.6169253051563913e-05;1.63317344086377e-05;1.6145200491019432e-05;1.560634572388014e-05;1.4958271513830968e-05;1.4509274425885244e-05;1.4343026308404866e-05;1.4336058262209235e-05;1.4371009266575124e-05;1.4522285299978813e-05;1.4683819336244875e-05;1.4750072430417767e-05;1.4754439702609377e-05
2335.8503514570803;3.2228563522903104e-07;2.370269521995462e-07;1.6728590008496965e-07;1.2681479301085296e-07;8.61590945603336e-08;4.472862528552241e-08;1.9031589216389892e-08;8.00235280961331e-09;4.5170473706059345e-09;2.2279050540815138e-08;7.879322049332256e-08;1.283633670649814e-07;1.2434259158093338e-07;7.800916177039794e-08;3.5826549622352414e-08;6.384265020959596e-08;1.3437456413093577e-07;2.044980198482972e-07;2.1337636777702305e-07;1.4577794620064028e-07;6.095632157392923e-08;1.9751286800912683e-08;8.317518416470308e-09;3.8145728748015714e-09;1.991132447817705e-09;1.3565078170038541e-09;1.326979171270814e-09;1.3776304995438871e-09;1.0691471338189326e-09;5.223927822660802e-10;1.8538862518233355e-10;7.871387432275717e-11;9.597301481413791e-09;7.998527864375903e-08;2.311211125198701e-07;3.708185460670266e-07;4.0177631207879053e-07;3.09621395306603e-07;1.9580834007953297e-07;1.794139949898867e-07;2.434508239791271e-07;2.969356549593673e-07;2.9264359643067933e-07;3.137589375131136e-07;4.983860112056298e-07;8.5815404813916e-07;1.417521223304961e-06;2.4945029597359813e-06;4.2532460845215445e-06;6.079615591179159e-06;7.511668512072444e-06;8.847842058302394e-06;1.040923673506293e-05;1.2272778044733946e-05;1.4042212694949532e-05;1.5407203314562435e-05;1.625227288235299e-05;1.680040518907906e-05;1.7248143875439498e-05;1.7923861162569915e-05;1.859911583596302e-05;1.921059417740226e-05;1.959468495661069e-05;1.9543469300423385e-05;1.9134377215208247e-05;1.8542486199096232e-05;1.7828894872860647e-05;1.709304449954416e-05;1.6558309150088453e-05;1.6387958225491583e-05;1.6653673530470655e-05;1.715831498776482e-05;1.7667977095068103e-05;1.8047336388064964e-05;1.8386075273020533e-05;1.8442416393991692e-05;1.819552971947509e-05;1.7547065471858397e-05;1.6604857157244463e-05;1.572590976685656e-05;1.525323723545976e-05;1.5315403196983503e-05;1.5769474605670612e-05;1.6433594355371492e-05;1.6943377424467056e-05;1.7174098950429676e-05;1.7082347932593357e-05;1.6677167716269275e-05;1.596623908558979e-05;1.4981883501764649e-05;1.4111216254775085e-05;1.3668301643484473e-05;1.38881010778413e-05;1.4525852643113771e-05;1.5128323268160396e-05;1.5456688983519518e-05;1.528974125956467e-05;1.4847754316652449e-05;1.4400921645716687e-05;1.40709779414585e-05
2337.156936294261;1.6052517757387564e-07;1.1019437264346934e-07;6.853373478403099e-08;4.9302909401637224e-08;4.118957522378288e-08;2.174879248684877e-08;7.215334332860769e-09;2.1116412728183806e-09;1.6739943457764047e-09;7.227017701733598e-09;1.9875840911212876e-08;2.6568644986033476e-08;1.7364515869376152e-08;6.596801137007128e-09;7.923539906074329e-09;2.919231652084048e-08;6.620735836378599e-08;1.0112607499112743e-07;1.011273835274205e-07;6.270539117778235e-08;2.3066348421710343e-08;6.7020182258132e-09;3.2292386750474246e-09;1.65703819409351e-09;7.753038494165108e-10;1.252678323192176e-09;2.584206325043416e-09;3.82285310545895e-09;3.159429013576715e-09;1.449362450847157e-09;4.48907585991525e-10;3.041197329495633e-10;5.781879850015499e-09;5.0518861266057287e-08;1.4537585642111286e-07;2.5956726665789215e-07;3.202774320056852e-07;2.653199666589737e-07;1.412329273364253e-07;6.042239420565388e-08;6.48363307816619e-08;1.3732790186807145e-07;2.479673428620472e-07;4.022904543737268e-07;6.443652133156424e-07;9.7377201651324e-07;1.4516242462328566e-06;2.3786216573301096e-06;3.7720249289668736e-06;5.447559989899559e-06;6.883274859691853e-06;8.211290267594023e-06;9.866946616693324e-06;1.187852721001328e-05;1.3987035831032028e-05;1.58789697449989e-05;1.7315790964970204e-05;1.8218507202098e-05;1.8735427700123035e-05;1.9142601174177185e-05;1.990799377744032e-05;2.0757223887556943e-05;2.1487740177167285e-05;2.147017240765088e-05;2.0927704504515985e-05;1.9847534872712264e-05;1.871363863905604e-05;1.7784578659371414e-05;1.7384679417499357e-05;1.710918117724171e-05;1.6741798008543802e-05;1.6594925088660925e-05;1.6599360478134283e-05;1.686451101175873e-05;1.7479714654681373e-05;1.8202116176650995e-05;1.8634504001373583e-05;1.81640501496502e-05;1.6780854852591145e-05;1.5382676042418602e-05;1.4778132698397672e-05;1.5300603610781345e-05;1.6662384523843336e-05;1.8020188237681597e-05;1.8704419831609774e-05;1.865230197522666e-05;1.7951274735689204e-05;1.6875518099227142e-05;1.5135799424404268e-05;1.33927761256764e-05;1.2152963012419604e-05;1.1957850683899158e-05;1.2772238304527884e-05;1.4211234118334336e-05;1.5350303443710277e-05;1.571470190634401e-05;1.5252230935120796e-05;1.4348367553603932e-05;1.3428449582794744e-05;1.2812947140373587e-05
2338.4629101413448;8.616476352740381e-12;1.0611024428455351e-09;1.5961387211895847e-08;4.8798388696678355e-08;6.725597013850888e-08;6.77084091373075e-08;8.191123785063163e-08;9.032407356947217e-08;6.629345681554996e-08;3.3287419953768744e-08;1.7067715386805533e-08;1.0116635270506718e-08;6.370161270905637e-09;3.3432293127466572e-09;6.135704251162566e-09;1.3646847602678142e-08;1.8593868809312805e-08;1.3258427656985357e-08;5.4350380445784135e-09;2.1321095665315034e-09;1.2144667255292176e-09;7.093150303693256e-10;3.588813837361338e-10;2.12823338372319e-10;1.615165528204154e-09;1.0628831694282921e-08;2.44204127233688e-08;2.6848916635974106e-08;1.71593812500899e-08;6.700984820894791e-09;1.5367564441245867e-09;1.108031668386832e-09;3.8075248990261785e-09;1.0564861067820754e-08;2.4416796091925442e-08;5.2615426082480186e-08;8.263862369770597e-08;7.931023871933054e-08;4.62608963008966e-08;1.9057372033167444e-08;3.57480282358312e-08;1.0148858381941417e-07;2.031550785291789e-07;2.991585580302884e-07;4.271316537396657e-07;7.843017997941638e-07;1.4964937467819397e-06;2.6200252873943767e-06;3.915042694760356e-06;5.256619476656856e-06;6.578988859081435e-06;7.948108234410979e-06;9.681006857411516e-06;1.1617646383368872e-05;1.3934758574331316e-05;1.632257372501796e-05;1.8480200907552804e-05;1.9891574654986624e-05;2.030490339939193e-05;2.0151871953453936e-05;2.008933513460009e-05;2.027846325402235e-05;2.069497999385068e-05;2.100194198046585e-05;2.0963750121099264e-05;2.038103203793757e-05;1.95925592153524e-05;1.8927254304749625e-05;1.8479591607603645e-05;1.7952963734147702e-05;1.7238367685541315e-05;1.6490537552708485e-05;1.594646609848019e-05;1.5767444668162955e-05;1.5856091964594108e-05;1.6185567788296518e-05;1.6422478175728034e-05;1.6296221641363765e-05;1.576877635090086e-05;1.5245913196758149e-05;1.5488093684703636e-05;1.6395647970218085e-05;1.7639441134709882e-05;1.8604675547413277e-05;1.88595072506643e-05;1.839698713178331e-05;1.7435606057145006e-05;1.6076134129680642e-05;1.442442620336056e-05;1.283539830002278e-05;1.1784466904794723e-05;1.1579467668263906e-05;1.1990354265090867e-05;1.2715628347884386e-05;1.3336354430318066e-05;1.372390086778786e-05;1.4071301952543757e-05;1.4392818687341754e-05;1.461303380865944e-05;1.4718766136058666e-05
2339.768273084373;3.5723366194030895e-11;9.038994827005546e-10;6.656864508791796e-09;2.8525686867952682e-08;5.0262706877368457e-08;8.626444262910762e-08;1.497421173268352e-07;1.7771693353313633e-07;1.3283027555828542e-07;7.350620952914209e-08;5.6886284289081084e-08;7.45557733256214e-08;8.238379437810579e-08;6.49126325822337e-08;5.0240892410260056e-08;5.2026365595850647e-08;4.5907214436190526e-08;2.6543454970275904e-08;9.739703596337456e-09;3.418897417148338e-09;1.852381409779012e-09;1.209054603265547e-09;1.1534405406101952e-09;3.575070705038281e-09;1.8414326375594192e-08;6.593634004660176e-08;1.2041717740169489e-07;1.2241146609389706e-07;7.510657409012715e-08;3.1304050335581645e-08;1.1667238001478332e-08;5.129614949180474e-09;3.693740864723915e-09;4.515952219149758e-09;6.729232776375766e-09;6.439420124586035e-09;7.483647913728129e-09;9.538181395175925e-09;9.1551919819057e-09;7.572919582240765e-09;1.3471867758689062e-08;4.497467693522194e-08;1.0903096935478413e-07;1.8048484040326979e-07;3.76178199862517e-07;9.163206378276344e-07;1.853348516145536e-06;3.0129800873900003e-06;4.178612363855393e-06;5.38512372228626e-06;6.725400696339897e-06;8.197396821510885e-06;9.71532586287084e-06;1.1429055688251845e-05;1.3324581353306488e-05;1.5437597633940282e-05;1.770795350028163e-05;1.964153156473672e-05;2.0606579120288825e-05;2.100469480164632e-05;2.0546545924526183e-05;1.97275144898436e-05;1.894328092440971e-05;1.8762507058897123e-05;1.890966113506732e-05;1.9199846597425468e-05;1.952531698285409e-05;2.011962614814826e-05;2.0151283442341908e-05;1.956440212680919e-05;1.860540512825065e-05;1.7756128858431118e-05;1.739657249690233e-05;1.7350761812594038e-05;1.724503048687965e-05;1.700738804327087e-05;1.6646786822287814e-05;1.627783860392659e-05;1.5985777219670486e-05;1.586816812488254e-05;1.6053002317975788e-05;1.6611709989221678e-05;1.709262511335534e-05;1.7293430916220707e-05;1.70386701474e-05;1.6476977907458206e-05;1.5786539777646484e-05;1.50607782158122e-05;1.4424350538896342e-05;1.3725859620937083e-05;1.3061149160107286e-05;1.2473978035495864e-05;1.1933899734594528e-05;1.112748304029347e-05;1.0678661496343345e-05;1.1011272934950775e-05;1.2333804487232922e-05;1.3995834246463505e-05;1.5505994787830014e-05;1.6441794427528316e-05
2341.0730252094254;1.1742446831291662e-10;8.490887461397401e-10;2.4965584277531547e-09;5.635424219197047e-09;1.515060403784806e-08;4.258682343449418e-08;7.969568128230828e-08;9.241368033356713e-08;7.106182833786764e-08;5.0574086665053094e-08;8.005228748810116e-08;1.655695318449301e-07;2.363996063972383e-07;2.26472280442305e-07;1.657010122312207e-07;1.0931730082317665e-07;6.245955241395407e-08;2.7856500694576303e-08;1.0175926499040657e-08;4.418420829329709e-09;3.3340322253316996e-09;7.212315220725881e-09;1.9605333515416974e-08;3.6579954094371096e-08;5.85724141473939e-08;1.14279391581737e-07;1.7801036125475826e-07;1.741709148489514e-07;1.0664928292785869e-07;4.8067245173350095e-08;2.3478809145732042e-08;1.2761126072269885e-08;6.649348443912518e-09;4.0057431541934836e-09;5.231119184128961e-09;1.0097303631023402e-08;1.3679659308067598e-08;1.5709397731151527e-08;2.5734170286413023e-08;5.354186748729463e-08;9.338773359660613e-08;1.3363800703075732e-07;1.9081278499326708e-07;3.4984550668728013e-07;6.919105048893101e-07;1.2280764488456398e-06;1.91813927496478e-06;2.694381283457357e-06;3.6345584643859535e-06;4.885287109977226e-06;6.499944989818587e-06;8.333151780363957e-06;1.014538861501112e-05;1.195681068033032e-05;1.3608508520074412e-05;1.5190489320847105e-05;1.6905879454026485e-05;1.8794963976760245e-05;2.0444102092148723e-05;2.149352404373693e-05;2.1489418931441648e-05;2.0666401913395057e-05;1.964466868052976e-05;1.9011561935111573e-05;1.91286630491836e-05;1.9850658508213183e-05;2.0795620928566342e-05;2.144374525434192e-05;2.122838935235514e-05;2.03450241226917e-05;1.9150828122331845e-05;1.8375616742748156e-05;1.82134241693185e-05;1.8364500821166265e-05;1.8352850478407063e-05;1.7976499818805612e-05;1.741310853241921e-05;1.6879214859411047e-05;1.6454212044871688e-05;1.6117166078217766e-05;1.5625867515753573e-05;1.5180622270799035e-05;1.4844396919623414e-05;1.4557079082188909e-05;1.4200221932442468e-05;1.3957291009870158e-05;1.3838819282788593e-05;1.3814816831771174e-05;1.3827391124570264e-05;1.365485196635806e-05;1.3202739736540564e-05;1.2603706938256958e-05;1.196500105663818e-05;1.1283019051571322e-05;1.102417042709796e-05;1.140551289526925e-05;1.2200423428223062e-05;1.3270135405533293e-05;1.4433253551761423e-05;1.5094514030035767e-05
2342.3771666025896;2.824703952091869e-08;1.0882332834885996e-08;1.935225960776218e-08;6.99941663474961e-08;1.0321738820951677e-07;8.439114962609106e-08;4.931293451102932e-08;2.3422397509529933e-08;1.023546905946197e-08;1.1399846308116032e-08;4.387980053601622e-08;1.3375795730586974e-07;2.407743781545308e-07;2.715255428035497e-07;2.142950384282211e-07;1.327255434818147e-07;7.186460378783444e-08;3.908239921610474e-08;2.2147088080833358e-08;8.110910502469464e-09;4.692530324855848e-09;1.2592806866307558e-08;3.664799731974799e-08;6.29734862649455e-08;6.93137721791506e-08;7.315995207344043e-08;8.503261207053493e-08;7.742967568932413e-08;4.764431741987148e-08;2.4973809375126386e-08;1.79575706758714e-08;1.6421147668228467e-08;2.7638807871005943e-08;6.005713671234008e-08;1.009423891254634e-07;1.2462431120792468e-07;9.90588095555534e-08;5.2020826486915034e-08;4.920445465880201e-08;1.0572837281139715e-07;1.9795105476831884e-07;3.162665039756505e-07;4.698945854157302e-07;6.492516459475822e-07;8.520785907500207e-07;1.112387374534434e-06;1.4470771461842114e-06;2.121700302275691e-06;3.2355653302865023e-06;4.930710167687235e-06;7.14062575136068e-06;9.505745403515696e-06;1.1633634756699234e-05;1.3237543240283422e-05;1.4489394062145068e-05;1.5646872802855105e-05;1.6846508812043545e-05;1.8294768519663145e-05;1.98456278942153e-05;2.0890734087677017e-05;2.1151143840504457e-05;2.0779373363740253e-05;2.016183516027742e-05;1.9539804827147788e-05;1.927694937226817e-05;1.942612631988749e-05;1.9841716322640983e-05;1.9965992693990475e-05;1.977183948766645e-05;1.935196786591628e-05;1.8890476862791893e-05;1.8472113570021956e-05;1.8142164724657254e-05;1.7704625136054164e-05;1.707822738203991e-05;1.637094543268349e-05;1.5784044757712588e-05;1.5454260921500905e-05;1.5127942289815677e-05;1.4741832995360108e-05;1.4192440977953344e-05;1.3423032154386618e-05;1.2944322225021042e-05;1.2688561801765629e-05;1.2623628321599644e-05;1.2747679979710083e-05;1.299562997973918e-05;1.3194331076313848e-05;1.3343111887941772e-05;1.3317328704699362e-05;1.316012725209148e-05;1.2993983355861148e-05;1.285158505979914e-05;1.2878533919249153e-05;1.2771328610313345e-05;1.267437383451346e-05;1.2641014174396831e-05;1.3082240718205114e-05;1.3491152664351087e-05;1.3793169973932697e-05
2343.680697349977;2.0025167950519661e-07;1.145202630147871e-07;8.609039865005677e-08;1.523810436758556e-07;2.017494641886757e-07;1.5301563760938486e-07;8.41020864203336e-08;4.3754872906277425e-08;2.076337383403112e-08;9.199423010450761e-09;8.923384275049321e-09;3.7392455089927904e-08;8.397517899468664e-08;1.087482175517194e-07;9.425574132345537e-08;6.52039887524294e-08;4.9621804748894456e-08;4.474002343320132e-08;3.264866073172518e-08;1.3838891596169336e-08;5.428752501376597e-09;7.371555392195054e-09;1.8384878786538625e-08;3.0457115537429494e-08;3.283498791456458e-08;2.836311424598593e-08;2.6726839208395824e-08;2.2787135149853212e-08;1.2973348968903037e-08;6.4404642179511875e-09;6.1660328122157356e-09;1.1164892359651135e-08;4.2820484877922384e-08;1.1495661621120285e-07;1.9706854033349217e-07;2.3691511258075095e-07;1.833633891326852e-07;9.02107602103328e-08;5.054998144848868e-08;6.901343106728538e-08;1.2265200557730954e-07;2.482639769740648e-07;4.610495830297977e-07;6.366926557552837e-07;7.259760274312423e-07;8.464082119395807e-07;1.2346224593969383e-06;2.1678704569128152e-06;3.8099695825343536e-06;6.182767831609568e-06;8.784049796166186e-06;1.126866707248826e-05;1.3135108095269256e-05;1.4130566433889929e-05;1.4881205271662985e-05;1.5732735549489082e-05;1.6868472528768896e-05;1.8270860487379524e-05;1.9718827444959484e-05;2.0672142179615508e-05;2.0965884542634424e-05;2.071557300338444e-05;2.016534996877321e-05;1.9390205790945864e-05;1.8517462558823325e-05;1.7761650812997882e-05;1.7311455963011743e-05;1.7452579816653588e-05;1.7900896907401933e-05;1.839612200923826e-05;1.887602123529128e-05;1.8792265439018617e-05;1.828975020157193e-05;1.755385201764751e-05;1.6772785033151655e-05;1.608107077896e-05;1.5566825137588207e-05;1.527683028716732e-05;1.499576964309107e-05;1.44625603045792e-05;1.3643258109315132e-05;1.2869139931286424e-05;1.2453698888345374e-05;1.2396198718147777e-05;1.268107814834696e-05;1.3315674662500097e-05;1.3939127737268335e-05;1.4364524156300825e-05;1.4531722330068186e-05;1.4537115273935367e-05;1.44271554833892e-05;1.4474792518832932e-05;1.4633528520227727e-05;1.4639454811258613e-05;1.3945225137701274e-05;1.2727713639339788e-05;1.1968584938305776e-05;1.1995818756673751e-05;1.227539245846128e-05;1.265708325839366e-05
2344.983617537717;3.170619801090742e-07;2.0448254082234934e-07;1.3749749419584637e-07;1.6396838899932837e-07;1.943328252251907e-07;1.46057270697501e-07;8.052872657936407e-08;4.67885241459761e-08;2.913342989432801e-08;1.6714581575507655e-08;1.8178444433361533e-08;4.107954458916144e-08;7.555112331422342e-08;1.1484253533632633e-07;1.0806789044700689e-07;8.52666037276678e-08;6.265485211761442e-08;4.3407750701321635e-08;2.7672181825332796e-08;1.9026649925483825e-08;1.8580976457810973e-08;1.936536261004864e-08;1.4006441573417737e-08;6.964904331775833e-09;8.852911070859145e-09;2.5893349001709863e-08;4.424776737170057e-08;4.263041538684888e-08;2.3656054723565713e-08;8.254333867303095e-09;6.1870885175434415e-09;1.1767752423323383e-08;3.121471969484148e-08;6.454582053436158e-08;1.0131437686638916e-07;1.2180003696687198e-07;1.0135932026674765e-07;6.045506475414653e-08;3.6069132000337965e-08;2.5940749992254542e-08;2.7474001618649828e-08;6.724615469528987e-08;1.6303746163900865e-07;2.604368469413552e-07;3.602554425167418e-07;5.840932225440595e-07;1.2572103139766712e-06;2.654225393810182e-06;4.800300639855846e-06;7.397136575347197e-06;9.79291958456501e-06;1.1835850091690273e-05;1.3360170726897887e-05;1.4286044955267068e-05;1.5107970504983524e-05;1.6072160639585064e-05;1.7373473470323536e-05;1.892348138980813e-05;2.0380462000865656e-05;2.1365021095814328e-05;2.166954406931576e-05;2.1458876404246105e-05;2.0931012445665077e-05;2.018515425461466e-05;1.9327386760960623e-05;1.846332943299429e-05;1.7857098633854107e-05;1.7842858490225312e-05;1.8350237050833507e-05;1.890683864112462e-05;1.941024702311123e-05;1.9417423781623905e-05;1.896487110608994e-05;1.834723786911833e-05;1.778834827659778e-05;1.7291098222284535e-05;1.6830055455665877e-05;1.6342179386472067e-05;1.594024228589456e-05;1.5356920706567952e-05;1.4604884619283946e-05;1.388627527328566e-05;1.344769911803582e-05;1.3373680996013146e-05;1.3749347443787882e-05;1.440028547484405e-05;1.4954499781099938e-05;1.519843470630089e-05;1.504758207735285e-05;1.4816790787884057e-05;1.4754507936021808e-05;1.501512348158802e-05;1.537903272802518e-05;1.527876260796277e-05;1.4652827578944902e-05;1.3277094804705827e-05;1.1995800551092566e-05;1.1428112986905173e-05;1.1594851993334434e-05;1.190548329066598e-05
2346.28592725196;1.5026164683619504e-07;1.0910630638187053e-07;9.827366652967723e-08;1.3714642201878134e-07;1.646902187282502e-07;1.2933642767681697e-07;6.924396364934998e-08;3.425685669883912e-08;2.0053980745201272e-08;1.5913573717175655e-08;4.600520531057432e-08;1.2097296047989654e-07;2.116488317756051e-07;2.5270708853959505e-07;2.299883849929491e-07;1.699023544862668e-07;1.0100181240761921e-07;4.707078537490122e-08;2.062872933246579e-08;2.121238094851493e-08;3.5158034452903455e-08;4.293787518815191e-08;3.1301898514766286e-08;1.3450689210491351e-08;5.625961292952669e-09;1.3188944886590877e-08;2.2812663137329937e-08;2.1750526467450956e-08;1.250430531664936e-08;7.911524633509385e-09;1.5477466448909552e-08;4.253982825179765e-08;8.568141226978167e-08;9.029836644788612e-08;6.486157867006478e-08;3.633770285178553e-08;2.2919625373078192e-08;2.0431565889110362e-08;2.078431658543951e-08;2.240784769764124e-08;2.1136757918933787e-08;2.1449753452127696e-08;3.986151051249993e-08;8.195192333825839e-08;1.5787386804534678e-07;4.112279651026497e-07;1.086241210633172e-06;2.463487827120397e-06;4.469141899927436e-06;6.78616969508361e-06;9.04137454802106e-06;1.1062257058660884e-05;1.2789673878187422e-05;1.4314096260064709e-05;1.5647274770373895e-05;1.693151793758525e-05;1.8298053372824484e-05;1.967317767359233e-05;2.08850113572382e-05;2.1548367030397094e-05;2.154230879655101e-05;2.113180190927784e-05;2.0668393345330428e-05;2.0418055261140268e-05;2.032637641937087e-05;2.011538886831038e-05;1.9881213136917364e-05;1.9675895747469204e-05;1.9593512991176838e-05;1.9771830344292044e-05;1.972110767392547e-05;1.9250727638699165e-05;1.8631527255279752e-05;1.821966194167364e-05;1.8019684185970267e-05;1.779259663170252e-05;1.7574935475951278e-05;1.6958194305240106e-05;1.6127532593215478e-05;1.542916011513715e-05;1.494156898013697e-05;1.4593025610950834e-05;1.4423616611452496e-05;1.4528102714773548e-05;1.4729446059292622e-05;1.481452632656375e-05;1.4818711416012584e-05;1.4592720161175413e-05;1.43128786593487e-05;1.4183552531197654e-05;1.4320326498522058e-05;1.468301585617144e-05;1.501644689862014e-05;1.5076264181762676e-05;1.4854023038545566e-05;1.4326318327164522e-05;1.3673647713591322e-05;1.3261071495798326e-05;1.3038249491074125e-05;1.3038628237205042e-05
2347.587626578876;1.4565533923840038e-08;3.051513459131678e-08;6.160284242727314e-08;8.8986446587576e-08;8.929587906294964e-08;6.489227495319304e-08;3.224902726720182e-08;1.3333264593128789e-08;1.39212505435316e-08;4.2508708021593934e-08;1.1925254679853484e-07;2.4656125060199377e-07;3.313112457435292e-07;2.786096435128343e-07;1.9595789185908042e-07;1.1086389463694849e-07;5.816752136587145e-08;2.686572774335981e-08;1.1419955935492153e-08;1.9483517891151743e-08;4.1510255373072006e-08;5.422564797196848e-08;3.8693966800234573e-08;1.475031043105046e-08;3.6636150284887396e-09;1.6838268522009915e-09;1.2425274504578966e-09;2.2434591902997603e-09;3.665320141223739e-09;8.477893210894421e-09;2.8392580383055563e-08;7.990267552713344e-08;1.427647495349765e-07;1.6268936083413898e-07;1.2318568501521742e-07;6.648822687047403e-08;2.9839799693013624e-08;1.3021142283846437e-08;9.54778967730268e-09;1.4382109631433442e-08;1.7569414587423933e-08;3.0437357652388245e-08;7.091993880448213e-08;1.3278723007309828e-07;1.8264047412058305e-07;2.997600582869503e-07;6.957398840006926e-07;1.5632490016416445e-06;3.0890648154928827e-06;5.142020750554931e-06;7.417380209013044e-06;9.650713749692468e-06;1.182612635050475e-05;1.393984615601303e-05;1.5883918751385226e-05;1.750534491284159e-05;1.898545718565789e-05;2.0266074707288463e-05;2.130589254018726e-05;2.1750314293028736e-05;2.143593281024616e-05;2.0683959329203843e-05;2.014371024113985e-05;2.0216888095570016e-05;2.077886443798004e-05;2.1291604871391733e-05;2.13995429039378e-05;2.102979414794336e-05;2.031454509731052e-05;1.943989440810256e-05;1.8391949955337995e-05;1.7319667894489512e-05;1.653424593830139e-05;1.6420838292206818e-05;1.7013497178858628e-05;1.788565423972435e-05;1.8374957206328903e-05;1.81769255907058e-05;1.7241538970061777e-05;1.6146323462528068e-05;1.5248407633921044e-05;1.4712852179922386e-05;1.4589509845690643e-05;1.4734885087560634e-05;1.4855228339132598e-05;1.4827545963657998e-05;1.4736225125054784e-05;1.4707057777109043e-05;1.479877736252107e-05;1.4935327390832172e-05;1.4935069022310294e-05;1.4664610312465276e-05;1.429926493828526e-05;1.4251195351613024e-05;1.4609754335681416e-05;1.5195735479534843e-05;1.57766184702276e-05;1.5953168698111566e-05;1.575005590421825e-05;1.5488336088690967e-05
2348.8887156046585;2.3192629946274175e-08;4.561431403895504e-08;6.975316960000645e-08;6.336481033121418e-08;3.3248248416349755e-08;1.0876303756694316e-08;3.178517919299139e-09;4.591947762992979e-09;3.1626818439272654e-08;1.1597069796606179e-07;2.617995556779243e-07;3.800942098872453e-07;3.89896301893624e-07;2.594999579828905e-07;1.0566022646811605e-07;3.1908567901798315e-08;1.302161358376589e-08;6.198677616866086e-09;4.813145972481048e-09;1.5896777093779622e-08;4.2678380194605306e-08;5.9005240595338055e-08;4.2325787959611044e-08;1.6331691050991652e-08;1.4332127264580722e-08;3.382501009854698e-08;6.088584377415645e-08;8.52753273432946e-08;1.0298931470083348e-07;1.1109429212836748e-07;1.1564530341552737e-07;1.2323088891639416e-07;1.2284154444597544e-07;1.1198129701746109e-07;7.424111987039085e-08;3.7371994886510496e-08;1.70699199096233e-08;6.339664264951004e-09;4.33292958352663e-09;6.900025825262892e-09;1.059225988847508e-08;1.668995149293964e-08;3.679123473396309e-08;8.119680693457742e-08;1.949292739676681e-07;5.013848625042848e-07;1.0945070255490813e-06;2.067932549181451e-06;3.530270604160032e-06;5.417393739889652e-06;7.488690825959172e-06;9.531502626864856e-06;1.1368828742391102e-05;1.3044153657772652e-05;1.4462778552989696e-05;1.6012458664706986e-05;1.7716412595130165e-05;1.9518597590811195e-05;2.109546276806797e-05;2.2026603266220184e-05;2.19233228235989e-05;2.1239581165388357e-05;2.060300346410677e-05;2.042755714729187e-05;2.076504247949069e-05;2.1430342032860777e-05;2.180304884540728e-05;2.17412536797049e-05;2.120198605215074e-05;2.0120719107319864e-05;1.8647004526148712e-05;1.7134995220628492e-05;1.5718860811437587e-05;1.5239399993993173e-05;1.535838459097047e-05;1.6220055316638508e-05;1.703542210553976e-05;1.754467820595545e-05;1.7699061998678656e-05;1.72872732849695e-05;1.6741459037651858e-05;1.6006392489438193e-05;1.5223128359846906e-05;1.452165706907815e-05;1.4176100693466295e-05;1.4320106389054222e-05;1.4889452572639486e-05;1.5666981635044232e-05;1.6279871241324973e-05;1.6391007256215576e-05;1.5875446152424873e-05;1.473135636354272e-05;1.35996622978227e-05;1.2930478772004287e-05;1.3333723010054503e-05;1.4519142344315964e-05;1.5970216033894574e-05;1.7014463935559434e-05;1.7368038588676878e-05;1.7454310701823156e-05
2350.1891944155104;2.6412233592415178e-08;4.570925848527668e-08;7.73832043854887e-08;9.209577240305242e-08;8.707974989377548e-08;7.771025464433e-08;6.412231308458317e-08;4.6031122113991646e-08;7.174509935038955e-08;1.6911632469139882e-07;2.6299717335110884e-07;2.790539691298585e-07;2.2084454530340067e-07;1.2635695594099412e-07;3.6223361037619624e-08;1.3079269595918051e-08;1.2074275129325336e-08;1.0953174174371307e-08;8.428171302065703e-09;1.0827594653391834e-08;2.2921957150477396e-08;3.2024139357731426e-08;2.401174650868264e-08;1.3716198357442177e-08;2.6100805815002225e-08;6.775983059654447e-08;1.209003869726206e-07;1.6622157567975705e-07;2.0187870559799665e-07;2.373298234143725e-07;2.887581594418613e-07;3.216530097822541e-07;2.6285547280692684e-07;1.3754815640840402e-07;4.5707975953720734e-08;1.5221053097078365e-08;8.329071479190241e-09;8.81950871612481e-09;1.5308172062588418e-08;1.9775895715345907e-08;1.5856568050180332e-08;1.0041394575648629e-08;2.2778966717547392e-08;1.3818728585859004e-07;5.100711138925415e-07;1.2742665097172175e-06;2.347643503654772e-06;3.6036689838505487e-06;5.012922378913246e-06;6.72753506189735e-06;8.646240435000217e-06;1.0521980849465684e-05;1.19470796026862e-05;1.284249827522844e-05;1.3540628668425358e-05;1.4601841215532272e-05;1.6101867418093442e-05;1.783323230066973e-05;1.9455385878649464e-05;2.0448820017673262e-05;2.0602602751305434e-05;2.023237188640636e-05;1.988414266558964e-05;1.990196222741652e-05;2.0419362381893728e-05;2.126454786974413e-05;2.2133544383859897e-05;2.2592676730455493e-05;2.235156571485863e-05;2.1716525627092667e-05;2.045711006623895e-05;1.874463947855693e-05;1.7072832993916417e-05;1.581741442807599e-05;1.5161810017743058e-05;1.5064630546321618e-05;1.5357273213842265e-05;1.5778934095094612e-05;1.642832259515841e-05;1.7018819312559595e-05;1.7267664489903977e-05;1.6777928700518962e-05;1.5618911302736098e-05;1.4344723047311052e-05;1.3723202112324324e-05;1.3977859888955732e-05;1.4930497986437564e-05;1.6049908202751402e-05;1.6813896435244696e-05;1.6829332445706425e-05;1.6113063439114374e-05;1.4901338534419266e-05;1.3624754383531688e-05;1.2644016280200786e-05;1.224417087238348e-05;1.2580857586006306e-05;1.361051192695572e-05;1.5013754282183473e-05;1.62050254560456e-05;1.6859262252798473e-05
2351.489063097666;1.49602279117974e-08;3.7355759079304445e-08;8.038864715531336e-08;1.2025235166797353e-07;1.6138210388685592e-07;2.640900411469791e-07;4.035211274325513e-07;4.353545619415702e-07;3.471999806751402e-07;2.546548360584633e-07;1.71794272507965e-07;1.024247749079235e-07;3.7618088235439784e-08;1.24293064566817e-08;6.540573669661678e-09;6.8413163631981115e-09;1.2428215250068817e-08;2.3837860010251765e-08;4.8422872445809145e-08;8.039186091324861e-08;9.651939014742817e-08;8.57655233651594e-08;5.9027732046735074e-08;3.436722089939615e-08;2.7007068212315264e-08;4.133366258350122e-08;6.41081257804993e-08;8.512030604846878e-08;1.1718647031404429e-07;1.985978658909993e-07;3.5964550504249026e-07;4.901896799420591e-07;4.160231496387968e-07;2.057062991201339e-07;6.215611269211839e-08;2.1596142716994725e-08;1.21340389996627e-08;1.4913300595665364e-08;2.7377906719461952e-08;4.343117180250077e-08;8.946695897935209e-08;1.855654472829908e-07;2.7191604611235386e-07;4.023742722011781e-07;7.99113119211853e-07;1.572107940349978e-06;2.629558457764049e-06;3.901990361807179e-06;5.415229481402479e-06;7.191317901015675e-06;9.072195796940991e-06;1.0859641957284593e-05;1.2179208645562856e-05;1.3058536988250343e-05;1.4031098946575315e-05;1.5123122141372853e-05;1.6554302095269418e-05;1.8028078327689977e-05;1.917357665667648e-05;1.959526944375808e-05;1.94143782169212e-05;1.8991716690284683e-05;1.89267784530858e-05;1.960878669316617e-05;2.08846956566237e-05;2.2184084022101007e-05;2.30133094830246e-05;2.3061114808602277e-05;2.231530048067017e-05;2.124319587367612e-05;2.021570105713951e-05;1.919864919692094e-05;1.8707320708978907e-05;1.8077985697230472e-05;1.7676952251945833e-05;1.7221561434597136e-05;1.6665563670027704e-05;1.5970704783882003e-05;1.5590851621314902e-05;1.5441616098731145e-05;1.532240609218104e-05;1.509090644705748e-05;1.4699367672278046e-05;1.4275945378009854e-05;1.4052134373352516e-05;1.423653407166046e-05;1.4641234881755126e-05;1.5008686764671567e-05;1.5129099210923978e-05;1.4914658653576056e-05;1.4423468518135664e-05;1.3864398074966727e-05;1.3338636435878813e-05;1.309155851485679e-05;1.2981437296277007e-05;1.3112328249630618e-05;1.3444671135949626e-05;1.416410863682696e-05;1.5116519657210914e-05;1.564827319364965e-05
2352.788321737374;2.4711318349825783e-09;1.5435453578014427e-08;3.971369559264685e-08;6.000945787663873e-08;1.1177295934538667e-07;3.115181897839756e-07;6.194098391261099e-07;7.457360376808342e-07;5.818945034296602e-07;3.288113352149293e-07;1.538743567713709e-07;6.02053079530302e-08;2.2470504746869095e-08;1.2137146086830032e-08;6.9788954008294865e-09;4.875485215189317e-09;7.735236090976737e-09;2.380400355286392e-08;7.805793219150928e-08;1.5089475247347858e-07;1.883842499519431e-07;1.668419464860854e-07;1.1288152172096213e-07;5.805798247900365e-08;2.423752322387554e-08;1.0522762592501024e-08;5.762265543551821e-09;5.843722751319283e-09;3.4749049991978914e-08;1.3724026195246422e-07;3.188147751222713e-07;4.168201750827754e-07;3.134621485090111e-07;1.4548023948494216e-07;4.630680077110993e-08;1.7325557820671485e-08;8.927988819572748e-09;9.087029284689851e-09;1.579895235017267e-08;4.041750194229953e-08;1.4606712970324685e-07;3.500114576290236e-07;4.817658905374711e-07;4.503663917029767e-07;4.849128579547923e-07;9.400454626269076e-07;1.957146871100572e-06;3.4717085826955967e-06;5.430167765318018e-06;7.48105790900134e-06;9.299389685887353e-06;1.0722607779912483e-05;1.1862402220057615e-05;1.2970349748215958e-05;1.4312052781444904e-05;1.6071930594277855e-05;1.793351549417971e-05;1.957864347086311e-05;2.0610402643104257e-05;2.0734202222529244e-05;2.005897348775101e-05;1.923843828479337e-05;1.9090481607897292e-05;1.991767780449911e-05;2.1337253850888392e-05;2.250640763860283e-05;2.26429382332746e-05;2.199634740319552e-05;2.0956019756535465e-05;2.001007041268763e-05;1.94539416572376e-05;1.924613146595528e-05;1.918920497388269e-05;1.9044830849631e-05;1.875780523112526e-05;1.8337126134464487e-05;1.7775414012713545e-05;1.7045236497297677e-05;1.62691571841354e-05;1.5589796482295702e-05;1.5156663004776926e-05;1.4947973978254191e-05;1.471204903469788e-05;1.4342225720755258e-05;1.39576563897748e-05;1.3553555396882434e-05;1.3337499497933691e-05;1.3249251539841304e-05;1.3183043701071003e-05;1.3010385707124731e-05;1.2637570450781284e-05;1.2321671657576812e-05;1.2320495067746098e-05;1.3004136728435702e-05;1.3992262717193458e-05;1.4999183136921469e-05;1.5685531458593564e-05;1.604244600717861e-05;1.6161865146266645e-05;1.6173818536290007e-05
2354.0869704209035;2.008253681727044e-09;1.1236696303984305e-08;2.5020166655766077e-08;2.8024065210262884e-08;3.8882878782024756e-08;1.252976637787416e-07;2.7996481634037365e-07;3.5421151892315574e-07;2.840364972850518e-07;1.6455405825692506e-07;7.362631483182766e-08;2.532776715817176e-08;1.877715068348691e-08;1.853396273019653e-08;1.914982356319049e-08;9.952544249277043e-09;3.3828204016557573e-09;8.852529468141677e-09;3.639038746810404e-08;7.490172209750908e-08;9.485331734591873e-08;8.525526391319054e-08;6.007691365253748e-08;4.1242896453891215e-08;2.96359182003681e-08;2.3123317963404246e-08;1.1516006143878862e-08;1.1270238075469768e-08;5.17294429211643e-08;1.7652737317907598e-07;3.119051191931302e-07;3.15704919370774e-07;2.038518054573224e-07;9.022411793194013e-08;3.440363655712083e-08;1.3404089392096915e-08;5.7542210616554454e-09;3.627401994540532e-09;5.882229220944188e-09;2.0971467285217533e-08;7.648476177170544e-08;1.7735004046776425e-07;2.439596910918772e-07;2.1967810854954697e-07;2.400557543577292e-07;6.962777968053172e-07;1.839170303887276e-06;3.562373306459003e-06;5.545542622310405e-06;7.447984582639289e-06;9.059799566021488e-06;1.035045379419942e-05;1.1735703412307788e-05;1.3257204876781097e-05;1.5061508506259465e-05;1.728062898183709e-05;1.929784281399326e-05;2.068673060987746e-05;2.1468129108735752e-05;2.1581595594980028e-05;2.102259407667927e-05;2.0120847496368355e-05;1.959347422441741e-05;1.9845592961308483e-05;2.0326069668826035e-05;2.091173477226206e-05;2.1152666792986e-05;2.0808092909716936e-05;2.025573842594474e-05;1.9772579667020384e-05;1.924838053115447e-05;1.86144448070556e-05;1.7873289647930928e-05;1.719383659149305e-05;1.6923703986756656e-05;1.7166113680277473e-05;1.7601711062301463e-05;1.7955028937554288e-05;1.7673481522289756e-05;1.721631499399373e-05;1.6702108121526682e-05;1.6254873300386454e-05;1.5669623304544167e-05;1.4863609975393215e-05;1.4107510854470448e-05;1.3460380213788949e-05;1.3238156043542988e-05;1.3539484914964244e-05;1.4039623618340448e-05;1.4403903850918146e-05;1.4365521685006736e-05;1.4015845354773963e-05;1.3616885950257944e-05;1.370451362499138e-05;1.4201835328747255e-05;1.5002773526015576e-05;1.5681963278125066e-05;1.6090246993575532e-05;1.63410941096575e-05;1.6348162111559297e-05
2355.3850092345347;2.2446646704298027e-07;1.9523368539137044e-07;1.878970664706665e-07;1.9234290192244477e-07;1.9654321200188842e-07;2.1174333945674717e-07;2.305455950225113e-07;2.252840064050078e-07;1.7568376119787037e-07;1.026686433583842e-07;4.7108437951490563e-08;2.226527612429672e-08;2.2196119458163692e-08;3.3707640028614e-08;3.192064664852624e-08;1.7005697091400886e-08;5.429245779993686e-09;1.7271631739956491e-09;8.365930209990526e-10;1.077232803699392e-09;5.060607204027005e-09;1.7169175367442237e-08;4.3528891797402435e-08;9.368362202232113e-08;1.1466914110198977e-07;8.941147755416813e-08;4.4402936143932196e-08;2.504096567045184e-08;7.02328525413864e-08;1.93461353455404e-07;2.7099610905557177e-07;2.738665921306968e-07;3.166051473474639e-07;4.343281327936289e-07;4.7470104252578083e-07;3.693733577481277e-07;1.9586574208132832e-07;6.922711006514319e-08;2.547404201066184e-08;2.3832104239479774e-08;4.242721531375159e-08;8.152699613788893e-08;1.2196552059835625e-07;1.7917884868190768e-07;3.531977046753313e-07;8.400176695951925e-07;1.7785623260591997e-06;3.1398659293537563e-06;4.668485810398389e-06;6.204701224024512e-06;7.871836519758417e-06;9.724790188155137e-06;1.1767656809248006e-05;1.3896588395224674e-05;1.5963871470341396e-05;1.7952529499144983e-05;1.967378391486064e-05;2.0872680104106214e-05;2.1551837009511693e-05;2.1658672163105176e-05;2.1123975070331305e-05;2.0154443789849383e-05;1.916794108315999e-05;1.853553236693125e-05;1.8472079675866452e-05;1.904260593420031e-05;2.0038098403746903e-05;2.07224802564834e-05;2.067132387655416e-05;1.9957657043080908e-05;1.8931122302706955e-05;1.7764443211746724e-05;1.677644138696825e-05;1.631442131474333e-05;1.6451707653089077e-05;1.6992678522499843e-05;1.7538204270570416e-05;1.7686106987573846e-05;1.7302532992319657e-05;1.6654497048688958e-05;1.6087469865138032e-05;1.5849297157455753e-05;1.5870194998220715e-05;1.5853345654125912e-05;1.5541986536014615e-05;1.5221760403632171e-05;1.5050483761543168e-05;1.5247960191272477e-05;1.5827770374864706e-05;1.6517788217908062e-05;1.682445403954656e-05;1.6429071828341992e-05;1.5559327722784397e-05;1.4458417123771565e-05;1.3684548019813983e-05;1.329936645136258e-05;1.326851255015279e-05;1.3596038681702654e-05;1.410853879555499e-05;1.462386929162582e-05
2356.6824382645827;4.427741648723612e-07;3.5665415675656945e-07;3.0087208097824e-07;3.0424395057417585e-07;3.535893367481732e-07;4.271989297979445e-07;4.785492764207254e-07;4.613928034452977e-07;3.551212036256431e-07;2.1808977633295938e-07;1.4358262132736389e-07;1.1798823439085001e-07;7.842105683740655e-08;5.3423968861571214e-08;3.1245582520476064e-08;1.8478903939280445e-08;1.5841151471173887e-08;1.5753851276668534e-08;9.917564816273147e-09;5.306627240455286e-09;1.5314365691689303e-08;4.8462808141879964e-08;1.007043593888362e-07;1.5652540634581488e-07;1.730798099641738e-07;1.2456004279319126e-07;7.433879059541738e-08;7.20887191253374e-08;1.2394732015751466e-07;1.8779295640668897e-07;1.8988556356503658e-07;2.0162137127257602e-07;4.175717128100928e-07;7.697249892484368e-07;9.103097152570846e-07;7.242780693483102e-07;3.858586225433995e-07;1.3462356603185597e-07;4.323444240529336e-08;3.257852944699448e-08;6.943867266578279e-08;1.534401263790669e-07;2.2030977569845765e-07;2.664623395794938e-07;4.209637378380375e-07;8.389266723996235e-07;1.5504062921894582e-06;2.522742642701781e-06;3.702789594058764e-06;5.108793360389333e-06;7.001687028014724e-06;9.384949588187073e-06;1.1982832020507912e-05;1.4490472849456454e-05;1.6489824755291346e-05;1.789560573597655e-05;1.885834531958988e-05;1.9453970256264992e-05;1.978428617654947e-05;2.0059706396211628e-05;2.0099307902285535e-05;1.962381354176067e-05;1.917876346750312e-05;1.843502366423287e-05;1.802051990519313e-05;1.811204378444252e-05;1.8571892227347294e-05;1.928965202875301e-05;1.9522444992138448e-05;1.900937627861972e-05;1.8342222528804013e-05;1.796317768702589e-05;1.812822996693713e-05;1.8584704044993837e-05;1.8854305088935018e-05;1.852781350397116e-05;1.7646257734145007e-05;1.6573708095162107e-05;1.5507752829334945e-05;1.493707500072831e-05;1.489072417515387e-05;1.5247257299145296e-05;1.5830345188358904e-05;1.6245843999374307e-05;1.6242354770550832e-05;1.5900067811637917e-05;1.546524295772708e-05;1.5290154837947586e-05;1.552811043811163e-05;1.5979985577946272e-05;1.6136115119906537e-05;1.5757160347222023e-05;1.5174223318045777e-05;1.4301055341892292e-05;1.392158304991091e-05;1.3559446079372103e-05;1.3171549488984472e-05;1.2663829984886714e-05;1.2185933450651864e-05;1.2013470292851796e-05
2357.9792575973734;2.2031099560142402e-07;1.7275523074281396e-07;1.3894554404068944e-07;1.4401312590465513e-07;1.8675158590454384e-07;2.433411012028372e-07;2.723343857112663e-07;2.504407041036825e-07;1.8708755255093138e-07;1.3792993652674414e-07;1.6866884010879197e-07;2.121040147809775e-07;1.7826345637985642e-07;8.85647174732013e-08;3.071012149296198e-08;1.9554945819160972e-08;2.7124605010419898e-08;2.9611592426937315e-08;2.0941867923576986e-08;3.206149257956304e-08;7.607225326027942e-08;1.2622265017561034e-07;1.4872603571728714e-07;1.341785295346152e-07;1.0542186297607912e-07;6.515336944848403e-08;5.8401882169875744e-08;1.025970986481004e-07;1.7171201724010626e-07;2.0457651143094987e-07;1.6253153463688939e-07;1.1318483992237368e-07;2.129081605490299e-07;3.858054804631661e-07;4.556791122299575e-07;3.630828936344895e-07;1.943953220817917e-07;6.96902261919895e-08;2.38579286700475e-08;1.771333060265474e-08;3.54093357655115e-08;7.964604240682552e-08;1.2943683943925966e-07;2.0026440312139105e-07;4.098501766489783e-07;8.794101382187585e-07;1.7224337545219384e-06;2.943395176044013e-06;4.443820678251191e-06;6.107719951866222e-06;7.918267624515205e-06;9.800144386489965e-06;1.2090574507039915e-05;1.4232041519761396e-05;1.6062334644090125e-05;1.725097151364887e-05;1.7815354301759533e-05;1.7995564876708868e-05;1.818585414482879e-05;1.8661270143973543e-05;1.9453982856796863e-05;2.038065538424869e-05;2.109783168999571e-05;2.127179720902116e-05;2.070612256454304e-05;1.957489298119827e-05;1.8480963890132857e-05;1.779976861005798e-05;1.7658545518843564e-05;1.749048196352767e-05;1.7512727498374013e-05;1.809385068661876e-05;1.9247369806932507e-05;2.031911097526673e-05;2.0551202870168964e-05;1.963803293415193e-05;1.80312989257118e-05;1.6342319835508267e-05;1.5105582622742393e-05;1.4631738917984206e-05;1.4768261675847355e-05;1.5151098940654312e-05;1.561249168134358e-05;1.5737111452666773e-05;1.535995056393687e-05;1.4769028509386877e-05;1.4207503402877053e-05;1.3941313980234462e-05;1.408714248227506e-05;1.4486246723742827e-05;1.4850025227016502e-05;1.5035245187384883e-05;1.5130321778229996e-05;1.5396038780953126e-05;1.590359611189046e-05;1.6197581770433007e-05;1.5525546424231103e-05;1.3786232904072969e-05;1.1908857975646314e-05;1.0539383075827648e-05
2359.2754673192467;2.232617174287745e-09;1.1767786591820902e-09;2.0563579653817518e-09;5.663709619932283e-09;1.3428654995815581e-08;2.398605742617128e-08;2.3387980082709324e-08;1.3737364912670526e-08;8.300565339622255e-09;3.1120551569754486e-08;1.1846877905754746e-07;2.3678244483698058e-07;3.072250884266135e-07;2.425997093595181e-07;1.2864537612792078e-07;5.5620527656048654e-08;3.136063335144755e-08;2.4127298661240542e-08;2.1460524114140568e-08;5.402853158805738e-08;1.3029673095664948e-07;1.866198232057415e-07;1.761779915373935e-07;1.1769852998555548e-07;5.641315194788793e-08;2.0502555604660172e-08;2.3193930410896715e-08;5.443711208432944e-08;1.1092487035946829e-07;1.727287593782476e-07;1.904936481436787e-07;1.9024870206781807e-07;1.5943383150977438e-07;1.0673350317880289e-07;6.061149352808211e-08;4.5760623813277636e-08;5.8231363684598233e-08;8.897133704202267e-08;1.2840524261743685e-07;1.718129004762622e-07;2.200515495713909e-07;2.781686434022548e-07;3.5093954643344e-07;4.440390406151505e-07;6.05908474819251e-07;9.175001739366952e-07;1.6659548144100647e-06;2.98902237318405e-06;4.819710163936873e-06;6.85422762370524e-06;8.807649466659935e-06;1.0453058653294732e-05;1.2081512583571573e-05;1.3729815040781007e-05;1.5360525895257072e-05;1.6659474324335828e-05;1.751812327357952e-05;1.799857778094608e-05;1.830088475216385e-05;1.863265732240964e-05;1.908380093486857e-05;2.019978269205112e-05;2.1316409632016e-05;2.2403668555496973e-05;2.3034916076338837e-05;2.2765694767832224e-05;2.176570021084989e-05;2.02240688095426e-05;1.853747036309233e-05;1.718038820698981e-05;1.659996759682016e-05;1.7024017097813682e-05;1.788971603863079e-05;1.879233510434679e-05;1.9200492663624376e-05;1.884705862823775e-05;1.787533625842781e-05;1.6595371486653233e-05;1.5568224040997672e-05;1.5031213910531795e-05;1.499584617551147e-05;1.5174424785198436e-05;1.5293056170311506e-05;1.5132972477765736e-05;1.4683532681325053e-05;1.4105391193721637e-05;1.36947113041667e-05;1.3745847011522769e-05;1.4186059102353892e-05;1.4675566735632576e-05;1.5021566372361215e-05;1.528035226045944e-05;1.523223492764185e-05;1.558204068287862e-05;1.577671068137337e-05;1.5715282548315783e-05;1.5026678806283405e-05;1.3660977550548936e-05;1.2061128328950612e-05;1.084384325354052e-05
2360.571067516572;1.847148074883204e-08;9.185103345263383e-09;3.455093074172309e-09;2.259062938207791e-09;2.674425924842729e-09;6.1130192413981614e-09;1.0970878931784416e-08;1.1416847735170977e-08;8.541566274834608e-09;1.968910808811495e-08;7.737943959403721e-08;2.2853041467579826e-07;3.709620842027079e-07;3.6343097686212973e-07;2.225114153907131e-07;9.041971851162457e-08;3.619950617792573e-08;2.5274537389033525e-08;2.8064397388061865e-08;4.3454199068412066e-08;7.203912695654952e-08;1.0804479585495156e-07;1.369520398376897e-07;1.2597851309081665e-07;1.1238641154915232e-07;9.910927699592887e-08;9.058110470228804e-08;9.19285120652888e-08;1.1800453028451677e-07;1.749062210843478e-07;2.498593412974408e-07;3.065432266858295e-07;2.922099791388191e-07;2.0310713700066165e-07;1.166155642095273e-07;8.931248538316456e-08;1.2595099103692577e-07;2.1359936333738045e-07;3.236172268436856e-07;4.324750727240089e-07;5.270554899060893e-07;6.021134116571416e-07;6.759176925483163e-07;7.606895237480426e-07;8.185877924722389e-07;9.329621630129564e-07;1.329039125970695e-06;2.2902425331480738e-06;3.985549882644483e-06;6.302498278627741e-06;8.617750663953495e-06;1.0963006645895914e-05;1.2916595922605383e-05;1.4715621652537168e-05;1.6188015273101727e-05;1.7226366263577668e-05;1.8074038672348293e-05;1.8751933346022184e-05;1.934477450654116e-05;1.981117632884166e-05;2.0089387052074155e-05;2.0417611546277212e-05;2.096946122457376e-05;2.182342454932546e-05;2.2937632910895934e-05;2.358831395726168e-05;2.2904939378708585e-05;2.132875224195484e-05;1.8847608220244905e-05;1.6824324707421717e-05;1.6034692392312297e-05;1.6228977041738613e-05;1.6725346556352693e-05;1.7035894293568027e-05;1.7004114336366938e-05;1.6738022211426472e-05;1.6174190829429534e-05;1.551263231847854e-05;1.4939953868262904e-05;1.4587659647005224e-05;1.4416870754074278e-05;1.4386061973398114e-05;1.4351350196918422e-05;1.4381914845565885e-05;1.454300554492661e-05;1.4697941426590066e-05;1.4990521060999353e-05;1.5329352976269336e-05;1.5613390086801725e-05;1.5669856671953524e-05;1.549010989348044e-05;1.5208366915006904e-05;1.490989949524067e-05;1.4768291249157865e-05;1.4559794157638228e-05;1.4233545777597262e-05;1.379432217635322e-05;1.3375899834334218e-05;1.3017159774302456e-05;1.287684865272263e-05
2361.8660582757257;1.3399631794054148e-07;1.0854875894324687e-07;7.099690088177504e-08;3.410344404080327e-08;1.0432735396810509e-08;1.5058085213512275e-08;3.4722519656267874e-08;4.2299903595510326e-08;3.083497275291448e-08;2.1636386805415492e-08;3.7569201691890616e-08;1.0820921545939909e-07;1.779605843438182e-07;1.776287967233289e-07;1.1022261018878473e-07;4.629333708288744e-08;2.957516892596072e-08;4.514329328262588e-08;5.298900932786509e-08;3.2840640460900194e-08;1.3563673114387688e-08;2.7458920089920024e-08;7.777855886852954e-08;1.340324933539611e-07;1.6823912231977177e-07;1.7930451108436965e-07;1.768542833709809e-07;1.7467450184257005e-07;1.827975394374107e-07;1.7932683868157064e-07;1.835263681202982e-07;1.746407283649214e-07;1.5200828699099702e-07;1.0436740072540077e-07;5.964160734947351e-08;4.704612009824393e-08;8.252269723996515e-08;1.6796551334649348e-07;2.694927741713616e-07;3.552803208953905e-07;3.974923122652319e-07;3.872137715207282e-07;3.927287517074102e-07;4.769069518158657e-07;6.614315670689869e-07;9.68654941011696e-07;1.5149666023411498e-06;2.3419363215328967e-06;3.7864810030735465e-06;5.848984243544884e-06;8.153659434116482e-06;1.058504693824817e-05;1.2866616977284263e-05;1.4787876880309416e-05;1.6180421438951216e-05;1.7270537359337466e-05;1.815721100627044e-05;1.90061011192834e-05;1.9925901285877222e-05;2.0754600178998996e-05;2.144042642304843e-05;2.174651171760494e-05;2.196361311703228e-05;2.1917205071157677e-05;2.1665053449950276e-05;2.0694289318001236e-05;1.9371299435146743e-05;1.796149207430871e-05;1.682587343955014e-05;1.626616530460883e-05;1.6301609670057357e-05;1.664815944840357e-05;1.6792026958043197e-05;1.6562122177817266e-05;1.6076972055689877e-05;1.5545112348122417e-05;1.5184405338097551e-05;1.4983849254815205e-05;1.4903048102408862e-05;1.4810868990184902e-05;1.454239545677814e-05;1.4403846377775964e-05;1.455372437988219e-05;1.4992518830447078e-05;1.559294444955831e-05;1.6192576615772054e-05;1.6579117618969416e-05;1.6619769727115398e-05;1.641126828321088e-05;1.6144739704378214e-05;1.5927744607631425e-05;1.5709425771826946e-05;1.569406210906211e-05;1.5603148872179036e-05;1.5314478439821055e-05;1.4917957254167224e-05;1.4556748637994332e-05;1.4457945174799258e-05;1.4760972546103649e-05;1.5225580086635435e-05
2363.160439683117;2.3446632575411517e-07;1.997973737579689e-07;1.3676603464282525e-07;6.708834195497257e-08;2.568063049263284e-08;3.569882707399388e-08;8.952725764326837e-08;1.591503233509275e-07;2.026710519539446e-07;1.7388015916481764e-07;9.475862444187125e-08;2.2722068188682186e-08;6.613528753921094e-09;1.0200122796163084e-08;9.014237754265297e-08;2.294402387925037e-07;3.499686660293976e-07;3.620790699290484e-07;2.537031160779145e-07;1.1102747338285104e-07;3.785678099129025e-08;2.5408512867250425e-08;3.7059582625690726e-08;7.092500791810099e-08;8.562730150108805e-08;9.179952959192007e-08;9.46351335637774e-08;9.829480849397679e-08;9.72733571483207e-08;7.958678908210392e-08;5.485941110372843e-08;4.42613146416845e-08;4.5836871504032154e-08;3.50060296475452e-08;1.5281803672682952e-08;5.8129401544456926e-09;1.500280512424067e-08;4.1984719409862833e-08;7.306924865287353e-08;9.982746255423309e-08;1.1828540796796825e-07;1.2502175047064826e-07;1.9052268144759362e-07;3.061228506739387e-07;5.446911525078809e-07;1.123916640932918e-06;2.034187992784792e-06;3.106063191649444e-06;4.2205816818498026e-06;5.25907930368269e-06;6.590871486684727e-06;8.088388988296292e-06;9.986979821738728e-06;1.2306251193683574e-05;1.4712149594673794e-05;1.7037399530863095e-05;1.8651316553173022e-05;1.947762547697096e-05;1.9786748022102643e-05;2.0122340514744163e-05;2.00292085582585e-05;1.985505942729053e-05;1.946991754834809e-05;1.8885542482884405e-05;1.801868911530356e-05;1.7248879642357447e-05;1.713162660184834e-05;1.7011845961860862e-05;1.7077930937292365e-05;1.717004079855748e-05;1.7230640451467416e-05;1.7199833382833415e-05;1.6854616661377057e-05;1.6440287690081723e-05;1.6155938555702446e-05;1.6068036092365427e-05;1.642690444849986e-05;1.679531625352122e-05;1.7072607549743765e-05;1.7123471350159324e-05;1.7000895564239273e-05;1.6963353010860364e-05;1.7061595642992325e-05;1.719151375651901e-05;1.7256256118960484e-05;1.718251860237986e-05;1.694281196971198e-05;1.658769483913885e-05;1.6225398960484168e-05;1.5966007877382946e-05;1.581446257382853e-05;1.5792691211279793e-05;1.580883323654469e-05;1.566056219048648e-05;1.5365510899654775e-05;1.5031368808949311e-05;1.4780803577040852e-05;1.4708974064586594e-05;1.4801642218014524e-05;1.4900596450515296e-05
2364.4542118251597;1.291572265627645e-07;1.254092324114419e-07;1.091450474313333e-07;6.769999379056832e-08;3.883834588103005e-08;5.1138942248037485e-08;1.301006782756858e-07;2.532492079111363e-07;3.50844806838377e-07;3.156600047460329e-07;1.7008632366712417e-07;5.763960640967906e-08;1.965193404841824e-08;3.2257274988652075e-08;1.7918461954046572e-07;4.559506170471521e-07;6.794080313704662e-07;6.653579938223479e-07;4.493009874705498e-07;2.6308407022107204e-07;2.2043508090491706e-07;1.9867288617025019e-07;1.1903800672942089e-07;2.9436546367452612e-08;8.924625395268989e-09;5.993274249631521e-09;8.002729901332608e-09;1.0869142440023272e-08;8.37720304162055e-09;1.1684748205859853e-08;4.5500617638733886e-08;1.1845218796439236e-07;1.6469725548242246e-07;1.436531304786545e-07;1.1648426455379005e-07;1.220041584741501e-07;1.218214911962584e-07;9.383478258398477e-08;5.762652433782071e-08;3.6552043257320694e-08;5.2341556023965894e-08;1.3124332651798958e-07;2.757900553083599e-07;3.849793366510089e-07;5.187280218790668e-07;1.1775889514004065e-06;2.3331609271959308e-06;3.843298407903555e-06;5.006955039859263e-06;5.527010578894363e-06;5.7220088606066255e-06;6.340338272366217e-06;7.970946634559262e-06;1.0800564169273693e-05;1.4427812257033165e-05;1.809405077428148e-05;2.05811197416596e-05;2.154693168996968e-05;2.1414456070439147e-05;2.0703332662177557e-05;1.951217102916244e-05;1.7963763162258005e-05;1.6509234083758183e-05;1.5411657132507763e-05;1.5069647970289943e-05;1.5801435630526857e-05;1.7071478203939093e-05;1.8113525831179865e-05;1.852340838900174e-05;1.8425615535026036e-05;1.805859627035855e-05;1.7467694694666268e-05;1.6888988889409383e-05;1.647413486487677e-05;1.6397283169742502e-05;1.679576972360809e-05;1.7508347634828803e-05;1.8249854122850332e-05;1.870892398398673e-05;1.8703351090145245e-05;1.8446985604617248e-05;1.804034310713136e-05;1.7684260872369756e-05;1.7524265224007023e-05;1.7268813721913017e-05;1.692991535478965e-05;1.6578159010477782e-05;1.6228975991043722e-05;1.587876972870103e-05;1.5440408729601855e-05;1.4952619037401716e-05;1.4475167340496302e-05;1.4142369277175436e-05;1.4056699238806942e-05;1.42411663148796e-05;1.4357265792409962e-05;1.4233586300205313e-05;1.3771572076111393e-05;1.3183115549739813e-05;1.275096963669721e-05
2365.7473747882977;1.6658049585219644e-08;3.726581258452685e-08;6.521370569131889e-08;6.775127922825284e-08;4.304664614853031e-08;3.460414278193834e-08;6.781258690769511e-08;1.3156947187377578e-07;1.9723629144106306e-07;2.156540674013834e-07;1.6246613708034945e-07;1.2683509677014434e-07;1.033242456286256e-07;1.0688139903025025e-07;1.7351570960579344e-07;3.2028252372708985e-07;4.006266031505502e-07;3.646430374440456e-07;2.528557357018513e-07;2.446048553082566e-07;3.498115854257387e-07;3.6241052869216683e-07;2.1885283470569363e-07;7.775071372772163e-08;2.8838180997472988e-08;3.0363669821558964e-08;3.4104916311250965e-08;2.3184725490601606e-08;6.843312641607186e-09;1.1985374660016575e-08;6.162875761586235e-08;1.58158936550943e-07;2.093317657099624e-07;1.9308614028535017e-07;1.9460893506064679e-07;2.3481610189790185e-07;2.396324138359614e-07;1.853449011052336e-07;1.1261221194177557e-07;5.659746100443522e-08;3.447436588686961e-08;7.435690343873154e-08;1.5427557604170565e-07;2.591875035729347e-07;4.4600574869184485e-07;1.1047175750197787e-06;2.4521592364591147e-06;4.201778378721375e-06;5.731525990132248e-06;6.734664213258691e-06;7.425790673018001e-06;8.339743524880866e-06;1.007678283810326e-05;1.2742197185741305e-05;1.5695921855906516e-05;1.8221666757733038e-05;1.991584648380764e-05;2.0764396200776068e-05;2.118813274143518e-05;2.1165764008706755e-05;2.077524802250158e-05;1.943363540913605e-05;1.766603983670076e-05;1.6135074429242975e-05;1.5487875873951264e-05;1.5906298699733635e-05;1.69638584529874e-05;1.800022601272043e-05;1.859938605699184e-05;1.881541881401536e-05;1.8631101122712456e-05;1.8003007700513472e-05;1.7467489859263627e-05;1.715278244725481e-05;1.717344427646166e-05;1.7385400419444625e-05;1.7585363995848144e-05;1.7881322533057747e-05;1.780301139148562e-05;1.7224863445947428e-05;1.6352152571251516e-05;1.5616406783447107e-05;1.5233363661516853e-05;1.5374279303153118e-05;1.5960276524401138e-05;1.661888420032779e-05;1.7119305358649482e-05;1.7203141688360817e-05;1.685048182039523e-05;1.6139306848662265e-05;1.5246234331137024e-05;1.4501619808346468e-05;1.420907312771486e-05;1.4467716247792078e-05;1.4992604483328662e-05;1.5349911045141788e-05;1.5180148594404234e-05;1.4403954573370016e-05;1.3324669403633856e-05;1.24433056776565e-05
2367.039928658985;7.3677882384633605e-09;1.3510863640217456e-08;2.52591733302085e-08;3.4192828118680015e-08;2.464240039546428e-08;2.9931292879787995e-08;4.588794279101809e-08;4.843347315751252e-08;5.4046822569211736e-08;9.700877615271068e-08;1.5184984016944325e-07;1.8024897205414859e-07;1.8978125655198477e-07;1.9524475351893042e-07;1.921764586398987e-07;1.7430791786709094e-07;1.3038390356742044e-07;6.648087068632495e-08;3.360267678827803e-08;8.0109216593809e-08;1.6613756429891966e-07;2.116137208630933e-07;1.9606860482588807e-07;2.007811298484306e-07;2.3629890944611598e-07;2.6443637895266737e-07;2.159841981499237e-07;1.2103412048055618e-07;5.616692457378312e-08;3.6543557202874165e-08;4.864706142899448e-08;7.559906345058901e-08;8.91104171926476e-08;8.639214553582299e-08;9.677305523137977e-08;1.193501194210405e-07;1.205008939870331e-07;9.278372105183501e-08;5.6259180430246976e-08;2.7200889881098277e-08;1.1540499388628968e-08;1.1353531621551148e-08;3.7805385872359345e-08;1.684049049110282e-07;4.676852154699882e-07;1.1087084901614726e-06;2.3129639333871877e-06;3.97952770071719e-06;5.714432822586113e-06;7.307490975814969e-06;9.21267219755682e-06;1.1228592627720983e-05;1.3362895728536526e-05;1.5429541332230863e-05;1.6820461774843507e-05;1.73428845300533e-05;1.7580289338297127e-05;1.7997700121069186e-05;1.901669012616872e-05;2.0336238693033783e-05;2.1334015599401917e-05;2.135217253799528e-05;2.0228108193334676e-05;1.891126952095842e-05;1.7792150619819834e-05;1.7272351657322392e-05;1.7402662939521388e-05;1.7919452109091446e-05;1.8517773714752205e-05;1.8831518484361168e-05;1.8775663667251657e-05;1.849942933811541e-05;1.8163160522962688e-05;1.788857830544961e-05;1.767516748067201e-05;1.74247500340455e-05;1.7030003263706787e-05;1.6465641770705076e-05;1.576534795487478e-05;1.5084191864735826e-05;1.4468164923811344e-05;1.3936075174107933e-05;1.3692667509012108e-05;1.3572749814882984e-05;1.410014121030692e-05;1.5066040307181967e-05;1.6174599149562054e-05;1.702091878259819e-05;1.7336221573819098e-05;1.7079131157200142e-05;1.6373997173462686e-05;1.5693060749835454e-05;1.5526802556260913e-05;1.5853118424805297e-05;1.6187625955946774e-05;1.6311858639769962e-05;1.6065012367617475e-05;1.544058111049388e-05;1.473172100230625e-05;1.4231515350359236e-05
2368.3318735237044;5.037640489969808e-09;3.0750342839447502e-09;1.3319635973143103e-09;5.161706254037151e-10;6.1506944825500974e-09;4.2863292134696574e-08;8.584574530435957e-08;8.243694209227476e-08;4.824775716681869e-08;4.072377614769705e-08;7.503158444112093e-08;9.39341647703198e-08;1.116900574386558e-07;1.395206188465186e-07;1.5614531802346778e-07;1.4777714928301517e-07;1.4248462328103677e-07;1.1971268503968577e-07;9.225899665071897e-08;6.245224205428417e-08;3.71702253778642e-08;5.937567985027132e-08;1.5637173127475686e-07;2.974647060221355e-07;4.253952221495925e-07;4.582094333897724e-07;3.437625978887912e-07;1.8413016391437572e-07;1.1202010664707623e-07;1.1197559112164398e-07;1.1787114792564961e-07;1.081657624343141e-07;7.719030673804318e-08;4.109898053001602e-08;1.8413838384391373e-08;8.340552417369151e-09;3.438179821980536e-09;1.5494761262563315e-09;6.673120692730041e-10;1.1126628313855016e-09;5.851689456532503e-09;2.493953037207727e-08;9.486540355227541e-08;2.9962624480218586e-07;6.756334784897599e-07;1.2825037057138542e-06;2.212043892842879e-06;3.489601952280073e-06;4.985281132453947e-06;6.706073680757507e-06;8.754858501196659e-06;1.1071388464387662e-05;1.3303130853195353e-05;1.5199892182308338e-05;1.647458312264943e-05;1.7169584665491e-05;1.7833316893534295e-05;1.861270616414973e-05;1.9734867213246253e-05;2.102933585700581e-05;2.217734991489343e-05;2.268095694419356e-05;2.2428936575146257e-05;2.171352614619028e-05;2.059911937478718e-05;1.9292683731848544e-05;1.8126570078751724e-05;1.7484063839124427e-05;1.7568458039391838e-05;1.804200707303348e-05;1.8545353725119527e-05;1.872903595583581e-05;1.857327453411061e-05;1.8109029102159663e-05;1.741300314724962e-05;1.6676342738855317e-05;1.571409590289771e-05;1.4814219413240404e-05;1.4278955311306569e-05;1.4272628475249685e-05;1.4549133904012396e-05;1.4750003608674783e-05;1.466563806100141e-05;1.4137045160884147e-05;1.3641482732383149e-05;1.3635218625687694e-05;1.4283384382918483e-05;1.5281601947584468e-05;1.610909560447661e-05;1.6399419789282437e-05;1.5930999189530172e-05;1.51631219628402e-05;1.4609992498034284e-05;1.4374578068719337e-05;1.436109889506237e-05;1.442882171390136e-05;1.460444870857614e-05;1.488915255629424e-05;1.5183670183725064e-05;1.5435863695437642e-05
2369.623209468948;2.423935671603893e-09;1.0412190511432231e-09;3.505541699359013e-10;1.8132679497845523e-10;2.2042659125308832e-09;2.329974521643853e-08;4.677604276644475e-08;4.44335484237952e-08;2.130805526804677e-08;6.237349388017203e-09;2.326151824483718e-09;4.0445889888580315e-09;1.910717656491797e-08;4.8560580025933355e-08;7.650593108471687e-08;1.0529373373908688e-07;1.434656052400776e-07;1.6999221880544318e-07;1.617737261518607e-07;1.1777370002826773e-07;6.167348149523671e-08;3.4717880058262687e-08;7.514284993450627e-08;1.625913784883117e-07;2.350874146904998e-07;2.518158026963452e-07;1.7515035828295118e-07;9.426144181638357e-08;8.54113210004255e-08;1.3623637832766246e-07;1.840186852429885e-07;1.9487216072140065e-07;1.46205401839424e-07;7.347981795402102e-08;2.808019945383517e-08;1.2287960409934536e-08;6.371997445037364e-09;3.282145776003e-09;1.7515459908996552e-09;3.4724799396496714e-09;1.8515639925496626e-08;7.127667934367027e-08;2.293475403666579e-07;5.652033492561562e-07;1.049034592410089e-06;1.641084068343151e-06;2.2728456156372225e-06;2.894676070846226e-06;3.807497186887694e-06;5.278849952153954e-06;7.243728788326406e-06;9.615796704748916e-06;1.2013728683117506e-05;1.4092348171627314e-05;1.5879930608554618e-05;1.7401864048894162e-05;1.884383421823967e-05;2.0124476624537783e-05;2.122060428613213e-05;2.222688054096357e-05;2.301889773626592e-05;2.3607534371054634e-05;2.381784183236177e-05;2.3486468052863037e-05;2.2403076525431176e-05;2.060744356030919e-05;1.8506244118468416e-05;1.7035945114857783e-05;1.6743894005018746e-05;1.747928531039116e-05;1.8455008825016183e-05;1.882641309164272e-05;1.8380935202614843e-05;1.7388046453168383e-05;1.6212107358667705e-05;1.5088259685492724e-05;1.4203553585594384e-05;1.3689993552434275e-05;1.3763398123408291e-05;1.4480645290399276e-05;1.571388461393253e-05;1.687766576448263e-05;1.7141658214529394e-05;1.659659172032608e-05;1.538774627063717e-05;1.4612867977539911e-05;1.4558661538294666e-05;1.5048093278885596e-05;1.5588408278743547e-05;1.5655967845585405e-05;1.5155374463064136e-05;1.4342521564714777e-05;1.3531021925587564e-05;1.2895469519746126e-05;1.2576142132705578e-05;1.2577375128661734e-05;1.2936626018472511e-05;1.3675211486198524e-05;1.4461877470555998e-05;1.5001117844110352e-05
2370.913936581226;3.098190459077595e-07;2.3236274195822083e-07;1.291226949597965e-07;5.619978197861404e-08;2.6478977064046978e-08;4.602849292375163e-08;9.727717979265293e-08;1.752262092302315e-07;2.316031657253273e-07;1.8083865513697834e-07;7.939918669742093e-08;2.4981767175398673e-08;2.3292599660253653e-08;4.17523661252955e-08;5.1983786441747576e-08;5.4352175564028713e-08;7.602935819307158e-08;8.892767475228815e-08;8.848457390908208e-08;6.952813378340974e-08;3.701422763385064e-08;1.4282758843101674e-08;2.5011498106222605e-08;1.03664479994728e-07;2.1588389403065562e-07;2.403490904395747e-07;1.5949644565802968e-07;7.527209271201717e-08;4.775368490993592e-08;6.36795157723969e-08;9.031128046907589e-08;9.924981724314098e-08;7.586725451445845e-08;3.918267224708225e-08;1.6195035346403903e-08;9.308711090970834e-09;6.8582534213606785e-09;4.128613955538502e-09;3.7588920901952945e-09;2.010950071076228e-08;9.348149932085532e-08;2.220821296945453e-07;4.2896072525709e-07;7.419762963379455e-07;1.1734702253586346e-06;1.5855084763156008e-06;1.8894890136826316e-06;2.36455211250688e-06;3.3267000158465006e-06;4.9954672949581146e-06;7.2744784604840605e-06;9.76308666660008e-06;1.2047728781193544e-05;1.3988234927492037e-05;1.574247438985682e-05;1.7488678567568444e-05;1.906905241623582e-05;2.057414999947224e-05;2.1786134895282733e-05;2.2702456502878397e-05;2.3394201926811023e-05;2.3913480185321525e-05;2.4056823929688333e-05;2.361626492344338e-05;2.2426438253499366e-05;2.065810451318936e-05;1.878729033181821e-05;1.752051848426887e-05;1.719058946186196e-05;1.774969630819017e-05;1.8216978372081257e-05;1.8147832890366228e-05;1.728213769127384e-05;1.599778575224183e-05;1.4773064238845416e-05;1.3859652945893457e-05;1.3516718018150496e-05;1.3484421320485664e-05;1.4061674205899649e-05;1.5411883897237648e-05;1.7140783182497454e-05;1.842316737629575e-05;1.862862729898072e-05;1.7916256752004412e-05;1.6608634253298774e-05;1.5516397843369683e-05;1.5025764496770034e-05;1.537245538026472e-05;1.589490282046681e-05;1.621440946823727e-05;1.6076043890092657e-05;1.544067743299583e-05;1.4499331168384068e-05;1.3499540397975369e-05;1.278356787959833e-05;1.255191718888576e-05;1.2852494884807194e-05;1.3514708486558232e-05;1.415019922384196e-05;1.4525831401669136e-05
2372.2040549470767;6.18127178940369e-07;4.6399506869376813e-07;2.580199285591481e-07;1.1226790965300076e-07;7.494905478382985e-08;1.3220973995450546e-07;2.596261092393764e-07;4.164892814111439e-07;4.833802503039473e-07;3.711408797870206e-07;1.9861853600706282e-07;1.1694461443032534e-07;1.184091600143352e-07;1.339973536948879e-07;1.2112607119751317e-07;7.37462481452157e-08;3.3983672930121926e-08;1.9430021715271433e-08;3.068829266145429e-08;6.120137809762788e-08;1.1426844490102693e-07;1.7116225793577478e-07;2.0011029577780563e-07;2.446343529263892e-07;3.908200823136279e-07;4.115455368965893e-07;2.88299817420521e-07;1.6644017697995293e-07;2.1430239706005577e-07;2.772741705697065e-07;2.578155823971153e-07;1.6156997133942718e-07;6.716140317472817e-08;2.0632382723470377e-08;9.289694682275878e-09;6.868356693099399e-09;8.032506488240398e-09;1.4540432807319518e-08;2.324214084202881e-08;6.083561234018714e-08;1.725065683967729e-07;3.424327661875447e-07;5.316782407330332e-07;7.101643000512056e-07;9.055061756162812e-07;1.1916373687971624e-06;1.7688208741331934e-06;3.0666844312819863e-06;4.930816066926638e-06;6.929793710397326e-06;8.782443937884856e-06;1.0440478777369164e-05;1.197219354023162e-05;1.347203472193889e-05;1.5056919653357183e-05;1.6890433204891673e-05;1.8875315957306357e-05;2.0729342227914943e-05;2.218196499488324e-05;2.314500603918999e-05;2.3757907432090328e-05;2.392626410348749e-05;2.3729374053114305e-05;2.3010112156167025e-05;2.1780481188753e-05;2.030233185266755e-05;1.9049259379265164e-05;1.8200783581153022e-05;1.7938679120374672e-05;1.7986067075296323e-05;1.795471805608115e-05;1.769549947677078e-05;1.7192832990783048e-05;1.6595214944616786e-05;1.6133825779414164e-05;1.590813788360446e-05;1.5901091244560765e-05;1.5920648729392664e-05;1.5947817433921098e-05;1.6180796051424476e-05;1.6708217238292886e-05;1.7391766073481056e-05;1.7814583823303588e-05;1.7448264459897794e-05;1.685145039379958e-05;1.606130430574284e-05;1.5446350013218273e-05;1.534119203152664e-05;1.5882461882962085e-05;1.6728215575251236e-05;1.7253156020766933e-05;1.7038768171261628e-05;1.5918396523137722e-05;1.4273946654302958e-05;1.2948858443691917e-05;1.2540151654461818e-05;1.3057663774914032e-05;1.4002276578560565e-05;1.4627805518004569e-05;1.4827846811760049e-05
2373.493564653043;3.141057969386029e-07;2.344515652602385e-07;1.3421726609879324e-07;9.22669398804634e-08;1.446784895542239e-07;2.918319227089489e-07;4.707436322700823e-07;5.715841986006095e-07;5.233460773391552e-07;3.983970513714249e-07;2.944001331002507e-07;2.713055757123073e-07;2.842058601802156e-07;2.614455962250127e-07;1.956615538055564e-07;1.186206399848623e-07;6.048433303991266e-08;3.5683682204907826e-08;4.644721333488263e-08;9.940820728358921e-08;2.1243998707633339e-07;3.333167519619533e-07;3.492341619098848e-07;2.9309083129478026e-07;2.7940851717836026e-07;2.650929566827601e-07;2.0368588379170093e-07;2.1558828489620025e-07;3.98318062421655e-07;6.555560859840908e-07;7.576518254426359e-07;5.89140211504592e-07;3.0638490205778106e-07;1.1485716681746893e-07;3.5704871329150865e-08;1.6191201133480938e-08;1.6537791737895093e-08;3.607072600224073e-08;7.807422959913286e-08;1.3829909276135408e-07;1.969610943689684e-07;2.749502981931399e-07;3.163088320964184e-07;3.631681117689543e-07;4.502733728800111e-07;9.07110625548872e-07;2.1216764964308258e-06;4.202629529282446e-06;6.543364166880949e-06;8.389136324503398e-06;9.65253511294106e-06;1.063493592049916e-05;1.1573840005025631e-05;1.2632077136630417e-05;1.3888513419020894e-05;1.5562084749600795e-05;1.7606814092984824e-05;1.9790006287405592e-05;2.1933360696264355e-05;2.34109203061899e-05;2.43506454567736e-05;2.445016979967144e-05;2.398256143515984e-05;2.2964867297859967e-05;2.158911813092206e-05;2.0191246138514515e-05;1.916189169575135e-05;1.866231308037239e-05;1.882186453602072e-05;1.905398092258497e-05;1.9260971855004545e-05;1.922699504034988e-05;1.885553741635901e-05;1.8431581233792067e-05;1.8288568443498817e-05;1.858774818946171e-05;1.9084964343994773e-05;1.9163057468747764e-05;1.8219365311911366e-05;1.6494206485514364e-05;1.4998957703799424e-05;1.438533744856794e-05;1.4735283360686303e-05;1.5563883922330963e-05;1.6277833461138647e-05;1.6466811000951516e-05;1.588186681255287e-05;1.4837977668899789e-05;1.4389902572629509e-05;1.4666755456171884e-05;1.5468217953710267e-05;1.5949204006369312e-05;1.54604120691048e-05;1.4128248992494054e-05;1.2744507264880203e-05;1.2161706078643666e-05;1.2482732636494e-05;1.3233618936897425e-05;1.383078667033868e-05;1.4112908065248336e-05
2374.782465785698;7.966920067175731e-08;1.0528913287605756e-07;1.311774472596526e-07;1.828243013361538e-07;2.931585030377903e-07;4.726406916964411e-07;6.447823076714554e-07;6.868930084350122e-07;6.672857543514273e-07;6.878761331794511e-07;7.101887607970882e-07;6.606801134096782e-07;5.282345725445155e-07;3.359412577781856e-07;1.7720449817705705e-07;8.967677809280288e-08;5.06403880224266e-08;3.492377503217753e-08;3.4172115237695726e-08;5.31866224367992e-08;1.0922100481998189e-07;1.93397822121304e-07;2.684535319764867e-07;3.782573317079813e-07;5.181692027335853e-07;6.033230654770484e-07;5.438435558218296e-07;4.4021097151028084e-07;3.996105302174208e-07;5.650215279562005e-07;7.762798296241552e-07;7.347817035353408e-07;4.975882217258941e-07;3.3825060236641265e-07;2.376659350986301e-07;1.2867376026315417e-07;5.8119064290519794e-08;6.198552632841755e-08;1.2648223428108045e-07;2.326666129772129e-07;3.485488961197472e-07;3.71433241827149e-07;2.4929199016136666e-07;1.29691708994885e-07;1.6452336334216273e-07;6.088705181503804e-07;1.8265131675558463e-06;3.8293080667180656e-06;6.084137079083727e-06;7.922107527226873e-06;9.17079020791379e-06;1.0201675671652467e-05;1.1034229114505096e-05;1.1991904469840411e-05;1.3197064260910813e-05;1.4688014735314672e-05;1.6531961904722413e-05;1.865081777521097e-05;2.085448898012217e-05;2.264242334621768e-05;2.343461116043248e-05;2.312491422420437e-05;2.213478739059595e-05;2.103682116752004e-05;2.012925093018877e-05;1.967851475306322e-05;1.932929511071825e-05;1.950305617702924e-05;1.9995798288874123e-05;2.047373779061318e-05;2.071240344152141e-05;2.033158427558681e-05;1.92168363267326e-05;1.798099933627746e-05;1.7313936579857602e-05;1.7638009916088678e-05;1.8593854087757464e-05;1.9219184746440765e-05;1.84213982908988e-05;1.637007567232364e-05;1.4005653410982351e-05;1.2305239466180592e-05;1.190727874136882e-05;1.29896252149908e-05;1.444009605285218e-05;1.5441638531144812e-05;1.5413835977742783e-05;1.4380226339141083e-05;1.3133684376481216e-05;1.2631641090270166e-05;1.307138951399868e-05;1.3797599281751028e-05;1.4125095437911274e-05;1.3784034817805129e-05;1.3231290129312675e-05;1.2735519884342318e-05;1.2506447564405176e-05;1.2569878186021584e-05;1.2537681189835676e-05;1.2432891150838712e-05
2376.070758431626;1.470325324309436e-07;2.0455433566944158e-07;2.500282170058292e-07;2.732361328504451e-07;3.306255062372124e-07;4.2503704130504876e-07;5.078575736884784e-07;5.285218617863903e-07;6.080440787673851e-07;8.255488234827738e-07;9.915440849473077e-07;9.375519029750424e-07;6.866755226687743e-07;3.698570671155523e-07;1.3646210692691145e-07;4.4769173540845116e-08;2.6638534403381394e-08;2.0155605943439542e-08;1.3836497073836896e-08;6.175685226413628e-09;9.879438534391388e-09;4.9878908523213314e-08;1.8178499363432202e-07;4.911615556563931e-07;8.69989081964374e-07;1.06703842663064e-06;9.623034275303935e-07;6.439272044630829e-07;3.368605664673913e-07;2.286506544368641e-07;2.910928248720285e-07;3.214874043797077e-07;3.499117497296553e-07;4.4307067970423726e-07;4.3964623256794405e-07;3.043720447400096e-07;1.837326139920436e-07;1.417141731111523e-07;1.5341322404411733e-07;2.551989797288785e-07;4.3801143624846484e-07;5.172952775801018e-07;4.3242203642694106e-07;3.203409335561614e-07;3.383078205681448e-07;6.170742160522705e-07;1.45179752873771e-06;3.103645493263977e-06;5.368891073942121e-06;7.480436736645464e-06;9.019679684227813e-06;9.973875630635488e-06;1.0752627350241129e-05;1.1659628696376765e-05;1.3052996658279952e-05;1.4731172023003405e-05;1.6617466515696598e-05;1.8518732804567777e-05;1.997771749510592e-05;2.103465756278004e-05;2.09757239644436e-05;1.99980939862633e-05;1.871176927013161e-05;1.7883805217985915e-05;1.7927360701661088e-05;1.858713158797799e-05;1.942665032992182e-05;2.0040314439867334e-05;2.031351511144312e-05;2.0124002968700094e-05;1.949585247606694e-05;1.836737516812282e-05;1.7056197505891457e-05;1.5930009860219447e-05;1.5452799930430516e-05;1.5837158701438128e-05;1.671880129082806e-05;1.7396952663969698e-05;1.717687593280131e-05;1.598037180338011e-05;1.4284951341356869e-05;1.2899568980441045e-05;1.2346576169841594e-05;1.2809465716030809e-05;1.389250696483111e-05;1.4995376286610758e-05;1.56070540325808e-05;1.544315369636677e-05;1.4768770710985122e-05;1.4160526684163012e-05;1.3850481756233569e-05;1.3868264660692144e-05;1.4014011544636976e-05;1.4113206370392778e-05;1.4109843206814505e-05;1.4062034034164418e-05;1.3834887866609117e-05;1.3387012090715304e-05;1.2727947345929591e-05;1.218973706189214e-05
2377.358442677436;7.343047853528725e-08;1.0734260813521313e-07;1.382937253137075e-07;1.4753398164152858e-07;1.6171953738642226e-07;2.200344431497701e-07;2.68816995826804e-07;2.8088928671860986e-07;3.39399840301196e-07;4.669141373662878e-07;5.374843202078253e-07;4.902689777466312e-07;3.5302711168086825e-07;1.8899620690506226e-07;5.953068132643896e-08;1.66022123157704e-08;1.2711121079421172e-08;1.4718648545481429e-08;1.5655462075615024e-08;1.2352939230725545e-08;1.3197788007069404e-08;3.5551063668444086e-08;1.0504651683519453e-07;2.976348377337177e-07;5.367388889736523e-07;7.171519443702861e-07;7.177498639082716e-07;5.38555651351729e-07;2.869559848027675e-07;1.2405284126213966e-07;4.678567971776084e-08;3.0088235033564776e-08;1.0247563976649145e-07;2.124307060435194e-07;2.745112823109241e-07;2.698233267782835e-07;2.3728174264272485e-07;2.0437718255697687e-07;1.9710522660342695e-07;2.812829327135227e-07;3.9913472470489726e-07;4.624769179945786e-07;4.593151456182897e-07;4.5958171298100053e-07;5.353282030212937e-07;7.772850645774744e-07;1.462290889816565e-06;2.9323795297250266e-06;5.10297146031197e-06;7.419017391692357e-06;9.358804737771318e-06;1.0695901445921625e-05;1.1653119122982385e-05;1.2518541066732348e-05;1.35738933210865e-05;1.5095122856832896e-05;1.681448219070302e-05;1.8634979141822544e-05;2.0137641060270623e-05;2.1005329763720372e-05;2.097700447042329e-05;2.016013306009867e-05;1.892116936711496e-05;1.7880489353003328e-05;1.752065860861864e-05;1.7664130448183152e-05;1.8125285659483383e-05;1.8330130703440406e-05;1.826387681190372e-05;1.7907959872544946e-05;1.73136025566688e-05;1.6581910122274094e-05;1.5925533117613146e-05;1.550648797502702e-05;1.5434587209967125e-05;1.5709546318314722e-05;1.615477441354426e-05;1.649913827048193e-05;1.652170263193913e-05;1.6108748097467304e-05;1.5403435788750004e-05;1.474496451670303e-05;1.4409072182009295e-05;1.4515016854358172e-05;1.512836835097454e-05;1.589599640716869e-05;1.6470852042663105e-05;1.6626830593955078e-05;1.633599129089219e-05;1.5744418373855688e-05;1.5079649840516272e-05;1.445147673322521e-05;1.4109719734132044e-05;1.4174861967210572e-05;1.434468096102432e-05;1.4768133661236425e-05;1.5230984398436236e-05;1.4985953484124984e-05;1.4103737673954509e-05;1.3257881198134591e-05
2378.6455186097446;1.5795356920153028e-08;2.668752221635653e-08;3.333709926435107e-08;3.606120966675808e-08;4.3367204875410264e-08;8.246524265945957e-08;1.3842808943663226e-07;1.829998601839009e-07;2.056379375144045e-07;1.823932095299305e-07;1.2281826652883437e-07;7.45533896545068e-08;6.45526980236009e-08;5.3136635796616495e-08;2.7593578573489732e-08;1.0182493349454632e-08;9.558975899651198e-09;1.8779933205884906e-08;2.5396221496060053e-08;2.092770982784361e-08;1.2741655118779801e-08;1.592747628912389e-08;3.3930243960989274e-08;6.793166846037264e-08;1.539758232001636e-07;2.941186608407424e-07;4.0654758023348e-07;4.258062356665133e-07;3.479557212701707e-07;2.1308081119929447e-07;9.372300178722759e-08;3.3743507131212464e-08;1.5381787178622903e-08;1.53548354872396e-08;4.6813357728286566e-08;8.865950141270393e-08;1.2520273992224152e-07;1.5877357950459806e-07;2.157586781545951e-07;3.273033586424209e-07;4.07210028569499e-07;3.641177549834703e-07;2.881575756654297e-07;2.5245542231819744e-07;2.8726857280342733e-07;4.6159980441484294e-07;1.0452986026637833e-06;2.3222935912083167e-06;4.244984932748538e-06;6.560593623727019e-06;8.996457178569477e-06;1.130981364979162e-05;1.3263384270784883e-05;1.4765241645387904e-05;1.5778519837068906e-05;1.650202787048006e-05;1.7201391562080184e-05;1.85472782283046e-05;2.006089457281957e-05;2.1309665657913985e-05;2.17462078959536e-05;2.1312658629297377e-05;2.0425973074382517e-05;1.9427454403545555e-05;1.8438136375218158e-05;1.7710664231244034e-05;1.712728270199775e-05;1.6703048598019102e-05;1.6333320891048333e-05;1.621216405436238e-05;1.6299453057086802e-05;1.6462750391515827e-05;1.6437587600758793e-05;1.6392088731730366e-05;1.6331457363584942e-05;1.6371831898920555e-05;1.65300002952988e-05;1.6721619499358385e-05;1.682148758711285e-05;1.6696602420356096e-05;1.6503394102641595e-05;1.627536210075532e-05;1.6182072616011418e-05;1.630126967593649e-05;1.6542221170439363e-05;1.673268116756938e-05;1.6768920402442846e-05;1.6616649587724358e-05;1.6269179162381226e-05;1.5762159544484895e-05;1.5132356741600804e-05;1.4497528893260412e-05;1.399097631003397e-05;1.3851329839973688e-05;1.4166197946703208e-05;1.4836788884336614e-05;1.5397197468722392e-05;1.524414173300029e-05;1.4384650001718148e-05;1.3560818081303845e-05
2379.9319863151904;2.966883789657573e-08;4.16704950978746e-08;3.8075368042892643e-08;2.8873654282573536e-08;3.579296716713662e-08;7.397609151929288e-08;1.287443474049084e-07;1.604701750038692e-07;1.4239855374573341e-07;9.361879145051301e-08;6.144589872350163e-08;7.013820971707417e-08;1.0015929569677834e-07;9.383804769008597e-08;5.083999705386048e-08;1.8210877751868313e-08;9.867107868106648e-09;1.2546722887821105e-08;1.4166460847413264e-08;1.0947180246920902e-08;5.699167201149288e-09;4.841301523326646e-09;1.4308767859889549e-08;2.9214481504033408e-08;5.7733182358119935e-08;1.227047092555216e-07;2.0976976613967563e-07;2.751633898448111e-07;2.8736825819541986e-07;2.0855074622655329e-07;1.0457130185672374e-07;3.5901666843368066e-08;1.2279521992773472e-08;5.620077031990131e-09;3.4955633461005557e-09;9.443027314029538e-09;3.6877615352586935e-08;8.48248090400584e-08;1.353470779027587e-07;1.8421761208576601e-07;2.072542632620715e-07;1.5324291533790797e-07;7.448112120394369e-08;3.6926533860842976e-08;5.5856543548871055e-08;2.332783103930401e-07;7.60732517214808e-07;1.8403183599066164e-06;3.525492605490304e-06;5.7130100581607e-06;8.350329459440828e-06;1.1122008889884884e-05;1.3851243796168447e-05;1.6144505131766283e-05;1.7704120766728098e-05;1.7915630058436475e-05;1.7733411354262584e-05;1.7680450585797955e-05;1.823954652093367e-05;1.9249169197356797e-05;2.0157611377400996e-05;2.070384348366852e-05;2.058855919554603e-05;2.032355198039153e-05;1.979555129751439e-05;1.915197424855464e-05;1.8526022574465845e-05;1.760773814633573e-05;1.6880603520436542e-05;1.6498224245149996e-05;1.631960878810383e-05;1.6338351690464174e-05;1.6445448299175325e-05;1.649691693680569e-05;1.6652977720036303e-05;1.6771318786284035e-05;1.6749737348021933e-05;1.6520230082056317e-05;1.62656330928968e-05;1.6006854818434803e-05;1.5963595316186764e-05;1.6244319870804796e-05;1.675536954884216e-05;1.7249484168925103e-05;1.733943022819962e-05;1.6947322563063362e-05;1.6332020722284557e-05;1.581755069937836e-05;1.5497007667245955e-05;1.5293453025359445e-05;1.4963556514140508e-05;1.4484932073599548e-05;1.3894334550818688e-05;1.343321288329938e-05;1.3430830427784445e-05;1.3856942667512426e-05;1.4221820351915516e-05;1.433914441010184e-05;1.3925178175632854e-05;1.3651469996705697e-05
2381.2178458804374;2.729856182362108e-08;4.171680400827193e-08;4.1036843312552793e-08;2.8933484327219032e-08;4.2721857651969585e-08;1.1086290999949745e-07;1.8319218656997858e-07;1.809172905711297e-07;1.1169736469627957e-07;4.853931338078279e-08;2.674042005306178e-08;4.563025836949133e-08;8.09952070834671e-08;8.304748910613625e-08;4.809646758084309e-08;1.8640818653738622e-08;8.114488236217202e-09;4.319069332781647e-09;2.7759274899951715e-09;3.454195750064669e-09;4.6742239163850306e-09;4.9893518030839184e-09;6.6362132909181334e-09;8.404979997112243e-09;9.209851870844213e-09;2.0021108504337832e-08;4.459324706333431e-08;7.013086310543523e-08;8.173608106474769e-08;6.91784481683383e-08;3.948472150233724e-08;1.526294018660047e-08;5.168082526805242e-09;1.3985769813191843e-09;1.0216807370398326e-09;3.926842450380612e-09;1.4166711501161518e-08;2.9588259469990832e-08;3.5030328050579813e-08;2.2771386279870012e-08;5.878576070640291e-09;1.3974270793572451e-09;2.756367868848016e-09;2.5862022965883562e-08;2.296670392497317e-07;7.565781101892486e-07;1.6265804671494147e-06;2.815915879049175e-06;4.266164874464192e-06;5.943521603438191e-06;7.916282456716945e-06;1.0366061835713017e-05;1.3162571850015048e-05;1.582965393298855e-05;1.7735148623794026e-05;1.8393108194267837e-05;1.8074443998799932e-05;1.7366035348156872e-05;1.7451392960193227e-05;1.844703865337669e-05;2.000125632105768e-05;2.114515540405806e-05;2.164250619366139e-05;2.1559834855738165e-05;2.1195860237044758e-05;2.077326549141341e-05;2.0333731059190716e-05;1.974603805393647e-05;1.9146187329432507e-05;1.84377123132029e-05;1.7556764618951934e-05;1.662741934801372e-05;1.6146342662894157e-05;1.5930457326083217e-05;1.606350679568598e-05;1.628648635121906e-05;1.6246290683820713e-05;1.5797242471655694e-05;1.5073127974916108e-05;1.4374070413701117e-05;1.4063683070616236e-05;1.4292667824928588e-05;1.4874189070610464e-05;1.5439586627245226e-05;1.5654118063781217e-05;1.5515292541252158e-05;1.531834100853799e-05;1.5184242842437378e-05;1.5209292780049384e-05;1.5171239399936084e-05;1.4944418956224411e-05;1.4358053304315836e-05;1.3581180218108046e-05;1.2997233066888496e-05;1.2876665807111596e-05;1.322306493790792e-05;1.3825877236657854e-05;1.4300235994479e-05;1.4462311846715646e-05;1.4439825745113478e-05
2382.5030973921566;2.26353159648197e-08;4.244856248397833e-08;4.3773067553629386e-08;2.733147687458445e-08;2.6860408968013344e-08;5.6852713490882523e-08;9.247432247318708e-08;9.117951799125007e-08;4.6603084702434667e-08;1.5779965406128854e-08;8.1871267526444e-09;2.1378203282076715e-08;5.155984280322065e-08;6.290490742399874e-08;4.1302640461546486e-08;1.6652612179986824e-08;6.1208815474105675e-09;2.89233698218332e-09;2.8257537888256043e-09;6.015260071403106e-09;9.582034873920862e-09;1.2743569248012557e-08;3.381982212833016e-08;7.783512923510543e-08;1.0625553313253112e-07;8.260512331550515e-08;3.9227174449661185e-08;1.4958134201783547e-08;6.496416966545591e-09;3.296244440978786e-09;2.070923541522209e-09;2.1060174027296742e-09;3.3191818565052874e-09;3.9883044136792795e-09;2.9813546015642077e-09;2.118200448773184e-09;2.829953327394435e-09;3.016677931519353e-09;4.295468578858144e-09;7.566460389970505e-09;2.4039551926786292e-08;6.135162838479958e-08;1.0065157819365338e-07;1.656036839731593e-07;4.809096878184227e-07;1.213643519133487e-06;2.301179389167221e-06;3.5518695425459624e-06;4.730589319733553e-06;5.853206981012827e-06;7.281441384108046e-06;9.2319621390167e-06;1.1744376758616789e-05;1.456760159272948e-05;1.7164835438392054e-05;1.905530018608017e-05;1.9874304896636543e-05;2.005485732487706e-05;2.013202953058565e-05;2.0570745448360058e-05;2.12556004950092e-05;2.1442290185735097e-05;2.129269881639817e-05;2.0728890586767177e-05;2.0349048589045057e-05;2.047619069990852e-05;2.091850147921304e-05;2.122666794366469e-05;2.0904657293894187e-05;1.983173037150097e-05;1.8444909122120655e-05;1.6832250685547032e-05;1.5882932931165468e-05;1.5705827278918424e-05;1.604113099381461e-05;1.667426526272273e-05;1.676448974809124e-05;1.6343644529686152e-05;1.5549633504370527e-05;1.4647630933483333e-05;1.3962047439222116e-05;1.3647094752985792e-05;1.3659281093733582e-05;1.3939188771247569e-05;1.4375088500290162e-05;1.4998489505005128e-05;1.5707708360483237e-05;1.6293942341642572e-05;1.650119653255951e-05;1.6207878507666176e-05;1.5580838249049956e-05;1.4787703042925396e-05;1.4142831745822664e-05;1.3865365357346038e-05;1.3898923064935344e-05;1.4098047782465977e-05;1.4221640020099649e-05;1.4122162015356371e-05;1.416904818135036e-05;1.410128132674768e-05
2383.787740937045;1.0143445270814712e-08;2.1683603216945523e-08;2.55797648791712e-08;2.4263834586424e-08;4.710352838049071e-08;8.762113141024492e-08;9.658095580842536e-08;6.29964215151869e-08;2.8956469707292547e-08;1.1992613394988436e-08;5.736889194914071e-09;9.212267276145196e-09;2.0852669878110383e-08;2.797550900731582e-08;2.2512852617337676e-08;1.348302411190066e-08;6.906228520116581e-09;3.0634024212579527e-09;1.969163025105496e-09;3.646787142763538e-09;1.0141932420641591e-08;2.9536063555488512e-08;9.12707430789046e-08;2.163604451150298e-07;2.931407265483229e-07;2.3574345626322357e-07;1.2019453160203956e-07;4.755248410735626e-08;1.8664773435794543e-08;6.5792676314209095e-09;3.2765409269076483e-09;3.5605303064120713e-09;7.025111950039465e-09;9.512343962053384e-09;7.318196709477388e-09;3.146952111590479e-09;9.471845447577344e-10;7.315395075300588e-10;2.6670392459898314e-09;1.2907337953661084e-08;5.7026748985877996e-08;1.589025596776183e-07;2.748006673476701e-07;3.765801112641383e-07;5.675044282473347e-07;1.0374591688523414e-06;1.808992319895368e-06;2.87148938358828e-06;4.08021567397539e-06;5.365722970020764e-06;6.818509549602544e-06;8.553792750859934e-06;1.0635555723171178e-05;1.322475355882044e-05;1.6356951519499095e-05;1.9624007383213517e-05;2.235380964402765e-05;2.389583560824708e-05;2.40277470214257e-05;2.3180560711370335e-05;2.1803122588234232e-05;2.0467085764156145e-05;1.9260585712447576e-05;1.8431229370860183e-05;1.84212381200694e-05;1.93880346291065e-05;2.054077315971974e-05;2.121825358148445e-05;2.093616316009729e-05;1.9710684792117484e-05;1.813273732314389e-05;1.6878076286061242e-05;1.6310452118751215e-05;1.6723024831844963e-05;1.7660547568445048e-05;1.8182623462369357e-05;1.8116387412481653e-05;1.7644861954243802e-05;1.7000838677080586e-05;1.628216114711288e-05;1.5401538870372143e-05;1.4620896115988789e-05;1.4225547995444204e-05;1.4308443235854175e-05;1.492481191772521e-05;1.5889524929616806e-05;1.658566334282792e-05;1.6949597074584358e-05;1.6728444652982972e-05;1.6164329045378238e-05;1.5581442964433202e-05;1.512340449224992e-05;1.4889272810906668e-05;1.4817896610571328e-05;1.4671543408918092e-05;1.416047006179294e-05;1.3403606230113774e-05;1.2905046318596247e-05;1.3040821810080404e-05;1.3331109902493315e-05
2385.0717766018097;6.914875630607565e-10;4.394808896484617e-09;1.3754607884073566e-08;3.2867443089603134e-08;8.950870181499739e-08;1.74132366174806e-07;1.9162362633301128e-07;1.244692231648074e-07;5.681310652161609e-08;2.9274451714368986e-08;4.684024228991444e-08;8.996994385853676e-08;1.0146794601037917e-07;6.811680493809263e-08;3.3654838242054634e-08;1.9386610278898222e-08;1.1848309833582771e-08;5.381627584387218e-09;2.75924409901624e-09;7.043986682553268e-09;2.307241775993909e-08;5.1821779568042216e-08;1.1047806882584061e-07;2.15934398114122e-07;2.820126777891766e-07;2.321663072487073e-07;1.2589841423220905e-07;5.2680212009213886e-08;2.048253856430481e-08;7.97085808059697e-09;3.6336556372685678e-09;3.1339614397366278e-09;6.4362627195982065e-09;1.024063728121253e-08;8.835885556294124e-09;4.094823318036643e-09;1.038730565876261e-09;3.7857979456931023e-10;1.4158889452008028e-09;1.1384824391580909e-08;4.6530861454072896e-08;1.347022718468756e-07;2.5109709805986e-07;3.386315621278016e-07;4.4535429970741177e-07;7.029884977531999e-07;1.2730242817178558e-06;2.2955628710132685e-06;3.684107876410182e-06;5.334088888375913e-06;7.012049877514962e-06;8.6991611703281e-06;1.0534849715787849e-05;1.2824606884831032e-05;1.5829796144416405e-05;1.9567743551185582e-05;2.309205962123121e-05;2.5761164655914567e-05;2.6746330345917685e-05;2.5906075207130243e-05;2.3866362693610783e-05;2.169454917154537e-05;2.014738756787241e-05;1.9244993716943137e-05;1.901388451565623e-05;1.9163139207594216e-05;1.9263731645233773e-05;1.917459249812236e-05;1.8714738601449733e-05;1.808529248668976e-05;1.7628305885381302e-05;1.7855061107260546e-05;1.8413106192941262e-05;1.900934500426974e-05;1.921415396378457e-05;1.864421231432425e-05;1.7670897247249926e-05;1.692782103255164e-05;1.654959984586859e-05;1.635044750640224e-05;1.5867091423152996e-05;1.498883906836263e-05;1.4169308259936988e-05;1.40027545723902e-05;1.4529859361989263e-05;1.537635454786766e-05;1.5969427835960177e-05;1.594058412585226e-05;1.5503449427015135e-05;1.4906288471392692e-05;1.4302978074986632e-05;1.4089344652894764e-05;1.4057279238477557e-05;1.4053606978825772e-05;1.3798611058505906e-05;1.3189690580936393e-05;1.2536362764198233e-05;1.23317395501454e-05;1.2822061306365468e-05;1.344959319628963e-05
2386.355204473184;1.2208096184293555e-09;7.775064402803602e-09;1.818350713613231e-08;2.976659961641636e-08;5.2580777921953446e-08;8.959379486227857e-08;9.654035631464846e-08;6.270330278180807e-08;2.8773628714987546e-08;2.3439633523316465e-08;8.0367039557882e-08;1.742448956729982e-07;1.9986627255164286e-07;1.330118448962685e-07;5.965449652401688e-08;2.626280076026576e-08;1.3354811553536688e-08;5.982295113665943e-09;4.038673462400854e-09;1.2831731684512988e-08;3.668215622916751e-08;6.422978577259033e-08;9.395260848422477e-08;1.4714198233065246e-07;1.8756025112063097e-07;1.5568190189936798e-07;8.192998983274213e-08;3.175185930889582e-08;1.541935716890042e-08;2.482959093951065e-08;5.944147418747615e-08;9.323433659896885e-08;8.695312172588865e-08;5.1183709051487474e-08;2.0352817483578397e-08;7.70514289182893e-09;2.9017447071102384e-09;1.4449192905175187e-09;2.2433073626328903e-09;9.393501312805136e-09;2.6624274458307103e-08;7.180156742606498e-08;1.443652753401968e-07;2.0713782928270026e-07;2.987786248028713e-07;5.274337103362313e-07;1.1205358692961963e-06;2.194207961906717e-06;3.678481547126685e-06;5.540735166589968e-06;7.60236628935479e-06;9.552259989016462e-06;1.1463252122112194e-05;1.3474776272406202e-05;1.580329963680577e-05;1.8606457885584088e-05;2.171503466480403e-05;2.467217741398908e-05;2.6849662715195455e-05;2.737541198433493e-05;2.65702757532651e-05;2.4931846976752004e-05;2.3225130066820865e-05;2.1744749447415037e-05;2.042280893360973e-05;1.90269421366042e-05;1.7594398504344017e-05;1.646942500794811e-05;1.614428052869489e-05;1.655616079525356e-05;1.781426335620121e-05;1.9559894198138387e-05;2.071697056843419e-05;2.0654597570430044e-05;1.9337828679561648e-05;1.738650081962021e-05;1.5598974145055652e-05;1.473390854682482e-05;1.4929734654555655e-05;1.5553747846280004e-05;1.5961386330408967e-05;1.5719302463232354e-05;1.4953576398865727e-05;1.4375507449357955e-05;1.4181082303256538e-05;1.431264977174175e-05;1.4508692911590814e-05;1.4531957904973548e-05;1.436725940722622e-05;1.3930501454567728e-05;1.3354458726749833e-05;1.29018991205292e-05;1.2719100199327862e-05;1.2670344440813764e-05;1.2571024541474178e-05;1.2410460805765668e-05;1.2350538324397732e-05;1.25386200292499e-05;1.2956775242570826e-05;1.3438464844041029e-05
2387.6380246379085;7.17442250865536e-10;3.877464393696442e-09;8.355553696513899e-09;8.979357396526154e-09;5.233548408531211e-09;1.7535211833778481e-09;7.549634332729255e-10;8.042622643067807e-10;7.35164143314762e-10;6.150050820940463e-09;3.804368029443684e-08;8.663764681912813e-08;9.983327025355045e-08;6.722488661206531e-08;3.1740004671060046e-08;1.5157576707943665e-08;7.407509705849457e-09;3.0767237815299582e-09;2.0936442040239093e-09;6.7072487146555725e-09;2.0893062648055187e-08;4.1805687321095394e-08;7.229883455037829e-08;1.3898308365810916e-07;1.922086203630005e-07;1.5646496746942386e-07;7.368152022299683e-08;2.4105641491454848e-08;1.7767735230103742e-08;5.310603830776832e-08;1.3597050431316766e-07;2.0200748188551618e-07;1.7722357557784317e-07;9.924111364781569e-08;4.048968478570525e-08;1.4039508319818404e-08;5.0898467139583514e-09;2.7304795125698673e-09;5.935204554946331e-09;2.8261766320462786e-08;7.841708660994923e-08;1.572595940547239e-07;2.544213447664404e-07;3.403537375315221e-07;4.260306657619938e-07;6.238410395584342e-07;1.168351008177563e-06;2.330289978752977e-06;4.005036284117722e-06;6.052687741405299e-06;8.297766480560557e-06;1.0543756976363906e-05;1.2623683553008896e-05;1.439124767306845e-05;1.5881055840888018e-05;1.7038913367991895e-05;1.8480024436842923e-05;2.0227912249516204e-05;2.217452573504478e-05;2.3909655158699777e-05;2.4905254053351584e-05;2.4901564848226905e-05;2.3741764292970643e-05;2.2021739009192204e-05;2.0358285667196333e-05;1.8851534463017835e-05;1.7576104816941885e-05;1.701832697021963e-05;1.7180711775187253e-05;1.8157829694956093e-05;1.9449974781253487e-05;2.0520226626038675e-05;2.0685018307364677e-05;1.953888448070177e-05;1.782940520067043e-05;1.5942068447105027e-05;1.4861387068264233e-05;1.4678568679655669e-05;1.5201624446827563e-05;1.599907351349433e-05;1.659927248348211e-05;1.668996859443405e-05;1.6292691670517413e-05;1.55858070012553e-05;1.4686955285664982e-05;1.3775738095098129e-05;1.3012219395873297e-05;1.2739907608848172e-05;1.2845372386412228e-05;1.3013873562798648e-05;1.3181749656823076e-05;1.3079599152178535e-05;1.299819558408113e-05;1.2795519221923356e-05;1.253553724791258e-05;1.2170280325738835e-05;1.197940166215782e-05;1.1933964946114295e-05;1.2218787465959795e-05;1.2581337544525715e-05
2388.9202371827487;7.831861033730318e-11;4.4198524364482365e-11;2.3108853407152888e-11;8.049648677178731e-12;1.488822254504169e-09;2.2787223057175266e-08;5.881644626266192e-08;7.12739479688555e-08;4.5599108322372916e-08;1.6395464225759534e-08;4.506659741298811e-09;1.873453244554476e-09;8.724595757192965e-10;3.086409803622938e-09;2.5246893154796843e-08;7.704475640315776e-08;9.981486998025345e-08;7.177745592375087e-08;3.408435489456571e-08;1.4018814294526877e-08;9.653945405801814e-09;3.2488251415192367e-08;1.1196365087480657e-07;2.3323152859503722e-07;2.91700225983782e-07;2.242191158638879e-07;1.1579856910648201e-07;4.48028243500574e-08;2.6366835354984104e-08;4.971815467151996e-08;1.0250101043641908e-07;1.4313236300148324e-07;1.4239494599407224e-07;1.0599236978478761e-07;5.8150850697974486e-08;1.8830572846024893e-08;5.589941172373512e-09;2.831502361536934e-09;7.062096510867337e-09;4.0306879406585214e-08;1.1520929477446917e-07;2.1300132264482677e-07;3.136601456470422e-07;4.060965893003151e-07;4.9544843431749e-07;6.911108955475536e-07;1.2989339451190784e-06;2.585284445445893e-06;4.391416391786825e-06;6.4059619190581e-06;8.520192711102492e-06;1.069529968232923e-05;1.2853180888555766e-05;1.465229064541073e-05;1.58701173408667e-05;1.6411099556674776e-05;1.6696806169773777e-05;1.7129699638383955e-05;1.810828260971947e-05;1.997028054592498e-05;2.175491571090321e-05;2.261329801618389e-05;2.2267951189834656e-05;2.120412434468099e-05;2.000766762134605e-05;1.9049622417723637e-05;1.85806789487256e-05;1.844422475446971e-05;1.835943758960185e-05;1.8468926992160357e-05;1.830413943893511e-05;1.7904158347070336e-05;1.7438819619313477e-05;1.718009928262504e-05;1.6651384399696766e-05;1.644627553243464e-05;1.6275622708387034e-05;1.6123426061473298e-05;1.592050975058837e-05;1.587894010462622e-05;1.6170874687795917e-05;1.6428103580860065e-05;1.646963147730423e-05;1.608010849095621e-05;1.5120726588214277e-05;1.3751345321327073e-05;1.249562885323632e-05;1.1877406303079678e-05;1.2126440800420862e-05;1.2941930017624116e-05;1.3881818368849422e-05;1.4611842536579856e-05;1.4906241059136366e-05;1.4718563776591196e-05;1.401103800609025e-05;1.2912857221142227e-05;1.1794960147157669e-05;1.109274120560955e-05;1.1162960558680144e-05;1.15365602216228e-05
2390.201842194485;3.447036160081679e-12;4.736647095228289e-12;3.4687861820607035e-10;4.353787091920376e-09;3.189515774193699e-08;1.2299429774174044e-07;2.313947082878184e-07;2.5816442159915164e-07;1.693501280256954e-07;6.661559621936259e-08;1.9486007441888736e-08;8.173378767702478e-09;4.246237605153075e-09;7.932088886994745e-09;5.2978402296873754e-08;1.4925954549600277e-07;1.976303552714792e-07;1.4809997260648233e-07;7.903899221645386e-08;3.9106451814496586e-08;2.0721669846295184e-08;5.2130271958480164e-08;1.999715718539733e-07;4.128903552140782e-07;4.822038688796499e-07;3.5236897401837014e-07;1.8306944427944973e-07;8.059888280829846e-08;4.073983527879887e-08;3.5957227950946094e-08;4.253276245625221e-08;5.671144545689979e-08;9.340742985436729e-08;1.083388951730022e-07;6.85848127197234e-08;2.273242505954735e-08;5.787799904981731e-09;2.7736336260405353e-09;3.6270232810329355e-09;1.7895233139949567e-08;5.0883051274956886e-08;9.21038514322483e-08;1.3735292292323762e-07;1.9977390437207682e-07;3.205092967430512e-07;6.416765514507966e-07;1.563144537992524e-06;3.1870648181686663e-06;5.171193491705307e-06;7.155080622442689e-06;8.996446747096253e-06;1.0595636360131728e-05;1.2229522387909096e-05;1.3869920732067871e-05;1.5394461942500502e-05;1.6724628129777376e-05;1.7807183611499344e-05;1.8594252022392388e-05;1.9268454655523888e-05;2.0077345641790703e-05;2.093844800404093e-05;2.123462377576985e-05;2.119492802276939e-05;2.097888150927826e-05;2.03354969399618e-05;1.974617299598948e-05;1.911488706081313e-05;1.830167399772107e-05;1.7586376526741762e-05;1.6513682313661154e-05;1.5213002317486557e-05;1.4603466346667057e-05;1.471564657070205e-05;1.572757347108695e-05;1.6779332399849924e-05;1.743582476286207e-05;1.72446091588284e-05;1.6327385245289582e-05;1.518067654494339e-05;1.4608323760410808e-05;1.482697159257563e-05;1.5476729923203737e-05;1.6049295413651713e-05;1.5999462185121057e-05;1.5341489921613675e-05;1.4361024150166064e-05;1.35567758606275e-05;1.32966334681493e-05;1.3666978921046994e-05;1.4408581398590126e-05;1.511042152622434e-05;1.5716549596900295e-05;1.585390873527372e-05;1.5611290786883474e-05;1.4961736313521366e-05;1.4010122165060846e-05;1.2896194182681245e-05;1.2106939303255487e-05;1.183005904915301e-05;1.1828451669823153e-05
2391.482839759912;4.4754169421222377e-14;3.7554385566688365e-10;4.375686949755326e-09;3.057908300091946e-08;9.330049039273365e-08;1.949479273028319e-07;2.928253440850593e-07;3.051179121716535e-07;2.036033356322153e-07;8.498602297865009e-08;2.5826636377728493e-08;1.0890645162582817e-08;7.362861881360102e-09;1.826114182065765e-08;6.491336501070187e-08;1.3454946725857946e-07;1.5633032925586136e-07;1.120209692316758e-07;7.802380939730246e-08;5.220605344070957e-08;2.7436153202493527e-08;4.124285804789309e-08;1.7236980734292866e-07;4.074872700475192e-07;5.096278621461011e-07;3.900376049882275e-07;2.0714638767637677e-07;9.725999808770741e-08;4.946405874676344e-08;4.0138432303148047e-08;5.7300987368649846e-08;1.1375001579999028e-07;1.465378927996565e-07;1.267964473044272e-07;7.077274405694681e-08;2.5732138165164803e-08;7.319320550038931e-09;3.152769666798981e-09;1.6123364597254575e-09;9.613121517212927e-10;9.00253627518872e-10;3.547641355616835e-09;1.9788563990691167e-08;7.677638483924865e-08;2.621264501221948e-07;8.236946185966443e-07;2.0656277489247504e-06;4.029995610214183e-06;6.280839429466852e-06;8.361626054151778e-06;9.918057012313226e-06;1.0877021638268018e-05;1.1594510630327551e-05;1.2655435949042882e-05;1.4381764811672911e-05;1.6632167877670626e-05;1.882484491520131e-05;2.0328156801364647e-05;2.0935171558922957e-05;2.0790108344876025e-05;2.0267498851046965e-05;1.9763133037078692e-05;1.946474605272325e-05;1.9424403186640357e-05;1.940045084318582e-05;1.914894695075426e-05;1.866093202729473e-05;1.7869029569962094e-05;1.6872913550137496e-05;1.5659313433455582e-05;1.467406819434703e-05;1.4202135033377687e-05;1.4416972548772956e-05;1.4652219099566792e-05;1.5372982511043648e-05;1.5561056876155914e-05;1.538396385184561e-05;1.4929883152572966e-05;1.4501851333407132e-05;1.4478027198221735e-05;1.5066693797170464e-05;1.59049740273106e-05;1.6505165290710588e-05;1.6424586233931256e-05;1.5881184648601492e-05;1.5155926511825225e-05;1.4708994402001814e-05;1.4726367843292356e-05;1.5035105195796882e-05;1.5437356081430507e-05;1.5546633771955513e-05;1.5237947799124891e-05;1.469294231631192e-05;1.4204655559120883e-05;1.3936914063040151e-05;1.3862751861083475e-05;1.3821275178839942e-05;1.3529555529272949e-05;1.3261873445446726e-05;1.300044741078834e-05
2392.763229965847;1.9322250191760255e-08;4.938167637330277e-08;9.725602867145097e-08;1.350979447726584e-07;1.4747159900685558e-07;1.4698764896003425e-07;1.4347127258470066e-07;1.2609515478656974e-07;8.284924012086837e-08;3.631457899692436e-08;1.1843513651117188e-08;5.4299024216936065e-09;5.991135115489717e-09;2.4910782984385733e-08;7.337259473940337e-08;1.1853219899561866e-07;1.3981212824957092e-07;1.5829148289101233e-07;1.4760252851908705e-07;9.403707156544605e-08;4.2228520376236735e-08;2.505753151531153e-08;7.546244860431592e-08;2.0075235500721885e-07;2.9495054011638024e-07;2.7432719144907095e-07;1.850186372865725e-07;9.758988879483873e-08;4.3851380570664806e-08;3.5176427101990566e-08;8.565492353763016e-08;1.763121304245956e-07;2.0479662428074906e-07;1.4516400564680493e-07;7.485290471576143e-08;3.3209419589161655e-08;1.2170846431412924e-08;4.567003389883749e-09;2.38781161682016e-09;2.4644870133871224e-09;9.940892841482377e-09;3.7076537598986135e-08;1.0768680298228005e-07;2.212707862113036e-07;4.284643673861273e-07;9.509683022815508e-07;2.034335165970223e-06;3.824159565287787e-06;6.191721651946557e-06;8.553514482387344e-06;1.0249662852969177e-05;1.1319226147425755e-05;1.1902236433012007e-05;1.2641409979312457e-05;1.413869904046481e-05;1.649428097417542e-05;1.8871087542064387e-05;2.064735071059697e-05;2.1380306148189728e-05;2.1018057009562555e-05;2.015325298552493e-05;1.934848033514153e-05;1.883108362036478e-05;1.860935419071449e-05;1.8520236450219253e-05;1.8025165895033843e-05;1.7367294504988452e-05;1.634106397732605e-05;1.53473862484818e-05;1.5020766084660286e-05;1.548483257720801e-05;1.5880542321339038e-05;1.6005234990591025e-05;1.5536870691557842e-05;1.4638334586778925e-05;1.3604465301305965e-05;1.3240472322499089e-05;1.3723804681594146e-05;1.4632198860725658e-05;1.5648436581068508e-05;1.649646295715529e-05;1.6900063922726376e-05;1.670407006103614e-05;1.6183817025641204e-05;1.5455659053086004e-05;1.4722420861451772e-05;1.4310458129297965e-05;1.438091656783646e-05;1.4843115584077262e-05;1.537069744266065e-05;1.562046571397093e-05;1.513852830901207e-05;1.415547075039083e-05;1.3192145920418242e-05;1.2644715360784863e-05;1.2525007247907088e-05;1.2703883577829148e-05;1.291716315490603e-05;1.3102057216208792e-05;1.3225124541042314e-05
2394.0430128991247;1.5802493848478697e-07;1.888604512040383e-07;2.259843429756886e-07;2.180180227496572e-07;1.5492074126248649e-07;7.765892006464195e-08;3.9144460950055835e-08;3.855044666269069e-08;4.7261299166806835e-08;3.4982160087914774e-08;1.4104262384971648e-08;4.4444210806541035e-09;3.830822551238807e-09;1.3990671514540524e-08;4.2561704393912374e-08;7.452556078244857e-08;1.446381503704132e-07;2.817614112237872e-07;3.812135921668801e-07;3.4724846386359665e-07;2.078486604421751e-07;8.297876386478017e-08;4.122710769066883e-08;4.960146298090063e-08;7.95290328446943e-08;9.827480253221277e-08;1.0771814389568714e-07;1.1399424725648662e-07;1.1488876377938223e-07;1.0885991713966612e-07;1.191857189219894e-07;1.325594127678164e-07;1.205107884929059e-07;8.582202353871555e-08;7.688862956756321e-08;9.905695940169709e-08;1.2303797696615554e-07;8.89247176322966e-08;3.620089081231728e-08;1.4303852769513988e-08;2.124203804974433e-08;7.36319425761051e-08;2.140264993382963e-07;4.4888532036167974e-07;6.943342290500521e-07;9.083476847491732e-07;1.3760724589202025e-06;2.6605861448223497e-06;4.994429943479895e-06;7.739340386297133e-06;9.985175889920298e-06;1.1348419356934346e-05;1.2168424226613708e-05;1.304472188744281e-05;1.4448115901083498e-05;1.640095712027379e-05;1.867280416181865e-05;2.05043160063881e-05;2.1354360821139764e-05;2.125490477642459e-05;2.081639190519212e-05;2.036757379398795e-05;2.0053464570030092e-05;1.985177053021136e-05;1.967563563655616e-05;1.906069433341084e-05;1.7967829820271084e-05;1.678254995935093e-05;1.6030428847933003e-05;1.6378264584486673e-05;1.7542175847568053e-05;1.86119007586336e-05;1.877747961549017e-05;1.7665093175853654e-05;1.565583070725425e-05;1.3740722185758248e-05;1.2897247745008589e-05;1.3670082623727236e-05;1.530112883522593e-05;1.7187992487237865e-05;1.789277878671854e-05;1.7391274430539064e-05;1.6275805299940382e-05;1.5156590604910964e-05;1.41399739993899e-05;1.3576692778858192e-05;1.344034119815217e-05;1.3849302115385115e-05;1.4823091855309509e-05;1.5861250760218667e-05;1.66266807139555e-05;1.6585195324847487e-05;1.574709064143763e-05;1.4616676631144931e-05;1.3592779613349883e-05;1.289366433183655e-05;1.2562261437098029e-05;1.2557529555563784e-05;1.2539662687476874e-05;1.2700030291853566e-05
2395.322188646591;2.5807638138407586e-07;2.3182029989529534e-07;1.8019854943413926e-07;1.2460768097587172e-07;7.38869892941828e-08;2.7677389344468264e-08;2.509307592125473e-08;5.8572973197976335e-08;8.701880514741536e-08;6.604418045054128e-08;2.5790233101955704e-08;6.869264558882676e-09;3.0589124303316022e-09;2.6974245857073284e-09;6.085950751149201e-09;1.757265465741818e-08;6.651146287471757e-08;2.135588912443316e-07;4.241150541592687e-07;4.948545280871991e-07;3.334857586267211e-07;1.3640450980238997e-07;6.123890351788009e-08;7.44878939842234e-08;1.0122146647886895e-07;1.0023757601519377e-07;1.0270217497159124e-07;1.505271138266314e-07;1.979920238567891e-07;1.9288869777236004e-07;1.4571573360320577e-07;8.505223952428369e-08;3.686901882035695e-08;2.310061623156952e-08;7.309658590361018e-08;1.830203352880551e-07;2.330402140910621e-07;1.7836915133474328e-07;9.64638483701296e-08;4.0326367113789434e-08;2.257814349307524e-08;5.178245064460513e-08;1.589943317555931e-07;3.9734360291962746e-07;7.637817220840131e-07;1.048205862169847e-06;1.4072494239351543e-06;2.331345295568097e-06;4.057098743864365e-06;6.388343301472019e-06;8.710915807241266e-06;1.0426333004097889e-05;1.1748144169938535e-05;1.310670020837253e-05;1.4615509077186386e-05;1.6241526022910908e-05;1.798475168005692e-05;1.9647425639474655e-05;2.0864829215157183e-05;2.1607749675292715e-05;2.1952858210287377e-05;2.1907119517788616e-05;2.149905588372776e-05;2.092128096612328e-05;2.036844429886905e-05;1.979068100274964e-05;1.9061172420499616e-05;1.847507484085539e-05;1.803735055515513e-05;1.8212548394284804e-05;1.8749231793699624e-05;1.9060146987125288e-05;1.877231098237961e-05;1.7579288855208492e-05;1.5935492731809302e-05;1.4290600702335852e-05;1.3953716935292786e-05;1.5229929540743893e-05;1.730902174861899e-05;1.889258126947714e-05;1.883303352480197e-05;1.767284993402081e-05;1.617381110315689e-05;1.487898831576992e-05;1.4378994059960598e-05;1.4342730203334866e-05;1.453456908894076e-05;1.4854980008892145e-05;1.5354798852219718e-05;1.589999594148664e-05;1.6415429577938486e-05;1.663700420494223e-05;1.6493115647720258e-05;1.6090117865498242e-05;1.543803575299728e-05;1.4735746154301576e-05;1.4078561435130262e-05;1.353650057318469e-05;1.3084084955817877e-05;1.2790207000370535e-05
2396.6007572951094;2.012172477222358e-07;1.3198608437471736e-07;6.210505171424658e-08;2.0427592974292976e-08;5.3864207535954244e-09;3.1513429402239164e-09;9.810779317483615e-09;2.865316140274601e-08;4.348061843112375e-08;3.3015120252132817e-08;1.2816085947546571e-08;3.3104150829425063e-09;1.4221451905399092e-09;1.5426476142062067e-09;3.1520928722774716e-09;3.363052032199928e-09;5.752954443703476e-09;5.529316368639654e-08;1.5769598387733397e-07;2.15055168796282e-07;1.5903334039397917e-07;1.061445303516195e-07;1.3170868567673316e-07;2.1831865325014685e-07;2.799335848696998e-07;2.490115908816685e-07;1.6427921931132165e-07;1.211052758876361e-07;1.1456435423804141e-07;1.031256947985404e-07;8.769130711635742e-08;7.559708031516363e-08;1.0353559027672508e-07;1.7482466738606945e-07;2.244182510624177e-07;2.3220825949400234e-07;2.0696861370634893e-07;1.7140455374471013e-07;1.559247999566871e-07;1.4226727470936378e-07;1.1424101788802105e-07;9.067240843785573e-08;1.131724639234711e-07;2.589630289702631e-07;6.796526258071538e-07;1.3362638475697208e-06;2.029863986510713e-06;2.7129924955371003e-06;3.6905364046541686e-06;5.116865710002729e-06;7.202752220027709e-06;9.792428965448016e-06;1.2454363680030438e-05;1.4620072888963742e-05;1.590560081858767e-05;1.6457814911970767e-05;1.6834908471032297e-05;1.775945783586542e-05;1.938334895232939e-05;2.1340348649588057e-05;2.2978774876179e-05;2.3671813812489952e-05;2.305731309030239e-05;2.173127195589357e-05;2.026357471050669e-05;1.90544869665076e-05;1.819088462646128e-05;1.7617107732514107e-05;1.7374538460021403e-05;1.744158605763512e-05;1.76464995276452e-05;1.777647892506407e-05;1.7500739112296545e-05;1.7080836773506645e-05;1.659387875529954e-05;1.607348464442879e-05;1.6417668683055544e-05;1.7716958531017042e-05;1.919766839465832e-05;1.975811314048801e-05;1.8930629312215545e-05;1.729950413250315e-05;1.5750020435557743e-05;1.4981932033249798e-05;1.528035761191636e-05;1.602715110362449e-05;1.6468680692490084e-05;1.6206309614600963e-05;1.567841763078958e-05;1.4977617313511936e-05;1.47110655968258e-05;1.5052558968502075e-05;1.5642875347220513e-05;1.619223231689989e-05;1.6194995259390802e-05;1.554125683058953e-05;1.438090148957444e-05;1.3304631929199732e-05;1.261271720373321e-05;1.22800977407347e-05
2397.8787189315626;1.7873784179808593e-07;1.3219745221058356e-07;1.6380520562991038e-07;2.672779811490699e-07;3.1176156374022144e-07;2.1623870547439485e-07;8.711451917175349e-08;2.5975019263747e-08;1.3037730041771093e-08;1.8900895690656393e-08;5.34762042687651e-08;9.70575124938278e-08;1.1224347710300601e-07;9.053896375279489e-08;5.1891919132559726e-08;2.136414851601207e-08;1.5166897219550212e-08;4.4597016513395336e-08;8.994276063247512e-08;1.0283405147074596e-07;6.777521872552253e-08;9.720050392012443e-08;2.096941388455916e-07;2.8779628095199005e-07;2.8637562620467346e-07;2.2192709688194185e-07;1.2647031179092062e-07;5.182603842879797e-08;1.8669101417581667e-08;1.044194727182534e-08;2.6799604277951398e-08;8.684340541142332e-08;2.241305350785263e-07;4.156516772859469e-07;4.604282940599452e-07;3.056500660988963e-07;1.6758840773070875e-07;1.421459619124752e-07;1.879550244746232e-07;2.295305536897138e-07;2.1638798210257125e-07;1.9750167561215225e-07;3.054104602227968e-07;6.44311556416339e-07;1.1568184456944755e-06;1.814626314390282e-06;2.376885420501901e-06;2.904968115562704e-06;3.7281150072707903e-06;5.026520232804153e-06;7.179454864343856e-06;1.0204026504623336e-05;1.338078805130838e-05;1.5651148672849554e-05;1.6549029073587037e-05;1.6424096043641638e-05;1.62101603999225e-05;1.6684985505783257e-05;1.841716454090121e-05;2.0778568998648488e-05;2.3027201333620777e-05;2.4136815364276883e-05;2.371879545577537e-05;2.227168798993774e-05;2.0495403965167523e-05;1.8943382833554264e-05;1.790654987567581e-05;1.746482121018468e-05;1.739581505978147e-05;1.7526802269440986e-05;1.7706523360141638e-05;1.7828792803949846e-05;1.7708940012288905e-05;1.733815553986839e-05;1.6785687600399076e-05;1.6613275010440193e-05;1.672761507657869e-05;1.741016809394497e-05;1.843411074047024e-05;1.9301379193723425e-05;1.9170298043129708e-05;1.8018761485561767e-05;1.6405583178458432e-05;1.528666385009223e-05;1.489827506187444e-05;1.5285088515653442e-05;1.5840994528672256e-05;1.591520660690989e-05;1.5398037404807947e-05;1.4597825048369487e-05;1.4145678675192386e-05;1.4410249259836578e-05;1.51196685425282e-05;1.6042901177233883e-05;1.6430914912024976e-05;1.5767539757015775e-05;1.4336935001721592e-05;1.2601639153688824e-05;1.1354872595782032e-05;1.0905018899390236e-05
2399.1560736428546;2.790932452357131e-07;3.957636318793562e-07;5.48668786399705e-07;7.152856339618809e-07;7.150981209011168e-07;4.6038845208824644e-07;1.8192160797878605e-07;5.536482147944671e-08;2.7659717882279977e-08;4.064726929865456e-08;1.1910749327654688e-07;2.176975675493755e-07;2.4688053129173214e-07;1.905626072091363e-07;1.027621227106228e-07;3.996096520144776e-08;2.8790905735125544e-08;8.876560755065963e-08;1.813265213610112e-07;2.1933299932626205e-07;1.936502325697929e-07;2.0551298920037214e-07;2.893678461884672e-07;2.961588856050708e-07;2.0884691467850817e-07;1.237923288996237e-07;8.07677681538018e-08;4.909107280253151e-08;2.4316118057292467e-08;1.1850233924708749e-08;2.0318647098613784e-08;7.21787486463271e-08;1.9408508732226298e-07;3.399318750266065e-07;3.733316333068982e-07;2.606075809370376e-07;1.2405227404748622e-07;7.951195522930099e-08;9.852469497160345e-08;1.186107379714047e-07;1.221649475063065e-07;1.6299049564999921e-07;4.061693595063284e-07;9.50827036729438e-07;1.570376445465979e-06;2.055338188183118e-06;2.471512917700821e-06;3.0763379512537904e-06;4.172038907762276e-06;6.007556591528496e-06;8.443793723620473e-06;1.0960231720570534e-05;1.3237047278507691e-05;1.4939361354333295e-05;1.5743728076670136e-05;1.6218220883899285e-05;1.654300137531045e-05;1.7372883470501823e-05;1.891992990583836e-05;2.083024463454258e-05;2.260576619580376e-05;2.354400342803793e-05;2.35395185815277e-05;2.2620445174261017e-05;2.1210378054321764e-05;1.998469891197645e-05;1.9269078568690766e-05;1.898864992680522e-05;1.895061757621236e-05;1.8865578999763705e-05;1.8529071972205585e-05;1.7863594019419728e-05;1.724059063194137e-05;1.667679713915676e-05;1.61943839556275e-05;1.6098635157323706e-05;1.6229023915869776e-05;1.6737237233265515e-05;1.7725411508598295e-05;1.888230674156656e-05;1.9678309296515297e-05;1.9147818120912807e-05;1.7249430851443976e-05;1.5148838475959796e-05;1.3870281252328663e-05;1.3777909525342243e-05;1.470616162032386e-05;1.5852454690371085e-05;1.638475086665591e-05;1.6469722692660145e-05;1.6171369268879355e-05;1.5774570798475314e-05;1.55555714625687e-05;1.5736655362269078e-05;1.584006716853177e-05;1.5594387644925152e-05;1.4969429570266025e-05;1.4037365033888084e-05;1.3186027023769289e-05;1.2635527441813874e-05
2400.432821515893;3.5691036313633025e-07;5.782675521522216e-07;6.994273799428293e-07;6.756342308575626e-07;5.135043356379467e-07;2.776954719041077e-07;1.0534360282194253e-07;3.48130453339703e-08;1.7697380257506772e-08;2.5405473536345593e-08;7.826554471375355e-08;1.4583882418991332e-07;1.635057878930672e-07;1.220751376027826e-07;6.323546688298225e-08;2.3372507357909492e-08;1.5578650380257205e-08;4.7645173725064014e-08;1.1770622778915665e-07;2.042625552129927e-07;2.911129892336359e-07;3.734243724743962e-07;4.413063411356119e-07;4.252557003756696e-07;2.800493766695317e-07;1.46956153414167e-07;9.517637169764967e-08;6.972695510385764e-08;3.6812302221137296e-08;1.3812183422413604e-08;1.1513634457292401e-08;3.4778576130973284e-08;9.839643052963953e-08;1.700983763038203e-07;2.191876678493377e-07;2.1430689247247905e-07;1.4212064437676532e-07;6.071753974561983e-08;1.4930460686080898e-08;7.489640214176963e-09;1.1953200002699304e-08;4.73142963796504e-08;2.131804078884563e-07;6.530072972175701e-07;1.2514075510315289e-06;1.756928525270574e-06;2.307157557905159e-06;3.175618677287134e-06;4.7292544929689806e-06;7.051382530752172e-06;9.659852715168014e-06;1.2101643821129742e-05;1.4096329718084794e-05;1.5834623283933103e-05;1.7172145418656653e-05;1.8056658092864397e-05;1.850962836807461e-05;1.87895921756824e-05;1.9350452685763552e-05;2.031000440025694e-05;2.1553633706917015e-05;2.267824934393071e-05;2.313814456641808e-05;2.2784735995278554e-05;2.195092868544012e-05;2.116625899274504e-05;2.05358016611376e-05;1.9777488570565675e-05;1.905421520925996e-05;1.812699101107179e-05;1.7159473247018257e-05;1.6586495506773064e-05;1.6239806056956596e-05;1.627098887803882e-05;1.675060540972461e-05;1.723198463645764e-05;1.7552705803405972e-05;1.7784573938165465e-05;1.81369286505651e-05;1.8610333089203985e-05;1.889935383287632e-05;1.799085611159982e-05;1.6181531787479e-05;1.4532054437024335e-05;1.363652432732488e-05;1.4046734799197838e-05;1.5407814176646123e-05;1.6993386800352667e-05;1.8178484813725435e-05;1.859303055395348e-05;1.8280543554594897e-05;1.7238001124939324e-05;1.5999486490685465e-05;1.5023828283637409e-05;1.4479478563068364e-05;1.44947064840541e-05;1.4976726409948554e-05;1.5476484259625203e-05;1.5576624837165716e-05;1.5541711468316206e-05
2401.7089626376146;3.171764500530915e-07;3.669702465953702e-07;3.395006224191399e-07;2.407693365040279e-07;1.1547031164720373e-07;3.598447386645732e-08;1.1476079946603948e-08;5.6968392908951425e-09;3.0571455969942004e-09;3.633018597612976e-09;1.2807452019121751e-08;2.70563638270912e-08;3.640680354001697e-08;3.7875380222406085e-08;2.5229718313678212e-08;1.1613433513827214e-08;4.119889019645737e-09;5.494009244813189e-09;4.0736898178045674e-08;1.4736040831206246e-07;2.9382818334829826e-07;4.353654427400765e-07;5.615985319153427e-07;5.772218237941662e-07;3.885333808957822e-07;1.847832414826337e-07;8.78662289516344e-08;5.112987553840471e-08;2.94094400447642e-08;1.4353997666521e-08;8.256654384330216e-09;2.5008462260013925e-08;7.561727265999833e-08;1.530272576506889e-07;2.339980809487065e-07;2.616856307168634e-07;1.9357555561284757e-07;9.640489918378635e-08;6.465804266920607e-08;8.884428084657071e-08;9.863043341405015e-08;7.901236861403462e-08;1.1683830829068065e-07;4.0905282084762337e-07;9.55230677053335e-07;1.678244752679902e-06;2.561469519152493e-06;3.826455274895395e-06;5.657842684808508e-06;7.836375710103744e-06;9.927686296599832e-06;1.2095899325415436e-05;1.4197059923927526e-05;1.6513082304073627e-05;1.902619039253949e-05;2.0937721027887976e-05;2.1808536372036127e-05;2.13571876172492e-05;2.042655997951107e-05;2.002687951872087e-05;2.041032576714177e-05;2.1333700394985872e-05;2.2046776798102827e-05;2.223374610386275e-05;2.1933698524552e-05;2.130923819571173e-05;2.02389380430303e-05;1.8794000276491947e-05;1.7292206120964098e-05;1.6013625671216094e-05;1.531815390270986e-05;1.5498253446036815e-05;1.612674862331355e-05;1.6930747496020545e-05;1.7594401545475233e-05;1.793863321404362e-05;1.7918621252487537e-05;1.7655440760759853e-05;1.731990026767284e-05;1.695132950654709e-05;1.6532391085996087e-05;1.590331886006395e-05;1.5287017954151672e-05;1.4744222679155215e-05;1.4932392628784428e-05;1.543214062472548e-05;1.609668859363688e-05;1.6458238467854534e-05;1.6548120218248396e-05;1.638869306410606e-05;1.604135155856176e-05;1.548969623512004e-05;1.4860545500095842e-05;1.44324625837103e-05;1.4302788205926635e-05;1.4524709570508569e-05;1.516346560563536e-05;1.5597895465864775e-05;1.5730954060449485e-05;1.5781642076423564e-05
2402.9844970949707;2.477457232157043e-07;1.2813535500951741e-07;4.8667790740765e-08;2.0975081194269922e-08;9.163093987819371e-09;7.186455976572161e-09;1.591200404072241e-08;4.250840182382064e-08;5.0737170263103264e-08;2.4726454243752807e-08;7.242144366494853e-09;4.733007561547363e-09;1.3682205863650072e-08;3.1620223695381554e-08;4.000599286589327e-08;2.7720747264058888e-08;1.0803262232304192e-08;4.9323652759948205e-09;2.1698446798790143e-08;9.87726163141165e-08;2.356803242189356e-07;3.913247259230971e-07;5.824597213457869e-07;6.204819123295554e-07;4.061393116017859e-07;1.6785312953846925e-07;6.029960823672854e-08;2.953070007813612e-08;2.8531931934633384e-08;3.7014888823568766e-08;3.8517000586194e-08;3.457410842260587e-08;4.0143337013105065e-08;7.339812040985386e-08;1.1798725157080936e-07;1.313408935614264e-07;1.0057990985852953e-07;8.397854103308307e-08;1.4781277835795545e-07;2.731087739411539e-07;3.6235155709432077e-07;3.313399251630769e-07;2.405953839500116e-07;3.7240515515796157e-07;8.442192074072835e-07;1.809870206537252e-06;3.1618150766138643e-06;4.8162413890365e-06;6.570007830399077e-06;7.966965399709685e-06;8.949212760963892e-06;9.91765196409024e-06;1.1361888163344304e-05;1.36729591156674e-05;1.6624835741028217e-05;1.9511867123954603e-05;2.1369969303003406e-05;2.1747944037832116e-05;2.1140048688253256e-05;2.0720761272986528e-05;2.07013246184068e-05;2.1079308570188734e-05;2.145710857924788e-05;2.1576978214199176e-05;2.1207119685616837e-05;2.041216377160269e-05;1.9246512570151503e-05;1.7941901852650996e-05;1.6730392341544504e-05;1.5751652283255443e-05;1.518230724937182e-05;1.509887794945018e-05;1.5529754009148402e-05;1.645454008008208e-05;1.7148442797079614e-05;1.7398771355412213e-05;1.7137135716736178e-05;1.6467538785843834e-05;1.558287666202796e-05;1.4716015510513504e-05;1.4372829554983492e-05;1.462729437939866e-05;1.534940030105934e-05;1.6109279058765727e-05;1.6841773549427757e-05;1.7043163371892023e-05;1.6446826760716296e-05;1.5382834700267658e-05;1.434154228270664e-05;1.3705100694473506e-05;1.3590307731158717e-05;1.388223688128949e-05;1.4381736960656723e-05;1.4955148395668434e-05;1.5413654077375408e-05;1.5667811188301112e-05;1.56702029455487e-05;1.5495014637985563e-05;1.5188769601802783e-05;1.4795111860104202e-05
2404.2594249749272;1.0615230934885055e-07;3.614299962604265e-08;9.116398647651342e-09;2.888989486624559e-09;3.7351748569483845e-09;2.4089778019773562e-08;1.0593439724923709e-07;2.1040276366728106e-07;2.3115637731503358e-07;1.5531820603289372e-07;6.493561813630246e-08;2.0964086917517797e-08;3.2944266821412966e-08;9.243924024329965e-08;1.748399215947043e-07;2.405166473645384e-07;2.797530860188953e-07;2.800065809627922e-07;2.284297392524362e-07;1.8698266831058566e-07;2.265537429962498e-07;3.1590508479445177e-07;4.1157427743499777e-07;3.866426368453195e-07;2.2827744860402434e-07;9.51357411143764e-08;5.118439496103731e-08;4.4024257924905176e-08;4.2190740617224286e-08;5.7755259048733236e-08;6.585553426810539e-08;4.359464047359217e-08;1.5494461854057594e-08;4.012875888811108e-09;2.0170555430538822e-09;1.9939245716936117e-09;1.648176229238104e-08;8.519291574962045e-08;2.266973374110224e-07;3.9944217231413596e-07;5.629390534370034e-07;6.279820669384732e-07;5.626372986208924e-07;5.974022479511515e-07;9.32483657866295e-07;1.6712681431558898e-06;2.8128199489493617e-06;4.356798730518725e-06;6.090103414652492e-06;7.541251177824628e-06;8.69845520764715e-06;9.708640673861906e-06;1.0755834099112935e-05;1.214496542646769e-05;1.382643099406506e-05;1.556197694013065e-05;1.709149133164622e-05;1.8257220606257093e-05;1.926124531856478e-05;2.0333692508021305e-05;2.137489466785873e-05;2.2333107636244736e-05;2.2569630280265157e-05;2.200842617239611e-05;2.0952486717813885e-05;1.9804376389558656e-05;1.893414534449465e-05;1.8320298399817277e-05;1.7790012153031583e-05;1.6979629025766148e-05;1.5877569594761105e-05;1.4908316925354213e-05;1.4587667316610198e-05;1.506150329193588e-05;1.588618443950872e-05;1.632542158709302e-05;1.610758346844479e-05;1.54164111608278e-05;1.4453870375257033e-05;1.382621120413012e-05;1.3918404332601649e-05;1.468944926805169e-05;1.5914762395812792e-05;1.721533036791736e-05;1.7677563715781147e-05;1.752075886599666e-05;1.647464324747724e-05;1.5392533054401398e-05;1.4523061491177896e-05;1.432598724332374e-05;1.4867417650339882e-05;1.535946729487286e-05;1.5582614568967664e-05;1.5500277314488763e-05;1.5155587249740816e-05;1.4834614348250803e-05;1.475528016229493e-05;1.4846693447301291e-05;1.481453368489829e-05;1.4793560609935936e-05
2405.5337463644573;1.2470445976864824e-09;1.9514675743034942e-09;7.378723168200316e-09;3.1860182671039764e-08;8.391796448327012e-08;1.5468591707571178e-07;2.670052283776573e-07;3.683592929198588e-07;3.8336049681259313e-07;3.260912247474822e-07;2.1310675643677666e-07;9.624278494487472e-08;6.624055691440319e-08;1.5727043539701188e-07;2.9933163557776855e-07;4.425597035913463e-07;5.441842513728006e-07;5.706821397329465e-07;4.965385738607326e-07;3.9983314419553154e-07;4.2124836018500483e-07;4.582096046230104e-07;3.608800376541545e-07;1.831872445781252e-07;6.656378417207626e-08;3.693829981815328e-08;5.1018086151401834e-08;5.992063859112134e-08;4.509864383721653e-08;3.608855126557291e-08;3.5208475664943207e-08;2.6239338169058998e-08;3.113966564234236e-08;6.533971665350903e-08;1.0006954306127737e-07;1.0548328754560101e-07;1.0151747786941897e-07;1.6045309702122632e-07;2.8497592852701845e-07;4.231942057435996e-07;5.813096023219562e-07;7.566699274851864e-07;8.839642501645557e-07;9.40076323904553e-07;1.0693072139301407e-06;1.3296115110378898e-06;1.920087174768493e-06;3.208517402742043e-06;5.189847547814656e-06;7.532395972852543e-06;1.0170630227493e-05;1.239573011637657e-05;1.3887958762794575e-05;1.4868464461316767e-05;1.5463736215406202e-05;1.5796593351272896e-05;1.621331815284731e-05;1.6862420278125028e-05;1.7898252879678186e-05;1.9395334842745744e-05;2.107141275028437e-05;2.250522629062586e-05;2.3091331821350338e-05;2.250940526254449e-05;2.124318186989148e-05;1.9929183418359933e-05;1.9070905194044563e-05;1.874077528265493e-05;1.8164008646054776e-05;1.7140302818814947e-05;1.5854569722540047e-05;1.4828006137152789e-05;1.4681433843943017e-05;1.5353402980018773e-05;1.608919455199414e-05;1.631213125240434e-05;1.590970748948441e-05;1.5167549248964826e-05;1.4566726272861966e-05;1.4524375136013096e-05;1.5106420929292213e-05;1.6064851236161055e-05;1.6924301220740167e-05;1.729210809885575e-05;1.679166005029869e-05;1.5851141348537876e-05;1.4947433090187468e-05;1.4445949140276202e-05;1.4660638668778422e-05;1.5491610498812834e-05;1.6326513315307387e-05;1.6690865545064662e-05;1.6073436722902803e-05;1.4821140640983384e-05;1.3411134357283131e-05;1.2547094055959222e-05;1.270530739894845e-05;1.347353356298777e-05;1.456337096166572e-05;1.5416446588083865e-05
2406.807461350567;5.079149610221372e-10;3.264114677306073e-09;1.4610269069835386e-08;6.36330884919638e-08;1.6332509617693827e-07;2.522860385832698e-07;2.9102201511666695e-07;2.96032916932576e-07;2.9565901549614893e-07;3.091995694343591e-07;2.7021537452183534e-07;1.544861705443921e-07;7.294916459903108e-08;8.931387671681034e-08;1.5428740184051898e-07;2.230399523005348e-07;2.746519104130057e-07;3.106029440738308e-07;3.390022603737953e-07;4.0098921088030073e-07;5.528031968247553e-07;6.390955564199319e-07;4.785261603723763e-07;2.078985368503239e-07;5.987728564302218e-08;2.5917382056128942e-08;3.2021326484102984e-08;3.5606122949158175e-08;2.5438238202100178e-08;1.1816509798707142e-08;5.448700172601472e-09;9.041821158879264e-09;4.6935832884208724e-08;1.267483237750488e-07;1.981125339995063e-07;2.2620127453268795e-07;2.305674717016908e-07;2.402508447659295e-07;2.693769387905694e-07;3.235334759927267e-07;4.127649911780086e-07;5.521439325618668e-07;7.195531450837587e-07;8.398067489698776e-07;9.01119638689068e-07;1.190412251289316e-06;2.0703577993274884e-06;3.5040696098998817e-06;5.564297183387426e-06;8.134135852183573e-06;1.0996200857696387e-05;1.3738614497532954e-05;1.561309146473007e-05;1.6873589685753836e-05;1.763223842086768e-05;1.8355339469097123e-05;1.9106675754745556e-05;1.965894435027068e-05;2.028722354176185e-05;2.1077357824425e-05;2.1775656018594232e-05;2.1896190126795548e-05;2.179977721107965e-05;2.1019434770172605e-05;2.0368100358971105e-05;1.995597065487156e-05;1.9773684393940604e-05;1.9597047561903345e-05;1.8742338459356863e-05;1.740551142452636e-05;1.6178588468728248e-05;1.5704343110671498e-05;1.622479351696899e-05;1.7207954912890114e-05;1.7806294150864858e-05;1.749130638579295e-05;1.6424001952496674e-05;1.5186837394550376e-05;1.4540926278524665e-05;1.497095300569851e-05;1.609698066219632e-05;1.727385204700707e-05;1.7798252867775474e-05;1.7058117710853328e-05;1.5645027710308437e-05;1.4141323285684822e-05;1.3636662435371617e-05;1.3982382109618544e-05;1.524197433891183e-05;1.6285346819769617e-05;1.6502215709254873e-05;1.6414263225897414e-05;1.5470087723014968e-05;1.3973336220560494e-05;1.265872908277861e-05;1.183317287289548e-05;1.18805052131444e-05;1.2572732333070333e-05;1.3735654885495963e-05;1.452645532804224e-05
2408.080570020262;1.1135819344017435e-10;1.58588279492432e-09;7.292602138122408e-09;3.1800841739403263e-08;8.111382258116284e-08;1.178196365724113e-07;1.1548730644664589e-07;9.628528503267966e-08;9.3076245867089e-08;1.1543411305627697e-07;1.343546914313444e-07;1.6144399325604956e-07;2.095061489176396e-07;2.0676192904924445e-07;1.3287213267139858e-07;5.335697013814381e-08;1.9301663118360852e-08;3.457606988112136e-08;1.275466162856226e-07;2.9916446209783413e-07;4.728466965013675e-07;5.241823785532746e-07;3.9137491308582e-07;1.8468138953588044e-07;6.609789701683888e-08;9.118756981857798e-08;1.9199647108778169e-07;2.311872585151356e-07;1.575252733802293e-07;6.25229337047291e-08;1.4805739260402752e-08;1.1356002823316981e-08;2.8293084063960693e-08;7.049775272012879e-08;1.4927380644284616e-07;2.5789120812041175e-07;4.107974360445166e-07;4.901135140266677e-07;4.60070269136562e-07;3.628801700323908e-07;2.784325072549773e-07;3.164009417428012e-07;4.745687035953946e-07;7.074742456853804e-07;9.077784783848392e-07;1.478847892140562e-06;2.5801442085208536e-06;3.916366323651979e-06;5.626506602471653e-06;7.991908729797052e-06;1.073581429847013e-05;1.3588907557648917e-05;1.5821294678302684e-05;1.7051094573901915e-05;1.7683705562801198e-05;1.831369943015153e-05;1.916859533137028e-05;2.0452159336505768e-05;2.199512398461295e-05;2.3210262621211077e-05;2.3463261763619812e-05;2.2457319164903875e-05;2.0685156886558685e-05;1.929021604765587e-05;1.899652453215937e-05;1.968619034812693e-05;2.09842279128109e-05;2.156087620600704e-05;2.1051140174197555e-05;1.9703482138947643e-05;1.8279250995033818e-05;1.748177435019384e-05;1.7513921676184056e-05;1.7819042441636536e-05;1.7915584365420864e-05;1.7372218184504656e-05;1.617660335064418e-05;1.4844887886707344e-05;1.4053895825357622e-05;1.4351155160392664e-05;1.54970363040921e-05;1.6746867210505807e-05;1.7278277679450925e-05;1.6618023573583575e-05;1.5462083864285815e-05;1.4401997112204615e-05;1.4221569331443272e-05;1.4922326635061316e-05;1.590927054682732e-05;1.6486114952701943e-05;1.6267216059753305e-05;1.5597649189450454e-05;1.490983888332442e-05;1.4233770076477318e-05;1.3734182094513236e-05;1.3377857536769304e-05;1.328605989290165e-05;1.3531102079413891e-05;1.3970188405539247e-05;1.4196186316633882e-05
2409.3530724605844;7.018655761701017e-10;1.2697550487637822e-08;5.2214918612632085e-08;1.7036725375487438e-07;3.269758744000435e-07;3.754063038103141e-07;2.7549598395301724e-07;1.395759296037619e-07;4.460000561356657e-08;1.514852578326465e-08;4.4228765629283865e-08;1.7784404118690386e-07;3.925938645135282e-07;5.152222382543586e-07;4.7095163087960507e-07;3.968875359397375e-07;3.74092294859654e-07;3.636132969836086e-07;3.7332689411703817e-07;4.2353738970470293e-07;4.665364409553267e-07;4.2747883581878347e-07;3.001454993426687e-07;1.8746005739626373e-07;2.0029293375666359e-07;3.720688043352899e-07;6.114442479139569e-07;6.631466124689356e-07;4.413570365636876e-07;1.868338368045969e-07;6.359015515075709e-08;2.7721184275634642e-08;3.1439162028920815e-08;5.955042829092313e-08;1.2248525162059045e-07;2.9144591646141653e-07;5.426986006198914e-07;7.14651716043979e-07;6.844482879342391e-07;5.022453216899039e-07;3.2958038206869255e-07;3.589483864494e-07;7.027830103815679e-07;1.1936501194459077e-06;1.612015180070562e-06;1.9487609647268264e-06;2.152947013184347e-06;2.632281131601238e-06;3.726595524292104e-06;6.014131756157554e-06;9.468944932364616e-06;1.3210088330029232e-05;1.6273280322942103e-05;1.792704758879811e-05;1.822193744060982e-05;1.766582163329832e-05;1.7515695475584157e-05;1.8394442509091416e-05;2.0133144910074143e-05;2.185945822097952e-05;2.2548785496935367e-05;2.18024777699016e-05;2.0044639594920883e-05;1.863403687883572e-05;1.814631638991877e-05;1.896296737455006e-05;2.0489218685277352e-05;2.14717960335284e-05;2.138505084821262e-05;2.032644301493852e-05;1.8941149680073915e-05;1.787917888599982e-05;1.7288077468955094e-05;1.6960652308661724e-05;1.6659982442869432e-05;1.6175401284620652e-05;1.564984814428347e-05;1.5234041682732503e-05;1.5271597571478072e-05;1.5643725297845654e-05;1.5949191184975213e-05;1.6034106718689606e-05;1.5998289268441257e-05;1.5822162867344853e-05;1.5567490333153283e-05;1.5502191230783617e-05;1.554013276401539e-05;1.5593342169994153e-05;1.5184533575108853e-05;1.4585721978357666e-05;1.4045172688685409e-05;1.3802456421090236e-05;1.4275439056464348e-05;1.4936484413334344e-05;1.5206704043869307e-05;1.507885801944474e-05;1.4795673328849346e-05;1.4560421226793542e-05;1.446399711780289e-05;1.4497046307133636e-05
2410.6249687585714;4.11514788097088e-09;6.578210459854153e-08;2.5573420231502905e-07;5.394649744712796e-07;8.737023746026861e-07;9.51401904898425e-07;6.656653009621091e-07;3.186987856692493e-07;9.626458102571037e-08;3.027168884680417e-08;5.19541460094577e-08;1.711777182107127e-07;3.827124050442191e-07;5.590768189578294e-07;6.274611122708829e-07;6.699745754289619e-07;7.149156913900564e-07;7.278592655869001e-07;7.303872279359111e-07;7.471462670267374e-07;6.94648846120078e-07;5.120916996119818e-07;2.909669836529157e-07;2.0081945150782157e-07;3.132017681579947e-07;5.135583058538897e-07;6.729560469876853e-07;6.633704005768756e-07;4.6413934806499765e-07;2.584225339710484e-07;1.79179729005245e-07;1.3260187966663518e-07;1.0864133833454337e-07;1.206040143205044e-07;1.2408255172229842e-07;1.8405054550100922e-07;3.246018238300063e-07;4.886373417619595e-07;5.541626217164217e-07;4.922453374000044e-07;4.5212128967016026e-07;5.349011197477069e-07;9.063534690501304e-07;1.4037348824271593e-06;1.763835160795117e-06;1.840313027622547e-06;1.6480662986715826e-06;1.875265562873472e-06;2.920700847494864e-06;5.134434220792825e-06;8.588193457576235e-06;1.2648282850809206e-05;1.626976980499687e-05;1.8558760421681797e-05;1.9277378227294525e-05;1.9121513526082343e-05;1.9018675894373896e-05;1.9473844999909625e-05;2.034132852924711e-05;2.128979837482623e-05;2.137020035432776e-05;2.0332681414620172e-05;1.8678978586356083e-05;1.7080654742835794e-05;1.6389974222967376e-05;1.6741911770391505e-05;1.7457417287525015e-05;1.810992817029048e-05;1.8253292135847803e-05;1.7934754662291806e-05;1.744488785434473e-05;1.704554382386934e-05;1.6668164643822634e-05;1.620096341624284e-05;1.5747075840748646e-05;1.5304651798392638e-05;1.5212244487632245e-05;1.570360576458449e-05;1.636138993294888e-05;1.687258947422584e-05;1.6730818392006413e-05;1.5917404412425714e-05;1.535333383848203e-05;1.518611693366926e-05;1.554963452957149e-05;1.6013774479244755e-05;1.6109012528189313e-05;1.531564758908157e-05;1.3807235333159767e-05;1.2208903105552608e-05;1.149765678542234e-05;1.2172439683177392e-05;1.371295892808327e-05;1.527296719011674e-05;1.6123389059144023e-05;1.6154288087907874e-05;1.5631745845999568e-05;1.4835441436287671e-05;1.4124576969249437e-05;1.3837732284961098e-05
2411.8962590012907;2.3707149961923098e-07;4.144310830840775e-07;5.965823382876251e-07;7.598235709341043e-07;9.345826652210592e-07;8.623141604172909e-07;5.407398892176778e-07;2.321769694911148e-07;7.42920837283306e-08;3.038574260873556e-08;5.473948807114391e-08;1.5048011020912787e-07;2.631963313944024e-07;3.186456345676645e-07;3.2741991739889176e-07;3.439605756136856e-07;3.762511263119433e-07;4.347921014142191e-07;5.993816059560985e-07;8.331557619909322e-07;8.565212743644556e-07;5.771652514725055e-07;2.699010399043003e-07;1.3980871087516488e-07;1.655232157494571e-07;2.270668585447795e-07;2.500347447441265e-07;2.3202653990618307e-07;1.925936478697518e-07;1.9432469186647318e-07;2.317965307065066e-07;2.143234234932055e-07;1.4200209116325238e-07;9.091109664137875e-08;5.9531002645307775e-08;3.502563902879125e-08;7.19626830166667e-08;1.932230241783991e-07;3.420635951967503e-07;4.662313802301263e-07;5.419845620952403e-07;5.940555874771559e-07;6.643522412848847e-07;7.756642964806231e-07;9.506064340578892e-07;1.2116925133740663e-06;1.6252723768758417e-06;2.6177166174064263e-06;4.425771630986056e-06;7.033231133684812e-06;1.0331070059782262e-05;1.3745498806813169e-05;1.662757149988452e-05;1.824092478828811e-05;1.8939129008689286e-05;1.938330389133624e-05;2.010661257410941e-05;2.147929269766961e-05;2.28935820975892e-05;2.3902040208855165e-05;2.3657488273858453e-05;2.196282322022744e-05;1.9617128939278924e-05;1.7587045868322916e-05;1.6387107770989104e-05;1.5760102445605504e-05;1.581418290850679e-05;1.616023069020001e-05;1.6366685646902012e-05;1.6440590745778153e-05;1.6376711601676104e-05;1.6129371052384877e-05;1.564648115018973e-05;1.5031777134317322e-05;1.4677281299731042e-05;1.4844272684185931e-05;1.53661261572672e-05;1.604612357245811e-05;1.624513004508829e-05;1.6206876788629134e-05;1.5820650667443815e-05;1.514267297790711e-05;1.4711075597990138e-05;1.4860597813818928e-05;1.533629746734946e-05;1.5727261893710332e-05;1.5560445082061237e-05;1.4736236887632165e-05;1.3442732249164267e-05;1.2280430439142187e-05;1.188846821023404e-05;1.2525395127435157e-05;1.3856801548541988e-05;1.5160813682822378e-05;1.598505693260542e-05;1.6119790866148028e-05;1.5812028605733285e-05;1.5207837432169423e-05;1.4451863345228197e-05;1.4010443526486837e-05
2413.166943275813;6.541973855751377e-07;7.779494722987543e-07;7.729467210536651e-07;6.660975297779615e-07;4.993988182894662e-07;3.303957734716014e-07;1.7397344864135585e-07;8.804716187232746e-08;9.28002928279718e-08;1.3073304353677908e-07;1.677448050520737e-07;1.8714568253372969e-07;1.7093360951721486e-07;1.0511007604057337e-07;5.1070615391790174e-08;2.3221903666500123e-08;2.0469537513263653e-08;5.429120125990605e-08;1.7910202388823357e-07;3.6365216722632273e-07;4.3800214599157364e-07;3.432278033617226e-07;1.8765215980609107e-07;7.95719762605078e-08;2.778074361198993e-08;8.864898696321221e-09;4.996869360863195e-09;7.231712534075893e-09;1.821639105191037e-08;6.487936302066832e-08;1.0460510252734425e-07;1.0763924749192752e-07;7.189993113355088e-08;3.4897870608920416e-08;1.4968499802898662e-08;1.1715484544874532e-08;2.497160788403796e-08;6.659941511984826e-08;1.494527695077549e-07;2.77591841873203e-07;3.3858463092229285e-07;3.205985837077449e-07;2.5125326389124945e-07;2.541535369248791e-07;4.60171126866769e-07;8.743826689859544e-07;1.6702451006017564e-06;3.081271538382934e-06;5.353922747750517e-06;8.44764066497156e-06;1.1659725361539532e-05;1.4229320731588442e-05;1.5826736286004002e-05;1.6579948323490277e-05;1.711363624531543e-05;1.7885271573113033e-05;1.9393315484679168e-05;2.139773250392685e-05;2.3350643316951662e-05;2.4693952543416515e-05;2.482557276273933e-05;2.369538112528192e-05;2.1889939140489358e-05;2.003426957827849e-05;1.847454662675985e-05;1.7341663506809824e-05;1.662317921963551e-05;1.6340044957807072e-05;1.6364530220316005e-05;1.65167251166787e-05;1.651056666269558e-05;1.6128290053981757e-05;1.5367324553284947e-05;1.4451952042521256e-05;1.4087077329707973e-05;1.4804679424931312e-05;1.6030581819813815e-05;1.7034050979188705e-05;1.7226860472291897e-05;1.642780319341199e-05;1.524714167065379e-05;1.4224895932543716e-05;1.3742013854119446e-05;1.3849261106343363e-05;1.4206576277824874e-05;1.4603049203864193e-05;1.478752360965297e-05;1.4782254781425482e-05;1.4502020859851106e-05;1.40571934767268e-05;1.3561625958403046e-05;1.3126816346464914e-05;1.2977203612637933e-05;1.3036166101589865e-05;1.3273927211501542e-05;1.3628774747674918e-05;1.4054518219965212e-05;1.4456614698605829e-05;1.468923001690108e-05;1.4803797263715576e-05
2414.4370216692423;9.276766472140056e-07;7.840669727110526e-07;5.915149360958664e-07;3.639373299124438e-07;1.486047727631971e-07;5.870643438633591e-08;3.469256102072385e-08;6.567050401041557e-08;1.4295413188253916e-07;2.3268820799457773e-07;2.78956785906846e-07;2.296145418166081e-07;1.2018118049147337e-07;4.0171238344242236e-08;1.3033894465000243e-08;6.786463730577368e-09;3.685279200841825e-09;2.025485577926409e-09;1.1051795184454927e-09;5.537125284043559e-09;3.942764489329464e-08;1.2588026334466058e-07;2.6134793402614337e-07;3.47778928669473e-07;3.007957465842742e-07;1.915154083218243e-07;9.891542757091117e-08;4.036662829681862e-08;1.3821886212405277e-08;5.705221714671334e-09;3.7558450606117116e-09;9.238292241051341e-09;2.5594448465747837e-08;4.4758036097267964e-08;3.822276580369711e-08;2.118123094128157e-08;1.0202286571738706e-08;1.0636886945464518e-08;6.566077258915653e-08;1.8250766578658427e-07;3.0505742176733045e-07;3.916459725535229e-07;4.643580568782208e-07;5.898741895675565e-07;8.043422090291103e-07;1.153936192202089e-06;1.8689080217015967e-06;3.2177528725837167e-06;5.455290653149025e-06;8.151564172468862e-06;1.0337236355298432e-05;1.202288190127807e-05;1.3446899406926577e-05;1.4841895031365414e-05;1.626258420666084e-05;1.7813592414181872e-05;1.950183544084293e-05;2.1019490192770384e-05;2.1890494764030827e-05;2.2313320348592195e-05;2.2308791973793265e-05;2.200162997188382e-05;2.1538528906651304e-05;2.0883627490266537e-05;2.0015292641818063e-05;1.921710020919458e-05;1.8525355119266092e-05;1.8012958174857355e-05;1.7985576178499045e-05;1.809692841895777e-05;1.8020069497606333e-05;1.7582750110902844e-05;1.6756164251388214e-05;1.582473075876691e-05;1.5230791046985868e-05;1.5495424593135865e-05;1.632441422478488e-05;1.6886013898755276e-05;1.6905344434469134e-05;1.5971444765775472e-05;1.4715439761538496e-05;1.3626207213769714e-05;1.2964730039823749e-05;1.292732803889516e-05;1.3315391243093833e-05;1.3911296222279696e-05;1.4567955452638585e-05;1.5059530619277412e-05;1.5228526585638811e-05;1.492217832982968e-05;1.410783914511349e-05;1.292030253716215e-05;1.172649896715947e-05;1.0878507893298908e-05;1.0797638436500424e-05;1.1593566930252515e-05;1.2790730500916987e-05;1.4152858434233182e-05;1.502132518330646e-05;1.5315576045070414e-05
2415.706494268681;9.116760223106624e-07;5.813204706356064e-07;2.907031978622532e-07;1.2074145495712186e-07;5.983322201736944e-08;6.283761806250554e-08;1.0918586251959219e-07;1.4331946354220302e-07;1.4815502864485853e-07;1.607898815012703e-07;1.574044531381988e-07;1.216977564538979e-07;4.9306833496984375e-08;1.3918826387345691e-08;5.980197585705413e-09;5.474265734028051e-09;4.088882756042831e-09;2.2332606760514748e-09;9.114737971292323e-10;1.5657244964097034e-09;1.6802560474368742e-08;1.0869480688342035e-07;3.66697582569887e-07;6.051064303847246e-07;5.712447700254606e-07;3.741940434618497e-07;1.9313468119856985e-07;7.769781805813151e-08;2.5447971657370926e-08;1.0112509103904005e-08;5.8415088220233745e-09;6.587556085760689e-09;2.2702311438770627e-08;5.8646061628620556e-08;7.459292832776804e-08;4.77663433497605e-08;1.8072336893949923e-08;1.7506091671420353e-08;8.713906378461113e-08;2.392513067193631e-07;4.42757457928553e-07;6.602976502446308e-07;8.614884037666578e-07;1.0684407496843818e-06;1.4315381385472024e-06;1.975828909118966e-06;2.798364038128499e-06;4.013924473314118e-06;5.895125209798483e-06;7.971629796889364e-06;9.909551173867595e-06;1.195025304111805e-05;1.4290143536941868e-05;1.6754448303548542e-05;1.882703093616386e-05;2.009405207780508e-05;2.0699585956985528e-05;2.0932744007930787e-05;2.1164129037125405e-05;2.164652692602736e-05;2.2282541419378034e-05;2.285291752096365e-05;2.3323075554325644e-05;2.3258673313291247e-05;2.2726158221401437e-05;2.180961382424448e-05;2.052185527400637e-05;1.92270746356228e-05;1.810473116341216e-05;1.7298574994758427e-05;1.693435643028621e-05;1.6877737342595503e-05;1.700567867337992e-05;1.6998693337504375e-05;1.71038173184197e-05;1.713334897677681e-05;1.7028607081836018e-05;1.650600349916154e-05;1.5580466915406495e-05;1.4620533263402385e-05;1.389326432059601e-05;1.3613220278953505e-05;1.3689513640836346e-05;1.406086587221648e-05;1.4460687218614616e-05;1.4733650331435648e-05;1.4848663203972763e-05;1.4899450534379654e-05;1.4755016819550678e-05;1.4396050087026348e-05;1.374893830967634e-05;1.282900502297038e-05;1.1936566359105402e-05;1.1289923523521638e-05;1.1287979376735247e-05;1.2307485342790538e-05;1.3993166876188266e-05;1.5508316164378045e-05;1.6103458282260717e-05;1.6001509497916846e-05
2416.975361161256;4.044760198940949e-07;2.1389765274243373e-07;7.92372256003062e-08;3.3872628542124924e-08;3.4800324321374886e-08;9.346722949752147e-08;1.9696609617106177e-07;2.3201808787208387e-07;1.5770625291005848e-07;6.929124612584763e-08;2.6153420693214693e-08;9.91475752489357e-09;4.04741074295467e-09;2.2854370659220714e-09;2.808243339290016e-09;4.5430161539878625e-09;4.539201947235502e-09;2.5015715221085953e-09;7.985860384493551e-10;2.999278879494789e-10;5.354877051222661e-09;5.1669509452542563e-08;1.898509826915727e-07;3.175280455338628e-07;2.9966766914641817e-07;2.0341598857208585e-07;1.2050469443005785e-07;5.86219995060805e-08;2.1323164098010696e-08;8.021910326164514e-09;4.435318601387062e-09;3.404136773941366e-09;1.158419041322815e-08;4.9348405758915335e-08;1.1383511381148023e-07;1.3868718079193768e-07;1.0333004098222829e-07;6.319519751851233e-08;6.924699719059934e-08;1.22129335819421e-07;2.1547453124172685e-07;3.408276081164575e-07;4.877896328274745e-07;7.857732961957424e-07;1.3668458875474602e-06;2.191549438555387e-06;3.1979310320705314e-06;4.535009440266891e-06;6.209170913808086e-06;8.142391656815148e-06;1.0497068505202565e-05;1.3294227195899255e-05;1.6427964463803157e-05;1.9390624265273032e-05;2.1725101612263328e-05;2.2902327072528453e-05;2.316640825828729e-05;2.29615038332656e-05;2.305466382642808e-05;2.3645218593585203e-05;2.4566830811083987e-05;2.549801623420893e-05;2.5977553538658807e-05;2.575170937878277e-05;2.4947056808782867e-05;2.3560000407320317e-05;2.1253755066354037e-05;1.8656146953716217e-05;1.612398008981266e-05;1.44451264667863e-05;1.4098127845934276e-05;1.469552932170766e-05;1.5877426688118053e-05;1.707617829644128e-05;1.8123780259207836e-05;1.848707486127457e-05;1.7975475834100248e-05;1.6828558849269956e-05;1.5256891255388452e-05;1.398399141934538e-05;1.3458211003446007e-05;1.3772843185271915e-05;1.4599194946420576e-05;1.5451116113052253e-05;1.5969506159962907e-05;1.5988960568881178e-05;1.5676238392586843e-05;1.5154713114958911e-05;1.454685793830318e-05;1.4082252038002785e-05;1.3774839335877663e-05;1.3652936060316574e-05;1.3617169556109648e-05;1.3642815710774222e-05;1.379435252033184e-05;1.4284861208067509e-05;1.512139631148381e-05;1.585375807016831e-05;1.588734767037336e-05;1.55056473462649e-05
2418.2436224341127;3.791495280474067e-12;1.919544092780484e-12;1.701717022838018e-10;1.715090254227493e-09;1.2016619919793677e-08;4.6013242864972074e-08;1.033409815907153e-07;1.2768173354226449e-07;9.03002364988835e-08;2.930756648009509e-08;9.30005142624038e-09;3.1894029146925142e-09;1.4672151967160383e-09;1.1876025741057864e-09;1.496020147135854e-09;2.245231688166669e-09;2.384898469651148e-09;1.2804108019921526e-09;3.9205993544416524e-10;5.371674322056198e-10;3.3413895935920693e-09;1.5503461278743443e-08;3.30790818045832e-08;3.60321040061401e-08;2.389312577466458e-08;2.3954257830370773e-08;3.609752131959476e-08;3.641410022001888e-08;2.8881657571959537e-08;2.152688850996704e-08;1.132863922555039e-08;3.818181264986863e-09;5.1545808795661764e-09;4.3668936606091115e-08;1.4048702483704742e-07;2.1408801644019446e-07;1.824727998691188e-07;1.0322650180407677e-07;6.503169143248303e-08;8.6296229107397e-08;1.5630256976009033e-07;2.465153824792449e-07;3.136011788791167e-07;5.208732401989942e-07;9.803860857982563e-07;1.7527966056756115e-06;2.874251011396092e-06;4.513271770467869e-06;6.432129216713889e-06;8.297241027196356e-06;1.0042935693410828e-05;1.2053791309227828e-05;1.4429282272288018e-05;1.7241652924333662e-05;2.0197625185480134e-05;2.268369790081181e-05;2.426537477780837e-05;2.4570167634886323e-05;2.393402751819673e-05;2.3131642083558183e-05;2.2644115289256862e-05;2.2705876410560925e-05;2.30951317769581e-05;2.341389724915365e-05;2.340779283869337e-05;2.2752378749844105e-05;2.1397765653947384e-05;1.943916201190317e-05;1.7338053528546086e-05;1.550310757945592e-05;1.4384235794087363e-05;1.433737274871219e-05;1.517813616493546e-05;1.680557879657495e-05;1.8091702447044264e-05;1.8575876945795377e-05;1.8039289198140354e-05;1.6705158279538104e-05;1.5097157016929272e-05;1.380919522882518e-05;1.3203165475099788e-05;1.3350890144746291e-05;1.410443837402723e-05;1.5202908354981042e-05;1.6158516781588744e-05;1.6546774129436363e-05;1.638244892655954e-05;1.5501870443178523e-05;1.4230486042646896e-05;1.326310461221619e-05;1.309061167423151e-05;1.370718972790043e-05;1.454039596134746e-05;1.5238624919387991e-05;1.5372971425111187e-05;1.5081103583859816e-05;1.4647302241073224e-05;1.4320947227115556e-05;1.417053856922324e-05;1.415261637587245e-05
2419.511278174403;1.4821509723850448e-07;1.0579743412935943e-07;5.7188550292913687e-08;2.1396944271269992e-08;6.41797695299865e-09;3.1975154315774082e-09;6.071547842721285e-09;1.2685513365965585e-08;1.6107894700642692e-08;1.4506145872541464e-08;5.523597358128872e-09;1.419657386795841e-09;6.658384685993282e-10;8.492987247490738e-10;1.0960674581643861e-09;1.3775528326927534e-09;1.0833303485688834e-09;5.129187643899634e-10;2.4466253106253393e-10;1.0275242335835675e-09;4.1995663513389195e-09;9.5088527722216e-09;1.323454094888395e-08;1.144189318953787e-08;6.81679419929197e-09;7.537460619736309e-09;1.512687254482095e-08;2.654796230314443e-08;4.20964548978032e-08;4.3517681573699585e-08;2.4284589407530305e-08;7.343796775057684e-09;5.2952255709353155e-09;3.332471040677377e-08;1.000078717831064e-07;1.369303574158564e-07;1.0475381791473328e-07;5.5881291925412723e-08;5.8162944102054035e-08;1.4354788294475104e-07;2.9342656745040293e-07;4.507158755603124e-07;5.229598418919402e-07;6.071461866773908e-07;8.86708593604429e-07;1.5755225892373874e-06;2.8604730832100267e-06;4.670898823037431e-06;6.766901975856895e-06;8.633748834026885e-06;9.928248162882246e-06;1.083653704867638e-05;1.1950625331912434e-05;1.382090602967933e-05;1.6569674308936742e-05;1.9616570809048672e-05;2.187663965254183e-05;2.2591359565782145e-05;2.2012579467529785e-05;2.097243992022371e-05;1.985917116909788e-05;1.9435611461973807e-05;1.969458718803572e-05;2.0326944539945483e-05;2.1071718127862303e-05;2.1417450538949462e-05;2.120469947589416e-05;2.0375948070690443e-05;1.9052712416144344e-05;1.744778683634243e-05;1.5848656750475893e-05;1.4804359023518206e-05;1.4709984078037236e-05;1.557318626745455e-05;1.650554607983533e-05;1.6946155364611215e-05;1.6726942453667207e-05;1.6151598811580093e-05;1.5456469176467096e-05;1.4728045319468452e-05;1.4050232871107405e-05;1.3496840924474336e-05;1.3348158726954255e-05;1.3761483953938768e-05;1.4400815284397094e-05;1.4859970831959516e-05;1.4678218367664096e-05;1.377475772143447e-05;1.249234099722622e-05;1.155708842740495e-05;1.1559024418825523e-05;1.2348452605078376e-05;1.3402823677789462e-05;1.4125231913093816e-05;1.4213196416665468e-05;1.369099284806873e-05;1.3111583536571975e-05;1.266226314318558e-05;1.2879155359869616e-05;1.3263353111188294e-05
2420.7783284693014;4.401372080411777e-07;4.2952343311029333e-07;3.580687245082678e-07;2.4430606606511377e-07;1.3263211903341942e-07;5.3158608819928793e-08;1.1447330931624611e-08;9.94967133813034e-09;1.812477899041648e-08;2.2407536736508927e-08;2.334239198831119e-08;2.139590684258265e-08;1.2737920160799174e-08;1.1420737480963574e-08;3.5025050862656424e-08;7.767064798733085e-08;1.0585584579551546e-07;1.03573779798566e-07;7.549587107419607e-08;3.2036267185679726e-08;9.915876912188858e-09;6.673897702504637e-09;4.454786514372523e-09;2.179218871242311e-09;8.94618076092025e-10;1.6953162547033772e-09;6.155562148421679e-09;2.245355924506189e-08;4.864331795155908e-08;5.6983055115739584e-08;3.5157474673403284e-08;1.1528055228145168e-08;5.961143433902171e-09;2.1204472022788056e-08;4.5966639266066526e-08;4.7383367881812215e-08;2.623541774677225e-08;1.1896125045035893e-08;2.5241768479469373e-08;7.078327435271633e-08;1.470508782307939e-07;2.4094418996905904e-07;3.469631399198814e-07;5.227223467886047e-07;8.842185139852874e-07;1.6025991422292228e-06;2.7673125687659037e-06;4.416328558065887e-06;6.519300202178569e-06;8.76009454518007e-06;1.0759712681093048e-05;1.2468015607793491e-05;1.37913450125261e-05;1.5086343357585434e-05;1.660030688806865e-05;1.8321957184070987e-05;1.991785802497192e-05;2.0968863433550183e-05;2.147800103071876e-05;2.146820986065089e-05;2.1198712228905094e-05;2.105617397069432e-05;2.113862263098024e-05;2.1362858164193048e-05;2.142631996548076e-05;2.114237511969027e-05;2.056402530253801e-05;1.9695973445878976e-05;1.8730898990536248e-05;1.772332047758074e-05;1.6836116319553395e-05;1.5540272735790017e-05;1.4674789113742004e-05;1.412899091581494e-05;1.3905365721067832e-05;1.3987651863885368e-05;1.4304870076554217e-05;1.4836730095985016e-05;1.5379006603810668e-05;1.535940445923194e-05;1.4742094861451494e-05;1.3632908608471418e-05;1.2582167624974825e-05;1.1971497861238876e-05;1.1905116316795444e-05;1.2241044709341024e-05;1.2396419838961342e-05;1.2252507878944736e-05;1.1896952080144348e-05;1.161258539945394e-05;1.1664391692539632e-05;1.2050360469659843e-05;1.2620103325743457e-05;1.303830733967783e-05;1.3211951625275696e-05;1.320070671468924e-05;1.307153781013938e-05;1.28826791417674e-05;1.2758308008298729e-05;1.2751283214444867e-05
2422.0447734059944;4.694977308935079e-07;5.600041936800816e-07;5.503636176277752e-07;4.259529958711802e-07;2.4674379043825133e-07;9.934183436296865e-08;3.1595319474322395e-08;1.4644439606351976e-08;1.5675092198937893e-08;2.6790757264568313e-08;5.1389242820953526e-08;6.452645027999654e-08;4.6311599493927887e-08;2.766711522300341e-08;6.980613160546379e-08;1.5320241449138913e-07;2.102131614059005e-07;2.161803732569962e-07;1.867021596244985e-07;1.5718134674483328e-07;1.3386692008706878e-07;9.296149773368985e-08;4.7600649770156106e-08;1.3348712124486833e-08;4.490559157890742e-09;2.6540079092893203e-09;5.435148202308953e-09;2.4961322169702172e-08;6.498133869157012e-08;8.728246257851667e-08;6.21860810446643e-08;2.3615196042779998e-08;7.117264452029543e-09;1.0051011670560244e-08;1.8358065904870626e-08;2.227209085421586e-08;1.924366665382145e-08;1.3720696059751329e-08;1.3616897721859953e-08;3.8556159240946693e-08;7.14268581319484e-08;9.075746763558029e-08;1.639963231146679e-07;3.588840564521909e-07;7.677553270269959e-07;1.5317266439972295e-06;2.6874642246693287e-06;4.326344038249462e-06;6.340767968115218e-06;8.660933285231542e-06;1.1106298583507264e-05;1.350333999769361e-05;1.5441309659723614e-05;1.7075522309025473e-05;1.842824877445281e-05;1.9915088244593888e-05;2.129398386985405e-05;2.2207081063368223e-05;2.2341416023891665e-05;2.2031760830779817e-05;2.183823508976108e-05;2.2052605148338847e-05;2.277782348504031e-05;2.3367302801959534e-05;2.333541787379456e-05;2.2568720997261228e-05;2.134126396786724e-05;2.014576336955163e-05;1.929257903584888e-05;1.862786716445552e-05;1.7928346242776558e-05;1.6991270143145355e-05;1.5795287155229757e-05;1.48228350717539e-05;1.409620791458698e-05;1.390757489905722e-05;1.4039988855988108e-05;1.4025210399663668e-05;1.3856756575777506e-05;1.3548808485151436e-05;1.3248568723324554e-05;1.2761405639327653e-05;1.2133947117637146e-05;1.150323483214168e-05;1.1277938095880313e-05;1.1481191753622262e-05;1.1950833747040663e-05;1.2571883783676612e-05;1.3270320220584383e-05;1.376733149278528e-05;1.3992682154371436e-05;1.3833232288858653e-05;1.344144177894046e-05;1.3121272317441453e-05;1.314237566607658e-05;1.3712688825961004e-05;1.4269720229639935e-05;1.4394031752099923e-05;1.3925080991895588e-05;1.3368981196967691e-05
2423.310613071686;1.9160592187681794e-07;2.435530276770232e-07;2.519832268586044e-07;2.0692596534664849e-07;1.368402008077234e-07;9.56932145714836e-08;1.2774788675494286e-07;1.410003669413599e-07;1.0752401730286333e-07;7.203679777786608e-08;6.838484128201642e-08;7.877152849268327e-08;5.8627770168777456e-08;3.093921818697016e-08;3.9486593560042926e-08;7.800387977593402e-08;1.0896762870405101e-07;1.26516702524127e-07;1.664949820498976e-07;2.6305962212977093e-07;3.3140509902598145e-07;2.894381324479599e-07;1.8722711457021e-07;1.000410628115218e-07;4.3468545333002044e-08;1.4523779568049033e-08;7.1303866488068705e-09;1.871978634599088e-08;5.3274930464764956e-08;7.98218390340537e-08;6.274703890211116e-08;2.630245873169716e-08;7.036133839633559e-09;2.660397945229894e-09;2.529342324132104e-09;5.0024225065755695e-09;7.080401806926268e-09;7.901086189017351e-09;3.121470254762983e-08;9.418653651509944e-08;1.5517013528049606e-07;1.911615518352757e-07;2.411577070935477e-07;3.744852123663982e-07;7.330406659367378e-07;1.4304422494987876e-06;2.634171482111699e-06;4.256405181775887e-06;6.128856524617155e-06;8.118987163658394e-06;1.0138212581693436e-05;1.2111977035923673e-05;1.4215987961209833e-05;1.644666571802465e-05;1.882885142235808e-05;2.0892573287354216e-05;2.240726307210651e-05;2.275924428412893e-05;2.1810922999859743e-05;2.0563233844941515e-05;1.9838399228624405e-05;2.0301786860116297e-05;2.1710256234798604e-05;2.3118300075757192e-05;2.381511748519028e-05;2.3525570700953827e-05;2.238054834302017e-05;2.0967836645878294e-05;1.967750816469182e-05;1.896071718869558e-05;1.8808374106809272e-05;1.904435400320889e-05;1.891776955625137e-05;1.85503609981934e-05;1.7895435083096267e-05;1.7045489597096504e-05;1.5813420519424566e-05;1.426890059896538e-05;1.267548812449932e-05;1.193584173135424e-05;1.2157278473431674e-05;1.2782067148142024e-05;1.327037356890818e-05;1.338492138165891e-05;1.3012181453916166e-05;1.2645764113606327e-05;1.2605100202646492e-05;1.3092920789904416e-05;1.4084360200720363e-05;1.5086780981744586e-05;1.5698000546332508e-05;1.55099223989508e-05;1.4459109550193664e-05;1.3229728989423814e-05;1.2700988704307008e-05;1.2907629837557124e-05;1.3447727695632603e-05;1.3965977215853e-05;1.401876894574906e-05;1.3710838648041376e-05
2424.575847553593;1.4677497683054882e-08;7.498097809715716e-09;2.701656212715104e-09;5.029818137912549e-09;2.268740664407619e-08;9.270969327960941e-08;2.1516535043970887e-07;2.6795464930386104e-07;2.058066804762953e-07;1.1514055122817725e-07;5.87483323480532e-08;4.056381296620684e-08;3.8719572274074975e-08;4.618029067584829e-08;6.360978161084383e-08;4.8234795958164364e-08;1.7255024819648063e-08;2.0656989658782546e-08;7.531086631397118e-08;1.925978628988498e-07;3.015484547958897e-07;3.253326908867857e-07;2.7782940217468535e-07;2.2367491728153621e-07;1.9139808014671646e-07;1.712752723386788e-07;1.1751063912428113e-07;5.1412593445952475e-08;2.6899757452534613e-08;2.9333395094798894e-08;2.5932533214200383e-08;1.963409155118003e-08;1.7130078783847466e-08;8.384533119590736e-09;2.9585041600332762e-09;3.496121213772388e-09;2.324771541540279e-08;9.084788222152457e-08;1.3393551273600593e-07;1.2516236962084448e-07;1.2936368471383517e-07;1.7070233111670637e-07;2.4706352127067065e-07;4.32090579031648e-07;8.411614099662738e-07;1.5220729623111006e-06;2.568064677712578e-06;3.960411259741232e-06;5.67761839804816e-06;7.616749231604922e-06;9.610654916004143e-06;1.193262132685982e-05;1.4436482324975007e-05;1.6851261607811076e-05;1.912985345516244e-05;2.0567372220765103e-05;2.1423728495488e-05;2.16792863514237e-05;2.1205228711235244e-05;2.0626459127722757e-05;2.0212687520957407e-05;2.008612699549874e-05;2.034134682351995e-05;2.076918947048256e-05;2.1092533329950272e-05;2.1118789773310823e-05;2.065159543955363e-05;1.9921559242746765e-05;1.8916043559036003e-05;1.8530267024830467e-05;1.939734944262679e-05;2.0521619428158972e-05;2.1270002719270906e-05;2.1064604416173412e-05;1.9928841390201567e-05;1.8338411674194604e-05;1.6636130383031958e-05;1.514029977091207e-05;1.4016459371035273e-05;1.3692195409223725e-05;1.4137075091525456e-05;1.4805279512850892e-05;1.5327380490820536e-05;1.5398993340191288e-05;1.4948988401996816e-05;1.424769492673587e-05;1.3654779940585594e-05;1.355004719086736e-05;1.3738007000680083e-05;1.4186434782295296e-05;1.4695227644891104e-05;1.490498464570906e-05;1.4288473395214816e-05;1.3169694448567069e-05;1.228731789455708e-05;1.1929731085452396e-05;1.187634171631513e-05;1.197543848696962e-05;1.2113999526219744e-05;1.2161973873670264e-05
2425.8404769389526;1.1366177902469401e-09;5.048067141334495e-10;3.1177583170444584e-10;1.1989744458913091e-09;6.764218471460459e-09;5.020682930626617e-08;1.210696006757791e-07;1.4902811279609086e-07;1.1101675940812105e-07;5.8411731940824334e-08;2.272769644539619e-08;7.463078525855977e-09;2.9574765586108742e-08;9.45866615031473e-08;1.662514851073568e-07;1.8152243117162307e-07;1.393237554343206e-07;8.442393531472294e-08;5.206648750196989e-08;7.081719168424553e-08;1.037876673693893e-07;1.388082287706624e-07;1.6960911415491365e-07;2.104921582209476e-07;2.75479208161422e-07;3.091644492322161e-07;2.246165411932173e-07;9.020185824071357e-08;2.3446909117602828e-08;9.29328008835411e-09;9.182585897417265e-09;1.9677335212864156e-08;2.7914356038274082e-08;2.0672602070585838e-08;9.056479494717136e-09;1.2470083715406431e-08;6.838616546971707e-08;1.7930363806595693e-07;2.253916978738082e-07;1.507001263736017e-07;7.25477771686054e-08;6.324231008411931e-08;1.06051521802293e-07;2.987709930562498e-07;7.363573536335047e-07;1.4521291261137091e-06;2.486379172479033e-06;3.897488164855871e-06;5.582175702620287e-06;7.666381096361697e-06;1.019946754124078e-05;1.2988362934942636e-05;1.569960378372686e-05;1.7775514239465922e-05;1.9237822448804667e-05;2.0163448368603204e-05;2.069121547108381e-05;2.1199563312878997e-05;2.160605862520418e-05;2.1916299028909603e-05;2.168845890947901e-05;2.0738979890329865e-05;1.958517656301049e-05;1.8825180873796467e-05;1.8833305418530697e-05;1.9280840078850496e-05;1.9743267766384387e-05;1.971702350298571e-05;1.911884939920219e-05;1.8705990012751897e-05;1.867514481309545e-05;1.876332150306672e-05;1.8806643502730475e-05;1.847276543008659e-05;1.786024006010412e-05;1.716063811260419e-05;1.6761976951488177e-05;1.665649129481995e-05;1.67219767766389e-05;1.6910129480335774e-05;1.718973671794277e-05;1.731130498340537e-05;1.6880317847500755e-05;1.5863196027810412e-05;1.4868512140930265e-05;1.418727104917602e-05;1.4019926989580382e-05;1.4152705128487042e-05;1.4376774696608276e-05;1.4380361667216105e-05;1.4164507348364187e-05;1.3622173625178733e-05;1.3061623290545196e-05;1.2458603778453036e-05;1.1893491632470844e-05;1.1621681267614472e-05;1.1514020402758444e-05;1.137058413142576e-05;1.1279024394943944e-05;1.122761328386047e-05
2427.1045013150087;8.006764077796537e-10;1.504283982174181e-09;1.1726296052304702e-08;3.9424405332681424e-08;8.105094731247778e-08;1.302760205323187e-07;1.571370239157938e-07;1.2327493316388618e-07;5.741046045851892e-08;1.99077023505685e-08;4.4045181921635364e-08;1.040941725583294e-07;1.353231345975721e-07;1.491642297011045e-07;1.883533575526409e-07;2.531410081820312e-07;2.856776990883546e-07;2.450181092292764e-07;1.8243139610300694e-07;1.2443981170666397e-07;6.988029591138226e-08;3.8482782363229854e-08;4.5708287322159026e-08;8.08752532594548e-08;1.2746192105093141e-07;1.536689646914188e-07;1.1633637945863492e-07;5.7760840938291455e-08;2.8485196095759443e-08;1.734263527666886e-08;9.019235318103829e-09;1.0968160969363784e-08;1.7346758642755883e-08;3.720906291583914e-08;8.491394415796533e-08;1.2535766206026417e-07;1.4064516909254217e-07;1.6307888519067353e-07;1.9932148082500253e-07;1.8822362044116555e-07;1.50168884648484e-07;1.1730261969508639e-07;8.704144851135895e-08;1.489628939167847e-07;4.296297694762773e-07;1.161718697509178e-06;2.412770143092384e-06;4.207320948604648e-06;6.252376525015572e-06;8.47839611671194e-06;1.1062088552296426e-05;1.3610501406752242e-05;1.5935050122515244e-05;1.77050397910891e-05;1.8921979337542875e-05;1.9836607395819863e-05;2.061482809351909e-05;2.1002152758546386e-05;2.1376803937140736e-05;2.1492688261074432e-05;2.127888607714396e-05;2.072696141507137e-05;2.008489176793196e-05;1.9789469262183293e-05;1.986685812464705e-05;2.0253726491207603e-05;2.0613440342431745e-05;2.033092274562737e-05;1.9493008596361773e-05;1.8373547593984292e-05;1.71703756048317e-05;1.641177587280978e-05;1.6203128595133728e-05;1.630730915207483e-05;1.6477862144158966e-05;1.6632573797888394e-05;1.6815590871251467e-05;1.7142489892012203e-05;1.7589407822183878e-05;1.8095600357717155e-05;1.8454942106031578e-05;1.842116602082574e-05;1.759687280592393e-05;1.611904711706053e-05;1.4550251080410638e-05;1.3894878338421624e-05;1.4472254729850616e-05;1.541254606526943e-05;1.615123588081873e-05;1.5917435224884185e-05;1.469930238432228e-05;1.2767369852471091e-05;1.1499932647642644e-05;1.1279639945745269e-05;1.162548310166152e-05;1.222023099897083e-05;1.2654998681229566e-05;1.2610079350277274e-05;1.2260272090318436e-05;1.1972570674176016e-05
2428.3679207690275;2.9529148545307455e-10;3.729862375089176e-09;3.731011088825306e-08;1.3294384813584617e-07;2.664328373878951e-07;3.5494882912701145e-07;3.4817246750631826e-07;2.447838016212007e-07;1.102252100440865e-07;4.039809819657282e-08;8.92869551821008e-08;2.0570603662693133e-07;2.3617694706860046e-07;1.56457492973767e-07;1.0510707712208413e-07;1.572566883737955e-07;2.592838781227514e-07;3.201975041735271e-07;3.1257644682716185e-07;2.6882300895295664e-07;2.329371176126274e-07;1.8710739625766124e-07;1.499501289965574e-07;9.437322728274269e-08;4.0199093120127193e-08;1.543908516517564e-08;2.073213822971317e-08;4.8091240275075876e-08;6.775806846431507e-08;5.04264644499221e-08;2.0258640942053776e-08;5.7467560865609506e-09;6.496011319656847e-09;4.854820559031491e-08;1.5956279859278692e-07;2.577678579524238e-07;2.5858080538483336e-07;2.2665764435374097e-07;2.3679486690780035e-07;2.644228041852278e-07;2.666950757235522e-07;2.2423779042360026e-07;1.430691040948447e-07;9.291326776131044e-08;2.346430078008133e-07;9.571136381451832e-07;2.500571204453985e-06;4.726560312635e-06;7.263914267293784e-06;9.79424589266239e-06;1.2132727964313792e-05;1.4245366547612052e-05;1.588989616376447e-05;1.7271642594762203e-05;1.8012359664473557e-05;1.90178391574522e-05;2.007356499855664e-05;2.076579231943313e-05;2.1059111346361157e-05;2.122224044239372e-05;2.1297467664221587e-05;2.136859544513928e-05;2.1503699965282022e-05;2.1528638796128496e-05;2.137710370000094e-05;2.121565780710957e-05;2.091689586820458e-05;2.042460002392295e-05;1.9685432736335804e-05;1.864369186286833e-05;1.7577872691857623e-05;1.689163431867696e-05;1.6639573617138815e-05;1.6731484536264647e-05;1.6818712654572796e-05;1.6900665424798187e-05;1.6934871519768365e-05;1.680924533779883e-05;1.6873093567539343e-05;1.6858326131914687e-05;1.702344452110748e-05;1.718337712683822e-05;1.7067195327414895e-05;1.6603950310629264e-05;1.6079666677088676e-05;1.5902171703120558e-05;1.6214120990620952e-05;1.6741336467759058e-05;1.6847999542154164e-05;1.591656665492935e-05;1.4345459856549804e-05;1.2715400629873664e-05;1.1803331058249354e-05;1.1934849775056662e-05;1.2705567276252242e-05;1.3557318071673648e-05;1.4156103948698773e-05;1.409740108939904e-05;1.3555682042489628e-05;1.3081829752252612e-05
2429.630735388282;5.212512796621141e-11;6.929440870582366e-09;6.123622657331885e-08;1.972244577841529e-07;3.197646895971044e-07;3.336560676703712e-07;2.6169242392018495e-07;1.6090539034630369e-07;7.22842727226036e-08;2.9361836553251464e-08;5.0632239528979646e-08;1.0560292657042525e-07;1.1724526994464269e-07;7.04767614528961e-08;2.9333540927774168e-08;7.041631148774526e-08;1.6788309504511819e-07;2.3798982771744494e-07;2.5554941321970015e-07;2.643210524666819e-07;2.852073897468624e-07;3.019007670487112e-07;2.705053377528269e-07;1.741813928280865e-07;7.188077981987285e-08;2.5887557258267536e-08;4.1113929526293765e-08;8.510874611551953e-08;1.0828396865839646e-07;7.593049433526129e-08;3.1333634397907144e-08;9.276168445167768e-09;5.2280996260075925e-09;2.6527694705014013e-08;8.840239799008163e-08;1.694980285975232e-07;2.358773856472565e-07;2.6397401260959293e-07;2.590268902086544e-07;2.325341581961252e-07;1.805984499025695e-07;1.287685625933218e-07;7.524176135305098e-08;4.3656935477001225e-08;1.8561448012108217e-07;7.768941398110497e-07;2.269919879710806e-06;4.704373216879814e-06;7.458566220773522e-06;9.925660092412832e-06;1.1934686515124111e-05;1.370364157770679e-05;1.5177777093915992e-05;1.6640997510468414e-05;1.8167831820541623e-05;1.9906775533241737e-05;2.143518795101307e-05;2.2546337364819976e-05;2.3234781567525764e-05;2.3449795610882903e-05;2.301860090873912e-05;2.2597441525780696e-05;2.224653768918259e-05;2.1843332775407583e-05;2.150549156790766e-05;2.1211413756878223e-05;2.0883279681315687e-05;2.0443716047670156e-05;1.9881237061673143e-05;1.9183962417725737e-05;1.8407363612671343e-05;1.7625920724357984e-05;1.6998056829811435e-05;1.6513796782478293e-05;1.6506962101784804e-05;1.6816164246789885e-05;1.7135246742541347e-05;1.72292188221176e-05;1.710744737974637e-05;1.687262520491568e-05;1.6686385311999134e-05;1.6740241286491186e-05;1.681274230284184e-05;1.6855173735213855e-05;1.71090359921844e-05;1.729906822759049e-05;1.740043114543081e-05;1.757453192586657e-05;1.7245284249372306e-05;1.6331752304225863e-05;1.5197063321402934e-05;1.4446876657707177e-05;1.3812025020008308e-05;1.3739193474430446e-05;1.4074383781809732e-05;1.452525853431206e-05;1.4928019884083702e-05;1.5189912833070276e-05;1.523520742461376e-05;1.5166415027507028e-05
2430.892945260077;3.2715058182033294e-08;8.33029489150525e-08;2.0272928530551797e-07;3.131621250642803e-07;2.911395016296035e-07;1.938359555605784e-07;1.0090462199973855e-07;4.412786972182585e-08;1.9834537631701045e-08;1.3227971703378348e-08;9.121425804970012e-09;4.3394644609742374e-09;1.534263957518761e-09;9.873807180879495e-10;9.683373099613987e-09;6.178296487265325e-08;2.023589190123771e-07;3.510320829983228e-07;3.680000480719818e-07;2.586549588548158e-07;1.788273030483256e-07;1.5651650942198797e-07;1.40347159646905e-07;9.004489740731442e-08;3.7684049060907937e-08;1.6617097228217182e-08;3.9888120664185756e-08;8.725940493553768e-08;1.0465213777760832e-07;7.13506909751409e-08;2.944480690786098e-08;8.978456895346657e-09;3.735774567868484e-09;4.294418607453921e-09;1.6649192315312892e-08;5.397719993523299e-08;1.022012564899237e-07;1.316107638617541e-07;1.233959785525653e-07;8.479531359600144e-08;4.091415648200783e-08;1.4780520472824188e-08;5.724659846063473e-09;1.1860780405149476e-08;1.150099189714057e-07;5.900171984532967e-07;1.925821658127268e-06;4.400039515946876e-06;7.149104595348977e-06;9.180497240335234e-06;1.0569371579209242e-05;1.1679278947000696e-05;1.3336505071688188e-05;1.5833803715686176e-05;1.919126384975957e-05;2.241987310721092e-05;2.4635057567459043e-05;2.5686078285440648e-05;2.6154244872077145e-05;2.59418002183608e-05;2.507072867416045e-05;2.379912653218759e-05;2.25252587858456e-05;2.1579343780808028e-05;2.089933124463289e-05;2.042262828302387e-05;2.002515257688526e-05;1.964991065672774e-05;1.926251780209617e-05;1.887678984476346e-05;1.8470115009292597e-05;1.8002471920151802e-05;1.7124799584687815e-05;1.624416128798503e-05;1.5843333081780897e-05;1.588243130583485e-05;1.6228651391607477e-05;1.675285740325082e-05;1.727298165413595e-05;1.7875138916799448e-05;1.801630226917e-05;1.7869415019854306e-05;1.725806063570488e-05;1.6478977922700406e-05;1.5862763042254312e-05;1.574169673534432e-05;1.623096903573454e-05;1.703916009078707e-05;1.729818145078674e-05;1.683637753310161e-05;1.5776604769303866e-05;1.469568096305068e-05;1.3831160628848434e-05;1.3733362231252164e-05;1.4243791912173724e-05;1.5065706120840758e-05;1.582789141564278e-05;1.6379252647436846e-05;1.6750981197368615e-05;1.693567071116822e-05
2432.1545504717087;7.841203688058109e-08;1.6137448985226896e-07;3.350973387728707e-07;4.1909888238487844e-07;3.1483984270778506e-07;1.6516870566203667e-07;9.184550510191085e-08;6.68700428110934e-08;3.1753141752293684e-08;1.627546609459748e-08;8.581155836518e-09;3.850035952874122e-09;1.5693584996657067e-09;1.155951841374618e-09;6.8731005305318555e-09;6.077986095510993e-08;2.528244302571303e-07;5.180478534643235e-07;5.430568920206537e-07;3.0678183282663e-07;1.0278884146065905e-07;3.297281251285321e-08;1.4786751608582904e-08;7.680296696128631e-09;4.085294435829134e-09;4.282630684451181e-09;1.7416985217725668e-08;5.2002748599852744e-08;7.596531552117913e-08;6.222089047705243e-08;2.9241991872966613e-08;1.2401369889773854e-08;1.6745407032116412e-08;2.1699783329290463e-08;3.2854814566398067e-08;5.351776876452825e-08;5.797173906151277e-08;3.756115750480577e-08;2.0011860046730162e-08;1.2022160726221931e-08;6.091599910534729e-09;4.143340983286358e-09;9.683979999533592e-09;3.2311739208886575e-08;1.4490306667226275e-07;6.557925459374597e-07;1.996584458556255e-06;4.2207335696120366e-06;6.729445125264985e-06;8.587502670817894e-06;9.813971736129018e-06;1.09714808105259e-05;1.26781102640472e-05;1.5236305645772603e-05;1.835100828019909e-05;2.141918988703616e-05;2.3760676384004317e-05;2.5208676033020687e-05;2.608670075758097e-05;2.647803678741271e-05;2.6122670977340297e-05;2.487249287946476e-05;2.323396363266172e-05;2.181556230341528e-05;2.064530709060489e-05;1.9849490172428928e-05;1.9349543807868e-05;1.9091812629240792e-05;1.902213663412558e-05;1.8975068020940745e-05;1.883244428310693e-05;1.835657257103577e-05;1.737728351730947e-05;1.617213928024064e-05;1.5185521461392954e-05;1.4774222288533584e-05;1.4946260155163344e-05;1.5461947382190438e-05;1.612832117730914e-05;1.6625246327754853e-05;1.679132313126052e-05;1.6499417179452346e-05;1.5671796985316873e-05;1.4642703678963472e-05;1.3751744707339789e-05;1.351237601787674e-05;1.4051321553649728e-05;1.4802349941541942e-05;1.5319347143189804e-05;1.5154342511138722e-05;1.4395480713898706e-05;1.3493175503501042e-05;1.3136994746155382e-05;1.3384236861989186e-05;1.4064391897886958e-05;1.5017419484069e-05;1.5725932235438282e-05;1.595035369332685e-05;1.5756394959409646e-05;1.5460384940939148e-05
2433.415551110509;5.8983427760282586e-08;9.177172698114993e-08;1.7072208351628018e-07;2.1036877377017407e-07;1.5936336030659128e-07;8.906811195432014e-08;8.185497832795211e-08;8.831818512857374e-08;6.82413331074768e-08;3.499586057476018e-08;1.7123969825126467e-08;1.0907628484549522e-08;1.5775253219839823e-08;4.7438519142682324e-08;9.994273432795645e-08;1.453295174622014e-07;2.133707048313641e-07;2.873649244170165e-07;2.794272778240077e-07;1.5780671856951797e-07;4.954339839617449e-08;4.6484565281256965e-08;7.412049222297535e-08;1.214668008812011e-07;1.0510890092127288e-07;6.58391814351439e-08;3.228622103893679e-08;3.749980431796861e-08;8.996638340876485e-08;1.4264452309857926e-07;1.357420988386165e-07;8.62022793288099e-08;5.57992033486363e-08;5.210226608153812e-08;6.899725437919481e-08;1.5432061275706253e-07;3.0240958659628864e-07;3.571435713390485e-07;2.529197020768809e-07;1.198864032153878e-07;4.848800557200207e-08;1.9740241485666845e-08;2.908775669563228e-08;1.0413753025044765e-07;3.435618622143344e-07;9.929227870955297e-07;2.13633748592898e-06;3.681992654050175e-06;5.545832886004609e-06;7.498002957465243e-06;9.573034544128208e-06;1.1700013676669518e-05;1.3784835988956871e-05;1.5698675224769758e-05;1.74655891263199e-05;1.911753000103428e-05;2.0812263006199996e-05;2.2494049678818803e-05;2.412486812109035e-05;2.536110028700171e-05;2.582580059317365e-05;2.5139227017510955e-05;2.3658745385783007e-05;2.209141315106949e-05;2.109396406806188e-05;2.0605877543765837e-05;2.028001056401893e-05;1.9889863303026924e-05;1.9454408118739572e-05;1.9057566216044693e-05;1.8724164615428e-05;1.8219430054716837e-05;1.7578388552056957e-05;1.6796125994186506e-05;1.5880176635815404e-05;1.539017448862275e-05;1.5256159735958707e-05;1.532084340617668e-05;1.5412961788857203e-05;1.540720310433327e-05;1.533562583062404e-05;1.4828639905024742e-05;1.3957745833051135e-05;1.2906995994370849e-05;1.2246054838084404e-05;1.2301318964403653e-05;1.2999649251900914e-05;1.3747972193945716e-05;1.419432877261985e-05;1.4172048313013958e-05;1.382547275820571e-05;1.34829223709315e-05;1.3401252942611835e-05;1.3675651193839564e-05;1.4020630205671654e-05;1.4270956326515793e-05;1.430887948309153e-05;1.4106911244635694e-05;1.3629168340337714e-05;1.3216317686030037e-05
2434.6759472638114;2.132262172101485e-08;5.0158020887379864e-08;1.0394069962448645e-07;1.5227349444167312e-07;1.5303667517447381e-07;1.130595885171721e-07;7.425856387639396e-08;7.024509569629338e-08;1.4875878309722728e-07;2.627700454874808e-07;2.629563369678383e-07;1.5221280691454716e-07;8.853485956012483e-08;1.2343656426602968e-07;1.994924954243297e-07;2.320744014485882e-07;1.698016643145644e-07;9.518265175264362e-08;7.13417815173609e-08;5.7782813521588144e-08;4.551817325909503e-08;9.123496692233229e-08;1.8500685188496178e-07;2.36446809392768e-07;2.0678987475850234e-07;1.2968147480002178e-07;5.909305954784e-08;4.480282534367203e-08;1.2244495469353665e-07;2.370128801811021e-07;2.589516207945007e-07;1.6696223280765894e-07;7.968479280082664e-08;5.849407848227312e-08;9.353496150762237e-08;2.54989118998332e-07;5.485802939264589e-07;6.81117882129032e-07;4.94922569347756e-07;2.366030436599297e-07;9.53375353349325e-08;4.8911786557987433e-08;1.1542576075304834e-07;3.667709692552449e-07;8.725224607442664e-07;1.6357431772000252e-06;2.439830448549564e-06;3.1707441641431144e-06;4.1542031287173966e-06;5.76674618637437e-06;8.241056238426889e-06;1.114398827554236e-05;1.4038246157497856e-05;1.637058363536899e-05;1.80956832853155e-05;1.9416834059478403e-05;2.0663678315748363e-05;2.2073967746743937e-05;2.3671881567354826e-05;2.5044614920879515e-05;2.5845461623791243e-05;2.526416532933421e-05;2.3512573015725823e-05;2.165856778502819e-05;2.0412293924536515e-05;1.996740972508529e-05;1.9786345100466697e-05;1.9366172374143168e-05;1.883729842776868e-05;1.8303623060938107e-05;1.7909059439327593e-05;1.7736470105731213e-05;1.755769542308541e-05;1.729745124357819e-05;1.682793214283582e-05;1.633948955936352e-05;1.5910692651377862e-05;1.5579377558019464e-05;1.5434298352974435e-05;1.5479297828104852e-05;1.5493068683978798e-05;1.501077013183879e-05;1.3875439308398248e-05;1.2620091087392758e-05;1.189572388891403e-05;1.218307255776652e-05;1.3276847510025436e-05;1.448185025445314e-05;1.5172527659977323e-05;1.5083214648880607e-05;1.4411949482580868e-05;1.3585895851966836e-05;1.3048031432443677e-05;1.2915281392694437e-05;1.2960586393983866e-05;1.2799431825624452e-05;1.2551767781349071e-05;1.2322106262130812e-05;1.230784844406393e-05;1.230616413421834e-05
2435.9357390189653;6.144374706059159e-08;1.6902982553316566e-07;3.19611052162393e-07;4.012688419758848e-07;3.5551764360883645e-07;2.181507712353081e-07;9.107779691118377e-08;6.332659310509552e-08;2.5777571282835945e-07;5.999026274693938e-07;6.881406099275942e-07;4.743587229543205e-07;2.356647337350967e-07;1.5935082056552913e-07;1.358416147627158e-07;1.2949579172167786e-07;9.160399139881061e-08;1.3729974402564674e-07;2.8123838103209657e-07;4.301458147103923e-07;4.716118308904097e-07;4.275053703633513e-07;3.301446001172797e-07;2.116720933131568e-07;1.3720003644513973e-07;7.686682148522418e-08;3.5837967189700763e-08;2.655962892025848e-08;7.101118948672458e-08;1.4478430262698905e-07;1.654581433626857e-07;1.0890151384512447e-07;4.9565705834026145e-08;4.2724185085677636e-08;9.7683085380928e-08;2.4731935232666736e-07;4.421040956119476e-07;4.753570834291081e-07;3.216910195722981e-07;1.5023358324880398e-07;6.231450971928671e-08;6.507841258425027e-08;2.483988635047547e-07;7.53761503007673e-07;1.5570784930553355e-06;2.458936643036424e-06;3.175728229977329e-06;3.636425591373612e-06;4.127234967294586e-06;5.06788430734617e-06;6.982394990065226e-06;9.903253222342376e-06;1.2861523730194905e-05;1.568358061071408e-05;1.8146021622486623e-05;2.024383626486335e-05;2.236717759866061e-05;2.408130303127972e-05;2.5349464074835263e-05;2.6132191231391087e-05;2.622226860105426e-05;2.5092607716830583e-05;2.2827519423011628e-05;2.031488591604122e-05;1.837105683967364e-05;1.7397369202740388e-05;1.7180210241312916e-05;1.7145756985073697e-05;1.7056326964718064e-05;1.6906295299478616e-05;1.6883141947966887e-05;1.6944249471901523e-05;1.7006345036456742e-05;1.6942234290630782e-05;1.6854985704887374e-05;1.6751234661027276e-05;1.665251939718915e-05;1.6605579613492823e-05;1.6494558931225384e-05;1.6499823870946846e-05;1.6455008232724263e-05;1.6059692775583197e-05;1.5200020189620892e-05;1.443546739212588e-05;1.4049205190120666e-05;1.4139036167696142e-05;1.4427616322078352e-05;1.4825034139830971e-05;1.4677397169560532e-05;1.4167801765326148e-05;1.3578253017657662e-05;1.3235449577750715e-05;1.3236326019388962e-05;1.334959203045989e-05;1.3208755731493906e-05;1.2533846032698815e-05;1.142875326963978e-05;1.0435398415914397e-05;1.0146762895244787e-05;1.0294028823742114e-05
2437.194926463346;1.389902824663279e-07;2.3855990825832866e-07;3.358803242826876e-07;3.482356896134176e-07;2.573128863287108e-07;1.373868841288529e-07;5.552468935415608e-08;4.2951584198369385e-08;2.075269188565076e-07;5.04538021964327e-07;6.482001389248792e-07;5.3907944744131e-07;3.427372092168183e-07;1.7010340479721868e-07;5.986714983061513e-08;2.0897240390930562e-08;2.6275954091379256e-08;1.2787058885431225e-07;3.917644729908659e-07;7.078744691207893e-07;8.492445695561309e-07;7.252271840445674e-07;4.213962678944479e-07;1.584029276719669e-07;5.000952507621233e-08;2.3762739250542173e-08;1.312176817721714e-08;9.295017449691829e-09;1.2438789487888127e-08;2.2497855178633413e-08;2.744490577094728e-08;2.0656115979251382e-08;1.383227825851012e-08;3.174429253396664e-08;1.2228084034155038e-07;2.858132647102881e-07;3.636100713069551e-07;2.921904333000677e-07;1.7258786520603375e-07;7.931032564422683e-08;3.382704650739824e-08;6.227808094128124e-08;2.418828306911754e-07;7.145258213638982e-07;1.4896042635006295e-06;2.5226327442857936e-06;3.6918706396318058e-06;4.762679900190946e-06;5.770652533801725e-06;6.786818552319363e-06;7.905142120973706e-06;9.722288929333552e-06;1.19880959537333e-05;1.4271685021705504e-05;1.693823326208145e-05;1.989058847579853e-05;2.257019157220784e-05;2.423795630724323e-05;2.4600814371670632e-05;2.403979189024153e-05;2.312636117253321e-05;2.1963673638689013e-05;2.0591148994333127e-05;1.918598382289672e-05;1.804458133611316e-05;1.7303928019041462e-05;1.6792717200483333e-05;1.63768346399844e-05;1.589024442405171e-05;1.548818864777544e-05;1.5445491395341154e-05;1.559788534893621e-05;1.5898195863406598e-05;1.6391677711644497e-05;1.7082982092816173e-05;1.7653295060464846e-05;1.8208066235659792e-05;1.859175810918196e-05;1.876602225545034e-05;1.8779718190142764e-05;1.8469213784084814e-05;1.762898004122839e-05;1.6619348347648563e-05;1.5735414354004793e-05;1.5106920373199348e-05;1.4715042094120768e-05;1.425102050100449e-05;1.3498669309099878e-05;1.255842861082386e-05;1.1805571537974692e-05;1.1738006990141496e-05;1.2654460151900004e-05;1.4150292058075473e-05;1.555682487036179e-05;1.5944892086607938e-05;1.4681679307667618e-05;1.2201936414476233e-05;9.738943705188685e-06;8.412993241791308e-06;8.266384655192276e-06
2438.4535096843283;2.355677234171369e-07;2.3949838298664097e-07;2.0314812649364757e-07;1.3140554985075784e-07;6.321674278515481e-08;2.3825868178019666e-08;9.205799287656571e-09;1.2496037849232311e-08;5.9734498241592e-08;1.6897953191044177e-07;3.155233128646999e-07;4.121313850542861e-07;4.401079561002799e-07;2.664486774334439e-07;8.784691251643092e-08;3.0347948905799813e-08;2.5315681563557633e-08;6.043826797016461e-08;1.7502097147292485e-07;3.321723603619362e-07;4.1358616904721204e-07;3.5941851294228125e-07;2.097298702425048e-07;6.568748943020251e-08;2.1356093606591597e-08;4.179501599863352e-08;8.851836376173558e-08;1.225935409188871e-07;1.1946788653952418e-07;8.9372497613156e-08;4.780498970368288e-08;1.7689508338448525e-08;1.0836689893634189e-08;2.846950342991781e-08;1.0845504575581642e-07;2.419847325374921e-07;2.9705142981105964e-07;2.511127279610554e-07;1.645425532778575e-07;8.132143879252163e-08;3.3343000345400894e-08;5.452059391924825e-08;1.7915725082600917e-07;5.422833445240035e-07;1.2437014697240183e-06;2.3477930087374686e-06;3.731856697960944e-06;5.160866439536362e-06;6.277898396045595e-06;7.293179022224972e-06;8.372014607772547e-06;9.987351094131511e-06;1.2221983666116108e-05;1.4733212983890425e-05;1.7302207973860296e-05;1.9489300518890757e-05;2.1029298170098487e-05;2.1913379824961063e-05;2.184327620478622e-05;2.1117810839495327e-05;2.018989017188324e-05;1.979513977020804e-05;1.9731294083341227e-05;1.9806575739443377e-05;1.976929854773498e-05;1.96075970797479e-05;1.8952302350186263e-05;1.769125563299407e-05;1.634327504635255e-05;1.5367807980200016e-05;1.4967125406557749e-05;1.4998414549807304e-05;1.545995386211184e-05;1.6436582621643235e-05;1.7688189209422758e-05;1.8816123741302223e-05;1.941130208188288e-05;1.940313575182328e-05;1.9081067289882216e-05;1.8344940354170226e-05;1.7700313434362794e-05;1.6826295364661932e-05;1.577286441726492e-05;1.474529091354341e-05;1.39576479787428e-05;1.3571330690910528e-05;1.3511282450079574e-05;1.3121982561279704e-05;1.2803431133565764e-05;1.258051058594715e-05;1.2723853603556008e-05;1.338470185389379e-05;1.440288112919975e-05;1.543337608474095e-05;1.6013236579649575e-05;1.553506255650092e-05;1.36564174163192e-05;1.163172747477036e-05;1.034152422295854e-05;9.906270881684938e-06
2439.711488769306;3.112115245300824e-07;3.089407615697223e-07;2.3032792757695405e-07;1.5524621315601438e-07;1.084777973722009e-07;6.18961120763533e-08;2.4707223970395983e-08;9.793708920783e-09;1.0444735052222544e-08;3.8482841178590114e-08;1.638895032071951e-07;4.070973435482023e-07;5.318427387314779e-07;3.7285089546171737e-07;1.5600704167423449e-07;7.77056050107069e-08;9.189237810395268e-08;1.586756914646339e-07;2.3136849327097505e-07;2.0753402425405405e-07;1.0798488187367634e-07;3.5099584207033186e-08;9.413156954394988e-09;4.018693547796079e-09;9.952094096142538e-09;6.262200014778139e-08;1.7518088333552678e-07;2.647862606797734e-07;2.688975067914107e-07;1.994462155397484e-07;1.0292643111550845e-07;3.552121945741034e-08;1.4483902943202204e-08;1.8539913774958214e-08;4.3391285224869244e-08;8.380929119626757e-08;1.067576394622593e-07;9.592686226416101e-08;6.681611984866493e-08;3.4391520460855744e-08;1.8676081163075866e-08;5.8653525329810365e-08;2.23449884277494e-07;6.573756461755226e-07;1.4581624544018644e-06;2.4701571599351957e-06;3.436146658277834e-06;4.282160506526108e-06;5.075176010965661e-06;6.264095409784098e-06;8.315975735755952e-06;1.1047028039683196e-05;1.3892450970783342e-05;1.651295308864278e-05;1.826127137106409e-05;1.9258365525275494e-05;1.98549028363284e-05;2.0348776768620355e-05;2.050968682267333e-05;2.058332449939664e-05;2.061517710368106e-05;2.063426175171625e-05;2.079225171441929e-05;2.107213715767129e-05;2.1514600965629566e-05;2.161431566016297e-05;2.1101409377908658e-05;1.9903762837037278e-05;1.84424560997092e-05;1.7328611966652995e-05;1.667125309564232e-05;1.6510563626408576e-05;1.6853080113872936e-05;1.7690756872812134e-05;1.8754338851620845e-05;1.9704373348106808e-05;1.9795283185620687e-05;1.8966799756448635e-05;1.768914083400172e-05;1.6407977632813748e-05;1.5622064495230673e-05;1.542767089003832e-05;1.5351960780487767e-05;1.5155737262259504e-05;1.4990443382119584e-05;1.4836653910028606e-05;1.4696589078220282e-05;1.4602552975760498e-05;1.4544609502641608e-05;1.4614333543630149e-05;1.4689387032229503e-05;1.4600749799610454e-05;1.43249307109669e-05;1.401914101204798e-05;1.39996367645498e-05;1.405194177288638e-05;1.3771612694032053e-05;1.3227123179370205e-05;1.2507717964279851e-05;1.2029649711097744e-05
2440.968863805696;1.864807968612588e-07;2.30600062790036e-07;2.31369877884428e-07;2.299821166917469e-07;1.9341125564721465e-07;1.1302025539791744e-07;4.415016611849983e-08;1.5534222146314916e-08;8.868838322884158e-09;1.4882471909619452e-08;6.563291605126803e-08;2.326483404778154e-07;3.5624446942837614e-07;3.2900828109887534e-07;2.1991375326009015e-07;1.5425641928230368e-07;1.6885322407625417e-07;3.012960651064092e-07;4.5577245180919726e-07;4.1173712734401805e-07;2.1413705758245226e-07;6.960161057295649e-08;2.64216938310422e-08;1.4032255030745104e-08;1.1767712004737851e-08;3.7815877695860763e-08;1.0713346650899269e-07;1.774319023872669e-07;1.883248799465193e-07;1.348725538369031e-07;6.440207355242158e-08;2.1832905877941385e-08;8.880399682678255e-09;9.0510976253231e-09;1.5306605462059496e-08;1.740157404697004e-08;1.1359720331721694e-08;4.128468142371479e-09;1.3851751328786855e-09;3.302854850542332e-09;2.0906270420579356e-08;9.549198516581361e-08;2.90382373422004e-07;6.657273368976963e-07;1.2472564542370683e-06;1.8965956103770677e-06;2.583915126038565e-06;3.5325690835595767e-06;5.047281485744792e-06;7.332977753661999e-06;1.0277002013832716e-05;1.3465329522980545e-05;1.6099842889126e-05;1.7469657692228483e-05;1.7985444376363287e-05;1.846046247237986e-05;1.881502656854216e-05;1.908248504981868e-05;1.9216560076926755e-05;1.9148896537932896e-05;1.9172611190571947e-05;1.9478335579943732e-05;2.039491678119463e-05;2.1554869008887315e-05;2.2531962255346796e-05;2.2598116666377283e-05;2.181290300673317e-05;2.0489447924783876e-05;1.904639719173239e-05;1.8045231050162768e-05;1.7658714026675743e-05;1.7768381899298992e-05;1.8104716675424336e-05;1.841384467618027e-05;1.857812598903657e-05;1.853295922927485e-05;1.81967617419344e-05;1.7440099087189777e-05;1.6675856732370545e-05;1.6142701056913445e-05;1.5817999060315143e-05;1.5805245589577654e-05;1.5843912888444133e-05;1.5670701745212667e-05;1.545291174438317e-05;1.51090726478784e-05;1.4618675716355489e-05;1.4271596306618998e-05;1.4240394451465724e-05;1.4494085545743348e-05;1.4901929117268904e-05;1.4998298482149647e-05;1.4739655986104863e-05;1.4112914731991551e-05;1.3299040824123103e-05;1.2642873699178606e-05;1.2078239322628492e-05;1.1384618886416612e-05;1.0793079602031416e-05;1.044907898630164e-05
2442.2256348809187;1.0036609096875978e-07;9.40602937485407e-08;1.0944985002762107e-07;1.1805424826685598e-07;1.0057704702248669e-07;6.019038898714186e-08;2.49107597156476e-08;1.088592847486592e-08;6.9652391791263e-09;5.235183138683569e-09;1.0516711765486724e-08;3.9821305746609883e-08;1.1862883067348087e-07;2.168855450438519e-07;2.40651002619353e-07;1.8013903590910777e-07;1.3144314916373854e-07;1.6998610946314784e-07;2.3609909758890626e-07;2.103120811294723e-07;1.1573991026862954e-07;5.752495627453788e-08;4.967760293050201e-08;4.2693416842875317e-08;2.4299319906599742e-08;1.0997098486988256e-08;1.616274996133013e-08;3.1883995379774e-08;3.679096533707154e-08;2.3928618675797183e-08;9.93040444822912e-09;9.033830951299992e-09;2.5720082436602042e-08;4.0747403761716566e-08;3.985762482276224e-08;2.5429672564524697e-08;1.1224954961485986e-08;3.8481349685863116e-09;2.2001957234779647e-09;6.210888128900224e-09;3.2722585242895034e-08;1.1926180913645306e-07;2.864772466156425e-07;5.174676629069036e-07;8.413492173705915e-07;1.3771048648115408e-06;2.269557863116669e-06;3.6308036475320784e-06;5.539205619782382e-06;8.024285658938832e-06;1.0819571374525345e-05;1.3580847687549666e-05;1.5872206912497315e-05;1.7579506738879698e-05;1.876465307123169e-05;1.969693395922982e-05;2.031952931338057e-05;2.0344131655930285e-05;1.9541006396087583e-05;1.793547652687169e-05;1.657362196484161e-05;1.6694094985841857e-05;1.8416104200798117e-05;2.077848133296535e-05;2.2467652822111988e-05;2.2708307486174716e-05;2.14892752634247e-05;1.966840657764696e-05;1.805253181739645e-05;1.7172118699785628e-05;1.709807890661084e-05;1.7377131656083672e-05;1.774829428396466e-05;1.7760868485735066e-05;1.7340692268009894e-05;1.6677598215320057e-05;1.6015338201608166e-05;1.5466569347466407e-05;1.5144793990041398e-05;1.5122084163596696e-05;1.5513876257475974e-05;1.5750553738153322e-05;1.561978528582723e-05;1.5223670553944024e-05;1.4620790617977691e-05;1.389547978903539e-05;1.3268988012442294e-05;1.3188513090302557e-05;1.368312582623002e-05;1.4455929532689225e-05;1.5069325793726296e-05;1.5269441765396622e-05;1.5022003889470776e-05;1.4173173535699e-05;1.302823444703752e-05;1.180020351608592e-05;1.074340345529735e-05;9.956658847160105e-06;9.799350383868694e-06;9.85591184730634e-06
2443.481802082417;1.5176787476286805e-07;8.85841770046075e-08;7.11977950217695e-08;9.88843851658526e-08;1.324475261967334e-07;1.181176863967566e-07;6.404146435792886e-08;2.5224045717272773e-08;1.3466769121785661e-08;8.096643211576906e-09;6.48625491527179e-09;1.2274070873577212e-08;4.408632034244584e-08;1.0532722674980823e-07;1.4557458769450298e-07;1.0376716800310453e-07;5.398636418350095e-08;5.525695922692837e-08;1.3610307955318425e-07;2.1348804407820826e-07;2.1180543360081777e-07;1.5784580741748288e-07;1.1581126486075707e-07;8.126869266432646e-08;3.8997721219715857e-08;1.3316144186710054e-08;5.251562908869255e-09;5.675655856867007e-09;8.387366239732236e-09;7.081792906790881e-09;5.530860568327167e-09;1.630667750129809e-08;4.7438424543714936e-08;7.27309507276311e-08;6.440522323971337e-08;3.598945016591344e-08;1.6672166322338056e-08;8.326392176946659e-09;4.409974118035946e-09;5.4162329438322015e-09;1.9248475658573087e-08;6.980142621046434e-08;1.929913449238991e-07;4.393253124798267e-07;9.69447383656027e-07;1.8106952623798456e-06;2.7342133202486703e-06;3.5629294693710147e-06;4.616564165130888e-06;6.193519582702824e-06;8.630477910547918e-06;1.1754923624391184e-05;1.4686382008078336e-05;1.736368094644708e-05;1.955135450033318e-05;2.1059801936309285e-05;2.1976613699593728e-05;2.22167426408201e-05;2.116186886096777e-05;1.939001992331715e-05;1.781469182928606e-05;1.7430626291225828e-05;1.855436110253188e-05;2.0421974751394356e-05;2.182791208138141e-05;2.1900436745876606e-05;2.0716600188928792e-05;1.9201469451305257e-05;1.803258657153367e-05;1.7370427138590236e-05;1.7172545920586146e-05;1.7279136121624804e-05;1.747208171261915e-05;1.75369938396171e-05;1.737309808925817e-05;1.6826507892993563e-05;1.5884229231825222e-05;1.4844622019267156e-05;1.4032273965060552e-05;1.3767784845463233e-05;1.4082850063899244e-05;1.4688381544681404e-05;1.5085760999703268e-05;1.508271192339862e-05;1.4635497839156736e-05;1.3950320178438507e-05;1.350564700784198e-05;1.360981189485904e-05;1.422262127210891e-05;1.4941946765261472e-05;1.5199369173541598e-05;1.495968640620824e-05;1.440049369141158e-05;1.3876238606253856e-05;1.3630883039370427e-05;1.32096553871177e-05;1.2799825647410078e-05;1.2276566735528387e-05;1.1870881942799903e-05;1.153483034635768e-05
2444.7373654976345;7.816113729815474e-08;5.6573258750411246e-08;8.757926472254446e-08;1.734907050837343e-07;2.52346171810204e-07;2.2698097808142158e-07;1.229139124278466e-07;6.089350597669832e-08;6.546530357140063e-08;6.77295158166546e-08;4.2088464790326734e-08;1.766498682452639e-08;2.1018918627591977e-08;4.8760193781054196e-08;6.809656375928378e-08;6.615210891507459e-08;6.164287537747269e-08;1.1172839996824812e-07;2.645197407283572e-07;4.198290805324231e-07;4.04790527562164e-07;2.595571720263332e-07;1.381313616418607e-07;6.896429781382994e-08;3.0954181180338346e-08;1.2548307812579996e-08;7.1649127152004995e-09;1.0892731507941469e-08;1.7175351246903678e-08;2.4954939532014692e-08;3.5682253024973595e-08;4.38907468013016e-08;4.5921190216988274e-08;4.3311769428733806e-08;3.748674285676439e-08;3.1631441267532013e-08;2.7343378741384692e-08;1.831383099282836e-08;7.641428227533856e-09;4.5668962085681134e-09;1.2685450716183477e-08;3.5717871039634244e-08;1.1193369312065247e-07;4.412831035246467e-07;1.16813302174937e-06;2.0391547578374737e-06;2.623844376566021e-06;2.9449508527974385e-06;3.3346360264461838e-06;4.536247894813367e-06;7.227089682152104e-06;1.0871823742704803e-05;1.442124622691926e-05;1.7123170391560198e-05;1.8801336060576518e-05;1.9625613159149183e-05;2.001885523438641e-05;2.0264532006358896e-05;2.050984155922684e-05;2.0683167655515334e-05;2.1228830238775963e-05;2.202397119582875e-05;2.2689317391035755e-05;2.27275403203714e-05;2.1921600853118385e-05;2.049543479745148e-05;1.869172379919565e-05;1.7420202288591987e-05;1.6780652225667323e-05;1.6725275629342714e-05;1.7099070789000875e-05;1.769749708683271e-05;1.8333962440736857e-05;1.8928100249255663e-05;1.9213068291963424e-05;1.89665149640907e-05;1.805593598571068e-05;1.658065335239078e-05;1.4964091695785636e-05;1.355680230815171e-05;1.2707108184552009e-05;1.247311515141968e-05;1.2784562211460876e-05;1.3214928151754216e-05;1.365333716998616e-05;1.4205816243965598e-05;1.473089620148722e-05;1.492211312099065e-05;1.484376915564786e-05;1.4541982334749848e-05;1.4071075980932147e-05;1.3651690899976846e-05;1.3659115877021156e-05;1.4339821512558908e-05;1.5394328667237254e-05;1.599691338143848e-05;1.555014915754585e-05;1.42483748922481e-05;1.269059191704431e-05;1.1663632582714045e-05
2445.992325214045;1.5358263966394631e-09;1.127052211493774e-08;3.903264266950482e-08;8.495484076682448e-08;1.254323006082296e-07;1.130742507216634e-07;6.57301672743254e-08;5.8863739636137926e-08;1.0402470094155326e-07;1.2127986712807438e-07;7.71746954604216e-08;3.119094400671362e-08;3.1106790897730994e-08;8.25911251299993e-08;1.4688039200020553e-07;1.9540661455763522e-07;1.916024942110915e-07;1.6496135041533174e-07;1.839968407612029e-07;2.250878575302661e-07;2.0727626446282125e-07;1.2769340095157505e-07;5.79950447588281e-08;2.8715811904433832e-08;2.8116525876714028e-08;3.3026309951491e-08;2.519081601992824e-08;1.506488667688523e-08;1.5833247542564012e-08;4.179771088862554e-08;8.198022115656843e-08;9.297711425274272e-08;7.86196818253727e-08;8.681312649202441e-08;1.1325730090832603e-07;1.2134714386462545e-07;7.856433418078699e-08;4.235943562989933e-08;1.5914700791979635e-08;7.801029809163142e-09;2.0715912319127958e-08;4.39901208656433e-08;7.801304375047911e-08;2.7676805227892645e-07;7.688736540046771e-07;1.4783026008250457e-06;2.242673892424168e-06;2.9228987712388416e-06;3.6831343839680984e-06;4.949202058989069e-06;7.179558642692116e-06;1.0066638120833151e-05;1.322506858859263e-05;1.5723893274482884e-05;1.716679188710176e-05;1.7867282575829242e-05;1.7929961151317502e-05;1.8053487450589148e-05;1.890912465162877e-05;2.0526912193713736e-05;2.262710111042627e-05;2.4488219713943772e-05;2.521000968129793e-05;2.4322934750407613e-05;2.2078209217125152e-05;1.929490912680801e-05;1.6948300477928903e-05;1.5511089565538926e-05;1.504914866831374e-05;1.550075437722689e-05;1.6593709432365875e-05;1.7743892055342716e-05;1.8521798566155383e-05;1.9096756914925494e-05;1.957090890880996e-05;1.994678734250875e-05;1.9939683831052907e-05;1.902338326546868e-05;1.7075935272489218e-05;1.456884382471858e-05;1.2025423468081889e-05;1.0370257746054284e-05;1.012712540288415e-05;1.1013204564327743e-05;1.2576205298692176e-05;1.4391793989316472e-05;1.5676467699083445e-05;1.5979065430415084e-05;1.541128709805041e-05;1.4527926674431204e-05;1.3852344870364353e-05;1.3807416936272123e-05;1.4332774564040673e-05;1.520769058545839e-05;1.5992849292359616e-05;1.5840566955686796e-05;1.494413239825172e-05;1.3527538079571816e-05;1.215596946725722e-05;1.1305500161084368e-05
2447.246681319128;1.3269668670833308e-08;4.17531011605077e-08;9.031939579757233e-08;1.12800983522519e-07;8.373341255447822e-08;2.7201987724811235e-08;1.4062469347865117e-08;2.6015875276251632e-08;5.114487911831083e-08;6.072127500326527e-08;4.15200429236821e-08;2.6386351092712552e-08;5.037484312046379e-08;1.1914003489791343e-07;2.1192402980987397e-07;2.766325587414494e-07;2.539684314477237e-07;1.5869883013328837e-07;8.542899819067373e-08;8.476493591078261e-08;1.084327631351455e-07;1.1413539033063621e-07;8.682067326957665e-08;5.383627518879697e-08;5.0981372107795283e-08;6.073949026685465e-08;4.819651251550928e-08;2.3035289504006448e-08;2.0896511044193552e-08;6.829446046317367e-08;1.305925225605833e-07;1.3426810612577217e-07;1.2068398655791826e-07;1.612113209154451e-07;2.168933930210479e-07;2.2320878589191827e-07;1.6770077759192358e-07;9.06168825078812e-08;3.4975844175378064e-08;1.3663743569877586e-08;1.7827606982048318e-08;4.7712559479772776e-08;1.2268373624720705e-07;2.784387853865477e-07;6.418492228063828e-07;1.3626721565066222e-06;2.462099095385442e-06;3.8740031675237e-06;5.427928366891455e-06;7.042824797921588e-06;8.785500681366966e-06;1.06287878368957e-05;1.241544218647579e-05;1.4251452054840006e-05;1.5596023074086916e-05;1.646243976374387e-05;1.691830522920287e-05;1.7214599178606424e-05;1.777726960367077e-05;1.908451699741874e-05;2.052667839549448e-05;2.1735629678747818e-05;2.2248518420501475e-05;2.1753355351561056e-05;2.0407461143972495e-05;1.8466799667944383e-05;1.6841448908343326e-05;1.5679402896116392e-05;1.53806317236423e-05;1.5974067182455823e-05;1.7061448952591952e-05;1.7933926190918217e-05;1.8048292929054752e-05;1.778849656878843e-05;1.7526047512905432e-05;1.780639682104141e-05;1.8527824174635945e-05;1.890689501888599e-05;1.7975915560177226e-05;1.582829802953139e-05;1.3029488477429328e-05;1.110407644716567e-05;1.0776499019783696e-05;1.1778672257569873e-05;1.3343610222694763e-05;1.4871162424310128e-05;1.5926394250723698e-05;1.6193331841997443e-05;1.5955411879480282e-05;1.584791865836773e-05;1.591901105459119e-05;1.6094737756710864e-05;1.6074292466293224e-05;1.5776242909853486e-05;1.5177239403735194e-05;1.4464267932199126e-05;1.3738045821605095e-05;1.3245447871821806e-05;1.278401153034741e-05;1.2464086167977062e-05
2448.500433900376;6.933145986807765e-08;1.695521061084072e-07;2.9146545261016e-07;3.00929362652973e-07;1.943201444442659e-07;8.997744244921855e-08;3.724708181807163e-08;2.299163890822198e-08;5.7301361461379234e-08;1.0679962603394333e-07;1.2273156281732278e-07;9.923802596408243e-08;7.97431727627709e-08;9.067036809193268e-08;1.1532696691586953e-07;1.310658713984372e-07;1.1269840309787783e-07;7.481064401142524e-08;7.106821075262377e-08;1.3924365017403118e-07;2.0519134602173787e-07;2.2074334550657418e-07;1.6618260561273145e-07;8.76668652485833e-08;5.5081719355574237e-08;6.081290485774557e-08;5.810394520974849e-08;3.95252117245685e-08;3.7509869578018e-08;9.130666441166673e-08;1.6022514623166194e-07;1.5684707444526622e-07;1.0974753188094648e-07;1.1251658617125407e-07;1.7122875717250262e-07;2.311868036612038e-07;2.989392531311592e-07;2.611595422238611e-07;1.514924287147483e-07;5.7754753965599693e-08;2.2577968148249277e-08;5.4321755698286384e-08;1.8320209466196e-07;4.4592312811466934e-07;9.316607765310204e-07;1.7494795960049143e-06;2.952399908084873e-06;4.7566408315105854e-06;6.852228154391181e-06;8.929342334318745e-06;1.0803528140360534e-05;1.2386040644445496e-05;1.368233962182284e-05;1.4644519739290796e-05;1.51383503180962e-05;1.5189659153710636e-05;1.5151538477125614e-05;1.5186783542336292e-05;1.5731749020931537e-05;1.6792282454205144e-05;1.7946159694946703e-05;1.879470838475412e-05;1.9177121360681317e-05;1.909244069310808e-05;1.870229627947656e-05;1.8162107062257826e-05;1.7632904528226866e-05;1.7254932091142785e-05;1.7125687725607287e-05;1.732675365835737e-05;1.7782090014285468e-05;1.815193215404013e-05;1.807186291421512e-05;1.7508261999685052e-05;1.6758343941358112e-05;1.623747363022753e-05;1.615881837863814e-05;1.6161197933005723e-05;1.5944376606039918e-05;1.527723089397015e-05;1.430537548378168e-05;1.3757533171678884e-05;1.371482251537885e-05;1.3934603099320534e-05;1.4153993851395324e-05;1.4186565797699116e-05;1.43509624846591e-05;1.482084011608782e-05;1.570043095271835e-05;1.6636220567913256e-05;1.7248548455082438e-05;1.72073885234109e-05;1.6207402756967347e-05;1.4986904619218748e-05;1.4045565763417825e-05;1.4115973654797906e-05;1.4507977963416397e-05;1.4741731374453813e-05;1.442934713543723e-05;1.4067947078254928e-05
2449.7535830452944;1.0554050288157337e-07;2.1772803384629586e-07;3.169643425352554e-07;3.103406361582616e-07;2.3193645285432706e-07;2.101432239966398e-07;2.263816501223085e-07;2.229110465056127e-07;2.2938252420642185e-07;2.656811944206434e-07;2.592340885663044e-07;1.783204928839173e-07;9.121216045231077e-08;4.1971821942666295e-08;1.7756746642134953e-08;1.1929460711107148e-08;2.5465124915805637e-08;5.08298407388573e-08;8.109773782741667e-08;1.0412880560759265e-07;1.1526372590149101e-07;1.1451619266427925e-07;8.452176441940905e-08;4.478367818031425e-08;3.1632669941612064e-08;4.7101514256599874e-08;5.910298802469094e-08;4.941727370761157e-08;4.652744712937289e-08;9.056150676929857e-08;1.6130806386042744e-07;2.0060596999590826e-07;1.761719038155463e-07;1.3648135991982362e-07;1.436382892124244e-07;2.4796318363078656e-07;3.900970656596473e-07;4.03279060628533e-07;2.562365398642928e-07;9.921006079053061e-08;3.706023767341759e-08;5.962088414195772e-08;1.6813156142296281e-07;4.085647073080738e-07;8.7843684978637e-07;1.6448387904139384e-06;2.727112040375093e-06;4.30312713507214e-06;6.198699485869701e-06;8.334617717300554e-06;1.0734509559126374e-05;1.3178882208011105e-05;1.5272148159603634e-05;1.630453148771693e-05;1.638414967738224e-05;1.5465994722165265e-05;1.4644288315097812e-05;1.451387074063325e-05;1.54465828274976e-05;1.7360494818153706e-05;1.90558563765192e-05;2.0020854018566844e-05;2.017057191501425e-05;1.974884335677557e-05;1.911318945921199e-05;1.8472913223020383e-05;1.826010349073641e-05;1.812727393619579e-05;1.801274984076939e-05;1.7879771069323994e-05;1.7775291743702393e-05;1.7778385192588632e-05;1.7766095821778174e-05;1.745911414685331e-05;1.6959962868156448e-05;1.6155438391245808e-05;1.5065310319104572e-05;1.3841884434801212e-05;1.30842135491606e-05;1.301103607666046e-05;1.3448704773046616e-05;1.4252789852862702e-05;1.4906275430435425e-05;1.4864105182428212e-05;1.4261794925935657e-05;1.3549664684982322e-05;1.335927841182912e-05;1.4107454733335482e-05;1.5454858044864325e-05;1.640793631809251e-05;1.6465283897455965e-05;1.5504243973864995e-05;1.3944972678176844e-05;1.2655386720292769e-05;1.2300779998637223e-05;1.3063972292587891e-05;1.4234658872368997e-05;1.474836025931153e-05;1.4428503836173887e-05;1.3854944571469544e-05
2451.0061288414145;7.034245285579633e-08;1.4151714266964013e-07;2.1149053298500106e-07;2.491334125297736e-07;3.004850699033293e-07;4.0431171836199836e-07;5.01893751819031e-07;4.771374177283312e-07;3.515555359350092e-07;2.479192332545181e-07;1.7665432392821187e-07;1.0574332836288413e-07;4.9896184387404387e-08;1.7258737493399463e-08;7.929244500010078e-09;1.1554783336979968e-08;4.332491124677905e-08;8.859453858530716e-08;1.0998643990526753e-07;1.1024497247725192e-07;1.1394747497242806e-07;1.1404479534987248e-07;9.485025739227992e-08;6.299913463014671e-08;3.870613735317e-08;3.0280128402884324e-08;3.2994191550036755e-08;2.86808844359555e-08;3.7361108007878565e-08;8.43820841695224e-08;1.616712649449335e-07;2.363032817461993e-07;2.601892579596362e-07;2.0350234323545818e-07;1.3213428420897656e-07;1.606850769593797e-07;2.3396699281246767e-07;2.4100397528996724e-07;1.5341408894559624e-07;6.350667904041889e-08;5.0070863857347696e-08;1.1184893760149707e-07;2.3133022356341046e-07;4.203255089014882e-07;7.031608039666065e-07;1.058647476636974e-06;1.650734924850685e-06;2.640865216686042e-06;4.136208306415293e-06;6.31419626632118e-06;9.152402183674996e-06;1.2245614780494332e-05;1.4953631688969806e-05;1.6760336572378297e-05;1.7620085135240265e-05;1.788559823872406e-05;1.82352676201053e-05;1.886106692487637e-05;1.9776353944483624e-05;2.082551370705141e-05;2.163948942935955e-05;2.186152980006704e-05;2.1454904703216627e-05;2.060289815462967e-05;1.9451069466103934e-05;1.831588630144826e-05;1.7260737068271726e-05;1.6587753887267868e-05;1.630368974551138e-05;1.6275782248409913e-05;1.6309456345247577e-05;1.6212912410116847e-05;1.6136019252488736e-05;1.5933453599595613e-05;1.5638233034204687e-05;1.526529324983709e-05;1.4547132210632656e-05;1.3769236285793338e-05;1.3066161673214506e-05;1.2662178092652564e-05;1.2710728837977023e-05;1.3057079762158064e-05;1.3578690278997994e-05;1.404438142346392e-05;1.420605316526749e-05;1.443015325316463e-05;1.4830403726924642e-05;1.531599166969734e-05;1.5627338038636384e-05;1.551005103207577e-05;1.4881653041820747e-05;1.3730951760134484e-05;1.2671335449113302e-05;1.2077710703089788e-05;1.2040729631606328e-05;1.2411044710238426e-05;1.2895752969921678e-05;1.2904973485997471e-05;1.2509868956600189e-05;1.2110997469006097e-05
2452.2580713762677;3.816197230188086e-08;9.307660843525589e-08;1.717278255556156e-07;2.4452380731158865e-07;3.130263014380522e-07;3.903967725930504e-07;4.202722413449398e-07;3.6173142393677537e-07;2.357405382637845e-07;1.1868437961382621e-07;5.5943696196630086e-08;3.5577599269637345e-08;2.8401072742786872e-08;2.217763378687366e-08;1.1768276917149665e-08;9.148513159081428e-09;2.2807769022656362e-08;4.893714922948741e-08;8.291561681138776e-08;1.4281080806095012e-07;2.3436555463980805e-07;3.167424253155593e-07;2.9680267077466e-07;1.884821691766226e-07;8.81110631121815e-08;3.380206710641961e-08;1.4037267223015086e-08;9.430651138732552e-09;2.626821742353261e-08;8.059098218732631e-08;1.608784851772868e-07;2.2964096124478985e-07;2.4183804076563264e-07;1.7676159136198155e-07;9.070934428766405e-08;5.7300413468856274e-08;7.925919148305152e-08;1.0464043519583165e-07;1.1535784640198653e-07;1.0320394789617996e-07;1.1474692155364436e-07;1.8316417297413845e-07;2.787800766373973e-07;3.620191015860381e-07;4.375352626652901e-07;5.756687428581101e-07;1.0534213174646868e-06;2.108479846622633e-06;3.7619315262522394e-06;5.897703553951564e-06;8.324252788654975e-06;1.090742913496529e-05;1.3298195054620092e-05;1.554054629101065e-05;1.7671761678890733e-05;2.015469929681593e-05;2.238256898817988e-05;2.3811715074611384e-05;2.3933539124167533e-05;2.2763211550786524e-05;2.1475345083317156e-05;2.0214175171589453e-05;1.9373597821950095e-05;1.897597852798133e-05;1.863374017425896e-05;1.815192298468304e-05;1.7226476301907238e-05;1.6346062553545e-05;1.567761296156206e-05;1.5310305684329e-05;1.511893757113385e-05;1.4879326040049725e-05;1.4490754250409344e-05;1.4011460326012272e-05;1.3597661651682096e-05;1.3410447203587958e-05;1.3624039051031243e-05;1.409921438059168e-05;1.4269344241387144e-05;1.3979279185999503e-05;1.3397644124640152e-05;1.2821176876398098e-05;1.2637159634119931e-05;1.3010212392043911e-05;1.37370600448742e-05;1.4484551193475504e-05;1.491055482547076e-05;1.4876676498304869e-05;1.4507297908070529e-05;1.40270695206132e-05;1.3821328687415468e-05;1.39367582454769e-05;1.4200620011683904e-05;1.4382352725492844e-05;1.4385194124810684e-05;1.4256867153620818e-05;1.408363751124481e-05;1.3872882983347086e-05;1.3636648603987254e-05;1.3457649181642845e-05
2453.509410737399;4.6048316512384727e-08;8.050646581958905e-08;1.1345211769836093e-07;1.3874651507138916e-07;1.4388446424798534e-07;1.3963125817075813e-07;1.2140811351947785e-07;1.0433354750348105e-07;1.0537525431395317e-07;1.1721334585508666e-07;1.346028346626878e-07;1.370989187607128e-07;1.1897063617798882e-07;8.212642369229992e-08;5.0920278632467026e-08;4.0710369211520155e-08;3.4429983423402894e-08;2.3627583734293806e-08;2.98375650222622e-08;8.306150789193025e-08;2.0860841725604307e-07;3.283412196932803e-07;3.1649230395933976e-07;1.966120438646815e-07;9.092100985445485e-08;4.663045521719699e-08;3.4725299445356776e-08;3.5118924521366045e-08;3.780335818055971e-08;8.395565405767122e-08;1.6064166745101373e-07;2.1323422941351323e-07;2.034300069170928e-07;1.3751652589535186e-07;6.996640582513793e-08;6.124926231037568e-08;1.037690977018678e-07;1.5434574714794066e-07;1.9633901673747837e-07;2.237257165332241e-07;2.1810172253960057e-07;1.8180712707652918e-07;1.5302746761323974e-07;1.4528764214386004e-07;1.930272049422103e-07;4.796778963590822e-07;1.2216436236668623e-06;2.6980393654026085e-06;4.667324515766081e-06;6.711162748269088e-06;8.659884308369371e-06;1.055626910061567e-05;1.2531842341787316e-05;1.4803770605060905e-05;1.753226269062845e-05;2.039296188368543e-05;2.2942124325027637e-05;2.4383248403531533e-05;2.4003638810978437e-05;2.2079239942084047e-05;1.972983093192842e-05;1.8002412031572057e-05;1.7500273145083136e-05;1.8152481641877797e-05;1.907573090447956e-05;1.953698421863345e-05;1.92574088560736e-05;1.8433456538488726e-05;1.7478248363249466e-05;1.6698667145696965e-05;1.6130105778907412e-05;1.5512280749611574e-05;1.475953977115077e-05;1.381426568707864e-05;1.2877747842281085e-05;1.2292487786444088e-05;1.236455066504515e-05;1.302911917220902e-05;1.3724733391581612e-05;1.4057161559930787e-05;1.386034212280588e-05;1.3228255577338257e-05;1.2705428526852428e-05;1.2487883211396e-05;1.2736126720592088e-05;1.3140873112609255e-05;1.334804725108143e-05;1.3343197948922198e-05;1.3182553792336125e-05;1.3090902358871758e-05;1.3204810384886775e-05;1.357555353164282e-05;1.4121723946261344e-05;1.4401045483563438e-05;1.4592204941388938e-05;1.48206026274146e-05;1.4996708096510292e-05;1.528330840007181e-05;1.5456169043755592e-05;1.5489306328349805e-05
2454.7601470123773;1.7856929658380097e-07;3.130308441171612e-07;3.160716082824688e-07;1.8571873946109358e-07;5.4198209303794286e-08;1.7466899488812898e-08;9.867525721149703e-09;2.168756993409409e-08;8.458498043316716e-08;2.077112893389466e-07;3.196610569652357e-07;3.405558941769057e-07;2.618243615107114e-07;1.525436304462657e-07;9.196944915862597e-08;7.895857223856457e-08;6.837725897439368e-08;4.922530067534528e-08;6.476645716766099e-08;1.289465037714209e-07;2.2130347249795897e-07;2.500650378398065e-07;1.9420026604520585e-07;1.0942040272915121e-07;5.145984432268219e-08;4.476875306578297e-08;6.021054165087749e-08;5.9340127435500095e-08;4.500953527629757e-08;5.8774000704667945e-08;1.0062816505442169e-07;1.2260721180124926e-07;1.0402739067241118e-07;6.354292077196935e-08;3.722176231064786e-08;5.81234537545681e-08;1.118504356627765e-07;1.5420150075556684e-07;2.0221890855367058e-07;3.0901185497247454e-07;4.521381221816389e-07;5.121122922104218e-07;4.91962088936178e-07;4.501259595351068e-07;4.926236838324912e-07;8.169427712450965e-07;1.6255266325416432e-06;3.064888724265707e-06;4.91107669765968e-06;6.904894813029554e-06;8.841819849687751e-06;1.0630963230731235e-05;1.259160113363409e-05;1.463525407035354e-05;1.6911499633985838e-05;1.924089361279465e-05;2.1364235726012265e-05;2.2839913142167436e-05;2.316452470064137e-05;2.242909634949417e-05;2.121996116163959e-05;2.040039902263562e-05;2.0158160079203408e-05;2.028587583487342e-05;2.035805527753778e-05;2.02628890941377e-05;1.9686472406601387e-05;1.884466909060984e-05;1.802489572208546e-05;1.7380236551911048e-05;1.6854818630239183e-05;1.6255584676263353e-05;1.5364443239443403e-05;1.419296939722004e-05;1.299875625501509e-05;1.2179800923226591e-05;1.189755655299486e-05;1.2524475986978684e-05;1.3954636627714728e-05;1.5233901175070468e-05;1.5701974124130607e-05;1.5065936742691047e-05;1.3793794398673902e-05;1.2591957047939036e-05;1.220313978890951e-05;1.2443984889840084e-05;1.2981933653341092e-05;1.336221709195875e-05;1.3429483927185768e-05;1.3227618426414554e-05;1.2941235423993665e-05;1.2688476229516869e-05;1.2524441082769436e-05;1.2337243451733117e-05;1.2380865424805435e-05;1.2572810945411064e-05;1.2860327160215718e-05;1.3138734890075965e-05;1.3328500042931168e-05;1.3423653953778732e-05
2456.010280288776;2.7087873291063893e-07;5.172891608463256e-07;5.388319389179244e-07;3.214642344629214e-07;1.1220727656322489e-07;3.349463173343808e-08;1.8412401300590564e-08;1.5504595833173247e-08;4.9457874679593775e-08;1.5927855002164126e-07;3.007076824320136e-07;3.5115624025193226e-07;2.652488180676482e-07;1.419139268445876e-07;7.440831561705955e-08;5.293624303709439e-08;4.037019198300964e-08;4.3096815832401726e-08;1.198481621093724e-07;2.676618774288188e-07;3.417243771270152e-07;2.801524634265687e-07;1.856329212807368e-07;1.550582632044597e-07;1.3718676891326785e-07;1.0113990128837537e-07;7.736528423788587e-08;5.289016308904371e-08;2.997621119892557e-08;2.2916510459282773e-08;3.0848540555228025e-08;3.8750275561228034e-08;3.9000831154158754e-08;3.040585035045229e-08;2.3184124285787213e-08;3.043729555359192e-08;5.2102637793493523e-08;7.581047408021987e-08;1.5522197535449422e-07;3.5826165542760897e-07;6.372895140531504e-07;8.670622162534691e-07;9.569721918522572e-07;9.79758321340748e-07;1.1109237458137016e-06;1.5190564893442516e-06;2.290358570831753e-06;3.426611322938097e-06;5.021832784615215e-06;6.98431818758161e-06;9.264052555029564e-06;1.1573517044386602e-05;1.384543462118507e-05;1.5917847186366646e-05;1.7776761791729836e-05;1.9720414191205535e-05;2.161500029248653e-05;2.318970206949714e-05;2.4174132576148823e-05;2.4477113432597885e-05;2.4244781869089506e-05;2.3649400954039613e-05;2.2697669367841187e-05;2.132154652248775e-05;1.9785584728371247e-05;1.835965425488362e-05;1.7310792743587106e-05;1.674026932540507e-05;1.6600096503982896e-05;1.6667587541456535e-05;1.6655282740562444e-05;1.6355774628141852e-05;1.5551898232650918e-05;1.4457455252825496e-05;1.3460608510101455e-05;1.2933954020903492e-05;1.3274939673530834e-05;1.4460859152340151e-05;1.621127271539676e-05;1.7648585196915873e-05;1.803179253475585e-05;1.6949235372508362e-05;1.4982319014849618e-05;1.3248880602068708e-05;1.2530750353053704e-05;1.2759130643598954e-05;1.3466878313720635e-05;1.414433401606022e-05;1.4500795450956384e-05;1.43623316679988e-05;1.383185285846482e-05;1.3155983294264215e-05;1.2548259899122944e-05;1.2140076611100058e-05;1.1790462164129984e-05;1.1588157598134163e-05;1.1432121277717224e-05;1.1436635576539436e-05;1.1559724525191376e-05;1.1700545851413562e-05
2457.2598106541845;1.224847105812649e-07;2.4863985721953044e-07;2.7905018432430285e-07;2.1236400327758402e-07;1.762058461434459e-07;2.005888869370567e-07;2.062789174855844e-07;1.4941253237816086e-07;8.922334277620904e-08;7.378518206178427e-08;1.1380161072117913e-07;1.3422885252544894e-07;1.0531771170657045e-07;5.67376907867413e-08;2.694283361574805e-08;1.3096511936213141e-08;7.55324606921499e-09;2.6648039240914005e-08;1.3946734279168065e-07;3.507910570644067e-07;4.5684241879946563e-07;3.463988275130101e-07;2.2686484333786125e-07;2.2041379753568826e-07;2.3455528757461985e-07;1.850904132504304e-07;1.0496371900787857e-07;4.670377626136296e-08;2.007353169389328e-08;1.2275388666269352e-08;1.6078705393756427e-08;3.0098270081176537e-08;4.757478979345339e-08;4.959602032305779e-08;3.18430395032274e-08;1.2126776084475328e-08;3.8428291986334515e-09;2.330873660714024e-08;1.3974614216258294e-07;3.898736048912246e-07;6.309867500746244e-07;8.153062655013686e-07;8.74750844885623e-07;9.31369185051048e-07;1.240435516999737e-06;1.8790159503003384e-06;2.816018862293445e-06;3.9090280069374574e-06;5.326321157734163e-06;7.171453731648424e-06;9.592206795700026e-06;1.2543681384581362e-05;1.5675689419398897e-05;1.8722438018015387e-05;2.109990879235085e-05;2.281378873588206e-05;2.392865485890021e-05;2.45961111996642e-05;2.5045689689291173e-05;2.518228145679416e-05;2.491451370029092e-05;2.4084837495938487e-05;2.2522328310412384e-05;2.0252566318564684e-05;1.7882536097296766e-05;1.5799476525883513e-05;1.461563026997591e-05;1.4373306134279367e-05;1.4968396160389556e-05;1.5915156270520564e-05;1.6758354662859056e-05;1.7141882645255967e-05;1.6645878259385496e-05;1.5647938758752856e-05;1.467286131041336e-05;1.4304525513491124e-05;1.4855497565933295e-05;1.60429509389091e-05;1.7276973437564434e-05;1.811135745542386e-05;1.7876705701225883e-05;1.661209570844391e-05;1.5030127596263186e-05;1.3905643624830542e-05;1.3373605567295807e-05;1.3400325698442077e-05;1.3772601063540668e-05;1.437983007951708e-05;1.4749622116879958e-05;1.4627368260691782e-05;1.4116575191004437e-05;1.3355745809442836e-05;1.2739110332539032e-05;1.254396106515752e-05;1.2509361754248553e-05;1.2620646815275935e-05;1.2770838538782154e-05;1.293321711909234e-05;1.3040624890982018e-05;1.3083665224699424e-05
2458.5087381962094;2.42538808309146e-07;1.442280260614757e-07;9.135666345425393e-08;1.3939793670006208e-07;3.05449931880372e-07;5.305661713162397e-07;6.292924247343523e-07;5.08715940107841e-07;2.909873213626093e-07;1.2339388871882373e-07;4.4950409196696896e-08;1.987146611208011e-08;1.1133635644135362e-08;7.1770537396474675e-09;5.197658895012293e-09;4.7467219471344835e-09;1.2368020625217753e-08;6.308113715320391e-08;2.538463520218892e-07;5.818755593025242e-07;7.355262705708979e-07;5.335627264815202e-07;2.592890337075881e-07;1.6905639943500705e-07;1.966429944543537e-07;2.331565784957201e-07;2.515183217995186e-07;2.195017839347581e-07;1.5260042688948874e-07;8.176533427798189e-08;3.2084695345657335e-08;2.5073831371566595e-08;2.7854717761765634e-08;2.7692691788199884e-08;1.798524945990951e-08;1.2573502955156841e-08;2.7917683826963577e-08;1.1588052977999389e-07;3.345611739681432e-07;6.458041397693552e-07;8.290837263165803e-07;7.983017956353559e-07;6.564636344506099e-07;5.835209670246304e-07;8.652033453051371e-07;1.6961630500089506e-06;2.96741376214817e-06;4.428085868839348e-06;5.791422829159349e-06;7.339308128184102e-06;9.382562470294822e-06;1.2257568041700542e-05;1.5968898497563562e-05;1.9617809184084856e-05;2.251681434017388e-05;2.418597836477549e-05;2.471308791651827e-05;2.467398711952766e-05;2.455239328059692e-05;2.4508935859328705e-05;2.437369871721873e-05;2.373921417903455e-05;2.2123841407575627e-05;1.967911610569928e-05;1.7107600118903617e-05;1.5338055791456112e-05;1.4813758986438452e-05;1.5198618822996544e-05;1.604817727987524e-05;1.6910439252724653e-05;1.7525022670080544e-05;1.7678450386107782e-05;1.722590871336499e-05;1.6174269667290188e-05;1.4918938101827954e-05;1.4111675773416029e-05;1.4289227759976155e-05;1.5363883853260104e-05;1.6729793503256248e-05;1.7616257602822424e-05;1.77335335027861e-05;1.7122645008958624e-05;1.6334416127590414e-05;1.565515624608757e-05;1.5118477715017827e-05;1.473072589056464e-05;1.4571065978273163e-05;1.4603228951244376e-05;1.4647559590739234e-05;1.4537116452254146e-05;1.4145295108527924e-05;1.3539010447248573e-05;1.2907057987644948e-05;1.2440218681371135e-05;1.2519750101194774e-05;1.3204664016087816e-05;1.4372271141360976e-05;1.54435323581337e-05;1.5933538178885264e-05;1.5978410428004485e-05
2459.757063002464;4.81893861641838e-07;2.792746775748724e-07;1.5071882130217358e-07;1.65041072703929e-07;3.182288392945372e-07;5.368901744510639e-07;6.792611643338998e-07;5.930907234509741e-07;3.5026218310653546e-07;1.42554915076249e-07;5.0321151213767865e-08;2.6496919244400027e-08;1.3632739264555018e-08;7.326801577368432e-09;4.2293535084030395e-09;4.378427054752599e-09;1.8458864347797148e-08;8.577694300103914e-08;2.827920292143397e-07;5.747281915357377e-07;6.939854934443078e-07;5.049026395210565e-07;2.329557926626439e-07;1.1468109837038249e-07;1.3977314291885348e-07;2.529909070827191e-07;3.76113582480518e-07;3.938579224092785e-07;2.974502340112237e-07;2.0657049185483958e-07;1.739845238877406e-07;1.4547000893535828e-07;8.83623465828402e-08;3.2018280806681945e-08;1.06874313736282e-08;1.6638391205092106e-08;6.68631074147335e-08;1.9368071756635397e-07;4.278934941220605e-07;6.734653554605718e-07;7.248736035508052e-07;5.393471219698692e-07;3.4284392594708306e-07;2.912876124055923e-07;5.357647990277726e-07;1.3898742730925972e-06;2.897100182787403e-06;4.651899969372852e-06;6.276249378193148e-06;7.861038361280383e-06;9.862326780085642e-06;1.2519364279240753e-05;1.5524109627380472e-05;1.8214929186738523e-05;2.039645819624113e-05;2.1778046009918403e-05;2.2513548563726405e-05;2.3007463407519523e-05;2.335461159072376e-05;2.362764547933976e-05;2.3606969649295743e-05;2.2925402761142158e-05;2.1519505250428977e-05;1.9640341807698717e-05;1.7640737916117883e-05;1.6364272624375164e-05;1.6187428533012772e-05;1.686798741844614e-05;1.7564325996948467e-05;1.794345909543334e-05;1.7930083055621265e-05;1.7533777752485255e-05;1.7271988034216147e-05;1.6698120614719284e-05;1.581274234882799e-05;1.4872053194657674e-05;1.43823214496167e-05;1.4899348662963804e-05;1.61341992361141e-05;1.723739913954168e-05;1.7956286616802045e-05;1.8191069586530164e-05;1.7772883352149032e-05;1.705878923014168e-05;1.6244140340555484e-05;1.5490438459692364e-05;1.494530459438732e-05;1.464693469066994e-05;1.4768578580154146e-05;1.508501024276366e-05;1.528339066893996e-05;1.4892984068805536e-05;1.3892675094324605e-05;1.26142587621648e-05;1.1840664887247258e-05;1.2245239053051628e-05;1.3769178763879775e-05;1.5571810075822347e-05;1.6704876734429106e-05;1.7095700891958517e-05
2461.0047851605777;2.411550100122186e-07;1.4860044708291325e-07;1.138019491385154e-07;1.4916474934961694e-07;2.126934968237955e-07;2.8998713909695215e-07;3.565297975210291e-07;3.270079304150217e-07;2.104690833318449e-07;9.988463352193105e-08;4.571829007781463e-08;2.345617010790728e-08;1.1398500014898212e-08;5.9713616273406135e-09;3.5010960638754603e-09;3.032563324768754e-09;9.5050617087896e-09;3.7644107890074596e-08;1.1964119170712098e-07;2.51116883622567e-07;3.362359211714994e-07;3.016963714100864e-07;2.090930611993596e-07;1.3249927223541617e-07;1.032539620996347e-07;1.4191282922293094e-07;1.9398913850723613e-07;2.082786331503151e-07;1.8668458793675498e-07;2.198243341302805e-07;3.221697874301778e-07;3.608137012552066e-07;2.951143042446503e-07;2.092594323972267e-07;1.5216054873455206e-07;1.1245243768269477e-07;1.0129003914871417e-07;1.188600096627885e-07;1.8671868539387941e-07;2.453699748632119e-07;2.2813466496019726e-07;1.6498449942589545e-07;1.652074852819867e-07;3.1841248927955293e-07;6.82466929114522e-07;1.4847076814986796e-06;2.888515883094016e-06;4.681500663311226e-06;6.708340868425147e-06;8.902565617833976e-06;1.1143164337291256e-05;1.3304496957770882e-05;1.5183780046585893e-05;1.668590307574979e-05;1.788306668390472e-05;1.8980389510075772e-05;2.0071339129884485e-05;2.114294121497426e-05;2.207256551999225e-05;2.2635590934999335e-05;2.258725388517053e-05;2.18858146156438e-05;2.084512191790699e-05;1.955320220390028e-05;1.8347615815218337e-05;1.7320556795022913e-05;1.6619008568737e-05;1.6607343660391084e-05;1.6966590184259387e-05;1.7274739154534526e-05;1.7473807478817636e-05;1.8009612846026195e-05;1.866497298925371e-05;1.9053696107325094e-05;1.8918563756718836e-05;1.8075985692993263e-05;1.694958611231824e-05;1.6058908768346353e-05;1.55603761526785e-05;1.580910663508881e-05;1.6235885318663113e-05;1.657444282764358e-05;1.6591134836175412e-05;1.6237552669346062e-05;1.5660402374251074e-05;1.496500772927884e-05;1.4207286772987906e-05;1.3570006414033638e-05;1.3244480092470426e-05;1.343335485988268e-05;1.4019420982592352e-05;1.4492747241553996e-05;1.4415483866684968e-05;1.3540742465153051e-05;1.2611099124016509e-05;1.2166736041179618e-05;1.2812600643750512e-05;1.3907942726539411e-05;1.495645310807239e-05;1.5553470274931015e-05
2462.2519047581955;4.1316063333993576e-10;9.370989167307225e-09;4.628916093997142e-08;1.021882679485738e-07;1.5707952749642518e-07;2.0664114215157002e-07;2.2402087978856489e-07;2.0092563403939289e-07;1.462527892053539e-07;8.872231378580603e-08;5.3134100877879184e-08;5.030604752152461e-08;9.313295999332975e-08;1.1599693408624277e-07;1.1532917257564877e-07;8.830336794139165e-08;4.907593972609829e-08;1.3280567372301352e-08;2.8935722714254732e-08;9.60694428278488e-08;1.846122976919172e-07;2.372033674748587e-07;2.2830883652233006e-07;1.94615801316333e-07;1.774309271551137e-07;1.553535484885644e-07;1.2238600693500292e-07;8.874815427486588e-08;7.689189484752905e-08;1.2910643948517904e-07;2.494290784492535e-07;3.450417164758172e-07;3.7009491589195596e-07;3.710854068460045e-07;3.8208121127909443e-07;4.04850628645632e-07;3.348704976100156e-07;2.1644314751917202e-07;1.155351802108881e-07;6.068802636509642e-08;4.9962040349657206e-08;8.99838136453172e-08;2.0201744180525595e-07;4.308771646093069e-07;8.717368389159839e-07;1.7280447531582014e-06;3.174734053554544e-06;5.195829990758983e-06;7.596426305733028e-06;1.0042272869183923e-05;1.2079573888206868e-05;1.361247284515084e-05;1.494882199010884e-05;1.6258628326571666e-05;1.7665306011368105e-05;1.9213989515739896e-05;2.073181106453304e-05;2.185472079778041e-05;2.232965162724031e-05;2.2235483285872923e-05;2.180287936436016e-05;2.127038026736037e-05;2.0844833852210197e-05;2.0441440756685093e-05;1.9956193042101798e-05;1.904622385597897e-05;1.7765163285428873e-05;1.6592655429526855e-05;1.6100210822446562e-05;1.6211849008124337e-05;1.6856850981975983e-05;1.7877766886120272e-05;1.8804924626005337e-05;1.962458499633547e-05;1.9988982203041836e-05;1.9573241455791712e-05;1.874786306993471e-05;1.7567125848509758e-05;1.6242219704874588e-05;1.5428319718396284e-05;1.4894880745416463e-05;1.451950990478531e-05;1.4381148986277085e-05;1.4369589261814264e-05;1.4554595162480592e-05;1.4757856933355475e-05;1.4604829163948298e-05;1.3884006959982678e-05;1.277679718155362e-05;1.2016279591318754e-05;1.1945844357360894e-05;1.265929975658481e-05;1.3537709908686658e-05;1.4084665024862933e-05;1.4134413238235255e-05;1.4029999951028844e-05;1.4014135011871066e-05;1.425806672238924e-05;1.4579827471738884e-05;1.4740860384492e-05
2463.4984218829704;1.8740808634922562e-07;1.034106618442028e-07;3.9992465972645066e-08;4.9565119164678646e-08;9.330915779208288e-08;2.0402877167296638e-07;3.2086568149011104e-07;3.38449454989805e-07;2.325695351962774e-07;1.1298330710844437e-07;7.747536756133227e-08;1.141727570546913e-07;1.7864825433483085e-07;2.2808510984942425e-07;2.2826021985329218e-07;1.7506569764396344e-07;9.689163458502718e-08;3.9450557558442616e-08;2.9337627394619072e-08;5.0449968616856186e-08;8.08373704580579e-08;1.0909606634093261e-07;1.2710450180543594e-07;1.7868558705117045e-07;2.869590897453799e-07;3.746793136864857e-07;3.564855696111681e-07;2.452233091690181e-07;1.2583003191574128e-07;7.107841350969552e-08;8.670914855840687e-08;1.2748897774811777e-07;1.8126845376331487e-07;2.63137427414632e-07;3.964908392408875e-07;5.141159308872643e-07;5.032418936051544e-07;3.93246713676019e-07;3.018818158946175e-07;2.668402761649675e-07;2.489540066851257e-07;2.2259932510188042e-07;2.1328458161689185e-07;2.724308890163784e-07;5.005110228375708e-07;1.1446917558116715e-06;2.3662632164967027e-06;4.179174074119162e-06;6.469216755406601e-06;9.07170513830384e-06;1.185586894394914e-05;1.407965019952995e-05;1.6040550234278315e-05;1.7886047138489338e-05;1.9599121793923745e-05;2.1157852238995836e-05;2.245863653238274e-05;2.3171347271006028e-05;2.299708294702121e-05;2.2191801378885246e-05;2.131810287672726e-05;2.0784135677574227e-05;2.0630363410339003e-05;2.0623368259162472e-05;2.0238294118484388e-05;1.9156530984981405e-05;1.740409306587227e-05;1.5465764168416325e-05;1.4188058463005332e-05;1.4001936669262914e-05;1.4774412139320736e-05;1.573356487012756e-05;1.6595648288487217e-05;1.7321642261226637e-05;1.7891877350100694e-05;1.830479710591027e-05;1.836267492827777e-05;1.7998573857061726e-05;1.738045196677279e-05;1.6587285509250772e-05;1.5622327688456594e-05;1.4612467058515864e-05;1.3748151650919308e-05;1.3651025424008985e-05;1.4371106946657696e-05;1.5481967321561545e-05;1.618721399675423e-05;1.5923620253021338e-05;1.4679095176186422e-05;1.3179866422457036e-05;1.2059399975684878e-05;1.208566876246121e-05;1.2719401022049138e-05;1.3710282471261607e-05;1.466952358211064e-05;1.5626402530021748e-05;1.6088052085722727e-05;1.6332730431577418e-05;1.6136188885164765e-05;1.5840492176907185e-05
2464.744336622576;3.746094524307879e-07;2.0436471439607958e-07;7.826449484075918e-08;3.089792456498728e-08;5.589233921387143e-08;2.0618029326883517e-07;4.298349239428477e-07;5.173513014497912e-07;4.3499533933697305e-07;3.4150247140629973e-07;2.9404485090132725e-07;2.3681711426057098e-07;1.720824016440334e-07;1.551869132298457e-07;1.3407007131728184e-07;1.0856756048293385e-07;9.079024972575732e-08;1.304683747153258e-07;2.221822509950199e-07;2.678744242984708e-07;1.909176187594399e-07;8.004353092192924e-08;4.321417705855218e-08;1.2572077301432138e-07;3.087936157091313e-07;4.77176134082668e-07;4.871211198938815e-07;3.3455016732183346e-07;1.6021216643620765e-07;5.7808440116325806e-08;2.2748597310050572e-08;2.3930632637281443e-08;7.109392877186137e-08;2.0032235326617997e-07;3.543732333588085e-07;4.113396649782037e-07;3.547418764288033e-07;2.88336753313052e-07;3.187373970606839e-07;4.017651724244617e-07;4.245006007095487e-07;3.4767711282362975e-07;2.175849313581997e-07;1.240625818660881e-07;1.9656830709968126e-07;5.796023525152841e-07;1.298329471239916e-06;2.402592176745176e-06;4.277511494138197e-06;7.25728421720028e-06;1.0979786512627245e-05;1.4382542863212825e-05;1.6992774248840218e-05;1.875695489403481e-05;1.989322713947345e-05;2.0635426388020603e-05;2.1055939436310733e-05;2.117673161748186e-05;2.093825836354636e-05;2.0568368882566444e-05;2.0447258074042516e-05;2.0319107030079623e-05;2.0023194336716476e-05;1.9327887076484666e-05;1.7897639824010845e-05;1.6234422101878584e-05;1.455507652058319e-05;1.323580891371604e-05;1.2568315595566737e-05;1.256726638342753e-05;1.3364579486623562e-05;1.4427383641891376e-05;1.531123465089345e-05;1.5625740720823843e-05;1.566078173931355e-05;1.5865580382147992e-05;1.61463875480299e-05;1.639763184705078e-05;1.6644689941870026e-05;1.670115277524777e-05;1.641615930390165e-05;1.5746866897428308e-05;1.5061345248671586e-05;1.4582478244794773e-05;1.4909570354052931e-05;1.5465755345635342e-05;1.5941826787672778e-05;1.584070558814571e-05;1.5177795981438169e-05;1.3977020503928042e-05;1.2979162225474155e-05;1.2533697607223392e-05;1.2631585543096772e-05;1.3111451274989296e-05;1.4044504507689902e-05;1.5142143541384537e-05;1.6243158562832433e-05;1.6948795200195555e-05;1.699229217755415e-05;1.6904373629623e-05
2465.989649064688;2.3489968771357247e-07;1.837870055967539e-07;1.541168179486535e-07;1.1666863842457241e-07;9.015401206849777e-08;1.3149510220723542e-07;2.4768311262640163e-07;3.428347960484341e-07;4.178236770506706e-07;5.01315046297087e-07;4.813437871369486e-07;3.171867226430677e-07;1.47501724118951e-07;6.092128074388674e-08;2.855722916732541e-08;3.015110487116171e-08;7.849725236484882e-08;2.174021565607839e-07;4.350872969273715e-07;5.275174347885438e-07;3.701349417553744e-07;1.4841455903907274e-07;6.392181359807582e-08;1.133871760641571e-07;2.527869964545105e-07;3.7345594586706434e-07;3.71383383363809e-07;2.468393399295351e-07;1.1266876474953133e-07;3.96110828055554e-08;2.148058747077381e-08;3.255294521747304e-08;1.064731023224274e-07;2.528881873389687e-07;3.903188874064405e-07;3.8559275411773465e-07;2.514729274706314e-07;1.641087160748377e-07;2.2031537039756922e-07;3.1113290414004176e-07;3.103128974076421e-07;2.238005175954894e-07;1.297518433614905e-07;1.1031372292404329e-07;3.669887472973653e-07;1.0639854019035912e-06;1.9800116313463857e-06;3.029508280882122e-06;4.48471404659745e-06;6.903089203147569e-06;9.754007984721596e-06;1.2998289951556109e-05;1.5622549553972655e-05;1.763073239128028e-05;1.8765567870053268e-05;1.919807219199564e-05;1.917620696038456e-05;1.898929581021877e-05;1.8916373051470235e-05;1.9192033548982584e-05;1.985263438959668e-05;2.053429127699721e-05;2.0567364982756357e-05;1.965118963951189e-05;1.7926812461499307e-05;1.5872696510990478e-05;1.4301545848009242e-05;1.3490001593266947e-05;1.331279464376318e-05;1.3882577032022464e-05;1.4938728387228228e-05;1.6021760648123858e-05;1.6702047368935845e-05;1.6757300093213065e-05;1.6291744672814562e-05;1.5669885127601623e-05;1.5245068652089903e-05;1.5191158344452803e-05;1.555301166903672e-05;1.5992352893360454e-05;1.628984666998939e-05;1.6295666125002345e-05;1.6347008114952643e-05;1.5991601182050095e-05;1.5329853803536764e-05;1.4500136757027505e-05;1.3845881249048046e-05;1.3472285995253124e-05;1.3450708861058053e-05;1.3668229531164602e-05;1.3925812839774455e-05;1.4004462571310378e-05;1.3822597258360428e-05;1.3556601262216704e-05;1.337915553484034e-05;1.3586781583078544e-05;1.4027502544984423e-05;1.459889498289332e-05;1.5134048224379206e-05;1.543405742368407e-05
2467.2343592970064;1.978234078365545e-07;2.6598961516651735e-07;3.061053969831623e-07;2.609462673168767e-07;1.5352451628430834e-07;6.522653674793163e-08;4.865977713353858e-08;9.222436322971852e-08;1.9665817437422957e-07;3.255261004429724e-07;3.487119837726034e-07;2.3402704642464265e-07;9.15183851010027e-08;2.77464905610572e-08;1.2636965894316356e-08;1.1529504068492616e-08;4.0393601061132075e-08;1.2931715332757646e-07;2.592365870798192e-07;3.112775174350071e-07;2.1790323571423427e-07;9.06134596609222e-08;4.750904296718816e-08;9.256014833251494e-08;1.7249124198245814e-07;2.394990235198161e-07;2.430240093894598e-07;2.0022952719121305e-07;1.5632686938572485e-07;1.338557853012086e-07;1.18846973120729e-07;1.1018438270441113e-07;1.369708529009486e-07;2.1721832151527469e-07;3.158998815484932e-07;3.4424191988626306e-07;3.187690109548309e-07;3.324537578449512e-07;4.053257424149554e-07;4.358172128119894e-07;3.478378646872111e-07;2.161048378868441e-07;1.6232154628182937e-07;2.711624784062246e-07;7.492549589688484e-07;1.806942426078988e-06;3.2055993515455537e-06;4.570593275145481e-06;5.7571023867679e-06;7.004089001289653e-06;8.737890358126161e-06;1.1097098669779745e-05;1.3887021305132308e-05;1.6684183258990927e-05;1.8934990128588824e-05;2.001602513582466e-05;2.003714344897868e-05;1.9680879384445597e-05;1.9401626707508703e-05;1.955853014003594e-05;1.9870982344262397e-05;2.051930814039405e-05;2.0778676749363187e-05;2.0359335546806252e-05;1.948246609260653e-05;1.807682197363116e-05;1.705017956645684e-05;1.628689456668317e-05;1.6149173171772106e-05;1.6836342284235182e-05;1.7812634151654885e-05;1.859133487895639e-05;1.8836680592556407e-05;1.8652870220503605e-05;1.820355841495067e-05;1.7633611990264992e-05;1.702012104405361e-05;1.634571304006273e-05;1.5667126323548397e-05;1.5236131815425936e-05;1.5302863650334906e-05;1.5941025940337676e-05;1.6710559041557866e-05;1.7241828980166474e-05;1.6643208888289495e-05;1.5186965406744706e-05;1.3311664729777998e-05;1.2113575440818868e-05;1.1923646227422491e-05;1.2930705010911809e-05;1.4205015887131453e-05;1.5015162436270865e-05;1.5006648973161346e-05;1.4331095441813744e-05;1.3179925931407504e-05;1.2112742385636322e-05;1.1565730644780713e-05;1.1661419655074578e-05;1.2190349266667412e-05;1.2655506645292892e-05
2468.4784674072343;2.8032856363958293e-07;3.088256290441851e-07;2.972402593029641e-07;2.215286685266969e-07;1.3880458936790682e-07;1.057022823326161e-07;1.757802781950318e-07;2.39350141195729e-07;2.501417458383984e-07;2.384114876018116e-07;2.08098806585926e-07;1.3560156864068497e-07;5.63713932505966e-08;1.8457125689744105e-08;9.668489322269525e-09;5.664687940103248e-09;6.366649536377765e-09;1.6347939102455344e-08;3.1406142055767586e-08;4.147804260927845e-08;4.5431579295815696e-08;7.280394248024789e-08;1.6232371084425764e-07;2.7572329392985653e-07;3.277194591627154e-07;3.0508284360453664e-07;2.662667334773088e-07;2.541434933309626e-07;2.600054671423345e-07;2.807933434773486e-07;3.027632199521949e-07;3.02913197276912e-07;2.762892110060683e-07;2.450153775923858e-07;2.3607264726714955e-07;2.918310199885431e-07;3.8502054446742164e-07;5.034935235608284e-07;6.747569278126855e-07;8.319058584372756e-07;8.604581726033256e-07;7.514370470391529e-07;6.13378813568295e-07;6.33812076796375e-07;1.0568992943011551e-06;2.0672381244407287e-06;3.579807782184012e-06;5.145282879455326e-06;6.478039372992849e-06;7.428781263679939e-06;8.60400535549864e-06;1.0393968365313204e-05;1.3014395524785635e-05;1.5935864137865392e-05;1.8761004442952407e-05;2.0764354794316827e-05;2.144629698076783e-05;2.13897307115256e-05;2.1063572465992648e-05;2.09005590567221e-05;2.0948553289756215e-05;2.1041269518430076e-05;2.089925473199841e-05;2.0301163985431704e-05;1.9513238688127888e-05;1.8748875205791785e-05;1.815245972431348e-05;1.7939625168191912e-05;1.8191839471232883e-05;1.8680488275856807e-05;1.895675279265887e-05;1.869230198133809e-05;1.805076899049588e-05;1.7499317547401893e-05;1.732906995882586e-05;1.742006643075612e-05;1.7333549627873194e-05;1.662111582085068e-05;1.518814480996089e-05;1.3809710067323048e-05;1.3235113989376086e-05;1.3875851911868322e-05;1.5219756655745307e-05;1.661592363108873e-05;1.7303756468186855e-05;1.6631437561115274e-05;1.5021592208136156e-05;1.3487145011552575e-05;1.2887474988663824e-05;1.334182974914535e-05;1.4357775987049792e-05;1.4853759396118476e-05;1.4576005891291092e-05;1.3318340038912152e-05;1.1918950367516692e-05;1.0724996246603406e-05;1.047790009574501e-05;1.09647485755564e-05;1.1608374764978058e-05;1.2071815842506325e-05
2469.721973483096;1.713027285468837e-07;1.4645305363988405e-07;1.044898554625624e-07;6.81911980111183e-08;6.769219469405044e-08;1.489521059838458e-07;3.068534578813827e-07;4.2025192306699926e-07;3.816749347975908e-07;2.4816513040335497e-07;1.361965030927726e-07;7.673083637491448e-08;6.151763185080008e-08;8.999871763653048e-08;1.788745135021054e-07;2.999183699114057e-07;4.077154911504455e-07;4.478265699100303e-07;3.98109313953653e-07;2.842785172922052e-07;1.8049297940572661e-07;1.725503120603035e-07;3.051925365811357e-07;4.545772635536473e-07;4.590378289716272e-07;3.2418723143531094e-07;1.9630278850128705e-07;1.5035682931671826e-07;1.559252158082608e-07;2.0805036142775627e-07;2.862780545043626e-07;3.3617990744269025e-07;3.221224633129784e-07;2.452181857357148e-07;1.8098342048239544e-07;1.7390303723977517e-07;2.211086318975988e-07;3.103538688120996e-07;5.410325071266946e-07;8.640612997490147e-07;1.0886574443882448e-06;1.0637768534812982e-06;8.412453108540673e-07;6.8508611191717e-07;8.433154991255621e-07;1.5437357286280107e-06;2.798944367762101e-06;4.474034158626089e-06;6.108543377830481e-06;7.482037167135798e-06;8.618717200946824e-06;9.993439934606996e-06;1.205729184678107e-05;1.4863183559499049e-05;1.789382952792333e-05;2.06369531926562e-05;2.25350806353772e-05;2.3228483967710625e-05;2.299215601716227e-05;2.2366359873986302e-05;2.201961733717529e-05;2.192449779836048e-05;2.1750918957296337e-05;2.1245133244483637e-05;2.0264778731678552e-05;1.90975364976787e-05;1.78237879164176e-05;1.7301966883156993e-05;1.7522974169517128e-05;1.7991464347140746e-05;1.8012099573747525e-05;1.7294441890037925e-05;1.6253592164679578e-05;1.5503807454039504e-05;1.5270318048870756e-05;1.54542610137576e-05;1.5695917811905254e-05;1.5369878521534757e-05;1.4298364855901228e-05;1.2862099426857364e-05;1.1961498721266803e-05;1.209715591209858e-05;1.3436214570160708e-05;1.5309498442463944e-05;1.67324193942501e-05;1.7019733234082006e-05;1.6294942191431964e-05;1.5126420331526554e-05;1.4414927350267933e-05;1.4456732322137097e-05;1.478793390081718e-05;1.485137856559062e-05;1.4273061665515271e-05;1.3056097463076387e-05;1.1880138296945417e-05;1.1181600063867678e-05;1.1183313446296477e-05;1.1670419590372414e-05;1.224974596284991e-05;1.255147640564966e-05
2470.9648776123213;8.315948662941213e-08;4.8884569122927287e-08;3.77376311966623e-08;7.200860047647174e-08;1.2846571459463378e-07;1.965510044462167e-07;2.5474395460597294e-07;2.674774604298397e-07;2.1247275439783285e-07;1.1954533545528794e-07;4.9377122501500936e-08;2.891603136955963e-08;5.5472426101864856e-08;1.563137206230664e-07;3.456000594866504e-07;5.928693234603835e-07;8.107278592930263e-07;8.923142671942227e-07;7.936040169874675e-07;5.548036895242853e-07;3.077750334893628e-07;1.735286800767434e-07;1.8064618457293843e-07;2.315464663680103e-07;2.1466202937670866e-07;1.3131530655177905e-07;5.168678541074038e-08;1.9232381617446062e-08;1.9829134702210015e-08;4.749978002351402e-08;9.392249242609628e-08;1.3506753483917918e-07;1.5713377760360766e-07;1.6750840819738585e-07;1.6559369788189207e-07;1.4432337356448498e-07;1.1569040043395213e-07;1.1761101054684878e-07;2.0548642947488522e-07;3.544761443339175e-07;4.780839574506127e-07;4.861669294763719e-07;4.074644069457737e-07;3.903337790336916e-07;5.709233193074163e-07;1.096084352828439e-06;2.1755637297009825e-06;3.696777938930362e-06;5.47588671566249e-06;7.251509132114406e-06;9.069560679263704e-06;1.099551000145729e-05;1.3079241230293502e-05;1.5542372756924643e-05;1.808692701326344e-05;2.0409339588920796e-05;2.227724882065528e-05;2.312286975610202e-05;2.2982346592916406e-05;2.2450210988701737e-05;2.196202201871713e-05;2.1895670845143887e-05;2.211282428976717e-05;2.213961053462983e-05;2.131769945105588e-05;1.9818546373798143e-05;1.8128018980622632e-05;1.7015732900279798e-05;1.691140433613614e-05;1.7402178366213435e-05;1.8062909815697327e-05;1.7990642780276626e-05;1.7284595411938746e-05;1.6361033978794392e-05;1.5571811401790874e-05;1.526942493497339e-05;1.539700851318438e-05;1.5539378126385937e-05;1.5364741196550303e-05;1.4550247890445653e-05;1.3638075494420042e-05;1.3232129967422026e-05;1.3829151675862704e-05;1.5162942249536276e-05;1.6457542358797137e-05;1.6893812261287967e-05;1.630640076056679e-05;1.524952066492941e-05;1.437299990926254e-05;1.415413922702834e-05;1.4423984196645792e-05;1.4601218520200308e-05;1.4482283488319251e-05;1.4066509841357138e-05;1.3218304908336216e-05;1.2517369856044944e-05;1.2173197097374632e-05;1.2002019709097704e-05;1.1912918169532626e-05;1.1865264290101206e-05
2472.2071798826546;1.396318992645477e-07;2.479193872099567e-07;2.818384706359654e-07;2.7561986382222024e-07;2.77181869021408e-07;2.526775472229921e-07;1.7352026447167955e-07;8.594579978928239e-08;3.9536709532308964e-08;2.227244901505917e-08;1.5435126113007228e-08;1.6142139540366182e-08;2.989464672315176e-08;8.103495591331897e-08;1.7614812822601977e-07;2.992528160425186e-07;4.1075290701130027e-07;4.5908394208092686e-07;4.1346870900790825e-07;2.876953530054446e-07;1.5116931578609504e-07;5.992560843194024e-08;2.8364869405080938e-08;5.4984705764559256e-08;1.0843270955040465e-07;1.3206189920469214e-07;1.0961046425896897e-07;7.135908721237635e-08;3.789735668275218e-08;1.658619011463786e-08;1.0349321672907033e-08;2.3975815843896437e-08;6.902024314629802e-08;1.4174632534053646e-07;2.067952670686109e-07;2.2710149632470766e-07;1.881468332371641e-07;1.1625170360693465e-07;5.3504106714379827e-08;2.0857241573067244e-08;1.36684629259819e-08;4.7711681212490336e-08;1.6102182278318857e-07;3.997805105179752e-07;7.837615855004481e-07;1.3960015969966642e-06;2.331660578675767e-06;3.430393100498909e-06;4.877770709016551e-06;6.862566561849519e-06;9.422784454821192e-06;1.2332466155338976e-05;1.4996748242278634e-05;1.717299983013266e-05;1.8756007076291252e-05;1.977847156223845e-05;2.065193829002827e-05;2.1161599236451776e-05;2.1414738269006592e-05;2.150800549302441e-05;2.182332513244992e-05;2.201570140061526e-05;2.223573163339932e-05;2.20108031513023e-05;2.1327313532468757e-05;2.0107576012685834e-05;1.86759618792344e-05;1.767555557818612e-05;1.729598058395002e-05;1.7191175132547115e-05;1.7406347755880145e-05;1.746452713639546e-05;1.7199587723968833e-05;1.6729016140977933e-05;1.6528497058609413e-05;1.674478392134718e-05;1.7096079302942495e-05;1.7385266129273746e-05;1.7308157681772212e-05;1.6853052698995178e-05;1.6061545079774957e-05;1.532153277018058e-05;1.5047560471363183e-05;1.5149605748349874e-05;1.5281034833393695e-05;1.5142669346388494e-05;1.4518941296270708e-05;1.3713266446825872e-05;1.3193167976670903e-05;1.3366979546233957e-05;1.3932668315682471e-05;1.4650114566292006e-05;1.4929834174773043e-05;1.4559078878643155e-05;1.379053658833882e-05;1.3010849497366493e-05;1.2479068302115485e-05;1.2145697169302912e-05;1.1911988900126064e-05;1.1778094261415267e-05
2473.448880381855;2.611869288077307e-07;4.4428056052287765e-07;4.830577930806713e-07;3.574052175799391e-07;2.314056584451928e-07;1.58815021087378e-07;7.990430063489933e-08;3.21717088341492e-08;1.6042584546657892e-08;1.4783254309436811e-08;1.7407131207364274e-08;1.5119974399145503e-08;8.691380856416e-09;4.705727401890647e-09;3.783109097803195e-09;3.5405915844642914e-09;1.0337096374296937e-08;2.8233936768396744e-08;4.9599199156597016e-08;9.914856402929677e-08;2.2086389426587213e-07;3.314652493492775e-07;3.280046751045173e-07;2.7556581368951026e-07;2.7177921282458124e-07;2.7753331012442984e-07;2.247393401942657e-07;1.5569677535205828e-07;1.28239581491785e-07;1.4890943610999498e-07;1.7386581508459362e-07;1.6191605737643518e-07;1.302017898284993e-07;1.2271844592409468e-07;1.4860246571744494e-07;1.659300862621879e-07;1.4296780922553677e-07;8.274533725127589e-08;2.6495736038237218e-08;1.1959147097276277e-08;3.9800053787933135e-08;1.81968701060699e-07;5.042686306055089e-07;1.024551710844508e-06;1.690774267562334e-06;2.392486672053202e-06;2.994262139618389e-06;3.596257650817059e-06;4.469684395478687e-06;6.055990223592781e-06;8.462040338694134e-06;1.146024725647583e-05;1.4634269571923412e-05;1.728995277393837e-05;1.903110360977992e-05;2.005702077593955e-05;2.041791021179187e-05;2.038721469899794e-05;2.0405810501150253e-05;2.0715114572765664e-05;2.1342830567861395e-05;2.1889959386706956e-05;2.207219969426461e-05;2.171193078125279e-05;2.1011755933008063e-05;2.0292241181958954e-05;1.9634834392482935e-05;1.900007050710609e-05;1.826393504825485e-05;1.7330459576319266e-05;1.6215711026254997e-05;1.5613410759471773e-05;1.537497825436464e-05;1.5723228164804072e-05;1.674914780976154e-05;1.807865562821349e-05;1.8930056367481463e-05;1.889894117440988e-05;1.7855383039070667e-05;1.6513735710821508e-05;1.5290840979598e-05;1.4485615939651995e-05;1.408115692013194e-05;1.3897745534724433e-05;1.37231742214161e-05;1.3532500735802567e-05;1.3086815358981571e-05;1.261099005670106e-05;1.2458867640199294e-05;1.2907295216635463e-05;1.3924081880986675e-05;1.505304408548266e-05;1.5582426412142457e-05;1.5339232383822675e-05;1.4735363304410538e-05;1.3964432722479633e-05;1.3358927233042724e-05;1.3157743961317687e-05;1.3117416110053793e-05;1.3131920817372273e-05
2474.689979197694;5.625878475570141e-07;4.505948632484213e-07;3.393094656641316e-07;1.824998460723289e-07;8.021518520260425e-08;3.2182966467099244e-08;1.4401708489591226e-08;7.680329700046662e-09;5.333217837026067e-09;6.6349543862119885e-09;2.220311078373141e-08;6.318101616349458e-08;1.1491536657586349e-07;1.389886303272117e-07;1.2992326757287438e-07;1.1918719808364985e-07;1.2639241140173885e-07;1.412080984558923e-07;1.4724647877262566e-07;2.2078731630082813e-07;4.518352238374322e-07;6.697119601936787e-07;6.493303099166549e-07;4.404629111880428e-07;2.569340318926849e-07;1.8411326830412805e-07;1.3614135323858886e-07;1.0614743986525213e-07;1.472787134447561e-07;2.5096895321789985e-07;3.2580551206148417e-07;2.94720314342822e-07;1.889580564628479e-07;9.604490643209279e-08;5.413149976747349e-08;4.8665208084629324e-08;4.443520540291112e-08;2.7675726005963183e-08;9.318810524768444e-09;6.732265532131931e-09;6.141025132573302e-08;2.762995981079419e-07;7.460552295838927e-07;1.5081239735306238e-06;2.512490704544149e-06;3.4159162765875808e-06;3.948999860072908e-06;4.218686478886544e-06;4.615904073057593e-06;5.706246394901402e-06;7.686550740186507e-06;1.0558834682107107e-05;1.4156815159555734e-05;1.7784861654609406e-05;2.0056333032894308e-05;2.0941691872744536e-05;2.0593782313171205e-05;1.968907419941503e-05;1.956919985396048e-05;2.0371946858563e-05;2.1441497782133472e-05;2.244511932883437e-05;2.2601773433510355e-05;2.1844095172070755e-05;2.05428258894378e-05;1.949517204164964e-05;1.904187295632806e-05;1.88677873255338e-05;1.859415276313017e-05;1.794056869061748e-05;1.710834237148433e-05;1.6420215843841998e-05;1.6241226721834485e-05;1.6519869737937227e-05;1.742468035695521e-05;1.849931920282569e-05;1.871652856822997e-05;1.7870126131498997e-05;1.6116594970219853e-05;1.4145142899442068e-05;1.266632808079289e-05;1.200639466381532e-05;1.209105375996934e-05;1.2610035905312956e-05;1.3415900185161034e-05;1.4213845788357582e-05;1.4509218340420205e-05;1.3993279923939994e-05;1.3036945536809263e-05;1.2303963568624993e-05;1.2278814955439866e-05;1.30237133712134e-05;1.4195665094216025e-05;1.5154300003163094e-05;1.5415893420920802e-05;1.4956842267266268e-05;1.420916488043264e-05;1.373373853127649e-05;1.374461151275725e-05;1.3901513593595402e-05
2475.930476417956;9.195261332758968e-07;5.346988696111434e-07;2.270631584520481e-07;8.923784380025638e-08;4.3776253107900006e-08;2.4527371186411624e-08;1.4891708189807404e-08;1.2207206150443306e-08;1.5305975739453437e-08;1.8882866353957547e-08;4.07781497205592e-08;1.1924111824833008e-07;2.2572368714206986e-07;2.7672940816685965e-07;2.612851494388366e-07;2.43685522335032e-07;2.5461706019778417e-07;2.596134604369209e-07;2.2239321199145722e-07;1.937926137649742e-07;2.592256116903612e-07;3.552972023940465e-07;3.590573466031913e-07;2.528023746645857e-07;1.270475723163877e-07;5.58658047467573e-08;2.6218295733600057e-08;2.2812801694628387e-08;5.802585197555219e-08;1.2110362068197777e-07;1.656024105627817e-07;1.5306340664210973e-07;9.944252521466014e-08;4.2173245199644936e-08;1.411784081821728e-08;6.269837677526842e-09;4.3230728864580725e-09;4.41710921129171e-09;4.0764541837004065e-09;4.224414044826522e-09;3.282590481229483e-08;1.4534864349638504e-07;4.2717998655993403e-07;1.0364397224750712e-06;2.09708689933487e-06;3.284758394891852e-06;4.157341520389873e-06;4.627698471743852e-06;5.209274061702567e-06;6.168635652212803e-06;7.933491964855101e-06;1.084788343483605e-05;1.457168748742854e-05;1.824916596986895e-05;2.0626041842561387e-05;2.0934325630522167e-05;1.984041924499464e-05;1.870467852166802e-05;1.868582088046057e-05;1.9739583492784877e-05;2.1292724819197347e-05;2.2451554606869635e-05;2.2518359976930768e-05;2.1387984822752835e-05;1.961280185752971e-05;1.8005173115324872e-05;1.6910646449726654e-05;1.647480991663782e-05;1.6476912430640936e-05;1.666197300594725e-05;1.6976356196939377e-05;1.718816998318968e-05;1.748181024595215e-05;1.76888609364515e-05;1.796008924702112e-05;1.7992947452409144e-05;1.7519131377981695e-05;1.6349397220366072e-05;1.4669597618711431e-05;1.3088416521894325e-05;1.1957937494708757e-05;1.1658918382461404e-05;1.2122100190653734e-05;1.3100842904512786e-05;1.4355590246136614e-05;1.5504855688460968e-05;1.6132746274310984e-05;1.5619771278037176e-05;1.401100562382747e-05;1.1975711376513258e-05;1.0547090476120986e-05;1.065481148559329e-05;1.2181531335767326e-05;1.419496758670317e-05;1.5439649289298802e-05;1.544119840611548e-05;1.44405939628129e-05;1.3387569528610373e-05;1.312241692257396e-05;1.3319225836823593e-05
2477.1703721304293;6.452617410564602e-07;4.035706134450569e-07;2.11252054419288e-07;1.5756325331024057e-07;1.456103511738403e-07;1.0224627699008217e-07;5.437712112288364e-08;3.131027353225836e-08;3.193367187270077e-08;3.6987303605858473e-08;4.4599403491800346e-08;7.424308668796527e-08;1.2055961430495766e-07;1.4386497959248825e-07;1.362922652070282e-07;1.332114657142614e-07;1.4516093103559158e-07;1.4558303603741904e-07;1.1336813806177373e-07;6.238167347527003e-08;2.4942313394251257e-08;1.80388711872162e-08;3.9399483231195114e-08;6.069330622589901e-08;6.117572575456642e-08;3.773580166575425e-08;1.3745918265227952e-08;4.495525160388087e-09;3.0670558597450813e-09;4.472557159210637e-09;7.798521167517271e-09;9.72733706851102e-09;7.86917997279666e-09;3.99743661645238e-09;1.381387066180497e-09;8.973494876243065e-10;2.0458832859583864e-09;4.209269258959134e-09;5.4528431298890735e-09;4.49727257785208e-09;4.7185128195746354e-09;1.3572687328023598e-08;6.546664046174788e-08;3.39862495114563e-07;1.0073810488166602e-06;2.063537526002619e-06;3.328478966662626e-06;4.723305491029438e-06;6.384359079748666e-06;8.170507820975358e-06;1.023646024744621e-05;1.2708394030390196e-05;1.5160336220249074e-05;1.736584635300041e-05;1.889806213803217e-05;1.945294614756984e-05;1.9141513700344563e-05;1.885118987390436e-05;1.8953217357465203e-05;1.9599822626781987e-05;2.0414847894994228e-05;2.1040759325611948e-05;2.1173778499684245e-05;2.057934578632693e-05;1.9538347309958328e-05;1.829816858017568e-05;1.6826651392412474e-05;1.542972250453117e-05;1.444461103666437e-05;1.4211837925856711e-05;1.476000038572194e-05;1.5933680374729417e-05;1.7131952089353655e-05;1.7959435690822933e-05;1.815009821573738e-05;1.770484464127442e-05;1.721432090581491e-05;1.663491095671977e-05;1.5818105139295196e-05;1.5003570395801364e-05;1.441504005283247e-05;1.416872971635833e-05;1.4258129100833402e-05;1.4636167712222877e-05;1.531830308414162e-05;1.6003473683122697e-05;1.6472438758802315e-05;1.6183827718203125e-05;1.4915016517725424e-05;1.2861366663386662e-05;1.1294771849678383e-05;1.0983608197979612e-05;1.207593518876516e-05;1.3961277967388718e-05;1.546999699993229e-05;1.578635232069863e-05;1.4734196482855464e-05;1.310934631991022e-05;1.1857939572081093e-05;1.1327727225243452e-05
2478.409666422925;1.2804843689793788e-07;1.123086551527304e-07;1.4357299785581665e-07;2.106008703135873e-07;2.3068474197392242e-07;1.7077884476868008e-07;8.738525374699178e-08;3.9639858710809275e-08;2.5952749550807877e-08;2.291318905869708e-08;1.8687476259910472e-08;1.1813683787614771e-08;7.598877523078661e-09;6.572158669247411e-09;6.8049308388362975e-09;9.231580967272144e-09;1.2589403295935232e-08;1.22923530726658e-08;5.664843462090636e-09;1.877831739364115e-09;1.2067345440285303e-09;2.542084517451824e-09;7.781180969661087e-09;1.5230640530856334e-08;1.9582115973326115e-08;1.4890218104326912e-08;4.766277157377211e-09;1.2823761010874491e-09;8.62705100109813e-10;1.3784985053064022e-09;2.550834733712728e-09;3.260906252554842e-09;2.869865982814516e-09;1.996345907328574e-09;1.3845414040906899e-09;9.50955153465146e-10;1.721413439643741e-09;8.344986678557553e-09;3.6472220414551895e-08;8.455093560254267e-08;1.451239644847953e-07;1.808962703385425e-07;1.676920340152343e-07;1.663247615284197e-07;3.632023479484788e-07;8.763259762992409e-07;1.8959945220396396e-06;3.5569597730686483e-06;5.904169645951431e-06;8.882265770360679e-06;1.192100956292788e-05;1.4361731541591957e-05;1.6090009313145023e-05;1.713244071254849e-05;1.7799892631034155e-05;1.839232862939457e-05;1.9054761408729117e-05;1.97987452281262e-05;2.0486689220265644e-05;2.100421897199819e-05;2.1309833490668528e-05;2.1390192147337805e-05;2.1224278684194928e-05;2.0765168277752723e-05;2.004668652609908e-05;1.897983939859823e-05;1.7683514413207506e-05;1.619948497077168e-05;1.4794217521688546e-05;1.4067520087452972e-05;1.4459946886522736e-05;1.5793700106092182e-05;1.7237285383186634e-05;1.8038092469803383e-05;1.774850263078011e-05;1.6853518211218195e-05;1.6011094118734446e-05;1.570085114997422e-05;1.5942019856699642e-05;1.6380612396332743e-05;1.6638192573052162e-05;1.6521516802309457e-05;1.612813061836028e-05;1.5718983899761592e-05;1.5597018113396176e-05;1.5813348672674008e-05;1.6128993627728502e-05;1.596537174660419e-05;1.5062709726357847e-05;1.3663091887215846e-05;1.2492578985342204e-05;1.2144697073151848e-05;1.2801558265049225e-05;1.4159284772861375e-05;1.5448649637754857e-05;1.579473273431799e-05;1.4827388166388743e-05;1.305674480409318e-05;1.1344236808607536e-05;1.0308011513278604e-05
2479.648359383264;2.0707671456122306e-08;7.27335777055277e-08;1.6534089085006477e-07;2.397422269372304e-07;2.186024464743955e-07;1.4818066181261438e-07;6.763676625144096e-08;2.5948834135281362e-08;1.1966559377906824e-08;5.931920092226295e-09;3.0816252387578172e-09;2.0773462446270753e-09;1.839135867453685e-09;2.045180419511044e-09;7.627176029539858e-09;2.378424120617262e-08;5.7551165391352164e-08;8.202948706872033e-08;5.1390969292789684e-08;1.8724514306980785e-08;5.085303391842873e-09;2.451472959679493e-09;1.2372568621908687e-09;6.239097835076031e-10;4.776365016080594e-10;7.3913850956704475e-09;4.2927203345591454e-08;8.319326561613452e-08;8.721107704017578e-08;5.212313898942596e-08;1.818803494135188e-08;4.269021004706642e-09;2.526315961437617e-09;2.1169669647203154e-09;1.884581208902953e-09;1.87289343254284e-09;7.497356670753855e-09;5.5930992573062096e-08;1.6168919872720186e-07;3.3182361650425465e-07;5.08400925252524e-07;5.852428648802936e-07;5.105711985780872e-07;3.602927072150279e-07;3.141150506462342e-07;5.331750631739069e-07;1.1316075109308956e-06;2.373081306241452e-06;4.5263989904081084e-06;7.650792387604658e-06;1.1186871641241651e-05;1.4333092222365634e-05;1.683472948323088e-05;1.8388901574535488e-05;1.937580540170857e-05;1.9970943474158557e-05;2.0611484126180323e-05;2.1544892394668655e-05;2.2281569021702663e-05;2.258530197244221e-05;2.2565764160919324e-05;2.226480347308861e-05;2.151817231527881e-05;2.0494184895659016e-05;1.93303386344391e-05;1.842101150901502e-05;1.784017699718886e-05;1.7633713164044636e-05;1.733818631528013e-05;1.7351999181444577e-05;1.760978500888991e-05;1.802579115200456e-05;1.8180105967209117e-05;1.8006877449289832e-05;1.7153225035599614e-05;1.603139823836856e-05;1.5019826880029992e-05;1.4351931773219786e-05;1.4451028395216018e-05;1.4626330299555045e-05;1.5071311918792572e-05;1.536560021028633e-05;1.5414658061652227e-05;1.536246650348329e-05;1.5427293635677456e-05;1.5629508081243465e-05;1.575410281398686e-05;1.5492210272775422e-05;1.4617366471877742e-05;1.3512587963266431e-05;1.256894179949264e-05;1.2347522291391413e-05;1.288405367181604e-05;1.3857692385557262e-05;1.482460244513249e-05;1.5155230216778634e-05;1.4638239038135747e-05;1.3769462754194328e-05;1.2907432936277943e-05;1.2329495863009651e-05
2480.886451099277;5.4134887547594944e-08;1.53402968657223e-07;3.142389489182361e-07;4.791870353858115e-07;5.395017145061536e-07;4.299184870223229e-07;2.375627685668453e-07;9.837081238016217e-08;3.458357154370982e-08;1.3671985012048691e-08;7.003514713620644e-09;4.319650133110203e-09;4.072165469834598e-09;6.186465450828466e-09;2.4120073753672586e-08;8.074959617810577e-08;1.5815162080544246e-07;2.211307648923756e-07;2.7711119514940604e-07;3.35988009195778e-07;3.2595340717024425e-07;2.2086222759349014e-07;1.0427111543462073e-07;4.22103928450536e-08;2.5810450294027283e-08;6.449388681242054e-08;1.8517046198963538e-07;3.1432606111781825e-07;3.285703364017294e-07;2.1423739166872362e-07;8.146739551695068e-08;3.2706066097661684e-08;6.366808310140847e-08;1.442650046086079e-07;2.2036842062566178e-07;2.189614561663403e-07;1.6124656068566137e-07;1.4530346541606397e-07;2.4846540197672337e-07;4.298257433902874e-07;6.000971629039094e-07;6.741354637414807e-07;6.613798454988598e-07;7.195549422712529e-07;9.48693827590431e-07;1.2540623092473651e-06;1.6378984270844445e-06;2.538686043646636e-06;4.259018086086156e-06;6.9256883301265385e-06;1.0319770538936416e-05;1.384710327979376e-05;1.674323542122744e-05;1.8922669724266065e-05;2.0388111404049003e-05;2.131009402749061e-05;2.1942193357507944e-05;2.2542677133281997e-05;2.2925639451315227e-05;2.291859291186449e-05;2.2455085565655053e-05;2.153437943564038e-05;2.0370173267918293e-05;1.930683478898921e-05;1.8516415061906703e-05;1.8110447735717297e-05;1.8175409613712057e-05;1.855293527003212e-05;1.9051667292279736e-05;1.934311363073195e-05;1.9424421641903378e-05;1.9330404725862416e-05;1.9110409621780937e-05;1.8648773047985138e-05;1.793565727089242e-05;1.6887799445986352e-05;1.5897163361616888e-05;1.52376656221186e-05;1.484810549471776e-05;1.479248986550253e-05;1.5115974795717768e-05;1.5388402863561523e-05;1.5408384419751693e-05;1.5286198227176263e-05;1.523187161185104e-05;1.5414009724389224e-05;1.545551093073924e-05;1.5104071488955777e-05;1.421176244461826e-05;1.3047621934125249e-05;1.2020407190352972e-05;1.1553999656182982e-05;1.177914547712955e-05;1.2472437632941616e-05;1.3223908686077294e-05;1.378558703641906e-05;1.4253017717324207e-05;1.4418324876120846e-05;1.452656117293562e-05;1.4543554608483345e-05
2482.123941658805;1.6214687825889105e-07;2.568565749376597e-07;4.039672047663119e-07;6.370115004248808e-07;7.933912502372687e-07;6.916187048419888e-07;4.129153124190647e-07;1.7652389354214517e-07;7.112172560349009e-08;3.5020572800583813e-08;2.3527175716047973e-08;4.2378181875828255e-08;1.2416926494442086e-07;2.0602673468805686e-07;2.628412424492279e-07;2.7902159898533e-07;2.591340320256767e-07;2.732711293108291e-07;4.358281530951995e-07;6.314760076363024e-07;6.433154798440848e-07;4.397123693821035e-07;2.1480091307481706e-07;9.950096639329057e-08;6.862037514458083e-08;1.1762864450033905e-07;2.495122394361619e-07;3.818186340099167e-07;3.97048365379229e-07;2.831853298860224e-07;1.458181456210031e-07;8.460313425493978e-08;1.575162293371401e-07;3.6571574277767e-07;5.711929866861186e-07;5.651706454351319e-07;3.745386915283189e-07;1.976151082152845e-07;1.5430490253872417e-07;1.960942701322876e-07;2.5212446549327864e-07;3.319063796598871e-07;5.188491960586209e-07;9.91116721579294e-07;1.845244764885977e-06;2.6284339179366463e-06;3.0608057671789406e-06;3.3724100304919134e-06;4.153042917885388e-06;5.793384451248282e-06;8.374499191585266e-06;1.169622864819956e-05;1.508014117518909e-05;1.821547177944025e-05;2.025083749028409e-05;2.1686726060726016e-05;2.2320625187877064e-05;2.247002796680671e-05;2.2430753251059505e-05;2.1993103673285263e-05;2.110076934384483e-05;1.981377207495214e-05;1.873978201711662e-05;1.827764468123099e-05;1.8384363069629613e-05;1.8570819425471687e-05;1.8721955870383167e-05;1.8536385224794863e-05;1.8243205899678385e-05;1.806937860703089e-05;1.82905350436078e-05;1.8897655076615503e-05;1.9641212723910038e-05;1.96279813148184e-05;1.8724251857114807e-05;1.706151327694717e-05;1.5467794204589185e-05;1.490116327137137e-05;1.5453095568572603e-05;1.6775940039441187e-05;1.7936781722831756e-05;1.827362135907816e-05;1.771356273359894e-05;1.665982050084665e-05;1.5568804589369367e-05;1.4739168910278026e-05;1.4098846559551268e-05;1.359760145794434e-05;1.311590194000676e-05;1.256797317837378e-05;1.1962298142490192e-05;1.1557629935657124e-05;1.1469445833267553e-05;1.16976180516556e-05;1.2054665058795345e-05;1.2605820927519426e-05;1.3452956780535195e-05;1.422698102637849e-05;1.4826373561233074e-05;1.5208207854673202e-05
2483.360831149703;3.029575141984567e-07;3.3485248290967e-07;3.470809062678011e-07;3.736177985498511e-07;3.953615148549169e-07;3.391633563291823e-07;2.090293534910888e-07;1.1114110969555553e-07;9.640185337636717e-08;1.2477684095797585e-07;1.5455176708284728e-07;2.0404557796468545e-07;2.980015510802198e-07;4.207703554491936e-07;4.906552195674388e-07;4.422679011551724e-07;3.230179793679309e-07;2.5915312520807385e-07;3.491203057535756e-07;4.566962122175873e-07;4.190971103676311e-07;2.577966541146438e-07;1.4117780741244462e-07;9.862065482208177e-08;8.436939228513708e-08;8.486752006292189e-08;1.1744297342900937e-07;1.730438501492101e-07;2.282177983845657e-07;2.476410117266342e-07;2.1976696251318506e-07;1.635371576495524e-07;2.1020726872387453e-07;3.762782632741838e-07;5.233427651265811e-07;5.021487472244041e-07;3.578998166854942e-07;2.0841318964137242e-07;1.4585817490599266e-07;1.2749977709296373e-07;1.1879854253260317e-07;1.7810282676397305e-07;4.3336209201113677e-07;1.1006995676011648e-06;2.197839172914913e-06;3.450933050964427e-06;4.360235117248424e-06;4.663377140756193e-06;4.624072856787627e-06;5.297098518215744e-06;7.139839888011504e-06;1.040258367363214e-05;1.4418495571736849e-05;1.8357068551309012e-05;2.13096480172955e-05;2.278418138342439e-05;2.2951291715464557e-05;2.2401887788251708e-05;2.167211157702148e-05;2.071259007231356e-05;1.9544225324171127e-05;1.8388018441486688e-05;1.7771526680530965e-05;1.767317753675973e-05;1.7995472852765884e-05;1.8374948087574683e-05;1.839321872284163e-05;1.8005132134218973e-05;1.7348392951802923e-05;1.704253066089686e-05;1.7426527094612937e-05;1.84404130041442e-05;1.953825262783425e-05;1.9753227831716467e-05;1.865270818122316e-05;1.6635654627477896e-05;1.4550170861946051e-05;1.3616071516694844e-05;1.4425540823514626e-05;1.6327324236098875e-05;1.82364218050628e-05;1.9078994872356564e-05;1.8579106878742784e-05;1.7142966142449666e-05;1.5231328972995726e-05;1.3383572796487103e-05;1.2127048014019372e-05;1.1718490440123683e-05;1.214422867048172e-05;1.2813971702468311e-05;1.3307908415285895e-05;1.34024122077637e-05;1.3175865251726004e-05;1.2841556712576117e-05;1.2584992876389133e-05;1.2524316039830905e-05;1.2711569109673855e-05;1.3104240188482464e-05;1.3472206966662391e-05;1.3724948734091012e-05
2484.597119659842;2.323511219386432e-07;2.1637778757019815e-07;1.8988810765428973e-07;1.655028683301866e-07;1.4842864165135138e-07;1.3429770628245078e-07;1.1835161645008717e-07;1.305563542915848e-07;2.2911281377168225e-07;3.493013204604955e-07;4.125613229000015e-07;3.950179081120124e-07;3.270861461881876e-07;2.926670495721061e-07;2.7552814710028805e-07;2.3512198991419379e-07;1.882320259304585e-07;1.8356942611491037e-07;2.1315316234201362e-07;2.089151362077375e-07;1.3978185833651908e-07;7.545702865385256e-08;9.145570635072005e-08;1.3764474550931325e-07;1.3446997026305162e-07;7.874496404505823e-08;3.1914015454939985e-08;4.850040373057701e-08;1.472426036754333e-07;2.542937149300737e-07;2.8327267954308777e-07;2.807111782447187e-07;3.379605264463259e-07;4.030421730581997e-07;3.620216678450584e-07;2.723736215708059e-07;2.0687039680529718e-07;1.974477441927971e-07;2.212235873225703e-07;2.2178831301998905e-07;2.026255621667182e-07;2.24645333757653e-07;4.3118703648946834e-07;9.7837117305008e-07;1.8203533191653835e-06;2.799629307906697e-06;3.658878853948225e-06;4.38150376468088e-06;5.147839518030776e-06;6.423950959472907e-06;8.752745187116757e-06;1.1909075441876817e-05;1.5249168987661334e-05;1.7889110400314146e-05;1.9843513125340317e-05;2.0655233848681008e-05;2.0895035118270223e-05;2.0911231765378692e-05;2.073782334635888e-05;2.022837876086549e-05;1.9675816096421707e-05;1.899516467622484e-05;1.8240161233701132e-05;1.7656492826695335e-05;1.73870730872774e-05;1.7227060591527885e-05;1.718170671679168e-05;1.716008685040132e-05;1.709205441389592e-05;1.7177893996700292e-05;1.7642792118451714e-05;1.8364527467908543e-05;1.9148619794282392e-05;1.9355266340374004e-05;1.8541568873715323e-05;1.6844596107999622e-05;1.4921705969440962e-05;1.3572184349147142e-05;1.3361121761526785e-05;1.4480447953392018e-05;1.5743061886458606e-05;1.6638101958960608e-05;1.670172305458731e-05;1.5989725352677782e-05;1.4642285865981231e-05;1.3220296657979392e-05;1.239285371469914e-05;1.2448248713235662e-05;1.3256138503607526e-05;1.4234668834706258e-05;1.4909383907525508e-05;1.501105830260525e-05;1.4668181461049526e-05;1.401355898865784e-05;1.3323502109595791e-05;1.274705265696264e-05;1.2205797090809982e-05;1.1830002903628955e-05;1.1607549605904373e-05;1.147743153978334e-05
2485.8328072771;1.0921417287972801e-07;8.020086314886564e-08;9.164807248758776e-08;1.6365400572254466e-07;2.297149253155665e-07;2.450294014845598e-07;2.206602275877373e-07;2.1413674280870126e-07;2.956938842505495e-07;4.02791731028705e-07;4.480045780156515e-07;3.832536113240949e-07;2.460741861324371e-07;1.253332103634266e-07;4.9958318901637567e-08;2.194332506584711e-08;2.8027260316347056e-08;6.123781932647387e-08;7.573582734773486e-08;6.780122541316227e-08;5.0384724108244454e-08;8.087038454131845e-08;1.728429072410948e-07;2.840443375240629e-07;3.0499637043104173e-07;2.3656904065522765e-07;1.656608350758125e-07;1.4996366944428402e-07;1.942631487126725e-07;2.523197559047644e-07;2.900466174695453e-07;3.700059160661364e-07;4.893400309615008e-07;5.354785842163055e-07;3.97146794542842e-07;2.0694619780448747e-07;1.0112968304889457e-07;1.097577256376934e-07;1.222077284701905e-07;1.3055638222825172e-07;1.517123362371355e-07;2.157625113425641e-07;3.798114668324522e-07;6.511582059270137e-07;9.740891843911849e-07;1.4094695474591986e-06;2.093971961976313e-06;3.3959380425703176e-06;5.55743530458725e-06;8.09752309077509e-06;1.0675759872579456e-05;1.2862431764253622e-05;1.4383400252854116e-05;1.49965824278499e-05;1.5133009977521248e-05;1.5477807319069073e-05;1.6420811491170547e-05;1.7726585206457792e-05;1.895967838978433e-05;1.982325781624908e-05;2.029324382494996e-05;2.01671945318526e-05;1.9808653354267807e-05;1.93584645730955e-05;1.8835940000154305e-05;1.818170709429335e-05;1.7579330813136564e-05;1.7260802920506196e-05;1.7309779176501335e-05;1.760447981810764e-05;1.806446665511554e-05;1.861463277994056e-05;1.9025866022749893e-05;1.8935571401357458e-05;1.818070422014912e-05;1.6766481363272127e-05;1.5128638466408205e-05;1.3792731970516814e-05;1.302208627358699e-05;1.2933716830451828e-05;1.3315067469492054e-05;1.3849237330369796e-05;1.4459377279554049e-05;1.4811196920523517e-05;1.4812968264090612e-05;1.4546896655092266e-05;1.4459349932658562e-05;1.4393525167742157e-05;1.4401040098522945e-05;1.4231083335003298e-05;1.3893170832290802e-05;1.3470288687847168e-05;1.3005110513404456e-05;1.255944963252485e-05;1.2173043841356493e-05;1.1889932478306344e-05;1.1613419881899058e-05;1.1445577573271414e-05;1.1210635254147248e-05;1.102585194998402e-05
2487.067894089369;3.8706316453839353e-07;2.3696881834722214e-07;1.3266920766101182e-07;1.2045052179702402e-07;1.5561262172983586e-07;1.9579925382444441e-07;2.199407251687464e-07;2.2117572665330334e-07;2.192210826483169e-07;2.2287447997648095e-07;2.135453969103355e-07;1.9788247605806297e-07;1.902376684833273e-07;2.153783432988256e-07;2.3790993826278539e-07;2.276573844738496e-07;1.8022979515759373e-07;1.1079309051756864e-07;5.0272083509293044e-08;1.9529119468294957e-08;2.4997347699376063e-08;8.955320285744383e-08;2.1631581542454105e-07;3.419018711090849e-07;3.7283563135942644e-07;3.271244418836203e-07;2.738983063758996e-07;2.440837121036126e-07;2.3724289398385374e-07;2.470649441612567e-07;2.9707545637902977e-07;4.02746650750606e-07;5.152423896137143e-07;4.933071854218316e-07;3.247075370236295e-07;1.3662546512145572e-07;5.5942161178894636e-08;6.780728185905664e-08;1.6470718023172636e-07;2.754821325717412e-07;3.150339150270222e-07;3.271431228881829e-07;3.797571995785921e-07;4.65548137146845e-07;6.13073793079274e-07;1.0003609693721329e-06;1.967546944135794e-06;3.801204846336704e-06;6.324276421306894e-06;8.989444970703921e-06;1.1156890774841489e-05;1.269553878244756e-05;1.3732470540430648e-05;1.4266044360163477e-05;1.4789439247838951e-05;1.5597667225560342e-05;1.685683150982344e-05;1.8333915976635563e-05;1.947059338377488e-05;2.0210529903466997e-05;2.0338277314987225e-05;2.0459439178569903e-05;2.084513236394456e-05;2.128569581646012e-05;2.1333275239933093e-05;2.089282784765729e-05;1.9976618006489316e-05;1.8941344719328017e-05;1.8231240700101488e-05;1.7836143729403938e-05;1.7722424951314505e-05;1.763330664246464e-05;1.751637661984617e-05;1.7339358336182522e-05;1.7014838355829443e-05;1.6333352138100733e-05;1.520034926412306e-05;1.3941017876791213e-05;1.268469321576544e-05;1.182963849204568e-05;1.175195976201524e-05;1.2441470416709187e-05;1.3424027357152246e-05;1.4177086091482884e-05;1.4558404359684117e-05;1.4462430904111371e-05;1.4122910780834074e-05;1.3735307386211989e-05;1.336242206687061e-05;1.3011397300237591e-05;1.2487190896133762e-05;1.1786796811814198e-05;1.1009161051971327e-05;1.0419545063359424e-05;1.0323178556197594e-05;1.0712771618017174e-05;1.1393268028065124e-05;1.1889451779834325e-05;1.2108306808923263e-05;1.2068722272272488e-05
2488.30238018455;6.152226415511291e-07;3.794195508887324e-07;1.9207897872851904e-07;1.297577405324803e-07;1.616386229336634e-07;2.359953005100217e-07;2.956709518712584e-07;2.862397815839528e-07;1.994369622393607e-07;1.1466251816729333e-07;6.15545546924652e-08;6.343609220930976e-08;1.934559050595585e-07;4.503263946133381e-07;6.87994779664552e-07;7.280149637075289e-07;5.577428936844285e-07;3.085537610511948e-07;1.2803635031510218e-07;4.999619769344316e-08;3.8938114607846994e-08;8.397876482651804e-08;1.616040903069297e-07;2.0590695450214994e-07;1.885079645750483e-07;1.538589665928921e-07;1.332129319288634e-07;1.235101368596689e-07;1.2618412200736477e-07;1.5808210872538906e-07;2.590354194264822e-07;4.10893274135483e-07;4.97107064443243e-07;4.419330924369819e-07;3.312558758372823e-07;2.570893695130425e-07;2.487522172994738e-07;3.319618356732857e-07;5.435668801103906e-07;7.190356240320021e-07;6.587833746379749e-07;4.646318211097722e-07;3.666720477215118e-07;4.102939634941864e-07;6.755058577134103e-07;1.2346022937663005e-06;2.392493088265636e-06;4.294695726470729e-06;6.605353156227854e-06;8.909425636979779e-06;1.1049049653234156e-05;1.2985079449190796e-05;1.5153940695661668e-05;1.71462374490454e-05;1.9017038242585576e-05;2.073481947818937e-05;2.223494534765561e-05;2.3128450007068518e-05;2.2641462943423243e-05;2.131160160624071e-05;1.997713276251252e-05;1.964096899077296e-05;2.016726089471533e-05;2.1347897096748745e-05;2.203080011369538e-05;2.2128890731167663e-05;2.162538910598512e-05;2.06142559126018e-05;1.9409481257270587e-05;1.8166280060734777e-05;1.7014811635624656e-05;1.6144950810698715e-05;1.5799779632708753e-05;1.600643625771088e-05;1.6467321142528077e-05;1.651410689776241e-05;1.5624341116835508e-05;1.3825805722211053e-05;1.1724238463748624e-05;1.0476941851114462e-05;1.0664154184389257e-05;1.232114323294798e-05;1.4121512702119916e-05;1.5119854842090674e-05;1.5002458407688309e-05;1.40437116525215e-05;1.2941942894469967e-05;1.2619135454289663e-05;1.3017634432724948e-05;1.3796797087591375e-05;1.4166903374451056e-05;1.36782300660276e-05;1.2544442753170526e-05;1.1416557708600158e-05;1.0889143149379164e-05;1.1160848822531636e-05;1.188957511784353e-05;1.2575253594492455e-05;1.2681805896981348e-05;1.2441445157999616e-05
2489.536265650555;2.840200463301144e-07;1.9455262822470424e-07;1.694308265463335e-07;2.472939666793658e-07;3.795668883191088e-07;4.3316968718553996e-07;3.908108227919213e-07;2.8049061043083906e-07;1.49903000264578e-07;6.547085178022254e-08;2.9520557474341324e-08;2.6134509660970617e-08;1.3927007307642466e-07;4.293955643240736e-07;7.326327066440045e-07;8.009561263411496e-07;5.904523395169341e-07;2.940578458507576e-07;1.1089695973248189e-07;4.694287808247711e-08;3.261297930629468e-08;4.541103561329062e-08;6.400448001987506e-08;5.699499554438873e-08;3.15521458970283e-08;1.1388692196024854e-08;4.646499612931757e-09;5.573359759725127e-09;1.6466251350073854e-08;6.423580721766704e-08;1.7351225337010116e-07;3.182601421344191e-07;3.961451744657838e-07;4.019457344917229e-07;3.932882043165677e-07;4.0569553815660665e-07;4.415881973109361e-07;5.202407849449451e-07;6.358608408055465e-07;6.884569901715427e-07;5.738890076895776e-07;3.728239132313042e-07;2.657442857455505e-07;3.3531497886966885e-07;6.065149114308438e-07;1.1591473243908523e-06;2.1454201622351947e-06;3.6790052031787936e-06;5.651842329185767e-06;7.938163824346085e-06;1.0443364926669122e-05;1.3202443212798446e-05;1.59391176252344e-05;1.8319328586076112e-05;2.020409950081945e-05;2.162608338152363e-05;2.261144391689096e-05;2.2884479962946184e-05;2.207696979441303e-05;2.0462853494175923e-05;1.8917066388981764e-05;1.8313160606815494e-05;1.883751363945822e-05;1.9932940451803084e-05;2.0858034647350397e-05;2.139184001702972e-05;2.125497507335569e-05;2.048571669623368e-05;1.92884943711229e-05;1.781836262780918e-05;1.646576501208268e-05;1.570739786366174e-05;1.557967998062134e-05;1.605754228637543e-05;1.6752856304884573e-05;1.693879342553894e-05;1.609003551063218e-05;1.4332215594297465e-05;1.2531502296215e-05;1.1810058781292165e-05;1.269673908223087e-05;1.4737964489258572e-05;1.6630786129496266e-05;1.7338905972328952e-05;1.667790862155788e-05;1.526852819688137e-05;1.4054421078693784e-05;1.3555921650946944e-05;1.383118630457826e-05;1.443372186291154e-05;1.4876705646849944e-05;1.469053160304726e-05;1.4042546077770634e-05;1.3272200559516504e-05;1.2834796443112212e-05;1.285950230675942e-05;1.3130502773246348e-05;1.3170663007070594e-05;1.2684314280180594e-05;1.2137512153799712e-05
2490.7695505753127;3.103319516611867e-09;2.846361553362973e-08;1.466230990204749e-07;4.189171722417998e-07;6.55937412504226e-07;6.537967190575496e-07;4.1310331032552514e-07;1.9245830601650853e-07;7.99979597039776e-08;3.7565456967171335e-08;1.936570411797103e-08;1.3872366268287809e-08;4.4616777720138095e-08;1.457475937338469e-07;2.65251517031058e-07;2.9472176154216325e-07;2.0959601259384187e-07;9.523756147480792e-08;3.46209873232219e-08;1.899178277235134e-08;1.4599002597256124e-08;1.0762101524716711e-08;8.569341167185348e-09;6.316217273414587e-09;6.788287340671099e-09;1.0981401936920742e-08;1.605644135217462e-08;1.806162569498637e-08;2.5780454756465755e-08;6.161121294560713e-08;1.342913905377145e-07;2.209500849660432e-07;2.750796671053681e-07;2.7489330540002986e-07;2.3591916344686773e-07;2.1384704262660238e-07;2.239247494751093e-07;2.420143982832365e-07;2.52823270577522e-07;2.48146269768168e-07;2.226875483490596e-07;1.9212026881226174e-07;1.785399237690621e-07;2.904713735919736e-07;6.127022797020491e-07;1.2870080010766336e-06;2.3795686648634687e-06;3.934498243712593e-06;5.958462738794739e-06;8.352977910279847e-06;1.0921802714118944e-05;1.3472664621277554e-05;1.5512180597493323e-05;1.713977375665721e-05;1.820433847045541e-05;1.903806100142026e-05;1.975684530354852e-05;2.0159169058275095e-05;2.0328702381395923e-05;1.978102597294305e-05;1.891778494858556e-05;1.8416421590349065e-05;1.8347892670023992e-05;1.8237753797589217e-05;1.8473889053645845e-05;1.869984071897389e-05;1.864853725405347e-05;1.8261665366725204e-05;1.764950695913636e-05;1.698505961141483e-05;1.6386874998931975e-05;1.6101482191071008e-05;1.588439620667675e-05;1.5820897084950515e-05;1.5630084886385082e-05;1.5233879283965338e-05;1.4723182466942832e-05;1.4150935749081587e-05;1.3956760926749095e-05;1.410178911398913e-05;1.4983072404962036e-05;1.590797629187306e-05;1.6409929404236035e-05;1.6243445702993833e-05;1.5560713392559524e-05;1.4777876501174284e-05;1.4296353124975028e-05;1.408973110210628e-05;1.3960435241544035e-05;1.377582862126521e-05;1.3382416403410411e-05;1.2969839501950904e-05;1.2619852911497795e-05;1.2601008894721904e-05;1.301600094472997e-05;1.3721111133985162e-05;1.438997971261435e-05;1.44053918289432e-05;1.3927149419224353e-05;1.336258073057782e-05
2492.002235046759;9.650188990967225e-08;1.5488745119811137e-07;3.0709311460046504e-07;5.771710440938455e-07;7.554314002794687e-07;6.84307941578081e-07;3.983890190454367e-07;1.4972305887480376e-07;6.024782992518276e-08;5.83658717083742e-08;9.129537202983096e-08;1.2022458841371685e-07;1.1183932458359961e-07;7.23851436072257e-08;3.5014543116189716e-08;1.6430977206848866e-08;1.976413499565309e-08;5.7027427308164495e-08;1.1114269516644569e-07;1.4065668254312014e-07;1.2350743504429377e-07;7.84100110443067e-08;3.905278956361019e-08;1.6090350381104303e-08;1.1387406246502284e-08;2.0901651281856512e-08;3.2234208969809145e-08;3.4069602640744795e-08;3.7023583952199225e-08;6.707241386241216e-08;1.3408812582634478e-07;2.080820026834917e-07;2.277689263774875e-07;1.765404996782663e-07;1.0342226631094134e-07;9.530940029609486e-08;1.5490629040154292e-07;2.452020094306727e-07;3.174782985224255e-07;3.462367868739986e-07;3.396787437860273e-07;3.262521663598502e-07;3.868630083252425e-07;6.220851945566228e-07;1.1857028341125616e-06;2.191864836628288e-06;3.6678935487902216e-06;5.578551280144124e-06;7.781030256036987e-06;1.0093446344119278e-05;1.2220649406863667e-05;1.399744269371378e-05;1.542993039015878e-05;1.6693958054407652e-05;1.7960723544501563e-05;1.9202136706511627e-05;2.024094438673529e-05;2.073679679881323e-05;2.084331878275072e-05;2.061772046787978e-05;2.0140892046709805e-05;1.9557419520434724e-05;1.877607581185078e-05;1.7990400675862174e-05;1.7298774116069833e-05;1.664130412956562e-05;1.61656855119237e-05;1.602756412041363e-05;1.6265704192301094e-05;1.6811439301551813e-05;1.727935726451223e-05;1.7539891133063794e-05;1.7340019974766023e-05;1.651623638542207e-05;1.5240970921232674e-05;1.4054835810870316e-05;1.3463026165557798e-05;1.3439209579288268e-05;1.3836911976887248e-05;1.4197184149947329e-05;1.4229838391494428e-05;1.3862962124068513e-05;1.3262931455840894e-05;1.2749665588428408e-05;1.2570075558128134e-05;1.2788103054188884e-05;1.32391548978157e-05;1.3695488956021126e-05;1.4032352187546517e-05;1.4021458736566185e-05;1.3821724148004792e-05;1.3389613884916462e-05;1.2901836503866772e-05;1.2925771765510535e-05;1.3432468875451709e-05;1.430206528732223e-05;1.5165776695917949e-05;1.545667286445401e-05;1.5145353790833143e-05;1.4612083888599927e-05
2493.2343191528435;3.136757182334269e-07;4.182779725694567e-07;5.481761580011717e-07;6.371935768742156e-07;6.776669301107564e-07;5.854961533478471e-07;4.473527363577997e-07;2.937909904226284e-07;2.1659998522039786e-07;2.063087362037179e-07;2.701511887451996e-07;3.513009579079016e-07;3.787188923271164e-07;3.430691610187929e-07;2.838129492899866e-07;2.2903093807353818e-07;1.9717456847153732e-07;2.40963362318885e-07;3.4458725909135854e-07;4.046661118205797e-07;3.534754201906342e-07;2.258772341413201e-07;1.0886728569949441e-07;4.335610566809258e-08;2.208603840893156e-08;2.1624459422367956e-08;2.366573369334124e-08;2.2987655090689157e-08;2.8109083342877022e-08;5.342464920235985e-08;9.78352028933694e-08;1.3372474773153264e-07;1.2626547072915517e-07;8.609168798653758e-08;9.731686238364356e-08;1.9948019975597706e-07;3.898082129612565e-07;6.013010337013036e-07;7.229155225358761e-07;7.00821744302155e-07;5.925020379865445e-07;5.0885035303651e-07;5.734288157353924e-07;8.812302677166529e-07;1.5323985833074784e-06;2.580234669188788e-06;3.973587928679193e-06;5.619910296829041e-06;7.403384256316365e-06;9.185061545543102e-06;1.1032380012761873e-05;1.282961689896907e-05;1.4552218298111006e-05;1.6354434858460618e-05;1.8254155291945947e-05;1.994901554395225e-05;2.097693710066706e-05;2.139009784780938e-05;2.139953787740812e-05;2.155562483960392e-05;2.1694244750384428e-05;2.158113805314105e-05;2.0809777328205124e-05;1.953945085701332e-05;1.8022118409296966e-05;1.6635299394708602e-05;1.580316760276699e-05;1.5833804588627957e-05;1.6530797836027786e-05;1.7464536604336158e-05;1.823525758464264e-05;1.8425474788115508e-05;1.798848702601917e-05;1.6926826839584376e-05;1.5559525680681884e-05;1.430268633357291e-05;1.356599632059553e-05;1.3517499775210545e-05;1.3934457378120128e-05;1.4620291480681113e-05;1.4612674576566486e-05;1.4232864540480376e-05;1.354114746382979e-05;1.2868398010004426e-05;1.2464574939243197e-05;1.242299317646144e-05;1.2811982819323965e-05;1.3211897166878652e-05;1.3778344223881904e-05;1.4398704309147977e-05;1.502974510614722e-05;1.5372260582561586e-05;1.546938958729649e-05;1.5457777235992076e-05;1.5460837878038016e-05;1.5474442925170948e-05;1.5430219554956795e-05;1.505671313196712e-05;1.4581348966755054e-05;1.4172273952911204e-05
2494.465802981525;3.428934326542631e-07;4.275859141685749e-07;5.115712597850872e-07;5.771606310274551e-07;6.098688930800374e-07;6.37993578536689e-07;6.273611090503521e-07;5.502589698413558e-07;4.312700808306698e-07;3.333330585847484e-07;3.2251234579569e-07;3.7548550191009357e-07;4.447599227488944e-07;4.868870877440972e-07;4.7594473455361844e-07;4.172220165138194e-07;3.4038166246926565e-07;3.2045685783907616e-07;3.773434143247985e-07;4.185849380035387e-07;3.6553508746953646e-07;2.340048897763493e-07;1.0744196644050533e-07;4.151839148530923e-08;2.0878236501777493e-08;1.3248370256170376e-08;8.928014195795807e-09;8.10711837430248e-09;2.3358427617972276e-08;6.845924440663777e-08;1.212221586506363e-07;1.507973685188502e-07;1.3862730406611977e-07;1.0492409528041844e-07;1.1674819694436152e-07;2.0840752568315006e-07;3.547153944038238e-07;4.904433692656421e-07;5.289877843416271e-07;4.596627248944662e-07;3.459530586269848e-07;2.7172168367342536e-07;2.9273487512669173e-07;4.679276822346967e-07;9.015448580451718e-07;1.697854170790569e-06;2.830753496362314e-06;4.182842608689594e-06;5.668659593496296e-06;7.252146967973475e-06;8.990081978123444e-06;1.1020370354113862e-05;1.3337124221504524e-05;1.5683375366602376e-05;1.775312669703272e-05;1.93282258525008e-05;2.041260744862369e-05;2.1265683751177348e-05;2.2024395848189095e-05;2.266353057301386e-05;2.3242746211189443e-05;2.339774138118952e-05;2.2809083375573028e-05;2.1451453917116183e-05;1.9643290411311516e-05;1.8054637269970657e-05;1.724630082506772e-05;1.7203760872038244e-05;1.763953337757885e-05;1.7945693854253314e-05;1.7620633669753094e-05;1.6739457472158818e-05;1.558658748103599e-05;1.451177663226208e-05;1.365018686616798e-05;1.3044105470681694e-05;1.2844548089391089e-05;1.3190456981621515e-05;1.3899468281614784e-05;1.477823369580588e-05;1.534144410106737e-05;1.5379858233171416e-05;1.4921521290260898e-05;1.416378056719641e-05;1.3445726618628287e-05;1.2917540274642965e-05;1.266796414583497e-05;1.2783879308898624e-05;1.3220490770076329e-05;1.394098117079428e-05;1.4759960137290598e-05;1.5414992127972596e-05;1.5750059891477513e-05;1.5760917901501594e-05;1.552188553843961e-05;1.5252775024481525e-05;1.4830731261952129e-05;1.4313984168470342e-05;1.3868300830004475e-05;1.369430513611438e-05
2495.6966866207767;1.2687349774031058e-07;1.577043045815535e-07;2.0996020498064298e-07;2.9603436644299065e-07;3.7757731812096073e-07;4.7085948887519554e-07;4.924572475670078e-07;4.247609237544418e-07;3.27416093311362e-07;2.6517827081926373e-07;2.428367804688279e-07;2.620192016046476e-07;2.983307299667368e-07;3.059892088075556e-07;2.727815550817211e-07;2.228051800616255e-07;1.690840819636982e-07;1.4142426668967058e-07;1.5234391574907156e-07;1.6809098028501838e-07;1.4999861684942526e-07;9.65164010424101e-08;4.2053668479538545e-08;1.5692395675550786e-08;8.652027270061795e-09;5.0272942541787415e-09;4.8894116103770714e-09;7.408032120916598e-09;3.1892659529113054e-08;9.12719093976338e-08;1.671198346175241e-07;2.197976355978973e-07;2.179871932619846e-07;1.7435602343141072e-07;1.3062382700596838e-07;1.2847225963246817e-07;1.4510367395946366e-07;1.493058023749712e-07;1.2446888370148378e-07;8.725002152782805e-08;5.979352249963992e-08;4.1776221220431316e-08;5.422156515750399e-08;1.322268178347055e-07;4.149063627978778e-07;1.0400832343269837e-06;2.025358839789245e-06;3.296374609350944e-06;4.795941380955412e-06;6.627893597989107e-06;8.761179241035916e-06;1.1244777101795623e-05;1.3815740387389333e-05;1.6048186972941154e-05;1.7630038665363506e-05;1.853711801126202e-05;1.924226909295619e-05;2.003921147148936e-05;2.1025306302382742e-05;2.214874701598812e-05;2.3106264874471584e-05;2.3513491090899944e-05;2.318508420846148e-05;2.2479437261105812e-05;2.1207065963861108e-05;1.987200640685956e-05;1.8890909925217616e-05;1.82074941914614e-05;1.7735637140827824e-05;1.7081112491570524e-05;1.6131116374689824e-05;1.5014681812435004e-05;1.4060197860779594e-05;1.3618775145770835e-05;1.36411917605552e-05;1.3806262333432134e-05;1.388058031432979e-05;1.385651228579142e-05;1.373895561372362e-05;1.3518091184114572e-05;1.3333808101721055e-05;1.322613778580808e-05;1.3243234176269256e-05;1.3355799718093386e-05;1.358934632969669e-05;1.3805578966990357e-05;1.3761387953442413e-05;1.3863991312272957e-05;1.4017985750266546e-05;1.4184156100373518e-05;1.425742785594865e-05;1.4120298466567391e-05;1.382168669184063e-05;1.3497974077397536e-05;1.3327105617524724e-05;1.343106543910769e-05;1.3732202638429824e-05;1.414362595655227e-05;1.4530031192148544e-05;1.483262436130316e-05
2496.92697015858;5.520969951624733e-09;1.7830929479848952e-08;4.1137626894882163e-08;7.422365577702248e-08;1.2299736194413806e-07;1.43665723392349e-07;1.3498944203310817e-07;1.1244669988554218e-07;1.0811950007526875e-07;1.388544520143597e-07;1.9250769254975314e-07;2.328274236292841e-07;2.0973555932708562e-07;1.414612902219597e-07;7.302116817905812e-08;5.351797061319367e-08;7.86318859491144e-08;1.3299034329211186e-07;1.8537150614337545e-07;1.9930724006221848e-07;1.646470629334026e-07;1.044787978784075e-07;5.4051076459694114e-08;2.43492370723218e-08;1.092954575334936e-08;5.4064862782970415e-09;6.1220637127365265e-09;1.177237769982304e-08;3.811520655198829e-08;7.917558505231766e-08;1.245837581623384e-07;1.42652243294751e-07;1.267257186517669e-07;1.0026156088691117e-07;7.997480830450746e-08;5.8900297223577354e-08;4.570582986114652e-08;2.658114018470253e-08;1.455567153901564e-08;1.5238026801158284e-08;2.8039761311492285e-08;3.588623084516227e-08;5.742286686263847e-08;1.3962466255188696e-07;4.3151242679682e-07;1.070935457726835e-06;2.0113525840159745e-06;3.1719802613677937e-06;4.584727512608711e-06;6.483613022155169e-06;9.063930658100051e-06;1.2078839935163416e-05;1.4915971488796122e-05;1.70137160128076e-05;1.8123923591676773e-05;1.854114865573779e-05;1.8708787601281304e-05;1.902906346843394e-05;1.952208432648125e-05;2.029075557079184e-05;2.1213918262368248e-05;2.209131918698428e-05;2.255452166866103e-05;2.234736768879694e-05;2.154742874738815e-05;2.0322984911762536e-05;1.9058394011985435e-05;1.7904383933367578e-05;1.695059426781627e-05;1.620438330603958e-05;1.5766503729141865e-05;1.5654149628032152e-05;1.5822271767932904e-05;1.6097493835539354e-05;1.6253220991157084e-05;1.617023169553902e-05;1.578107739073081e-05;1.5211385552696842e-05;1.443722901464909e-05;1.3604066903361256e-05;1.2961110912543312e-05;1.2811625494432904e-05;1.3247592116031062e-05;1.4089054303017764e-05;1.489013011016602e-05;1.536132004935707e-05;1.551388722944128e-05;1.547252382625735e-05;1.5303811035566833e-05;1.4965807031245008e-05;1.438943652189102e-05;1.359975428867624e-05;1.2835777772479308e-05;1.231172757567024e-05;1.212813167866945e-05;1.212084267186964e-05;1.2418746467739318e-05;1.298150974358226e-05;1.3580819553319478e-05;1.3947104453587016e-05
2498.1566536829305;4.255610763838163e-08;1.0036535580171593e-07;1.3555398691679085e-07;1.350855297172393e-07;9.938632490056949e-08;5.7757302409813415e-08;3.5645948270646896e-08;3.3973450138934527e-08;4.596217885278299e-08;5.9014453336141806e-08;9.114168397771292e-08;1.1099071398216108e-07;8.577447254276585e-08;4.8589839893401614e-08;3.2430509527338864e-08;5.91359189087394e-08;1.4219963112492137e-07;2.6067926547074614e-07;3.6376318614457787e-07;3.826783462325102e-07;3.0571426729498724e-07;1.8766977312630226e-07;9.78770440151394e-08;4.508617140486696e-08;2.0387354879717685e-08;1.3050266076737032e-08;1.2123952007756854e-08;1.9933343599507842e-08;4.151509920448733e-08;6.754254277445779e-08;7.69303291657711e-08;5.9513075048626864e-08;3.1757342908215025e-08;1.7933824973416514e-08;1.8840502923370524e-08;1.867098177939733e-08;1.4113324021580973e-08;7.931481901477571e-09;8.902871606053201e-09;2.5688106509857482e-08;5.539874884200935e-08;9.7916626225735e-08;1.839084580923805e-07;3.587609863403503e-07;7.670663834801777e-07;1.5419611595928865e-06;2.5961318083118748e-06;3.7609739774085096e-06;4.974382740933621e-06;6.543270951668847e-06;8.79306209671647e-06;1.1620934959554885e-05;1.4585812185996314e-05;1.704132413385087e-05;1.86316041963169e-05;1.942913097403999e-05;1.9753186596914344e-05;1.974954326420082e-05;1.956423362728057e-05;1.913519983525052e-05;1.8860319350649328e-05;1.912918459526668e-05;1.9685561143727803e-05;1.990136756843823e-05;1.9698071039753517e-05;1.905033224755834e-05;1.8178831576328005e-05;1.7330925351238877e-05;1.6711123879155113e-05;1.661964421907633e-05;1.7035165726614207e-05;1.7561263461987154e-05;1.8082792701178774e-05;1.8098408683373285e-05;1.7584416090127834e-05;1.6811768687253378e-05;1.6141049261168712e-05;1.5722690576583327e-05;1.5461435194190682e-05;1.5435752440995816e-05;1.556319995573457e-05;1.5776806743710717e-05;1.5922910845393224e-05;1.5844963157662868e-05;1.5465441933439535e-05;1.492414557806658e-05;1.4545018219547651e-05;1.4539123872636638e-05;1.4839992577959748e-05;1.5094762956467692e-05;1.4920991243332723e-05;1.4232788051240016e-05;1.3222146196787943e-05;1.251171708383574e-05;1.2148980655019852e-05;1.19925529841901e-05;1.1938424128550272e-05;1.2007903186940363e-05;1.2037189570773504e-05;1.2017042681826232e-05
2499.3857372818275;1.0566664988010737e-07;1.802658243115505e-07;2.2304911918768305e-07;1.922813514982872e-07;1.153794379208431e-07;5.6727834717901534e-08;4.395457470453224e-08;4.848659441852274e-08;4.368494221131426e-08;2.9018380226297016e-08;2.4966830485128677e-08;4.330765161832999e-08;6.234387122399879e-08;6.064532176773188e-08;4.6522160706166944e-08;4.4894758333506804e-08;8.52852707708388e-08;1.686484053623567e-07;2.435136647526457e-07;2.539075384588993e-07;1.9513683815097714e-07;1.1349175729930805e-07;5.579617657996336e-08;2.6321259052508427e-08;1.8228951312397257e-08;2.7253415657923176e-08;3.8773923654622523e-08;4.395759160476339e-08;4.24812734888988e-08;4.2785213766035025e-08;3.3383277255362495e-08;2.185485728296569e-08;1.0948626871715437e-08;5.320523159259529e-09;3.769218024941154e-09;7.265657772154217e-09;1.685608332913571e-08;2.6604579113031253e-08;3.071917773508846e-08;3.876936452556352e-08;6.62068933978536e-08;1.4156004445287697e-07;2.9819029429787185e-07;5.638183049397188e-07;9.94847673352614e-07;1.6412706038383168e-06;2.504866603450091e-06;3.546069166439239e-06;4.783633415302592e-06;6.439455099732278e-06;8.525528809634547e-06;1.077520334003234e-05;1.2887023502737785e-05;1.4808085737472292e-05;1.6636941106429346e-05;1.8377598245812315e-05;1.9864766526845515e-05;2.0635917575299723e-05;2.03326850174448e-05;1.937272051508908e-05;1.831266574403319e-05;1.774455411017572e-05;1.7692001979075398e-05;1.7924958679294417e-05;1.8041557587020744e-05;1.7874549836559894e-05;1.745691179237424e-05;1.7043706187309787e-05;1.6926198401605197e-05;1.7205461789935442e-05;1.7809830237462945e-05;1.8339920643134853e-05;1.86024103012458e-05;1.8342032123983295e-05;1.7681150027806268e-05;1.6897496243335687e-05;1.6455305908194833e-05;1.6312832252711296e-05;1.6583466122247798e-05;1.711568919362885e-05;1.7640296333798653e-05;1.7856676358361313e-05;1.742301196464145e-05;1.624043098806355e-05;1.4687262853241164e-05;1.3227475558185964e-05;1.2437963164099542e-05;1.25899867748264e-05;1.3467611779190594e-05;1.4393033568750413e-05;1.470351351135216e-05;1.419541525460383e-05;1.318707113732353e-05;1.2359543773520044e-05;1.209802537354458e-05;1.2388293531510354e-05;1.2925037797406095e-05;1.3212893034725906e-05;1.3299975585214683e-05;1.3275178339561586e-05
2500.6142210432936;1.599575988534002e-07;1.5298906539618393e-07;1.3696799873161558e-07;1.0800896235820259e-07;7.3587631184847e-08;5.007503893913056e-08;4.231077853836104e-08;3.859448664473063e-08;2.6293892602503154e-08;1.4881135226361885e-08;3.228380582551309e-08;8.20563325409763e-08;1.2677869477692342e-07;1.4312577244532196e-07;1.7280894740712373e-07;2.028342537949405e-07;2.2684572461874266e-07;2.2092317695632018e-07;1.7431153735479547e-07;1.0610262398836087e-07;6.362931149653738e-08;3.766643686190969e-08;3.9281883334862624e-08;7.034364796919376e-08;1.0666780357127961e-07;1.2499910574395404e-07;1.198391060378631e-07;9.27101598736638e-08;5.4196728756029664e-08;2.2672726110561708e-08;9.155844230262634e-09;1.1541255892937071e-08;3.1976259460563274e-08;5.6413401773990936e-08;5.867856668522751e-08;4.898219807260455e-08;4.760757649218928e-08;5.6929277956326375e-08;5.67803119845435e-08;4.336266122927525e-08;3.8619230133871774e-08;6.874219739322138e-08;1.5229212787170316e-07;2.998644953677856e-07;5.164745721412701e-07;8.19968458221227e-07;1.3360416618600553e-06;2.234488965463567e-06;3.7813589723769e-06;6.042744460271038e-06;8.504010345469288e-06;1.0591371625874263e-05;1.200366419332632e-05;1.3161053219613215e-05;1.471321121068026e-05;1.6873790002607317e-05;1.9272074213793037e-05;2.107064626877237e-05;2.1772320885406328e-05;2.121966945621177e-05;2.0251826045061745e-05;1.94228798903148e-05;1.893681686416441e-05;1.8632255633108866e-05;1.8421632529644343e-05;1.816448762152248e-05;1.7807137030694416e-05;1.7472993763478708e-05;1.738621831304811e-05;1.7409847813025305e-05;1.7437800198066628e-05;1.7477543859675328e-05;1.723999387207483e-05;1.6707767806309554e-05;1.600724406878076e-05;1.5445255117377404e-05;1.5364781209065093e-05;1.5738882979437783e-05;1.6510232345688526e-05;1.7243820373714813e-05;1.769397580479423e-05;1.7723907706481833e-05;1.7237042044929405e-05;1.6288883516598574e-05;1.4992361647509933e-05;1.3830190379071672e-05;1.3045289116559869e-05;1.2853039937482853e-05;1.3154699212982537e-05;1.358925415457928e-05;1.3792976778747956e-05;1.3588019225940416e-05;1.3076554077579777e-05;1.2624656815800196e-05;1.2683695341312692e-05;1.3364864957253363e-05;1.4217912649648391e-05;1.4879051768830094e-05;1.519322220824282e-05;1.5259166114712694e-05
2501.8421050553534;2.1605513076092467e-07;1.2733189072018462e-07;5.7973264239076363e-08;3.5656846527786504e-08;4.449774163656605e-08;5.0909332539988986e-08;4.317212330811456e-08;2.5323027596494475e-08;1.0141782957920245e-08;6.3309260416740385e-09;1.6670237634706033e-08;4.474003018241097e-08;8.08659157125491e-08;1.3292487945561385e-07;2.3269953631811725e-07;3.563322033380368e-07;4.222215515925071e-07;3.7018736590305044e-07;2.366173783851998e-07;1.1653502483129337e-07;5.607535437495943e-08;4.87376060617269e-08;8.834379459687997e-08;1.5625457807303547e-07;2.2161077199081187e-07;2.430598057544776e-07;2.0462337380076094e-07;1.3215115870662958e-07;6.401692360119489e-08;2.3635098753861584e-08;1.3449470223768682e-08;2.678185866635996e-08;7.000004138945836e-08;1.1099455997422969e-07;1.156314695477653e-07;8.475344257228552e-08;4.9629119982042464e-08;3.706867501035298e-08;3.2927564365158414e-08;2.549086050094994e-08;2.5610286534903292e-08;7.988200369140962e-08;2.350038169335317e-07;4.648851517092794e-07;7.586711566873862e-07;1.1137820712476755e-06;1.6694140683104544e-06;2.6154024193741336e-06;4.090294640462695e-06;6.121045176259343e-06;8.49673219572579e-06;1.0650260032708403e-05;1.246725863887804e-05;1.4337312640727584e-05;1.6276529368240315e-05;1.83864993643714e-05;2.049358231245065e-05;2.2086735379692905e-05;2.285440455921828e-05;2.2573987114489224e-05;2.1664377882155764e-05;2.0624508354371728e-05;1.9639706784716077e-05;1.886344738728675e-05;1.8229547856167084e-05;1.785179383867844e-05;1.7859483963863715e-05;1.8217040805149128e-05;1.8565346381862598e-05;1.857241584329613e-05;1.797461297253124e-05;1.6841873852841565e-05;1.549289618088562e-05;1.4306621247119064e-05;1.3465823763533134e-05;1.3148675645786848e-05;1.3331292385513706e-05;1.4083615148705095e-05;1.5147203994689692e-05;1.6119825770340056e-05;1.6758730344897404e-05;1.680833662625939e-05;1.6402923086751547e-05;1.5706219474266182e-05;1.489308644481323e-05;1.4224264313299688e-05;1.3662085696485046e-05;1.3248935288213818e-05;1.305446900852022e-05;1.3070727682958683e-05;1.3247409377294806e-05;1.3405642320550624e-05;1.3369981432627774e-05;1.327692370619836e-05;1.3368743265846858e-05;1.3934113116568367e-05;1.484058906903314e-05;1.5940303467653486e-05;1.668168585795942e-05;1.6999944675924276e-05
2503.0693894060405;2.8678426126025937e-07;2.030155565666719e-07;1.297269996741787e-07;7.840606050101824e-08;5.2490587186507894e-08;4.2016451627777025e-08;3.085636015898254e-08;1.497827810019448e-08;1.0169253018017365e-08;9.310177848092105e-09;2.1430541947139848e-08;5.3732120742306415e-08;9.973429213364361e-08;1.4420442812425502e-07;1.6886890771584058e-07;2.0437065953808817e-07;2.2356821959533373e-07;2.133295503642995e-07;1.874691702824095e-07;1.6398238536558385e-07;1.5394732512055498e-07;1.4933423878569984e-07;1.6051558488182817e-07;2.0149241248556354e-07;2.679484445000525e-07;3.249414089550675e-07;3.307383778105608e-07;2.758667056242764e-07;1.869670620933553e-07;9.524676755734433e-08;5.05922356258574e-08;6.071422681498655e-08;8.673001302697579e-08;1.0310302242023238e-07;9.067267404874295e-08;5.642441288924369e-08;2.4800122856209672e-08;9.16688492288636e-09;5.409089042141861e-09;9.388889224290298e-09;4.0776227050416384e-08;1.7651913824182406e-07;4.948581104267636e-07;9.970466928044868e-07;1.5714437448353545e-06;2.1993925111451536e-06;2.9699423625278746e-06;3.987922895471078e-06;5.282140988424026e-06;6.772515924074267e-06;8.437764918082702e-06;1.035110641277244e-05;1.258562740966038e-05;1.5147874299067506e-05;1.780737306267346e-05;2.04321201832312e-05;2.242537128486584e-05;2.341398189206756e-05;2.3096931334219537e-05;2.2237497085957226e-05;2.0977116961826413e-05;1.988265017393553e-05;1.9105881350053717e-05;1.8602459899377467e-05;1.817029652092517e-05;1.7923133046317593e-05;1.8187840604339693e-05;1.8937717696315672e-05;1.9638550847129657e-05;1.9527598667287e-05;1.823289815630501e-05;1.6217641194095917e-05;1.4257076916713053e-05;1.2908663690825656e-05;1.2305976772350188e-05;1.230409601835612e-05;1.2720511980870898e-05;1.3675165317012226e-05;1.4973965399338655e-05;1.6319239718761237e-05;1.7420646352855935e-05;1.7631340926534875e-05;1.700752073371096e-05;1.5798065780588923e-05;1.4422919611787463e-05;1.3081441319050644e-05;1.2156863488824416e-05;1.1792684324006924e-05;1.2038638603282533e-05;1.2663620279502753e-05;1.3314745673312466e-05;1.368437138243388e-05;1.3724114629278423e-05;1.3447498110650488e-05;1.324789889198733e-05;1.3630282640171369e-05;1.4632034756082034e-05;1.5899239757967567e-05;1.6930631750142334e-05;1.7484193209189483e-05
2504.2960741834104;4.009349688790177e-07;3.749602297150421e-07;3.2649150222045266e-07;2.4430668151698013e-07;1.4332695601261012e-07;6.447071346148565e-08;2.6412758300735546e-08;1.2905959528003508e-08;1.229111352512142e-08;2.3507617955802312e-08;6.651341948442663e-08;1.5772444641421978e-07;2.8296646730155293e-07;3.595509409098939e-07;3.6200090282763836e-07;3.007134414659285e-07;2.1623618152366e-07;1.5449061947998601e-07;1.6078289707511836e-07;2.2244916653056082e-07;2.923656218214856e-07;3.618057554346232e-07;4.556632222905655e-07;5.75625377793978e-07;6.748398362594178e-07;7.245485167762331e-07;7.160564022588569e-07;6.349750630997187e-07;4.942590617069954e-07;3.359286292001221e-07;2.2102145323423482e-07;1.6844203824380117e-07;1.4119240678131285e-07;1.046647559435335e-07;5.9471401869071887e-08;2.7339549150021496e-08;1.3973005939798323e-08;1.0611225519935712e-08;1.6971161779585525e-08;4.187045807974677e-08;9.992666328840817e-08;2.318285333935896e-07;4.920464372010377e-07;8.626976511020038e-07;1.3305993210410269e-06;2.003492466972884e-06;3.003666943407967e-06;4.301181001378068e-06;5.806509401657778e-06;7.423375872514962e-06;8.93746475815094e-06;1.062474715050326e-05;1.2519937174005163e-05;1.4727254348128066e-05;1.718042892944152e-05;1.9631607089807183e-05;2.1396600324188004e-05;2.189308078076875e-05;2.112722802634894e-05;1.9756250996470023e-05;1.875895656173588e-05;1.849815373755769e-05;1.883686299153321e-05;1.915065003219036e-05;1.916558879985485e-05;1.892802068888505e-05;1.881587547678245e-05;1.8766402139163423e-05;1.881394032294676e-05;1.838062855700953e-05;1.72730891224965e-05;1.5713334754997048e-05;1.4029598919313572e-05;1.2925733342198144e-05;1.2563276672848526e-05;1.2977985764785678e-05;1.404604154146885e-05;1.531672051143895e-05;1.6579469066621508e-05;1.762379093961442e-05;1.8166641598151224e-05;1.8240680605880724e-05;1.760212874891521e-05;1.635414502907985e-05;1.4653710300092964e-05;1.3059879562501893e-05;1.22023196050115e-05;1.2278138913235268e-05;1.2836089326317133e-05;1.3467720856898748e-05;1.384452404732383e-05;1.375588760894378e-05;1.3418668988530152e-05;1.300814618404442e-05;1.2789197497584815e-05;1.2973715959977164e-05;1.350285868254516e-05;1.405467084849079e-05;1.4482226993522054e-05;1.475174085218574e-05
2505.522159475513;3.084039625204943e-07;3.3690334910128855e-07;3.6475519016625003e-07;3.2538050217013815e-07;2.109819581757395e-07;9.051678529390884e-08;3.1352832259628663e-08;2.1693683502758977e-08;4.057829894787379e-08;1.0944867920568725e-07;2.3012942976052405e-07;3.431436560933308e-07;4.546724795552583e-07;5.478484680141708e-07;5.88296687362695e-07;5.406246042553633e-07;4.048027355868058e-07;2.4116427736801017e-07;1.395882516015701e-07;1.5907796744800698e-07;2.5060212570333144e-07;4.286148440509911e-07;6.609791668067086e-07;8.556465555379932e-07;9.323634493337358e-07;9.125113478249292e-07;8.632298855924402e-07;7.832326436700535e-07;6.619123290325501e-07;5.235913119662344e-07;3.783030529514268e-07;2.480677685687967e-07;1.571165036707355e-07;8.749855020188174e-08;4.208899986831661e-08;2.0149017966608962e-08;1.2654782103106025e-08;1.8151334079533484e-08;5.0639272407786657e-08;1.288481474648645e-07;2.303238529948363e-07;3.314788152082312e-07;4.17750214989102e-07;4.830498649734233e-07;6.495833956535756e-07;1.1569937296941786e-06;2.1762379054111987e-06;3.7131597544423593e-06;5.57125525185602e-06;7.627048940520962e-06;9.784322499354146e-06;1.1927462091704744e-05;1.3915013489977296e-05;1.553143079436507e-05;1.6903585420279443e-05;1.8007380949857128e-05;1.856636887483948e-05;1.833068933481781e-05;1.7654736933961778e-05;1.679221326983379e-05;1.6787581088545968e-05;1.758856833237018e-05;1.8726729160320464e-05;1.948926110691375e-05;1.9359592775973203e-05;1.846942933533603e-05;1.7352028575697038e-05;1.6702952383191584e-05;1.6753272128529668e-05;1.718832824640414e-05;1.744359608129158e-05;1.687055664717585e-05;1.548908811351115e-05;1.3935359653323453e-05;1.3291364155869723e-05;1.3861914103980398e-05;1.5463109199200427e-05;1.7647004726142585e-05;1.892487388027688e-05;1.9021518116637816e-05;1.801842832947258e-05;1.7023955715470335e-05;1.5905670796539064e-05;1.5174986116259585e-05;1.4750096924726328e-05;1.452191464024e-05;1.4760402439391103e-05;1.499852609225672e-05;1.508624401710164e-05;1.4822845461236868e-05;1.430564665012953e-05;1.3635414777511976e-05;1.323760396479148e-05;1.3090403780046238e-05;1.3186775504383518e-05;1.3358072024325375e-05;1.3461922867582786e-05;1.3279512030278672e-05;1.2910333074630112e-05;1.2575834191231198e-05
2506.747645370428;7.630831537480394e-08;1.0765835780701973e-07;1.465196468606601e-07;1.506676018516945e-07;1.0684872655753162e-07;5.08048988225761e-08;2.3408414112536367e-08;4.34744290886422e-08;1.5606315411458234e-07;3.3596281134121984e-07;4.827626789752441e-07;5.263003066750015e-07;4.876574259601687e-07;4.363873341793394e-07;3.83758436812542e-07;3.120994565958346e-07;2.2027413280849235e-07;1.2653764875204692e-07;5.8284443486790774e-08;5.53807778366276e-08;1.2750185651510054e-07;2.538078830486184e-07;3.765775771536676e-07;4.34736235921609e-07;4.230668263008726e-07;3.9606546817984e-07;4.022658420326442e-07;4.3211949401754644e-07;4.493228798970993e-07;4.048954031944576e-07;3.061454541338116e-07;1.855274666031438e-07;8.909563289045185e-08;3.956498055764519e-08;2.001437228161512e-08;1.122573370684396e-08;7.983793195204132e-09;1.7010400264824226e-08;6.07738712087331e-08;1.5637409835077485e-07;2.833668609098491e-07;3.753211404818472e-07;3.475161223874606e-07;2.749102542555773e-07;3.194185220809762e-07;7.012092905569049e-07;1.5249664174138326e-06;2.827086118945997e-06;4.592497286609448e-06;6.832490222626971e-06;9.585119065408512e-06;1.2578856160286462e-05;1.5447606025214084e-05;1.7662552834014232e-05;1.8917827024808746e-05;1.913684962960421e-05;1.854119529083452e-05;1.7384318122443645e-05;1.6458379639238337e-05;1.6085197899197832e-05;1.6525841308876753e-05;1.761927344968471e-05;1.8922321951780983e-05;1.969737166493523e-05;1.940968906676767e-05;1.8213313500063132e-05;1.6674492802329322e-05;1.6013744584146978e-05;1.646517821035851e-05;1.7532995604337485e-05;1.856269209288278e-05;1.8617941663650194e-05;1.754029819290108e-05;1.5694592068641594e-05;1.4302623169257146e-05;1.4267671864506117e-05;1.5753456522809644e-05;1.8064133746748057e-05;1.9599508634730525e-05;1.9537821713492872e-05;1.8066840367551927e-05;1.628968072279265e-05;1.5028641407894277e-05;1.463619125569857e-05;1.528414645215105e-05;1.613564599460699e-05;1.6577539817707313e-05;1.626824626090181e-05;1.5515887250428197e-05;1.4643724920992624e-05;1.4097581453230098e-05;1.3995787847644371e-05;1.4586722317026676e-05;1.5240281597114424e-05;1.5690741174571045e-05;1.571064825952837e-05;1.5169804146947552e-05;1.4129803956517309e-05;1.3264813656689917e-05;1.2562448326722597e-05
2507.9725319562317;1.3100318722141437e-08;1.2298665605821848e-08;1.0225390397099907e-08;1.0172243495793092e-08;1.1127808906174014e-08;1.9065245111268062e-08;4.361029318419182e-08;1.5196430179858817e-07;3.482570390027085e-07;5.412518485718921e-07;5.934689074418698e-07;5.292485190706738e-07;3.473119164723288e-07;1.99904499482187e-07;1.083808438265085e-07;5.761628052764717e-08;4.687937717097642e-08;9.37616433061934e-08;1.688753182696535e-07;2.6603327031459265e-07;3.3149435273920266e-07;3.203707337601918e-07;2.358385227805263e-07;1.2330191007141098e-07;4.60308766415682e-08;3.4239959303198856e-08;4.911918717761508e-08;8.704773646364873e-08;1.4037437489235428e-07;1.7266405060124007e-07;1.7005676834408046e-07;1.318120477256568e-07;9.230083772435905e-08;5.636035338111647e-08;2.8231974678792142e-08;1.1490169807075516e-08;5.458314474232816e-09;1.0984294340629684e-08;4.4270413098376e-08;1.245506229448829e-07;2.6755346175031745e-07;4.250770855117698e-07;4.990000777495194e-07;4.7115985871121196e-07;4.99792518192711e-07;7.319019519174333e-07;1.3529512074831198e-06;2.30803065357714e-06;3.772457670206536e-06;5.906730243203731e-06;8.804738890729484e-06;1.2281860464589109e-05;1.571378164350398e-05;1.8495333206982973e-05;1.996084080150241e-05;2.003559053659993e-05;1.9391763322702543e-05;1.872621048805113e-05;1.8308487827190096e-05;1.8364188407388143e-05;1.88533605364986e-05;1.9554789303126503e-05;2.029299862986804e-05;2.0751377721913363e-05;2.068619548008817e-05;2.01031119984584e-05;1.920811313014813e-05;1.8465266139578397e-05;1.822008816150749e-05;1.847240757179872e-05;1.8953834083161587e-05;1.9092278482117303e-05;1.852328271196064e-05;1.755150479291186e-05;1.638988210048892e-05;1.5940590024826482e-05;1.638590343343347e-05;1.707871128388362e-05;1.7641967893775096e-05;1.7601802839911647e-05;1.695588769745665e-05;1.6111837083685295e-05;1.586409078261293e-05;1.61388708032836e-05;1.6662710009743423e-05;1.705795249216818e-05;1.6729705775805598e-05;1.5847850142441232e-05;1.4698106252250864e-05;1.3861365936435442e-05;1.3767566352725506e-05;1.4553955003476332e-05;1.560324777061303e-05;1.6348435162153897e-05;1.6309054633190078e-05;1.553872526366661e-05;1.4254685248381985e-05;1.298743096491388e-05;1.211769326034225e-05;1.1694545462114702e-05
2509.1968193210123;4.2021136065264226e-08;1.0692242327531937e-07;1.9035768439895258e-07;2.323979485196604e-07;2.0487981726192389e-07;1.497530214024102e-07;1.485664434310309e-07;2.445188530968652e-07;4.014327140873538e-07;5.092389086307829e-07;5.207551754522212e-07;4.4224180170406325e-07;3.6483137438527444e-07;3.515172025747421e-07;3.544467012803055e-07;3.421966410089961e-07;3.219654076519725e-07;3.288010480243677e-07;4.036141075567637e-07;5.278564320657744e-07;5.885722178321347e-07;5.153165670621556e-07;3.571987828898308e-07;2.112507413932356e-07;1.5000874619955737e-07;1.4231205722774408e-07;1.241377785128513e-07;8.934998453150753e-08;6.39235192288212e-08;7.08450007694936e-08;1.0337772484966089e-07;1.326393727452829e-07;1.3170549058670865e-07;9.847390012600909e-08;5.483445861283858e-08;2.509254956496029e-08;1.2958768036495076e-08;1.0751579553302825e-08;3.793021236380236e-08;1.1538221553959968e-07;2.708553239148845e-07;4.954088394154475e-07;7.090774241945171e-07;8.463653710850037e-07;9.462102332093408e-07;1.1489764741700767e-06;1.5756034634992922e-06;2.359018825919532e-06;3.673343930993526e-06;5.6020003329148174e-06;8.184286724250433e-06;1.1192804808996733e-05;1.409649554254837e-05;1.622291641741166e-05;1.752155696328983e-05;1.8308643948797587e-05;1.8960836096822705e-05;1.9706220336390955e-05;2.0594343548405174e-05;2.1157287866681868e-05;2.141217675816116e-05;2.158483937356598e-05;2.1954365634425088e-05;2.253055826005561e-05;2.2978452189019643e-05;2.286805458000531e-05;2.198721485405901e-05;2.045878956327857e-05;1.906169652016846e-05;1.8248436316848247e-05;1.810354053659392e-05;1.823579073925188e-05;1.8269552940070667e-05;1.812276285397956e-05;1.778832680353914e-05;1.74226949797691e-05;1.690162330535246e-05;1.617524228616835e-05;1.5433608239173342e-05;1.488138398761781e-05;1.4854916305444009e-05;1.531820769223969e-05;1.625290472091949e-05;1.7194479606181225e-05;1.73586096678481e-05;1.6760545848900373e-05;1.5460739736211753e-05;1.4317545282453297e-05;1.3957455494116289e-05;1.4350645615778976e-05;1.5061299857156388e-05;1.5589503928955797e-05;1.526236533912478e-05;1.4393090768904651e-05;1.3271546052920353e-05;1.2374706970481775e-05;1.1972750337283276e-05;1.20015647532559e-05;1.2090761299029755e-05;1.2271283849281268e-05
2510.420507552877;5.991965820280629e-08;2.0132780269357518e-07;3.894843133323655e-07;5.21257511950899e-07;5.117186030169095e-07;4.005422944451626e-07;2.996239890502138e-07;2.341266982214863e-07;2.277634986828914e-07;2.381863979078301e-07;2.67992398184146e-07;3.311098240814772e-07;4.905168828438238e-07;6.547504300354726e-07;7.570262795298469e-07;7.50418239808577e-07;6.36798177830247e-07;4.721873166963304e-07;3.5104805450352175e-07;3.235791799426232e-07;3.252241327789081e-07;2.907275754661984e-07;2.620954291589884e-07;2.6167197830539346e-07;3.247770946849705e-07;3.497067704829627e-07;2.971711689591879e-07;1.9502526659279826e-07;1.0866979598645623e-07;6.314782569408653e-08;5.073977012725917e-08;6.933704692679416e-08;7.082146711368047e-08;6.058636166925605e-08;4.3445195919299465e-08;3.253091135430431e-08;3.403957864828983e-08;7.629800555901292e-08;1.2443676469091486e-07;1.6335836548292924e-07;2.2186794470811e-07;2.972004600432935e-07;4.477834990533657e-07;7.135632032670871e-07;1.0687696748750402e-06;1.5710491838705568e-06;2.210281491530161e-06;3.111732216219193e-06;4.325912916133405e-06;5.916231327122008e-06;7.991744333944519e-06;1.0341344535611412e-05;1.2701320980817904e-05;1.4802416188811568e-05;1.6458522983364606e-05;1.776866479885658e-05;1.8853761037527177e-05;1.977444544482852e-05;2.0392884684712007e-05;2.069913357731405e-05;2.0855800641490222e-05;2.1201986458363653e-05;2.191558839759702e-05;2.287355393693432e-05;2.359630288489282e-05;2.349497483939451e-05;2.233042639302353e-05;2.0382756391611277e-05;1.843948654838694e-05;1.7081054145679085e-05;1.62505425071391e-05;1.6081351829446355e-05;1.6247813941341676e-05;1.6375581109013402e-05;1.6446188394752165e-05;1.6574483566589743e-05;1.6313755077492232e-05;1.561994249312052e-05;1.4933972488226646e-05;1.4424626952737004e-05;1.4325879101489311e-05;1.462426136709145e-05;1.5228902210544518e-05;1.551639186892308e-05;1.516189139775136e-05;1.4221528368310684e-05;1.3128707686221368e-05;1.2671063631224231e-05;1.3080016968053897e-05;1.4047366826611372e-05;1.490172166019836e-05;1.4912507397153792e-05;1.411045115729562e-05;1.2969687159183574e-05;1.212594347155887e-05;1.2028227501581366e-05;1.2648778875865367e-05;1.351828543680014e-05;1.4173444008158107e-05;1.4508329946363074e-05
2511.643596739932;2.6973865541465458e-08;1.027926277352399e-07;2.2600159710960483e-07;3.5122191517790445e-07;4.1725045031491843e-07;3.988692338829278e-07;3.112752974501584e-07;1.9704132762965279e-07;9.68872778681142e-08;4.569783341839725e-08;5.0798957663626194e-08;1.4133319384200385e-07;2.7352970002752456e-07;4.243995267626079e-07;5.307973119485771e-07;5.402778346817546e-07;4.357822557785421e-07;2.744718420471039e-07;1.3271872321054765e-07;5.2810588017100976e-08;3.291249405488339e-08;4.5079759220564795e-08;1.0110156275515249e-07;2.099630974023765e-07;3.099437880877758e-07;3.29812342843836e-07;2.590606960669195e-07;1.5174633585906961e-07;7.5127412235902e-08;3.707478391378947e-08;1.5879463175935362e-08;9.127198988656234e-09;7.7188375440412e-09;1.0635111959101469e-08;1.3965588781664952e-08;2.409080129565957e-08;6.112640492782673e-08;1.412319516077318e-07;2.1315816786773237e-07;2.159792748814253e-07;1.5000472484180808e-07;7.644952762158326e-08;1.1750786294455522e-07;3.615417733665971e-07;8.586398823224195e-07;1.6185625139433966e-06;2.577798464823704e-06;3.712986658924132e-06;5.000369230940642e-06;6.551726600160197e-06;8.650485338909519e-06;1.1415127640930487e-05;1.4471385724068933e-05;1.728628258572137e-05;1.9331755805755372e-05;2.039943132729749e-05;2.057191487297912e-05;2.032130652598002e-05;1.952201431778681e-05;1.8859108454049137e-05;1.866754920884974e-05;1.909146972059575e-05;2.00057120076572e-05;2.118983513674908e-05;2.2033198811247627e-05;2.198639394544094e-05;2.1039445681662734e-05;1.957837995567241e-05;1.790042862964479e-05;1.6362334833283228e-05;1.5030854153454965e-05;1.4133440956106168e-05;1.3866270229383616e-05;1.417055572149419e-05;1.4877582083984185e-05;1.5637029158942357e-05;1.6488391565003107e-05;1.7112560706418566e-05;1.7334282218483e-05;1.697896493118943e-05;1.607816936644293e-05;1.483798916285419e-05;1.3697460401308657e-05;1.2649190411598464e-05;1.1978182130450586e-05;1.1626477062025914e-05;1.1764499832944622e-05;1.2127825215459362e-05;1.2547481912301914e-05;1.2977887213978984e-05;1.326633277470359e-05;1.3366826895637588e-05;1.337467014921179e-05;1.347252484301436e-05;1.3552508932542382e-05;1.3647375833042422e-05;1.3773303825683828e-05;1.4063437233689603e-05;1.416018328178762e-05;1.416725591202207e-05
2512.866086970307;6.29045345457924e-10;1.1601318142838018e-08;5.638750657159777e-08;1.2339744903868536e-07;2.101382151839842e-07;2.6156778648507146e-07;2.404860394659972e-07;1.7074534531313325e-07;9.641778416145735e-08;4.4732179983105694e-08;2.342018633615512e-08;2.6441212119064397e-08;4.678468015545556e-08;1.099588319870456e-07;1.5896720603865734e-07;1.7140980850864177e-07;1.366243030974697e-07;7.336953038274129e-08;4.813897066782098e-08;2.328093329706475e-08;2.1449530694535583e-08;3.182714441899367e-08;3.343553065922672e-08;1.107742064093295e-07;1.6347320468240073e-07;1.6484312587905065e-07;1.1941667410222713e-07;6.154486106572225e-08;2.6678896872331783e-08;1.1297983928486105e-08;1.0850975478349545e-08;1.2013511890221914e-08;2.6522962885446828e-08;4.73112241157792e-08;6.309045803004093e-08;7.101308945016501e-08;9.575059727410205e-08;1.3346504032041202e-07;1.7294194473145376e-07;1.622876041894945e-07;8.408431634358713e-08;2.8068331494354755e-08;4.483049939907017e-08;1.709918664839432e-07;5.979104810693771e-07;1.40402213979231e-06;2.468699818518065e-06;3.699793134220139e-06;5.109241407042322e-06;6.873923261965015e-06;9.124266538154469e-06;1.1976506900229258e-05;1.5242150786571188e-05;1.834518305283564e-05;2.068631901137928e-05;2.196756309798865e-05;2.2140794917600712e-05;2.1357907458668253e-05;1.998391831934639e-05;1.849187214422288e-05;1.7592861787882846e-05;1.774286459955019e-05;1.8671412194378576e-05;1.9916802701468808e-05;2.0647344027510283e-05;2.0546712184700613e-05;1.968530334989297e-05;1.8402230153890132e-05;1.704377610887318e-05;1.5743582578259768e-05;1.4867681563657456e-05;1.3949217251244163e-05;1.3630729733370812e-05;1.383867802379942e-05;1.46659856821893e-05;1.5386831539879154e-05;1.6617201476387122e-05;1.7918828420038694e-05;1.869981868110202e-05;1.846793972038585e-05;1.7319512816710444e-05;1.558389504649152e-05;1.3828109600185903e-05;1.25367084305918e-05;1.1922965041216672e-05;1.19119071928294e-05;1.2285892972248e-05;1.2765734203958634e-05;1.316447060420594e-05;1.3303078099383722e-05;1.3292483343553794e-05;1.3344895536269711e-05;1.3572175923499336e-05;1.3860239534192878e-05;1.3984054101435058e-05;1.3779643274079872e-05;1.3323248346766806e-05;1.2803838393588657e-05;1.2396612673294984e-05;1.2153662901767831e-05
2514.087978332129;4.3996221887893896e-08;3.953511045790125e-08;7.632700981858755e-08;1.2643260396861033e-07;1.664346475810867e-07;1.8386487141722338e-07;1.8290198722524762e-07;1.7116066565632659e-07;1.428326734214092e-07;1.0071932789433145e-07;5.686794719341538e-08;2.5207015735726853e-08;1.1494336086108908e-08;7.0137421808099116e-09;4.769881215436026e-09;4.22407131723883e-09;9.881429795608598e-09;2.6951758312034065e-08;4.7917530816715066e-08;5.766083471292823e-08;5.0383516780109014e-08;3.10233227145883e-08;1.3111282323191077e-08;6.708899747551476e-09;9.699691011848576e-09;1.5453052272489933e-08;1.8271370632768023e-08;1.6361517922281736e-08;1.0841021637525184e-08;6.7656583415492154e-09;1.5455653498631873e-08;4.7026746331152394e-08;1.0667708015883261e-07;1.8871334007212765e-07;2.5240527766025624e-07;2.5605533297476264e-07;2.0166922500554587e-07;1.209336371659468e-07;5.712405090490864e-08;2.593099243382479e-08;1.3527115231494774e-08;1.01112048432944e-08;1.7205104234554277e-08;7.214627636527978e-08;3.170512412690529e-07;9.50542053847602e-07;2.0413536669648814e-06;3.486313731409116e-06;5.138938611494504e-06;6.929118895158499e-06;8.87257645785668e-06;1.0861039772536017e-05;1.3327579719963924e-05;1.582499794463323e-05;1.8131109899350823e-05;2.0041029469273955e-05;2.128727079176126e-05;2.1582441254850283e-05;2.091340687738209e-05;1.965906500226108e-05;1.8570716894492487e-05;1.8293289513116923e-05;1.8798690369162352e-05;1.9581533984422124e-05;1.9708674281352367e-05;1.9132136866314457e-05;1.7864998627239536e-05;1.6397663311184603e-05;1.5317222414595065e-05;1.4933869262462872e-05;1.5036117898451393e-05;1.525094908680626e-05;1.5292931963679544e-05;1.513781609323138e-05;1.4973662659151891e-05;1.5164860962556828e-05;1.5392578556468614e-05;1.6092396511447517e-05;1.6707164103230192e-05;1.697387906000756e-05;1.6810151658944555e-05;1.635447194577017e-05;1.571022751953671e-05;1.5435646068839426e-05;1.503111313478646e-05;1.4880351258814048e-05;1.4857243758704218e-05;1.486775860717318e-05;1.4775816505263168e-05;1.442273815514964e-05;1.3973178262872117e-05;1.3629817552330818e-05;1.343927160015756e-05;1.3218727163434184e-05;1.2905333649383742e-05;1.2420242800460552e-05;1.1728412199958472e-05;1.094732397953819e-05;1.0410964972780996e-05;1.012155016096853e-05
2515.30927091354;1.5153596626702345e-07;1.2270661248160256e-07;1.2179776351202644e-07;1.4009909118437737e-07;5.2681369433741216e-08;-1.4110140433794494e-08;4.5407099426462255e-08;1.7701107755941556e-07;2.7186645545602244e-07;2.5490068407138786e-07;1.488618979339305e-07;2.7577342942526442e-08;-2.7275463367724408e-08;-1.411464856139874e-07;-2.4121474598368417e-07;-2.635487621996024e-07;-1.7469345194740125e-07;-2.5256900067234233e-08;4.863432103360674e-08;1.511744665303791e-07;1.2904403995285466e-07;3.1900756990134046e-08;4.0295510279510624e-08;-9.7478564041298e-08;-2.230694696382048e-07;-2.2492264421399706e-07;-1.469979751707279e-07;-5.831505645866255e-08;-1.3643316874515768e-08;5.4256747866378565e-09;2.9241337741719387e-08;1.3969840770625216e-07;2.562434839927388e-07;4.086348273492703e-07;5.286296590591836e-07;5.234905710907264e-07;3.846387923803015e-07;8.469988877447265e-08;-1.3057387758736014e-07;-1.5602347447108046e-07;-6.004242342211404e-08;3.626126427992122e-08;3.3023192321650854e-08;9.92387045563361e-08;1.2664032130313128e-10;2.7715476904941506e-07;1.1009313182970646e-06;2.918413327509115e-06;4.96399347094238e-06;6.632573231880231e-06;8.34583648711158e-06;9.613060339459707e-06;1.0493783934034244e-05;1.147009624699868e-05;1.3107801326815692e-05;1.560879641401254e-05;1.872003929777337e-05;2.109595312148131e-05;2.236864427561142e-05;2.230719192213829e-05;2.1446637714016303e-05;2.0137841368575705e-05;1.962647121636417e-05;1.9486793668018303e-05;1.9114826328073865e-05;1.767571299037393e-05;1.552034853648418e-05;1.3700921964187076e-05;1.3115594269296386e-05;1.401005705489256e-05;1.5552607690776998e-05;1.810333512845592e-05;1.8784167992506457e-05;1.8307980966482323e-05;1.5801728779837012e-05;1.519221364033133e-05;1.4009661031426704e-05;1.3592667742461544e-05;1.363854959880732e-05;1.3977286131799112e-05;1.509368278179212e-05;1.6848123803806452e-05;1.873651788349653e-05;2.015424418564499e-05;2.070084421515908e-05;2.036043775841409e-05;1.943406439135427e-05;1.8275242636936012e-05;1.717983502114265e-05;1.6292395623159967e-05;1.5503624304106286e-05;1.457417208475238e-05;1.334167333905182e-05;1.1882750105467282e-05;1.0620221790089503e-05;9.51184893895054e-06;8.651768480734796e-06;8.04860271516251e-06;7.721989029614259e-06;7.583392824946067e-06
